   0.0000000e+00   0.0000000e+00  -1.2218655e-04  -6.4274391e-05  -3.9609480e-05  -2.6608899e-05  -2.3148581e-05  -1.8888957e-05  -1.3359896e-05  -8.8996239e-06  -6.1458663e-06  -4.6406089e-06  -3.2119813e-06  -2.5602212e-06  -2.1899905e-06  -2.1536432e-06  -1.2136625e-06  -8.8723652e-07  -1.2573008e-07  -2.5441227e-07   7.7128470e-07   1.4779233e-07  -5.8643337e-08
   0.0000000e+00   0.0000000e+00  -1.2214358e-04  -6.3950145e-05  -3.9990759e-05  -2.6556429e-05  -2.3290766e-05  -1.8636480e-05  -1.3217840e-05  -8.7506942e-06  -6.2681206e-06  -4.5422512e-06  -3.3177364e-06  -2.8397160e-06  -2.1843296e-06  -1.5000106e-06  -1.5231566e-06  -5.8713806e-07  -5.4876688e-07  -2.4693253e-07   2.4351436e-07  -3.3004778e-07  -4.4205923e-09
   0.0000000e+00   0.0000000e+00  -1.2215762e-04  -6.4148393e-05  -4.0025312e-05  -2.6471424e-05  -2.3319699e-05  -1.8634832e-05  -1.2824363e-05  -8.8205616e-06  -6.2057952e-06  -4.5137172e-06  -3.7914447e-06  -2.5787456e-06  -2.1262349e-06  -1.4954285e-06  -3.8706114e-07  -6.7741041e-07  -6.4566922e-07  -8.8513684e-07   5.8351983e-08  -2.1175453e-07   3.2451723e-07
   0.0000000e+00   0.0000000e+00  -1.2232152e-04  -6.3914929e-05  -4.0473438e-05  -2.6452812e-05  -2.3170280e-05  -1.9143901e-05  -1.2624696e-05  -8.4733765e-06  -6.0142506e-06  -4.8023999e-06  -3.7984612e-06  -2.7394367e-06  -2.3027571e-06  -1.6282592e-06  -7.4988259e-07  -9.8609337e-07  -8.0593099e-07  -4.9803365e-08  -3.6134361e-07   3.3108788e-07  -2.5977952e-08
   0.0000000e+00   0.0000000e+00  -1.2207826e-04  -6.4086620e-05  -4.0113555e-05  -2.6796495e-05  -2.3080385e-05  -1.9354631e-05  -1.2885544e-05  -7.9182519e-06  -6.2105405e-06  -4.9717064e-06  -3.7274392e-06  -2.5774839e-06  -2.1198412e-06  -2.1022397e-06  -5.5339370e-07  -7.1713941e-07  -4.7606827e-07  -1.0262983e-06  -4.7450203e-07  -1.0782610e-07   6.7444176e-07
   0.0000000e+00   0.0000000e+00  -1.2193296e-04  -6.4342617e-05  -3.9876897e-05  -2.7026030e-05  -2.3273760e-05  -1.9196457e-05  -1.3071537e-05  -7.9747169e-06  -6.0339303e-06  -4.8961383e-06  -4.2241672e-06  -2.3485777e-06  -1.9703184e-06  -2.2178936e-06  -1.0694356e-06  -4.3056002e-07  -3.9795378e-07  -8.4983452e-07  -5.9995494e-07   8.2071445e-08  -8.4570694e-08
   0.0000000e+00   0.0000000e+00  -1.2186738e-04  -6.4571104e-05  -3.9826242e-05  -2.6904143e-05  -2.3928669e-05  -1.9213210e-05  -1.2943594e-05  -8.3342320e-06  -5.6296872e-06  -4.7914396e-06  -3.9906877e-06  -2.7322901e-06  -2.4988537e-06  -1.7085434e-06  -5.0440866e-07  -7.6975698e-07  -8.5067552e-07  -6.3782414e-07  -3.9066796e-07  -5.7769597e-07  -1.1776920e-07
   0.0000000e+00   0.0000000e+00  -1.2211592e-04  -6.4261323e-05  -3.9871909e-05  -2.6757791e-05  -2.3428878e-05  -1.9550896e-05  -1.2757956e-05  -8.4048006e-06  -5.6937301e-06  -4.3558421e-06  -4.0473765e-06  -3.0519304e-06  -2.4301653e-06  -1.6028124e-06  -1.1448915e-06  -4.7178153e-07  -6.6947280e-07  -1.0944177e-06  -1.6687730e-07   3.1092199e-08   5.0123106e-07
   0.0000000e+00   0.0000000e+00  -1.2206320e-04  -6.4249056e-05  -3.9800358e-05  -2.7015121e-05  -2.3369073e-05  -1.9634523e-05  -1.2745149e-05  -8.0391164e-06  -6.2411864e-06  -3.8375783e-06  -3.1515383e-06  -2.9433793e-06  -2.3651987e-06  -1.9624085e-06  -1.0101276e-06  -4.6232108e-07  -5.6764037e-07  -2.9180907e-07  -6.5983971e-07   3.2391856e-07   2.6653865e-07
   0.0000000e+00   0.0000000e+00  -1.2190147e-04  -6.4254884e-05  -4.0126895e-05  -2.6586449e-05  -2.3695708e-05  -1.9659195e-05  -1.2669132e-05  -8.5833526e-06  -6.1749952e-06  -4.1570556e-06  -3.2784521e-06  -2.3853358e-06  -2.4987478e-06  -1.8130461e-06  -1.0414905e-06  -3.0154382e-07  -6.7289801e-07  -7.2996261e-07  -1.0428034e-07   1.0038691e-06   2.9617891e-07
   0.0000000e+00   0.0000000e+00  -1.2175489e-04  -6.3871616e-05  -4.0421903e-05  -2.6347447e-05  -2.3298780e-05  -1.9871275e-05  -1.2551038e-05  -8.2690076e-06  -6.2835679e-06  -3.8351409e-06  -2.9008484e-06  -2.6451457e-06  -2.2218026e-06  -1.5751986e-06  -1.3006357e-06  -1.4487956e-06  -9.1143869e-07  -5.2208674e-07  -7.0611755e-08   2.2996408e-08   1.2002441e-07
   0.0000000e+00   0.0000000e+00  -1.2197753e-04  -6.3848143e-05  -4.0178540e-05  -2.6505537e-05  -2.3131843e-05  -1.9827366e-05  -1.2655843e-05  -8.6559003e-06  -6.1461142e-06  -4.0178179e-06  -3.4084619e-06  -2.5754630e-06  -1.3087453e-06  -1.2063430e-06  -1.1670550e-06  -1.5740829e-06  -1.2465981e-06  -5.5724945e-07  -5.5109143e-07  -6.7662768e-07  -2.5022638e-07
   0.0000000e+00   0.0000000e+00  -1.2222423e-04  -6.3988256e-05  -4.0050614e-05  -2.6801805e-05  -2.2765149e-05  -1.9141851e-05  -1.3091415e-05  -8.5681086e-06  -6.3165821e-06  -4.3049135e-06  -3.9021843e-06  -2.9846167e-06  -1.8375853e-06  -1.1881376e-06  -6.1056653e-07  -1.0362921e-06  -6.7612444e-07  -1.1648318e-06   7.7633793e-08  -5.5664748e-07   5.5868088e-10
   0.0000000e+00   0.0000000e+00  -1.2200534e-04  -6.4464213e-05  -3.9934781e-05  -2.6998498e-05  -2.3129594e-05  -1.8693927e-05  -1.2961071e-05  -8.2885781e-06  -5.9172212e-06  -4.8751676e-06  -3.8447079e-06  -3.0269775e-06  -1.9013688e-06  -1.5296760e-06  -1.0420588e-06  -1.0226239e-06  -1.0023984e-06  -2.5144769e-07  -7.5759056e-07  -1.7865128e-07  -1.6016469e-07
   0.0000000e+00   0.0000000e+00  -1.2176418e-04  -6.4258813e-05  -4.0115745e-05  -2.6568332e-05  -2.3455259e-05  -1.8695026e-05  -1.2677953e-05  -8.1745548e-06  -6.3160987e-06  -4.2654183e-06  -3.1700990e-06  -3.2377948e-06  -2.3551497e-06  -1.4965266e-06  -1.1045136e-06  -5.3031897e-07  -3.2055164e-07  -5.7165943e-07  -4.4261779e-07  -9.5814266e-07  -3.1351638e-07
   0.0000000e+00   0.0000000e+00  -1.2211422e-04  -6.4345237e-05  -4.0190269e-05  -2.6017482e-05  -2.3606270e-05  -1.9225363e-05  -1.2325379e-05  -8.3456634e-06  -6.3922735e-06  -4.2820693e-06  -2.6277489e-06  -3.1016518e-06  -2.7871974e-06  -1.8717285e-06  -9.0350085e-07  -3.1174289e-07  -7.9191375e-07  -5.6954576e-07  -5.6743755e-07   6.2261938e-07  -3.7461444e-07
   0.0000000e+00   0.0000000e+00  -1.2172589e-04  -6.4637403e-05  -4.0242801e-05  -2.6354199e-05  -2.3296621e-05  -1.8862573e-05  -1.1813442e-05  -8.9292325e-06  -6.6038965e-06  -4.7749204e-06  -2.8438299e-06  -2.8715724e-06  -2.5442685e-06  -1.4230206e-06  -1.1636624e-06  -1.5898635e-06  -1.1521137e-06  -3.8563118e-07  -1.7181753e-08   2.6871852e-08  -8.5293749e-07
   0.0000000e+00   0.0000000e+00  -1.2166784e-04  -6.4627333e-05  -4.0286119e-05  -2.6271269e-05  -2.3496916e-05  -1.9002126e-05  -1.1615881e-05  -8.5742986e-06  -6.2776521e-06  -4.3319833e-06  -3.4721725e-06  -3.0769183e-06  -2.5440029e-06  -9.4185009e-07  -1.1453982e-06  -1.4758242e-06  -1.6140227e-06  -4.0687860e-07   3.6450658e-09   2.3153054e-07  -7.1117768e-07
   0.0000000e+00   0.0000000e+00  -1.2193473e-04  -6.4667402e-05  -4.0202187e-05  -2.6117501e-05  -2.3874856e-05  -1.8714263e-05  -1.2123506e-05  -8.0692635e-06  -6.3075427e-06  -4.2870761e-06  -3.3247916e-06  -2.9171256e-06  -2.5722356e-06  -1.1414228e-06  -1.0976906e-06  -1.4102128e-06  -9.1340405e-07  -1.2988572e-06  -2.5178245e-08  -1.3572540e-07  -4.6627210e-07
   0.0000000e+00   0.0000000e+00  -1.2257606e-04  -6.4268839e-05  -4.0513358e-05  -2.6172604e-05  -2.3503853e-05  -1.8383016e-05  -1.2980929e-05  -7.8983467e-06  -5.9695035e-06  -4.3127079e-06  -3.0704593e-06  -3.4130460e-06  -1.8895117e-06  -1.1151093e-06  -1.2348029e-06  -1.4831866e-06  -1.0903977e-06  -8.7724243e-07  -8.9303296e-07   1.1612363e-07   1.6572418e-08
   0.0000000e+00   0.0000000e+00  -1.2217001e-04  -6.4755674e-05  -4.0208717e-05  -2.6611129e-05  -2.3661947e-05  -1.8393024e-05  -1.2579703e-05  -7.7301383e-06  -5.8592550e-06  -4.1119183e-06  -3.7431912e-06  -2.9763548e-06  -2.2369888e-06  -6.0090019e-07  -6.0743452e-07  -8.2280104e-07  -1.0511104e-06  -1.0791911e-06  -1.3313479e-06  -4.6551020e-07  -5.7681444e-07
   0.0000000e+00   0.0000000e+00  -1.2177777e-04  -6.4478867e-05  -4.0206756e-05  -2.6866699e-05  -2.3788094e-05  -1.8926730e-05  -1.2638224e-05  -7.7201876e-06  -6.0216853e-06  -4.6425907e-06  -3.4196471e-06  -2.5533795e-06  -2.6831692e-06  -1.3179829e-06  -1.1399108e-06  -3.7542262e-07  -2.2856628e-07  -8.0202813e-07  -1.0669579e-06  -7.8137123e-07  -1.8378320e-07
   0.0000000e+00   0.0000000e+00  -1.2210192e-04  -6.4068387e-05  -4.0076706e-05  -2.6948335e-05  -2.3725694e-05  -1.8692186e-05  -1.2702758e-05  -8.1973858e-06  -6.1951359e-06  -4.2636129e-06  -3.7483205e-06  -2.6692546e-06  -2.2082229e-06  -1.4759125e-06  -1.2744682e-06  -1.0227943e-06  -6.2111667e-07  -6.8625684e-07  -9.6068538e-07  -3.6124320e-07  -7.2568270e-08
   0.0000000e+00   0.0000000e+00  -1.2193225e-04  -6.4079679e-05  -4.0056693e-05  -2.6654459e-05  -2.3897064e-05  -1.9013009e-05  -1.2501348e-05  -8.1053204e-06  -5.9780355e-06  -3.9844072e-06  -3.8686617e-06  -3.1647344e-06  -1.8570340e-06  -1.2091424e-06  -9.9792942e-07  -1.0724195e-06  -1.1157147e-06  -9.1638600e-07  -8.2023070e-07   1.5998589e-08   3.4078471e-07
   0.0000000e+00   0.0000000e+00  -1.2168974e-04  -6.4274376e-05  -3.9931976e-05  -2.6823458e-05  -2.3329700e-05  -1.8785777e-05  -1.3112456e-05  -8.4820858e-06  -6.0679054e-06  -3.6791967e-06  -3.4411246e-06  -3.2539294e-06  -2.2231400e-06  -1.1680847e-06  -9.6415818e-07  -1.1711068e-06  -8.4153953e-07  -9.0178946e-07  -2.6093838e-07  -3.3413205e-08  -3.4837150e-08
   0.0000000e+00   0.0000000e+00  -1.2192204e-04  -6.4578497e-05  -3.9933537e-05  -2.6548858e-05  -2.3387300e-05  -1.8639690e-05  -1.3021919e-05  -8.3722243e-06  -6.4460737e-06  -4.6978612e-06  -3.3590404e-06  -3.1678262e-06  -2.3756750e-06  -1.4638537e-06  -6.5310309e-07  -8.1022660e-07  -7.9588955e-07  -1.2187115e-06   6.9733410e-08  -5.1051609e-07  -2.2158650e-07
   0.0000000e+00   0.0000000e+00  -1.2199141e-04  -6.4354943e-05  -4.0199375e-05  -2.6612171e-05  -2.3200206e-05  -1.8861560e-05  -1.2963223e-05  -8.1893322e-06  -6.1630312e-06  -4.6933555e-06  -3.5406481e-06  -3.5629939e-06  -2.6358528e-06  -1.6136077e-06  -1.4938430e-06  -1.2685829e-06  -6.6141729e-07  -4.3151758e-07   3.1662441e-07  -1.1787564e-07   3.9559998e-07
   0.0000000e+00   0.0000000e+00  -1.2197896e-04  -6.4492335e-05  -4.0226914e-05  -2.6314761e-05  -2.3568889e-05  -1.9147021e-05  -1.2724350e-05  -8.2208526e-06  -5.8115297e-06  -4.4290559e-06  -3.4476541e-06  -2.9734531e-06  -2.6068003e-06  -1.7558527e-06  -1.9390345e-06  -1.1718844e-06  -8.5598452e-07  -7.7132626e-07   1.0022843e-07  -4.2255581e-07   4.5581456e-07
   0.0000000e+00   0.0000000e+00  -1.2178095e-04  -6.4667001e-05  -4.0113951e-05  -2.6391175e-05  -2.3304143e-05  -1.9183488e-05  -1.2980808e-05  -8.0997597e-06  -5.8537707e-06  -3.8647945e-06  -3.5009125e-06  -3.4589807e-06  -1.8252872e-06  -1.4312476e-06  -1.0931653e-06  -1.3354132e-06  -1.7065130e-06  -5.3780354e-07  -5.3413441e-07   3.9082784e-07  -6.2276069e-07
   0.0000000e+00   0.0000000e+00  -1.2194284e-04  -6.4560001e-05  -4.0382154e-05  -2.6349217e-05  -2.3512293e-05  -1.8661456e-05  -1.2811672e-05  -8.8530996e-06  -5.9533236e-06  -3.8255139e-06  -3.1182749e-06  -3.0763022e-06  -2.7709127e-06  -1.9411975e-06  -4.0904925e-07  -8.6376633e-07  -1.2708865e-06  -5.0614898e-07  -1.0073437e-06  -5.6410840e-07  -4.0032234e-07
   0.0000000e+00   0.0000000e+00  -1.2205059e-04  -6.4009888e-05  -4.0407089e-05  -2.6844655e-05  -2.3526904e-05  -1.8410914e-05  -1.2456846e-05  -8.7189565e-06  -6.1887217e-06  -4.2199722e-06  -3.1036861e-06  -2.7112965e-06  -2.6920543e-06  -2.0680593e-06  -1.2353554e-06  -4.1627223e-07  -4.8858209e-07  -4.4343133e-07  -5.4389210e-07  -5.8560926e-07  -1.0401492e-06
   0.0000000e+00   0.0000000e+00  -1.2165074e-04  -6.4385480e-05  -4.0176550e-05  -2.6971064e-05  -2.3765233e-05  -1.8348130e-05  -1.2392522e-05  -8.3717850e-06  -5.8554128e-06  -3.8942044e-06  -3.1451586e-06  -3.0246740e-06  -2.3393516e-06  -2.0851028e-06  -7.9477013e-07  -3.6330042e-07  -7.9856488e-07  -3.2185881e-07  -6.2045876e-07  -2.5155148e-07   4.0116552e-07
   0.0000000e+00   0.0000000e+00  -1.2173328e-04  -6.4445288e-05  -4.0097326e-05  -2.6858173e-05  -2.3672137e-05  -1.8558800e-05  -1.2871208e-05  -7.9525071e-06  -6.1306364e-06  -4.3682239e-06  -2.8251454e-06  -3.5032490e-06  -1.8546791e-06  -1.6343522e-06  -8.6328760e-07  -8.4774842e-07  -3.0291795e-07  -6.0081658e-07  -1.0770729e-07  -6.3197649e-07  -6.0513582e-07
   0.0000000e+00   0.0000000e+00  -1.2175745e-04  -6.4556843e-05  -4.0208630e-05  -2.6942018e-05  -2.3279632e-05  -1.8874514e-05  -1.2688801e-05  -8.2274246e-06  -6.1591895e-06  -4.6624345e-06  -3.1887050e-06  -3.5856626e-06  -2.1068220e-06  -1.3318722e-06  -1.3128237e-06  -7.4814938e-07  -1.1851200e-06  -3.5554487e-07  -6.3847075e-08  -6.8613349e-07  -1.8593897e-07
   0.0000000e+00   0.0000000e+00  -1.2195396e-04  -6.4401553e-05  -4.0359420e-05  -2.6940461e-05  -2.3238648e-05  -1.8848792e-05  -1.2463223e-05  -8.1809985e-06  -6.6097891e-06  -4.8360366e-06  -2.9611892e-06  -3.2781354e-06  -2.4574147e-06  -2.1426645e-06  -1.2481505e-06  -6.3382060e-07  -1.3173465e-06  -7.0235103e-07   2.2520015e-07  -9.6311942e-07   8.8519847e-08
   0.0000000e+00   0.0000000e+00  -1.2193013e-04  -6.4641172e-05  -4.0128103e-05  -2.6638516e-05  -2.3290795e-05  -1.9200885e-05  -1.2281349e-05  -8.2559836e-06  -6.2405029e-06  -4.7907051e-06  -3.3546878e-06  -3.0525223e-06  -2.5216270e-06  -1.9958693e-06  -1.1426458e-06  -6.7640002e-07  -6.9297568e-07  -1.1979490e-06  -4.3547405e-07  -7.1877361e-07  -6.0491959e-07
   0.0000000e+00   0.0000000e+00  -1.2183201e-04  -6.4698041e-05  -4.0077841e-05  -2.6703947e-05  -2.3578552e-05  -1.8788642e-05  -1.2675050e-05  -8.0504715e-06  -6.1802466e-06  -4.6503828e-06  -2.9082009e-06  -3.3729580e-06  -2.8076745e-06  -1.9841323e-06  -1.0804326e-06  -1.3337459e-06  -6.8561053e-07  -2.0743502e-07   7.2212906e-08  -5.2928499e-07   1.9075539e-08
   0.0000000e+00   0.0000000e+00  -1.2208393e-04  -6.4544016e-05  -4.0273440e-05  -2.6687934e-05  -2.3091297e-05  -1.9430954e-05  -1.2889738e-05  -7.8937528e-06  -6.2899189e-06  -4.6300729e-06  -2.4414448e-06  -2.7457106e-06  -2.7977012e-06  -1.8039502e-06  -1.5479193e-06  -1.4066728e-06  -7.6050571e-07  -8.0832116e-08  -8.2208527e-07  -2.5133960e-07   5.9848492e-07
   0.0000000e+00   0.0000000e+00  -1.2240102e-04  -6.4614615e-05  -4.0125102e-05  -2.6528111e-05  -2.3395201e-05  -1.9322862e-05  -1.2779533e-05  -7.8890089e-06  -6.1113478e-06  -5.2261157e-06  -2.8156783e-06  -2.5972793e-06  -2.7311905e-06  -1.9330955e-06  -1.4534743e-06  -1.0606722e-06  -8.1086080e-07  -5.1595134e-07  -1.9187576e-07  -5.8387536e-07   6.3563317e-07
   0.0000000e+00   0.0000000e+00  -1.2203917e-04  -6.5049760e-05  -3.9814677e-05  -2.6510437e-05  -2.3517290e-05  -1.9071551e-05  -1.3113562e-05  -7.9736856e-06  -5.9629328e-06  -5.0356066e-06  -3.3988072e-06  -2.6104231e-06  -2.6100433e-06  -1.5841161e-06  -1.6577960e-06  -1.6548684e-06  -6.8477465e-07  -1.2059392e-06  -5.2304847e-07  -6.3673633e-07  -2.0202802e-07
   0.0000000e+00   0.0000000e+00  -1.2223453e-04  -6.5054155e-05  -3.9903000e-05  -2.6220940e-05  -2.3354331e-05  -1.9252931e-05  -1.2956510e-05  -8.3353298e-06  -5.7137227e-06  -4.8238403e-06  -3.3991466e-06  -2.9880603e-06  -2.3974321e-06  -1.4590681e-06  -1.6498478e-06  -1.1829839e-06  -8.0623346e-07  -7.0811871e-07  -8.0603172e-07  -9.0671404e-07  -8.6653597e-07
   0.0000000e+00   0.0000000e+00  -1.2215784e-04  -6.5043620e-05  -3.9989955e-05  -2.6589614e-05  -2.2699249e-05  -1.9365632e-05  -1.3048334e-05  -8.4239664e-06  -6.1735673e-06  -4.4605226e-06  -3.1311743e-06  -3.3512940e-06  -2.4750145e-06  -1.3672781e-06  -1.6936076e-06  -7.5371554e-07  -3.0448095e-07  -5.4464755e-07  -4.6582403e-07  -2.8814068e-07  -7.0097275e-07
   0.0000000e+00   0.0000000e+00  -1.2156434e-04  -6.4996893e-05  -4.0433035e-05  -2.6171567e-05  -2.3154149e-05  -1.9185482e-05  -1.2943978e-05  -8.2416409e-06  -6.4492351e-06  -4.1735216e-06  -3.2435671e-06  -3.2834600e-06  -2.8162460e-06  -1.2884398e-06  -1.8981847e-06  -4.7428091e-07  -5.3464595e-07  -5.8977776e-07  -6.4937188e-07   5.6464376e-07  -4.3493844e-07
   0.0000000e+00   0.0000000e+00  -1.2143445e-04  -6.4591812e-05  -4.0128914e-05  -2.6728510e-05  -2.3398394e-05  -1.8687393e-05  -1.2519461e-05  -8.6911750e-06  -6.5942936e-06  -4.1283074e-06  -3.8386324e-06  -2.8144298e-06  -2.5885665e-06  -1.1633463e-06  -1.3729956e-06  -1.4002433e-06  -5.1476763e-07  -9.8960891e-07  -8.9609694e-07  -3.4927103e-09   4.3853674e-07
   0.0000000e+00   0.0000000e+00  -1.2151226e-04  -6.4347289e-05  -3.9800612e-05  -2.6740101e-05  -2.3493920e-05  -1.8594372e-05  -1.2612752e-05  -8.0114341e-06  -6.4723131e-06  -4.5438451e-06  -4.3389018e-06  -3.1483485e-06  -2.4334258e-06  -1.4928914e-06  -8.9710971e-07  -1.5464980e-06  -3.5222109e-07  -4.9989268e-07  -1.7366871e-06  -3.4878138e-07   6.0637240e-07
   0.0000000e+00   0.0000000e+00  -1.2162247e-04  -6.3876127e-05  -4.0243845e-05  -2.6179247e-05  -2.3488650e-05  -1.8865161e-05  -1.2416403e-05  -8.1164662e-06  -6.1141527e-06  -4.4139529e-06  -3.9321253e-06  -3.1870291e-06  -2.1237245e-06  -1.6037600e-06  -1.5311060e-06  -1.3457283e-06  -5.6243601e-07  -1.8412828e-07  -3.7550694e-07  -4.8296420e-07   2.4492610e-07
   0.0000000e+00   0.0000000e+00  -1.2181672e-04  -6.3758656e-05  -4.0245122e-05  -2.6236177e-05  -2.3415512e-05  -1.8627812e-05  -1.2622481e-05  -8.4059538e-06  -6.1184996e-06  -3.6048343e-06  -3.4691893e-06  -3.1279221e-06  -2.1404596e-06  -1.3052849e-06  -1.4370052e-06  -1.2559160e-06  -5.5056262e-07  -3.1945561e-07  -7.0459134e-07  -7.5835811e-07   7.1315355e-07
   0.0000000e+00   0.0000000e+00  -1.2187815e-04  -6.3949206e-05  -4.0374573e-05  -2.6284637e-05  -2.3088869e-05  -1.8711946e-05  -1.2865206e-05  -8.7362296e-06  -5.4387037e-06  -3.3971437e-06  -3.3388594e-06  -3.0722183e-06  -2.1776566e-06  -1.6224863e-06  -6.0161290e-07  -9.8693738e-07  -1.4040086e-06  -2.5595045e-07  -7.3548517e-07  -9.2625095e-07  -3.2975215e-08
   0.0000000e+00   0.0000000e+00  -1.2209589e-04  -6.3951295e-05  -4.0581268e-05  -2.6492366e-05  -2.3108394e-05  -1.8865594e-05  -1.3025479e-05  -8.3940522e-06  -5.9014128e-06  -3.5845999e-06  -2.9326352e-06  -2.6897558e-06  -1.8439875e-06  -1.3298685e-06  -5.1385365e-07  -1.0946404e-06  -8.1661847e-07  -6.7960036e-07  -3.1473010e-07  -5.5383583e-07  -3.9440371e-07
   0.0000000e+00   0.0000000e+00  -1.2223798e-04  -6.4082749e-05  -4.0220330e-05  -2.6702432e-05  -2.3439419e-05  -1.8830548e-05  -1.3631404e-05  -8.0251411e-06  -5.8791447e-06  -4.5682659e-06  -2.7361123e-06  -2.2937948e-06  -2.0154278e-06  -1.5286404e-06  -4.8220573e-07  -1.0691522e-06  -6.7667025e-07  -5.6780129e-07  -4.6169282e-07   2.9274105e-07  -4.3707144e-07
   0.0000000e+00   0.0000000e+00  -1.2227215e-04  -6.4118329e-05  -4.0285304e-05  -2.6297797e-05  -2.3883387e-05  -1.8712621e-05  -1.3210074e-05  -8.9220966e-06  -5.9002118e-06  -4.3502046e-06  -3.2895077e-06  -2.5920197e-06  -1.9199329e-06  -1.3232140e-06  -1.4173988e-06  -1.9519833e-07  -6.8762046e-07  -5.5752690e-07  -6.8276961e-07  -6.5278721e-07  -5.7024710e-07
   0.0000000e+00   0.0000000e+00  -1.2216369e-04  -6.4454784e-05  -4.0307677e-05  -2.6280573e-05  -2.3479128e-05  -1.9304585e-05  -1.3161279e-05  -8.3738751e-06  -6.1573733e-06  -4.7807357e-06  -3.6989406e-06  -2.1437311e-06  -1.9745999e-06  -1.6768347e-06  -1.5646812e-06  -8.2263358e-07  -8.3609751e-07  -2.1053697e-07  -4.7878723e-07   2.0783644e-07   1.2896488e-07
   0.0000000e+00   0.0000000e+00  -1.2174068e-04  -6.4546781e-05  -4.0131988e-05  -2.6538857e-05  -2.3280656e-05  -1.9383604e-05  -1.2951326e-05  -8.1480121e-06  -5.9991467e-06  -4.6267869e-06  -3.5858322e-06  -2.6771736e-06  -2.1575731e-06  -1.7959259e-06  -1.2806557e-06  -9.1108609e-07  -6.9014686e-07  -1.1435137e-06  -1.9591631e-07   3.8824346e-08  -7.6234535e-08
   0.0000000e+00   0.0000000e+00  -1.2219205e-04  -6.4479827e-05  -3.9879411e-05  -2.6681864e-05  -2.3139037e-05  -1.9776624e-05  -1.2715378e-05  -8.4885614e-06  -5.8627743e-06  -4.7249000e-06  -3.3844155e-06  -2.6478228e-06  -2.5732134e-06  -1.6035760e-06  -8.8131969e-07  -1.1612997e-06  -8.4901450e-07  -1.4512140e-06  -7.8474511e-07  -1.5270526e-08  -6.8348334e-07
   0.0000000e+00   0.0000000e+00  -1.2199361e-04  -6.4864784e-05  -3.9882929e-05  -2.6562466e-05  -2.3501683e-05  -1.9268668e-05  -1.2608975e-05  -8.4274398e-06  -5.8329306e-06  -5.0909780e-06  -3.5840674e-06  -2.5740992e-06  -2.9694697e-06  -1.6292969e-06  -4.2757975e-07  -3.5021367e-07  -5.8504526e-07  -9.8082592e-07  -8.7743808e-07  -1.3275968e-06  -4.4733127e-07
   0.0000000e+00   0.0000000e+00  -1.2181963e-04  -6.4815897e-05  -4.0086063e-05  -2.6425494e-05  -2.3618473e-05  -1.9246174e-05  -1.1984923e-05  -8.1437938e-06  -6.1223682e-06  -4.2893703e-06  -3.6883066e-06  -2.9261375e-06  -3.0618201e-06  -1.8854270e-06  -9.3542872e-07  -2.3597042e-07  -3.5319198e-07   3.0069198e-09  -1.9877746e-07  -1.2371572e-06  -7.9975746e-07
   0.0000000e+00   0.0000000e+00  -1.2226218e-04  -6.4362590e-05  -4.0188941e-05  -2.6870755e-05  -2.3419467e-05  -1.9096155e-05  -1.2478285e-05  -7.9541824e-06  -5.8170081e-06  -4.7654225e-06  -3.2194041e-06  -2.8875615e-06  -2.4749229e-06  -2.5669126e-06  -1.5533551e-06  -6.1698069e-07  -2.5908184e-07  -6.3336762e-07   3.8289809e-07   1.8368929e-08  -6.6558476e-07
   0.0000000e+00   0.0000000e+00  -1.2189242e-04  -6.4514301e-05  -4.0345396e-05  -2.6879994e-05  -2.3268796e-05  -1.9392701e-05  -1.2608901e-05  -8.1806484e-06  -5.8219048e-06  -4.5549532e-06  -3.7224197e-06  -2.8165289e-06  -1.8142086e-06  -2.3058419e-06  -1.8490374e-06  -7.3788448e-07  -1.2271604e-06  -2.8467198e-07   2.4301386e-07   3.4819254e-07  -6.4526597e-07
   0.0000000e+00   0.0000000e+00  -1.2163395e-04  -6.4276588e-05  -4.0140683e-05  -2.6958805e-05  -2.3212600e-05  -1.9278717e-05  -1.3087238e-05  -7.8453104e-06  -5.7484926e-06  -4.4703575e-06  -4.5909665e-06  -2.8015947e-06  -1.6918327e-06  -1.6443970e-06  -1.7962852e-06  -8.9952988e-07  -6.5581247e-07  -4.4383273e-07  -3.5021708e-07   3.6213467e-07  -3.6003397e-07
   0.0000000e+00   0.0000000e+00  -1.2159182e-04  -6.4007290e-05  -3.9789298e-05  -2.6846466e-05  -2.3355939e-05  -1.9469637e-05  -1.2441413e-05  -8.1528178e-06  -5.4277893e-06  -4.4921530e-06  -4.5972638e-06  -3.0591939e-06  -2.4704136e-06  -1.9607050e-06  -1.6650558e-06  -6.7311061e-07  -7.2339401e-07  -6.7024183e-07   1.8172555e-07  -2.8653409e-07   4.8890382e-07
   0.0000000e+00   0.0000000e+00  -1.2210359e-04  -6.3691550e-05  -3.9555071e-05  -2.6892720e-05  -2.3601002e-05  -1.9191131e-05  -1.2766302e-05  -7.6098327e-06  -5.3816743e-06  -4.4128565e-06  -3.9942597e-06  -3.5618534e-06  -2.1412704e-06  -2.0436889e-06  -1.2439349e-06  -1.2358443e-06  -9.7964994e-07  -9.7658244e-07  -4.0619998e-08   1.9152681e-07   3.1971322e-07
   0.0000000e+00   0.0000000e+00  -1.2239360e-04  -6.4374079e-05  -3.9491417e-05  -2.6371219e-05  -2.3800449e-05  -1.9433701e-05  -1.2758292e-05  -8.1838389e-06  -5.2244868e-06  -3.8786661e-06  -3.5552496e-06  -3.4835105e-06  -2.3666253e-06  -1.3052083e-06  -1.3103631e-06  -1.1119531e-06  -5.9981295e-07  -7.4980636e-07  -3.9911061e-08  -7.7614624e-07   3.6757413e-07
   0.0000000e+00   0.0000000e+00  -1.2172164e-04  -6.4667467e-05  -3.9765619e-05  -2.6620033e-05  -2.3426101e-05  -1.8916231e-05  -1.3509807e-05  -8.2493661e-06  -5.1611241e-06  -4.4206481e-06  -3.5688065e-06  -3.7297580e-06  -2.4789258e-06  -1.0759404e-06  -4.4605275e-07  -6.5062841e-07  -1.2178647e-06  -4.0829067e-07   1.5897045e-07   1.6749874e-08  -1.3843757e-07
   0.0000000e+00   0.0000000e+00  -1.2233730e-04  -6.4316970e-05  -3.9777311e-05  -2.6736328e-05  -2.3267345e-05  -1.8802271e-05  -1.2846477e-05  -8.2612296e-06  -5.5461846e-06  -3.8973617e-06  -3.9246661e-06  -3.9288780e-06  -2.3830937e-06  -1.3167862e-06  -1.1459859e-06  -2.0468255e-07  -5.4047257e-07  -6.1285294e-07   3.1095200e-07  -3.3003244e-07  -4.1602138e-07
   0.0000000e+00   0.0000000e+00  -1.2231090e-04  -6.4547465e-05  -3.9972692e-05  -2.7081760e-05  -2.2731954e-05  -1.9123156e-05  -1.2268157e-05  -7.9615602e-06  -6.0431894e-06  -4.3185842e-06  -3.4375839e-06  -3.7470409e-06  -2.1455928e-06  -1.5719389e-06  -8.3761250e-07  -4.5272498e-07  -1.4720155e-06  -6.9909959e-08  -4.9633314e-07   4.8996094e-07  -4.4148888e-07
   0.0000000e+00   0.0000000e+00  -1.2196186e-04  -6.4974061e-05  -4.0046747e-05  -2.6881411e-05  -2.3439694e-05  -1.9048606e-05  -1.2474738e-05  -8.2731749e-06  -5.5443852e-06  -4.9491682e-06  -3.9179781e-06  -3.1221380e-06  -2.7633175e-06  -1.5241059e-06  -1.1175035e-06  -5.4343985e-07  -1.1173117e-06  -5.9793518e-07  -7.0823808e-07  -3.8598122e-07  -3.8796435e-07
   0.0000000e+00   0.0000000e+00  -1.2217709e-04  -6.4687592e-05  -4.0231629e-05  -2.6903446e-05  -2.3435447e-05  -1.8895229e-05  -1.2323044e-05  -8.3421464e-06  -6.0680609e-06  -4.7895383e-06  -3.6993783e-06  -3.5925511e-06  -2.3513619e-06  -1.2273816e-06  -5.6430571e-07  -7.4983683e-07  -1.0152273e-06  -1.4115717e-06  -2.9230011e-07  -6.1273971e-07   4.0741984e-08
   0.0000000e+00   0.0000000e+00  -1.2185503e-04  -6.4960819e-05  -4.0445837e-05  -2.7214162e-05  -2.3167679e-05  -1.8711124e-05  -1.2362363e-05  -8.4572366e-06  -6.2191907e-06  -4.1517928e-06  -4.2364672e-06  -3.2257817e-06  -2.9563232e-06  -1.3221676e-06  -5.1917948e-07  -9.3003541e-07  -5.6479351e-08  -5.6712378e-07  -7.2003928e-07   1.4138755e-07   3.2824664e-07
   0.0000000e+00   0.0000000e+00  -1.2181885e-04  -6.4646716e-05  -4.0057639e-05  -2.7587388e-05  -2.3385533e-05  -1.8798260e-05  -1.2308979e-05  -8.2437928e-06  -6.2067270e-06  -4.5708289e-06  -3.6360018e-06  -2.9175528e-06  -2.8395759e-06  -1.7468501e-06  -1.1920149e-06  -1.0696673e-06  -1.1755814e-06  -3.2581647e-07  -2.4930270e-07  -2.6672345e-07  -7.1518798e-08
   0.0000000e+00   0.0000000e+00  -1.2162096e-04  -6.4309956e-05  -4.0190658e-05  -2.7155644e-05  -2.3189295e-05  -1.9044315e-05  -1.2736071e-05  -7.6106553e-06  -5.7377501e-06  -4.4454641e-06  -3.1985285e-06  -2.7626857e-06  -2.2378738e-06  -1.4817781e-06  -1.1005098e-06  -6.1931127e-07  -1.0033673e-06  -2.2968906e-07  -5.8729222e-07   4.5592867e-07   2.6470045e-07
   0.0000000e+00   0.0000000e+00  -1.2166297e-04  -6.4307038e-05  -4.0083727e-05  -2.6736778e-05  -2.4019719e-05  -1.8927420e-05  -1.2846161e-05  -8.1099033e-06  -5.3643889e-06  -4.5738702e-06  -3.5871988e-06  -2.5221664e-06  -1.9127738e-06  -1.9985293e-06  -8.9487588e-07  -4.0669372e-07  -8.1219957e-07  -8.9139866e-07  -2.7755462e-07   3.7886912e-07   9.7113536e-07
   0.0000000e+00   0.0000000e+00  -1.2232177e-04  -6.3826643e-05  -3.9794071e-05  -2.6519918e-05  -2.4097690e-05  -1.9444917e-05  -1.2949321e-05  -7.7468330e-06  -5.9114918e-06  -4.5259385e-06  -3.6250021e-06  -2.9222540e-06  -2.4139715e-06  -1.7728265e-06  -1.1438001e-06  -8.5918219e-07  -1.1893515e-06  -9.3314986e-07  -5.2464304e-07  -1.8158775e-07   4.8958304e-07
   0.0000000e+00   0.0000000e+00  -1.2191464e-04  -6.4461718e-05  -3.9608829e-05  -2.5958056e-05  -2.4163155e-05  -1.9270898e-05  -1.3223244e-05  -8.0405316e-06  -5.5528731e-06  -4.3222676e-06  -3.0776901e-06  -2.9585456e-06  -2.4348653e-06  -1.5373205e-06  -1.2607312e-06  -9.2949222e-07  -6.6133623e-07  -3.4281180e-07  -4.6299388e-07  -1.4187227e-06  -4.6028120e-07
   0.0000000e+00   0.0000000e+00  -1.2189562e-04  -6.4313492e-05  -4.0077332e-05  -2.6128679e-05  -2.3709263e-05  -1.8709155e-05  -1.3888330e-05  -8.3645009e-06  -5.5234368e-06  -4.4734584e-06  -2.8341346e-06  -2.6843798e-06  -2.2378290e-06  -1.9013181e-06  -1.0207617e-06  -1.2296189e-06  -5.6676726e-07   2.5421960e-07   1.9383641e-07  -9.6153246e-07   1.3116015e-07
   0.0000000e+00   0.0000000e+00  -1.2204844e-04  -6.4064130e-05  -4.0135546e-05  -2.6351763e-05  -2.4008954e-05  -1.8656450e-05  -1.3311167e-05  -8.9824307e-06  -5.6288791e-06  -4.6261011e-06  -3.4704947e-06  -2.5711990e-06  -2.4225726e-06  -1.3291013e-06  -9.9311251e-07  -1.4755208e-06  -9.1385942e-07  -6.2623104e-07   3.8675802e-07  -3.8743121e-07  -6.0985762e-08
   0.0000000e+00   0.0000000e+00  -1.2171192e-04  -6.4132000e-05  -3.9754843e-05  -2.5900505e-05  -2.3942968e-05  -1.9261270e-05  -1.3251264e-05  -8.1926910e-06  -5.9738545e-06  -4.8384200e-06  -3.8537464e-06  -2.6917678e-06  -2.1409987e-06  -1.4722824e-06  -6.1146523e-07  -1.1017332e-06  -1.1229270e-06  -1.1243850e-06  -5.9986672e-07   1.4745451e-07   2.2048648e-07
   0.0000000e+00   0.0000000e+00  -1.2126485e-04  -6.4157983e-05  -3.9900740e-05  -2.6065005e-05  -2.2876648e-05  -1.9178558e-05  -1.3459682e-05  -8.4334160e-06  -6.6972802e-06  -4.7488343e-06  -3.2470132e-06  -2.5548484e-06  -2.3216096e-06  -9.0703776e-07  -8.9726319e-07  -1.0108537e-06  -1.2778630e-06  -2.4765464e-07  -6.0298396e-07  -8.3611530e-07  -2.5577617e-07
   0.0000000e+00   0.0000000e+00  -1.2143396e-04  -6.4191336e-05  -3.9662216e-05  -2.6092546e-05  -2.3468736e-05  -1.8573401e-05  -1.3433448e-05  -8.5990523e-06  -6.3028974e-06  -5.1190887e-06  -3.5303026e-06  -3.0527306e-06  -2.1152587e-06  -1.0159264e-06  -8.8460564e-07  -3.4261575e-07  -1.2691946e-06  -8.7713039e-07  -1.2363189e-07  -1.6893044e-07  -6.1869929e-07
   0.0000000e+00   0.0000000e+00  -1.2161423e-04  -6.4465523e-05  -3.9342587e-05  -2.6238678e-05  -2.3106959e-05  -1.8872779e-05  -1.3457689e-05  -8.4046133e-06  -6.5372383e-06  -4.6725700e-06  -3.8505609e-06  -3.4284517e-06  -2.3953439e-06  -1.4642256e-06  -3.5217403e-07  -4.2803401e-07  -1.2487800e-06  -9.3524039e-07   7.6009691e-08  -5.4622717e-07  -3.2168955e-07
   0.0000000e+00   0.0000000e+00  -1.2227839e-04  -6.4228938e-05  -3.9959144e-05  -2.6084768e-05  -2.3488730e-05  -1.8549106e-05  -1.3198503e-05  -8.3492732e-06  -6.1629521e-06  -4.6039645e-06  -4.1171511e-06  -3.5373753e-06  -2.0282014e-06  -1.1917888e-06  -1.3260602e-06  -5.7317197e-07  -1.3903490e-07  -5.0218136e-07  -7.6813649e-07  -1.0061724e-07  -3.6280210e-07
   0.0000000e+00   0.0000000e+00  -1.2169374e-04  -6.4379979e-05  -3.9757368e-05  -2.6688695e-05  -2.3383256e-05  -1.8980973e-05  -1.2675747e-05  -8.4864296e-06  -5.5804817e-06  -4.7544045e-06  -3.5429853e-06  -3.1236393e-06  -1.9984382e-06  -1.7592382e-06  -1.2878007e-06  -9.9831743e-07  -3.4220085e-07  -5.4823550e-07   6.5219680e-08  -5.3573604e-07  -2.1212064e-07
   0.0000000e+00   0.0000000e+00  -1.2216126e-04  -6.4144624e-05  -3.9532322e-05  -2.6723719e-05  -2.3420540e-05  -1.9149740e-05  -1.2620048e-05  -8.8996567e-06  -6.1115493e-06  -4.2241486e-06  -3.3511994e-06  -2.7034589e-06  -1.5867030e-06  -2.0482335e-06  -1.0291443e-06  -7.5141924e-07  -1.8351528e-06  -5.1531913e-07  -3.0611079e-07   6.5946757e-08  -5.2989293e-07
   0.0000000e+00   0.0000000e+00  -1.2186477e-04  -6.4042135e-05  -3.9901122e-05  -2.6340296e-05  -2.3735647e-05  -1.9314406e-05  -1.3032230e-05  -8.5347710e-06  -6.4345513e-06  -4.9227201e-06  -3.1017396e-06  -2.5588859e-06  -1.3644449e-06  -1.8618044e-06  -1.1166621e-06  -9.4981249e-07  -1.1755602e-06  -6.5976747e-07  -9.0546138e-07  -3.9860257e-07   4.3010068e-08
   0.0000000e+00   0.0000000e+00  -1.2174243e-04  -6.3680222e-05  -4.0454692e-05  -2.6387659e-05  -2.3052246e-05  -1.9474497e-05  -1.3683610e-05  -8.3324958e-06  -6.3244966e-06  -5.1684979e-06  -3.5613405e-06  -2.1529111e-06  -1.0020758e-06  -1.6804236e-06  -1.4156890e-06  -1.3358385e-06  -9.7518694e-07  -4.8845720e-07  -5.1026217e-07  -6.4685054e-07   2.3357680e-07
   0.0000000e+00   0.0000000e+00  -1.2166593e-04  -6.3997679e-05  -3.9412931e-05  -2.6877318e-05  -2.3216779e-05  -1.9337171e-05  -1.3255293e-05  -8.4883995e-06  -6.6144585e-06  -4.3207665e-06  -4.0030336e-06  -2.3793327e-06  -1.2080982e-06  -1.7377937e-06  -1.4157165e-06  -7.3249549e-07  -6.7641201e-07  -2.4113277e-07  -4.3898248e-07  -2.8728525e-07   3.5870070e-08
   0.0000000e+00   0.0000000e+00  -1.2164369e-04  -6.3883475e-05  -3.9707786e-05  -2.6473092e-05  -2.3833230e-05  -1.8818966e-05  -1.3067276e-05  -8.7564931e-06  -6.5246468e-06  -4.4246021e-06  -3.0448812e-06  -2.6367693e-06  -2.0985738e-06  -1.8408649e-06  -7.2351583e-07  -8.1861640e-07  -8.9466965e-07  -2.3537015e-07  -5.9018067e-08  -4.3814447e-07   5.1391993e-07
   0.0000000e+00   0.0000000e+00  -1.2137824e-04  -6.3926811e-05  -3.9635768e-05  -2.6407177e-05  -2.3326458e-05  -1.9704963e-05  -1.2693289e-05  -9.0979929e-06  -6.1814908e-06  -4.2409229e-06  -3.3708263e-06  -2.2354579e-06  -1.8065658e-06  -1.7112302e-06  -1.2887300e-06  -1.2583413e-06  -4.0898291e-07  -6.5103785e-07  -7.8336126e-07  -1.3267719e-07   3.6751096e-08
   0.0000000e+00   0.0000000e+00  -1.2162125e-04  -6.3524851e-05  -4.0039195e-05  -2.5965475e-05  -2.3522201e-05  -1.9614265e-05  -1.2897015e-05  -8.9530122e-06  -5.9284184e-06  -4.3160035e-06  -3.5487933e-06  -2.1850003e-06  -2.0461055e-06  -1.4393996e-06  -9.4616917e-07  -1.3608781e-06  -2.3473973e-08  -4.8936681e-07  -3.7844146e-07  -5.8719485e-07   3.2954227e-07
   0.0000000e+00   0.0000000e+00  -1.2144888e-04  -6.4243337e-05  -3.9373554e-05  -2.6265616e-05  -2.3085577e-05  -1.9521427e-05  -1.2964858e-05  -8.8424385e-06  -5.9336635e-06  -4.0667537e-06  -4.1184726e-06  -2.3557534e-06  -1.9714796e-06  -1.0011778e-06  -8.9970109e-07  -9.7256680e-07  -7.1173037e-07  -7.6060195e-07  -1.2930003e-07   1.8652220e-07  -1.8080902e-07
   0.0000000e+00   0.0000000e+00  -1.2184360e-04  -6.3883272e-05  -3.9761257e-05  -2.5869347e-05  -2.3758979e-05  -1.8969700e-05  -1.2917836e-05  -8.5204256e-06  -5.8172113e-06  -4.7449912e-06  -3.4150187e-06  -2.4251835e-06  -2.7217006e-06  -1.1102384e-06  -1.1795107e-06  -7.2611215e-07  -5.8256722e-07   9.3239771e-09  -3.4674530e-09   1.3317955e-09  -2.1051916e-07
   0.0000000e+00   0.0000000e+00  -1.2176904e-04  -6.3924621e-05  -4.0383551e-05  -2.5917305e-05  -2.3218006e-05  -1.9182437e-05  -1.3030748e-05  -8.4899948e-06  -5.5097971e-06  -4.8138177e-06  -3.9923043e-06  -2.3684984e-06  -2.1858727e-06  -1.7426175e-06  -9.8504199e-07  -1.1634637e-06  -6.7882189e-07   4.4219379e-07  -4.3385430e-07   3.1576872e-07   1.0921032e-07
   0.0000000e+00   0.0000000e+00  -1.2223786e-04  -6.3679923e-05  -4.0371542e-05  -2.6830885e-05  -2.2951841e-05  -1.9181329e-05  -1.3071925e-05  -8.0044974e-06  -5.9102622e-06  -4.4417220e-06  -3.8341786e-06  -2.6211662e-06  -2.0471070e-06  -1.8046231e-06  -1.6154304e-06  -8.0712562e-07  -3.1972192e-07  -9.0623480e-08  -1.3828333e-07   1.8663310e-07   1.5428908e-07
   0.0000000e+00   0.0000000e+00  -1.2181955e-04  -6.4246407e-05  -3.9948816e-05  -2.6910280e-05  -2.3122724e-05  -1.9414832e-05  -1.2404012e-05  -8.5247857e-06  -5.8666860e-06  -3.9982183e-06  -3.4964455e-06  -2.7491751e-06  -2.3111943e-06  -1.8843738e-06  -1.1116191e-06  -1.3065635e-06  -5.2882501e-07  -5.3160079e-07   4.3058471e-08   5.7581951e-07  -9.3890137e-08
   0.0000000e+00   0.0000000e+00  -1.2188078e-04  -6.4195730e-05  -4.0108185e-05  -2.6965412e-05  -2.3347520e-05  -1.8909894e-05  -1.2825193e-05  -8.6429964e-06  -6.0212819e-06  -3.8858152e-06  -3.1226582e-06  -3.0619735e-06  -2.3629709e-06  -1.8005569e-06  -8.5208922e-07  -3.6723696e-07  -1.1234362e-06  -9.9105409e-07   1.9422198e-07   6.9934958e-07   3.0313325e-07
   0.0000000e+00   0.0000000e+00  -1.2190515e-04  -6.4208973e-05  -4.0192437e-05  -2.6929833e-05  -2.3442002e-05  -1.9349567e-05  -1.2132603e-05  -8.8707111e-06  -5.8458795e-06  -4.7701237e-06  -3.0769045e-06  -3.0185683e-06  -1.7620389e-06  -2.1064743e-06  -1.5200624e-06  -3.3024477e-07  -1.0666358e-06  -5.9484529e-07  -1.0797379e-07   8.8774436e-07   2.8813227e-07
   0.0000000e+00   0.0000000e+00  -1.2201722e-04  -6.4002008e-05  -4.0273590e-05  -2.7041620e-05  -2.3933586e-05  -1.9103685e-05  -1.2468523e-05  -8.4869525e-06  -5.9745585e-06  -4.4510957e-06  -3.7746979e-06  -3.0231049e-06  -2.1201583e-06  -2.1550991e-06  -1.8777815e-06  -5.6231937e-07  -7.1978457e-07  -9.1412886e-07  -2.9594861e-07   4.5257249e-07   9.7590579e-08
   0.0000000e+00   0.0000000e+00  -1.2187632e-04  -6.4436557e-05  -3.9752227e-05  -2.7414257e-05  -2.4192821e-05  -1.9210009e-05  -1.2802521e-05  -8.3291498e-06  -5.9485633e-06  -5.1340780e-06  -2.9692928e-06  -2.8215948e-06  -1.9114245e-06  -1.9593574e-06  -1.9365671e-06  -1.3381100e-06  -3.7490935e-07  -2.7003065e-07  -5.7437586e-07  -1.5742006e-07  -2.7580083e-07
   0.0000000e+00   0.0000000e+00  -1.2173747e-04  -6.4065687e-05  -4.0550251e-05  -2.6743030e-05  -2.4220901e-05  -1.9366422e-05  -1.2788725e-05  -8.0220952e-06  -6.2574395e-06  -4.8434808e-06  -3.1031657e-06  -2.9469588e-06  -1.9279205e-06  -1.5217266e-06  -1.2559493e-06  -1.1828192e-06  -1.1025278e-07   1.7216207e-07  -3.1816407e-07  -4.8874904e-07   1.3687865e-07
   0.0000000e+00   0.0000000e+00  -1.2187011e-04  -6.4002714e-05  -3.9916304e-05  -2.6968528e-05  -2.4146835e-05  -1.8835790e-05  -1.2732062e-05  -8.5174406e-06  -5.9802951e-06  -4.4339013e-06  -3.5304497e-06  -3.0847909e-06  -1.4656797e-06  -1.8008841e-06  -1.2807240e-06  -1.1289267e-06   5.0478796e-08  -4.4100028e-07  -4.9113333e-07   1.9230326e-07  -6.0560643e-07
   0.0000000e+00   0.0000000e+00  -1.2212207e-04  -6.4016895e-05  -4.0138166e-05  -2.6630860e-05  -2.4222512e-05  -1.8450402e-05  -1.2940599e-05  -8.7547514e-06  -5.6387689e-06  -4.0927202e-06  -4.0050754e-06  -2.6890259e-06  -1.9915544e-06  -1.9231611e-06  -4.4124309e-07  -7.4347378e-07  -1.2454398e-06  -3.2299763e-08  -6.6159333e-07   3.8749750e-08   5.9575899e-07
   0.0000000e+00   0.0000000e+00  -1.2172304e-04  -6.4074222e-05  -3.9861268e-05  -2.6926115e-05  -2.4055078e-05  -1.9123629e-05  -1.2420991e-05  -8.8451425e-06  -5.7278116e-06  -4.4663429e-06  -3.1302150e-06  -2.7809992e-06  -1.9026373e-06  -2.2754307e-06  -1.0395472e-06  -8.3475470e-07  -9.5524149e-07  -2.6130712e-07   2.4331280e-07   4.0944053e-07   1.2219654e-07
   0.0000000e+00   0.0000000e+00  -1.2194538e-04  -6.4513813e-05  -3.9985895e-05  -2.6292855e-05  -2.4042702e-05  -1.9181563e-05  -1.2650554e-05  -8.5355823e-06  -6.4115998e-06  -4.2000966e-06  -3.1866521e-06  -2.2899671e-06  -2.0460768e-06  -2.0551629e-06  -7.8992656e-07  -9.1105989e-07  -1.1532253e-06  -5.8572527e-07   1.3194720e-07  -5.0375906e-08   1.8566072e-07
   0.0000000e+00   0.0000000e+00  -1.2177642e-04  -6.4282176e-05  -4.0598625e-05  -2.6888420e-05  -2.3286133e-05  -1.9484231e-05  -1.2698168e-05  -8.3781661e-06  -6.4813480e-06  -4.2134070e-06  -3.5949222e-06  -2.9640651e-06  -1.2750562e-06  -1.3158049e-06  -1.0247813e-06  -1.5916603e-06  -7.4094089e-07  -4.5294931e-07  -2.4280715e-07   6.7345394e-07  -1.1124283e-07
   0.0000000e+00   0.0000000e+00  -1.2182311e-04  -6.4368600e-05  -4.0668012e-05  -2.6668056e-05  -2.4020799e-05  -1.8885252e-05  -1.3192548e-05  -8.3257264e-06  -6.5419408e-06  -4.1495919e-06  -3.8752696e-06  -3.4527598e-06  -2.1388803e-06  -1.2984608e-06  -8.0569953e-07  -8.7485483e-07  -5.5501397e-07  -4.1903814e-07  -8.2113905e-07  -6.9639674e-07  -3.0157091e-07
   0.0000000e+00   0.0000000e+00  -1.2135668e-04  -6.4208187e-05  -4.0487364e-05  -2.7054899e-05  -2.3271850e-05  -1.9895482e-05  -1.2799728e-05  -8.3222458e-06  -5.9884474e-06  -4.5892989e-06  -3.3878589e-06  -3.4250666e-06  -2.7947115e-06  -1.7968698e-06  -1.1798861e-06  -8.9417250e-07   1.2853332e-07  -1.2732052e-07  -4.4970528e-07  -6.0813386e-07  -7.1507708e-07
   0.0000000e+00   0.0000000e+00  -1.2185956e-04  -6.3740328e-05  -4.0541254e-05  -2.6462470e-05  -2.3583136e-05  -1.9600768e-05  -1.3009503e-05  -8.2400220e-06  -5.8847450e-06  -4.4731532e-06  -3.6034708e-06  -2.9749449e-06  -2.4204878e-06  -2.0748093e-06  -1.0440933e-06  -6.3058468e-07  -4.2660866e-07  -5.7768767e-07  -1.7527623e-07  -8.3919633e-07  -2.1390401e-08
   0.0000000e+00   0.0000000e+00  -1.2162439e-04  -6.3830397e-05  -4.0093928e-05  -2.6782222e-05  -2.3529397e-05  -1.9095984e-05  -1.2853289e-05  -8.2500055e-06  -5.3687586e-06  -4.8342258e-06  -3.5867818e-06  -3.2093767e-06  -2.4537842e-06  -1.5818472e-06  -7.8252202e-07  -7.4370359e-07  -3.8191047e-07  -6.7980454e-07  -1.3663724e-06  -7.2151317e-07  -4.6581053e-07
   0.0000000e+00   0.0000000e+00  -1.2172476e-04  -6.3931948e-05  -4.0167484e-05  -2.6411819e-05  -2.3504879e-05  -1.9243258e-05  -1.3002727e-05  -7.5513312e-06  -5.6144818e-06  -4.6830405e-06  -3.8543508e-06  -2.5253580e-06  -2.8083380e-06  -1.1554922e-06  -1.0110195e-06  -1.1023708e-06  -1.7564938e-07  -8.8447763e-07  -8.6266874e-07  -5.3203064e-07  -8.8082083e-07
   0.0000000e+00   0.0000000e+00  -1.2178928e-04  -6.4598542e-05  -3.9835453e-05  -2.6937865e-05  -2.3152477e-05  -1.9116822e-05  -1.2723831e-05  -7.9379042e-06  -5.3431700e-06  -5.0344097e-06  -3.1720774e-06  -3.0596302e-06  -2.3572393e-06  -1.8599898e-06  -1.5684336e-06  -4.6561496e-07  -3.7395216e-07  -3.1278904e-07  -5.0439610e-07  -8.0098027e-07  -3.8652766e-07
   0.0000000e+00   0.0000000e+00  -1.2190020e-04  -6.4437678e-05  -4.0454106e-05  -2.6919981e-05  -2.3806237e-05  -1.9089763e-05  -1.2589455e-05  -7.7792074e-06  -5.5135060e-06  -4.1906801e-06  -3.0502808e-06  -2.8888239e-06  -2.3633443e-06  -1.8846353e-06  -1.5164536e-06  -1.4214672e-06   2.1355014e-07   2.5136302e-09  -3.0305944e-07  -7.4856740e-07   4.7267639e-07
   0.0000000e+00   0.0000000e+00  -1.2153460e-04  -6.4599117e-05  -3.9958439e-05  -2.7440505e-05  -2.3822395e-05  -1.9338235e-05  -1.2888950e-05  -7.7367695e-06  -5.4600305e-06  -3.8333305e-06  -3.1652883e-06  -2.7783778e-06  -2.2841132e-06  -9.4969749e-07  -1.3180759e-06  -1.5528783e-06  -3.9306025e-07   8.5089560e-08  -2.6991003e-07  -2.1521103e-07  -1.8182037e-07
   0.0000000e+00   0.0000000e+00  -1.2148017e-04  -6.4344677e-05  -3.9886720e-05  -2.7258537e-05  -2.3546438e-05  -1.9300975e-05  -1.3171689e-05  -8.2144143e-06  -5.7163479e-06  -3.2426603e-06  -3.2349842e-06  -2.4401998e-06  -2.2459801e-06  -1.6418943e-06  -6.8790297e-07  -1.0501934e-06  -1.1678067e-06  -3.1154411e-07   1.5507469e-07  -1.3951988e-08  -1.7993307e-07
   0.0000000e+00   0.0000000e+00  -1.2118506e-04  -6.4365580e-05  -3.9727969e-05  -2.7067901e-05  -2.3161647e-05  -1.9779734e-05  -1.2581256e-05  -8.4756193e-06  -6.1065944e-06  -3.9807101e-06  -3.7116870e-06  -2.5972179e-06  -1.5037283e-06  -9.9981537e-07  -1.4754322e-06  -6.6634647e-07  -7.1214072e-07  -1.2362815e-06  -4.6915022e-07   5.3349456e-08   1.6992702e-07
   0.0000000e+00   0.0000000e+00  -1.2159299e-04  -6.3910309e-05  -4.0075305e-05  -2.6783307e-05  -2.2953442e-05  -1.9887590e-05  -1.2769511e-05  -8.0111377e-06  -5.6505774e-06  -4.2692673e-06  -3.8525186e-06  -3.2172379e-06  -1.7279475e-06  -1.2554968e-06  -7.6614538e-07  -1.0695376e-06  -7.0005177e-07   8.7448527e-08  -8.7207229e-07  -1.0197133e-06   1.5688941e-07
   0.0000000e+00   0.0000000e+00  -1.2159920e-04  -6.4109605e-05  -3.9801209e-05  -2.6964988e-05  -2.3389661e-05  -1.9785421e-05  -1.2392039e-05  -8.4148214e-06  -5.4414713e-06  -3.8326134e-06  -3.5919513e-06  -3.0966005e-06  -2.2589304e-06  -1.5205214e-06  -4.0747082e-07  -4.7548511e-07  -5.2312402e-07  -1.7247925e-07  -8.1468272e-07  -1.1797270e-06  -4.8185047e-08
   0.0000000e+00   0.0000000e+00  -1.2185691e-04  -6.4216481e-05  -4.0075709e-05  -2.6832451e-05  -2.3375324e-05  -1.9366360e-05  -1.3131153e-05  -8.5695874e-06  -6.1545306e-06  -3.9736415e-06  -2.7611065e-06  -2.8067739e-06  -2.5338607e-06  -1.1666696e-06  -8.7913537e-07  -4.3679299e-07  -4.3783493e-07  -5.7799252e-07  -2.0936558e-07  -4.6137282e-07  -6.2863279e-07
   0.0000000e+00   0.0000000e+00  -1.2171240e-04  -6.4274260e-05  -4.0192932e-05  -2.6906609e-05  -2.3391915e-05  -1.9547633e-05  -1.2675144e-05  -8.3496543e-06  -6.4904725e-06  -4.7866756e-06  -3.1374329e-06  -2.3855814e-06  -2.2106979e-06  -1.7158883e-06  -5.3897122e-07  -8.4939245e-07  -4.7264513e-07   2.4789388e-08  -1.1560467e-07  -4.9225554e-07   1.2856817e-07
   0.0000000e+00   0.0000000e+00  -1.2199020e-04  -6.4110573e-05  -3.9838047e-05  -2.7078951e-05  -2.3367211e-05  -1.9282737e-05  -1.3280032e-05  -8.5660949e-06  -5.8197575e-06  -4.6179612e-06  -3.8507742e-06  -2.5474633e-06  -1.9017639e-06  -1.4794422e-06  -1.1812567e-06  -4.0843591e-07  -4.9560629e-07  -8.5955918e-07  -4.7885902e-07  -2.8997025e-07  -1.3850941e-07
   0.0000000e+00   0.0000000e+00  -1.2182706e-04  -6.4516193e-05  -3.9710900e-05  -2.6785430e-05  -2.3192248e-05  -1.9728197e-05  -1.2937209e-05  -8.6263381e-06  -6.1263231e-06  -4.3252167e-06  -3.7171344e-06  -2.9381958e-06  -1.5314117e-06  -1.6129128e-06  -5.1846496e-07  -3.4428828e-07  -8.6985278e-07  -5.3408712e-07   5.8453793e-08   4.2445589e-07   3.0590876e-08
   0.0000000e+00   0.0000000e+00  -1.2194797e-04  -6.4157073e-05  -3.9802468e-05  -2.6572146e-05  -2.3111332e-05  -1.9213998e-05  -1.3404016e-05  -8.9508958e-06  -5.7627562e-06  -4.0856776e-06  -4.0304440e-06  -2.9713233e-06  -2.2547329e-06  -1.1871070e-06  -8.5067086e-07  -4.3524437e-07   1.8140165e-07  -4.1093807e-07  -1.2124019e-07   3.1402550e-07   5.0077756e-07
