   0.0000000e+00   0.0000000e+00  -4.9325499e-05  -4.4203873e-05  -3.3222972e-05  -2.3887796e-05  -2.1859840e-05  -1.8227929e-05  -1.2363149e-05  -8.1318949e-06  -6.0294669e-06  -4.4229196e-06  -3.1665443e-06  -2.7241292e-06  -1.9891695e-06  -1.7643451e-06  -1.0945254e-06  -5.4308754e-07  -4.4222202e-07  -1.7735573e-07   1.0462934e-07   5.8515582e-08   1.5682089e-08
   0.0000000e+00   0.0000000e+00  -4.9172500e-05  -4.4005275e-05  -3.3390948e-05  -2.3992618e-05  -2.1961734e-05  -1.7912189e-05  -1.2544726e-05  -7.9819711e-06  -5.9461631e-06  -4.3423374e-06  -3.3751667e-06  -2.7735921e-06  -2.0741174e-06  -1.2509037e-06  -1.4879769e-06  -4.6671136e-07  -6.8373515e-07  -1.1607506e-07  -6.6283071e-08  -1.4692405e-07  -1.8285153e-08
   0.0000000e+00   0.0000000e+00  -4.9187714e-05  -4.4202232e-05  -3.3152486e-05  -2.3967559e-05  -2.2036402e-05  -1.7893510e-05  -1.2079136e-05  -8.5013289e-06  -5.8208830e-06  -4.3491168e-06  -3.4328666e-06  -2.5351544e-06  -2.2172387e-06  -1.4573531e-06  -8.5416974e-07  -5.9365527e-07  -7.0988591e-07  -3.7643480e-07  -2.8503280e-07   2.2876202e-08   6.8578771e-08
   0.0000000e+00   0.0000000e+00  -4.9466253e-05  -4.3925789e-05  -3.3528548e-05  -2.3901557e-05  -2.1981870e-05  -1.8219953e-05  -1.1989721e-05  -7.9952242e-06  -5.8209839e-06  -4.5933243e-06  -3.5797434e-06  -2.6055766e-06  -2.2608037e-06  -1.3407187e-06  -1.0587858e-06  -7.5945746e-07  -7.5416955e-07  -1.0849203e-07  -3.1788869e-07  -1.0628950e-07   3.8305581e-09
   0.0000000e+00   0.0000000e+00  -4.9319540e-05  -4.4107124e-05  -3.3383501e-05  -2.3937640e-05  -2.1967682e-05  -1.8333199e-05  -1.2204206e-05  -7.9735282e-06  -5.8464416e-06  -4.4336366e-06  -3.4863426e-06  -2.5856336e-06  -2.2371557e-06  -1.6965937e-06  -8.8399389e-07  -6.6627439e-07  -6.3075703e-07  -6.2271744e-07  -3.8234478e-07   4.1100179e-08   9.9906984e-08
   0.0000000e+00   0.0000000e+00  -4.9229806e-05  -4.4086042e-05  -3.3383480e-05  -2.4109786e-05  -2.1914155e-05  -1.7951932e-05  -1.2351832e-05  -7.8640405e-06  -5.9435943e-06  -4.5221504e-06  -3.6899528e-06  -2.7199246e-06  -1.8160544e-06  -1.7421208e-06  -1.1845996e-06  -5.5590010e-07  -6.2374642e-07  -4.9971061e-07  -4.2171109e-07  -1.2146809e-07  -2.1617835e-07
   0.0000000e+00   0.0000000e+00  -4.9096492e-05  -4.4255925e-05  -3.3338358e-05  -2.4062030e-05  -2.2442926e-05  -1.8156912e-05  -1.2171370e-05  -8.0769314e-06  -5.4846851e-06  -4.4215039e-06  -3.4683680e-06  -2.9244786e-06  -2.1575192e-06  -1.6955363e-06  -7.9689420e-07  -8.5513483e-07  -5.0532930e-07  -6.9942695e-07  -3.7878624e-07  -1.3410721e-07  -1.6383348e-07
   0.0000000e+00   0.0000000e+00  -4.9343584e-05  -4.3995504e-05  -3.3353761e-05  -2.3968829e-05  -2.2001464e-05  -1.8441528e-05  -1.2041188e-05  -8.0658219e-06  -5.8001046e-06  -4.3854066e-06  -3.4717955e-06  -2.7107280e-06  -2.2310887e-06  -1.5743237e-06  -1.0186932e-06  -8.7404965e-07  -4.7611431e-07  -5.7248639e-07  -3.9435605e-07  -2.1837849e-08   1.3705925e-07
   0.0000000e+00   0.0000000e+00  -4.9309467e-05  -4.4080396e-05  -3.3209675e-05  -2.4305886e-05  -2.1885735e-05  -1.8353121e-05  -1.2178687e-05  -7.9013462e-06  -5.6685590e-06  -4.1474036e-06  -3.1822162e-06  -2.8655763e-06  -2.2488491e-06  -1.5763003e-06  -9.1116078e-07  -8.2738268e-07  -5.9076348e-07  -2.5623302e-07  -3.5884068e-07   7.9296406e-08  -4.8144212e-08
   0.0000000e+00   0.0000000e+00  -4.9243161e-05  -4.4167176e-05  -3.3346656e-05  -2.3871946e-05  -2.2344529e-05  -1.8141363e-05  -1.2255707e-05  -8.1989028e-06  -5.7460329e-06  -4.0672539e-06  -3.4248969e-06  -2.3486552e-06  -2.1879787e-06  -1.6873562e-06  -1.1138045e-06  -6.1365853e-07  -5.8497773e-07  -5.5749888e-07  -1.8000192e-07   3.1453331e-07   1.6055704e-07
   0.0000000e+00   0.0000000e+00  -4.9049198e-05  -4.3932603e-05  -3.3553802e-05  -2.3868743e-05  -2.1996429e-05  -1.8331466e-05  -1.2204870e-05  -7.7080304e-06  -5.9781869e-06  -4.1646067e-06  -3.0103442e-06  -2.6719731e-06  -2.0012681e-06  -1.4312077e-06  -1.3544570e-06  -8.8446956e-07  -8.1412730e-07  -4.8230538e-07  -1.9361219e-07  -1.9390595e-07   1.0033847e-07
   0.0000000e+00   0.0000000e+00  -4.9262453e-05  -4.3970165e-05  -3.3439599e-05  -2.3794992e-05  -2.2129663e-05  -1.8402065e-05  -1.2041150e-05  -8.3315535e-06  -5.6651220e-06  -4.1952244e-06  -3.1549787e-06  -2.6398957e-06  -1.9178431e-06  -1.2649375e-06  -1.1753143e-06  -1.0172088e-06  -1.0483874e-06  -4.7300671e-07  -4.3154822e-07  -3.9752288e-07  -1.3305734e-07
   0.0000000e+00   0.0000000e+00  -4.9373775e-05  -4.4011351e-05  -3.3231776e-05  -2.4121515e-05  -2.1665825e-05  -1.8166491e-05  -1.2120429e-05  -8.2385632e-06  -5.7631078e-06  -4.4218737e-06  -3.5465023e-06  -2.5636218e-06  -1.9233185e-06  -1.3927595e-06  -1.0522218e-06  -8.7285645e-07  -6.4082008e-07  -7.3130366e-07  -2.9532569e-07  -3.8109766e-07   1.7639158e-08
   0.0000000e+00   0.0000000e+00  -4.9137951e-05  -4.4410510e-05  -3.3156841e-05  -2.4159950e-05  -2.2049539e-05  -1.7942270e-05  -1.2162490e-05  -8.0476912e-06  -5.6597823e-06  -4.2689721e-06  -3.5666199e-06  -2.7965871e-06  -2.0653360e-06  -1.5354091e-06  -9.0626673e-07  -9.4052217e-07  -7.8147912e-07  -4.7281870e-07  -4.0364705e-07  -3.2147443e-07  -1.2580284e-07
   0.0000000e+00   0.0000000e+00  -4.9050297e-05  -4.3982109e-05  -3.3519598e-05  -2.3868246e-05  -2.1960348e-05  -1.7920587e-05  -1.2143805e-05  -7.8854246e-06  -6.1635715e-06  -4.2378902e-06  -3.2185551e-06  -2.8291024e-06  -2.1696383e-06  -1.5073819e-06  -1.0498328e-06  -8.5104892e-07  -4.2500534e-07  -5.7123020e-07  -3.0744948e-07  -4.7376776e-07  -2.7359135e-07
   0.0000000e+00   0.0000000e+00  -4.9481623e-05  -4.3976146e-05  -3.3522261e-05  -2.3728659e-05  -2.2001963e-05  -1.8184513e-05  -1.2056775e-05  -7.6455799e-06  -5.9407066e-06  -4.2308543e-06  -3.1741015e-06  -2.8479660e-06  -2.1393228e-06  -1.8328542e-06  -1.0434031e-06  -6.3335881e-07  -5.4738007e-07  -6.6975969e-07  -4.6169566e-07   1.4187667e-07  -1.4055404e-07
   0.0000000e+00   0.0000000e+00  -4.9210266e-05  -4.4347875e-05  -3.3300297e-05  -2.4043220e-05  -2.1866623e-05  -1.7862913e-05  -1.1865781e-05  -8.3268642e-06  -5.6966246e-06  -4.5275551e-06  -3.2331757e-06  -2.6805808e-06  -2.2378513e-06  -1.4554273e-06  -1.2305492e-06  -1.1628098e-06  -8.4799069e-07  -5.2243797e-07   6.1405437e-08  -4.4155547e-07  -2.6889009e-07
   0.0000000e+00   0.0000000e+00  -4.9169244e-05  -4.4305896e-05  -3.3404227e-05  -2.3854473e-05  -2.2043476e-05  -1.7967966e-05  -1.1637945e-05  -8.2341494e-06  -5.7882348e-06  -4.1426010e-06  -3.2164007e-06  -2.8756274e-06  -2.3132811e-06  -1.3828565e-06  -1.1677580e-06  -9.5462201e-07  -1.1583618e-06  -5.2469829e-07  -2.2467920e-07  -1.1921664e-07  -1.4868743e-07
   0.0000000e+00   0.0000000e+00  -4.9215050e-05  -4.4303233e-05  -3.3390636e-05  -2.3821289e-05  -2.2214448e-05  -1.7868606e-05  -1.1836370e-05  -7.5685552e-06  -5.9625991e-06  -4.2991755e-06  -3.4610309e-06  -2.6201740e-06  -2.1547303e-06  -1.2726504e-06  -1.3146223e-06  -1.1629123e-06  -8.2002396e-07  -7.0778015e-07  -2.7236206e-07  -4.3554746e-07   1.1971238e-09
   0.0000000e+00   0.0000000e+00  -4.9604630e-05  -4.3897991e-05  -3.3700515e-05  -2.3860226e-05  -2.1851863e-05  -1.7850120e-05  -1.2292329e-05  -7.6627402e-06  -5.7922311e-06  -4.0761252e-06  -3.1113022e-06  -2.9053792e-06  -2.0413797e-06  -1.4666657e-06  -1.1089372e-06  -9.1014294e-07  -9.6768724e-07  -8.7818518e-07  -4.4501945e-07  -3.2307241e-07   6.3262597e-08
   0.0000000e+00   0.0000000e+00  -4.9262064e-05  -4.4481334e-05  -3.3277876e-05  -2.4122941e-05  -2.1987753e-05  -1.7826564e-05  -1.1906289e-05  -7.7611367e-06  -5.5972832e-06  -4.2289198e-06  -3.5881606e-06  -2.6429866e-06  -1.9829511e-06  -1.2402581e-06  -9.3411944e-07  -8.7049017e-07  -8.3478977e-07  -8.4251434e-07  -6.1980774e-07  -5.2705275e-07  -3.7833593e-07
   0.0000000e+00   0.0000000e+00  -4.9044509e-05  -4.4356500e-05  -3.3386110e-05  -2.4071398e-05  -2.2135451e-05  -1.8150597e-05  -1.1851372e-05  -7.8726434e-06  -5.5813784e-06  -4.3630657e-06  -3.2287408e-06  -2.6766634e-06  -2.2281120e-06  -1.4627072e-06  -1.0374978e-06  -7.5527691e-07  -3.8988009e-07  -8.1506374e-07  -8.4732153e-07  -2.9642470e-07  -1.5792824e-07
   0.0000000e+00   0.0000000e+00  -4.9449478e-05  -4.3969252e-05  -3.3487453e-05  -2.4022964e-05  -2.2061478e-05  -1.7923354e-05  -1.1959690e-05  -8.1356948e-06  -5.6017802e-06  -4.3684863e-06  -3.2684557e-06  -2.7452911e-06  -2.1894471e-06  -1.3547485e-06  -9.9793897e-07  -1.2424520e-06  -5.2966146e-07  -5.9887083e-07  -5.3895508e-07  -4.7914659e-07  -2.0172639e-07
   0.0000000e+00   0.0000000e+00  -4.9318482e-05  -4.4001641e-05  -3.3461783e-05  -2.3938886e-05  -2.2306042e-05  -1.7961363e-05  -1.2112925e-05  -7.6506622e-06  -5.8664723e-06  -4.0988143e-06  -3.5494927e-06  -2.7057090e-06  -1.9461395e-06  -1.6616458e-06  -9.1428461e-07  -9.1766572e-07  -8.4625316e-07  -7.8025266e-07  -5.9721111e-07  -1.6637571e-08  -3.0600255e-08
   0.0000000e+00   0.0000000e+00  -4.9061906e-05  -4.4215150e-05  -3.3284177e-05  -2.4056129e-05  -2.1955080e-05  -1.8070599e-05  -1.2275110e-05  -7.9203674e-06  -5.8171941e-06  -4.0666764e-06  -3.4678765e-06  -2.8771076e-06  -2.0388036e-06  -1.4048870e-06  -1.1809229e-06  -8.8428720e-07  -7.9110515e-07  -6.6164836e-07  -3.7273222e-07  -1.1219726e-07  -1.5789111e-07
   0.0000000e+00   0.0000000e+00  -4.9262926e-05  -4.4366243e-05  -3.3300257e-05  -2.3927494e-05  -2.1903345e-05  -1.7988321e-05  -1.2127546e-05  -8.1610069e-06  -5.8140322e-06  -4.3680589e-06  -3.2714936e-06  -2.9296687e-06  -2.3011241e-06  -1.4933610e-06  -1.0006913e-06  -8.9013400e-07  -8.0842239e-07  -6.3122963e-07  -2.2068113e-07  -3.6510974e-07   3.6999710e-09
   0.0000000e+00   0.0000000e+00  -4.9324732e-05  -4.3947468e-05  -3.3488705e-05  -2.4168845e-05  -2.1831198e-05  -1.8061739e-05  -1.2137220e-05  -7.8971707e-06  -5.7381603e-06  -4.6379068e-06  -3.3445913e-06  -2.9494313e-06  -2.3985001e-06  -1.4768531e-06  -1.4733143e-06  -9.9327303e-07  -6.5134918e-07  -3.8746410e-07  -3.1210351e-07  -2.6564042e-08   1.5493083e-07
   0.0000000e+00   0.0000000e+00  -4.9377275e-05  -4.4073764e-05  -3.3437933e-05  -2.3755832e-05  -2.2287168e-05  -1.8058246e-05  -1.1991967e-05  -8.1589951e-06  -5.5885089e-06  -4.2283791e-06  -3.4044394e-06  -2.8221664e-06  -2.3908733e-06  -1.6506343e-06  -1.4274166e-06  -9.3189772e-07  -1.0203063e-06  -4.5607331e-07  -1.7552298e-07  -2.8467929e-07   1.0613561e-07
   0.0000000e+00   0.0000000e+00  -4.9043694e-05  -4.4452740e-05  -3.3318778e-05  -2.3938173e-05  -2.1859471e-05  -1.8029847e-05  -1.2293362e-05  -7.6948991e-06  -5.9441381e-06  -3.9619808e-06  -3.3637984e-06  -2.9818063e-06  -1.9760889e-06  -1.6524215e-06  -1.1943918e-06  -1.0293777e-06  -1.0167133e-06  -6.6949593e-07  -3.1062177e-07  -1.1415874e-07  -3.3682511e-07
   0.0000000e+00   0.0000000e+00  -4.9191807e-05  -4.4372959e-05  -3.3470402e-05  -2.3878420e-05  -2.2062633e-05  -1.7966193e-05  -1.2169494e-05  -8.0178497e-06  -5.7270540e-06  -3.9221800e-06  -3.4586906e-06  -2.6553901e-06  -2.3215955e-06  -1.7368695e-06  -1.0429158e-06  -7.9281403e-07  -8.5229379e-07  -5.7346926e-07  -7.0861955e-07  -3.3011443e-07  -1.7921037e-07
   0.0000000e+00   0.0000000e+00  -4.9434522e-05  -4.3727006e-05  -3.3612236e-05  -2.4155426e-05  -2.1865399e-05  -1.7906617e-05  -1.1953874e-05  -8.1278122e-06  -5.6017761e-06  -4.4469007e-06  -3.0494839e-06  -2.6940570e-06  -2.4451260e-06  -1.5708010e-06  -1.0858058e-06  -8.8060301e-07  -5.2073068e-07  -4.6089644e-07  -5.1082725e-07  -3.2301310e-07  -5.5655437e-07
   0.0000000e+00   0.0000000e+00  -4.9201146e-05  -4.4239277e-05  -3.3395940e-05  -2.4032332e-05  -2.2228045e-05  -1.7907654e-05  -1.1825621e-05  -8.1309572e-06  -5.5276437e-06  -4.0831978e-06  -3.1758693e-06  -2.7796464e-06  -2.2367426e-06  -1.8124174e-06  -8.3882964e-07  -7.5496035e-07  -6.2123149e-07  -4.1438699e-07  -4.5885628e-07  -2.4386509e-07   2.1680099e-08
   0.0000000e+00   0.0000000e+00  -4.9145488e-05  -4.4375982e-05  -3.3311164e-05  -2.4007981e-05  -2.2078548e-05  -1.7859633e-05  -1.2130625e-05  -7.8448184e-06  -5.7798843e-06  -4.3901059e-06  -3.1357740e-06  -2.9489763e-06  -1.9066874e-06  -1.5998943e-06  -1.2383975e-06  -6.9422214e-07  -4.8045433e-07  -5.4088997e-07  -3.2478266e-07  -3.0899156e-07  -3.6125644e-07
   0.0000000e+00   0.0000000e+00  -4.9149850e-05  -4.4246201e-05  -3.3477358e-05  -2.4177754e-05  -2.1892090e-05  -1.8028051e-05  -1.2074138e-05  -7.8272415e-06  -5.9410795e-06  -4.1032204e-06  -3.3508054e-06  -3.0946135e-06  -2.1294302e-06  -1.5952158e-06  -1.0698150e-06  -8.0879079e-07  -9.7689917e-07  -2.7920871e-07  -4.5171424e-07  -2.9731274e-07  -1.5920907e-07
   0.0000000e+00   0.0000000e+00  -4.9317507e-05  -4.4015032e-05  -3.3634209e-05  -2.4118990e-05  -2.1948395e-05  -1.7929267e-05  -1.2113341e-05  -7.8521280e-06  -5.9866693e-06  -4.5957449e-06  -3.2442053e-06  -2.7972765e-06  -2.3553562e-06  -1.7637564e-06  -1.1539894e-06  -9.7280861e-07  -8.7364629e-07  -4.4612977e-07  -3.1574916e-07  -4.9258693e-07  -1.1736599e-07
   0.0000000e+00   0.0000000e+00  -4.9360886e-05  -4.4204640e-05  -3.3491662e-05  -2.3887347e-05  -2.2075603e-05  -1.8213057e-05  -1.1774101e-05  -8.1487233e-06  -5.6679414e-06  -4.4221697e-06  -3.5113355e-06  -2.5863569e-06  -2.5467618e-06  -1.7012898e-06  -1.3618077e-06  -6.3114925e-07  -7.6604067e-07  -7.2279136e-07  -5.7696167e-07  -2.3299748e-07  -3.1854100e-07
   0.0000000e+00   0.0000000e+00  -4.9206366e-05  -4.4442149e-05  -3.3257915e-05  -2.4089311e-05  -2.2208615e-05  -1.7853834e-05  -1.2033969e-05  -8.0547734e-06  -5.7628627e-06  -4.3646696e-06  -3.2906544e-06  -3.0468825e-06  -2.2819434e-06  -1.6763584e-06  -1.3080191e-06  -1.0797798e-06  -7.3929203e-07  -3.4194201e-07  -2.4252535e-07  -1.7804111e-07  -4.2756727e-07
   0.0000000e+00   0.0000000e+00  -4.9319609e-05  -4.4251821e-05  -3.3497989e-05  -2.4074916e-05  -2.1843798e-05  -1.8154311e-05  -1.2296301e-05  -7.6984297e-06  -6.0178140e-06  -4.2696424e-06  -2.9659263e-06  -2.7750698e-06  -2.4635865e-06  -1.7471997e-06  -1.3976691e-06  -9.8979490e-07  -7.0721927e-07  -4.9672212e-07  -5.2134970e-07  -8.6166324e-08   1.5465648e-07
   0.0000000e+00   0.0000000e+00  -4.9430950e-05  -4.4271444e-05  -3.3566048e-05  -2.3891082e-05  -2.1953678e-05  -1.8359751e-05  -1.2125286e-05  -7.6482202e-06  -5.9210088e-06  -4.5410079e-06  -3.2473977e-06  -2.6953453e-06  -2.1907463e-06  -1.9103970e-06  -1.2555121e-06  -1.1722309e-06  -8.1537280e-07  -3.1931427e-07  -4.9418185e-07  -2.9263595e-07   1.3671163e-08
   0.0000000e+00   0.0000000e+00  -4.9196093e-05  -4.4393371e-05  -3.3313176e-05  -2.3892810e-05  -2.2204540e-05  -1.7924791e-05  -1.2288686e-05  -8.0416885e-06  -5.7922161e-06  -4.3403415e-06  -3.3575220e-06  -2.8294726e-06  -2.1967232e-06  -1.8813711e-06  -1.2288875e-06  -1.1921480e-06  -8.9656805e-07  -7.4331973e-07  -5.2617685e-07  -3.4669256e-07  -2.7773163e-07
   0.0000000e+00   0.0000000e+00  -4.9418075e-05  -4.4325894e-05  -3.3344342e-05  -2.3841460e-05  -2.2089505e-05  -1.8103012e-05  -1.1995427e-05  -8.1757489e-06  -5.6363338e-06  -4.4453354e-06  -3.4489140e-06  -2.7581375e-06  -2.1736446e-06  -1.7430124e-06  -1.3807880e-06  -1.0141061e-06  -7.3834093e-07  -6.9966279e-07  -6.1989738e-07  -4.7754452e-07  -4.3906999e-07
   0.0000000e+00   0.0000000e+00  -4.9448936e-05  -4.4341967e-05  -3.3380307e-05  -2.4085110e-05  -2.1640031e-05  -1.8277075e-05  -1.2386144e-05  -7.8116664e-06  -5.8635596e-06  -4.4214162e-06  -3.3162178e-06  -2.8736902e-06  -2.3818034e-06  -1.4182640e-06  -1.4929554e-06  -8.2424810e-07  -5.5725997e-07  -6.2910283e-07  -3.4578005e-07  -3.2811971e-07  -3.6526296e-07
   0.0000000e+00   0.0000000e+00  -4.9078943e-05  -4.4327655e-05  -3.3582142e-05  -2.3631965e-05  -2.1981246e-05  -1.8055740e-05  -1.2228607e-05  -8.0078762e-06  -5.9991353e-06  -4.2071788e-06  -3.3174226e-06  -2.9032349e-06  -2.4466231e-06  -1.4834219e-06  -1.4839632e-06  -7.2878441e-07  -6.7628793e-07  -5.1459239e-07  -4.7339563e-07  -4.0530748e-09  -2.2594158e-07
   0.0000000e+00   0.0000000e+00  -4.9097845e-05  -4.4112658e-05  -3.3364304e-05  -2.4018982e-05  -2.2029846e-05  -1.7916322e-05  -1.1831135e-05  -8.2014931e-06  -5.9249005e-06  -4.1166286e-06  -3.8352478e-06  -2.6882828e-06  -2.2889715e-06  -1.4549057e-06  -1.3245602e-06  -1.0601391e-06  -6.6986252e-07  -7.1530786e-07  -4.9796995e-07  -2.4500457e-07   1.3302643e-07
   0.0000000e+00   0.0000000e+00  -4.9166880e-05  -4.4211840e-05  -3.3157921e-05  -2.4029456e-05  -2.1924790e-05  -1.7956481e-05  -1.2118393e-05  -7.8967923e-06  -5.9601834e-06  -4.3929326e-06  -3.5190155e-06  -2.9467335e-06  -2.2514218e-06  -1.6897378e-06  -1.0724433e-06  -9.6772339e-07  -8.0363537e-07  -4.5765950e-07  -8.1897252e-07  -3.6933059e-07   2.6368181e-07
   0.0000000e+00   0.0000000e+00  -4.9239068e-05  -4.3943921e-05  -3.3510234e-05  -2.3761531e-05  -2.1798865e-05  -1.8098110e-05  -1.2015844e-05  -7.7929390e-06  -5.6613871e-06  -4.6345976e-06  -3.2281807e-06  -2.9765981e-06  -2.1977851e-06  -1.5621609e-06  -1.1785411e-06  -1.1799692e-06  -5.8738920e-07  -3.6827251e-07  -4.6591552e-07  -2.8584350e-07  -5.7528511e-09
   0.0000000e+00   0.0000000e+00  -4.9180569e-05  -4.3925327e-05  -3.3332377e-05  -2.3955747e-05  -2.1992679e-05  -1.7780403e-05  -1.2079493e-05  -8.0072332e-06  -5.6132108e-06  -4.0964505e-06  -3.3199137e-06  -2.8429113e-06  -1.9134386e-06  -1.5334110e-06  -1.2838460e-06  -1.0192553e-06  -4.8355872e-07  -5.6345812e-07  -5.4733408e-07  -3.5282466e-07   2.2728452e-07
   0.0000000e+00   0.0000000e+00  -4.9083479e-05  -4.4112661e-05  -3.3333727e-05  -2.3757791e-05  -2.2087963e-05  -1.7874074e-05  -1.2079080e-05  -8.2523829e-06  -5.3913859e-06  -3.8118092e-06  -3.2848257e-06  -2.7942147e-06  -1.9991053e-06  -1.5016308e-06  -9.0363784e-07  -9.6653332e-07  -8.1440015e-07  -5.8324383e-07  -4.2056882e-07  -4.3692123e-07  -3.3785247e-07
   0.0000000e+00   0.0000000e+00  -4.9259157e-05  -4.4071548e-05  -3.3563014e-05  -2.3895371e-05  -2.1760634e-05  -1.8201317e-05  -1.2019226e-05  -7.9630418e-06  -5.8121409e-06  -3.8858620e-06  -3.1585837e-06  -2.2541910e-06  -2.1865478e-06  -1.3909880e-06  -7.1797876e-07  -1.0789174e-06  -5.4265962e-07  -6.2940296e-07  -3.9856232e-07  -3.0652441e-07  -2.7194511e-07
   0.0000000e+00   0.0000000e+00  -4.9331396e-05  -4.4133689e-05  -3.3327553e-05  -2.4112214e-05  -2.1971075e-05  -1.8017772e-05  -1.2510322e-05  -7.7518034e-06  -5.7536463e-06  -4.3346872e-06  -2.9150474e-06  -2.4596141e-06  -2.0239547e-06  -1.3200843e-06  -8.9718822e-07  -9.4387997e-07  -5.3063263e-07  -5.5247688e-07  -4.8361051e-07  -5.3843358e-08  -1.4953940e-07
   0.0000000e+00   0.0000000e+00  -4.9357361e-05  -4.4031509e-05  -3.3392364e-05  -2.3859298e-05  -2.2245507e-05  -1.7954146e-05  -1.2336957e-05  -8.2974984e-06  -5.5804871e-06  -4.2165007e-06  -3.2736921e-06  -2.5896099e-06  -1.9519257e-06  -1.3487171e-06  -1.2117664e-06  -6.0176723e-07  -6.5806876e-07  -5.4672921e-07  -3.1910702e-07  -4.7361593e-07  -2.8707413e-07
   0.0000000e+00   0.0000000e+00  -4.9344078e-05  -4.4243316e-05  -3.3457727e-05  -2.3929106e-05  -2.1946144e-05  -1.8341107e-05  -1.2192958e-05  -8.0399905e-06  -5.8598184e-06  -4.4099447e-06  -3.3584865e-06  -2.5313038e-06  -1.7673037e-06  -1.7723065e-06  -1.3351661e-06  -5.2132037e-07  -9.1370629e-07  -4.1174457e-07  -2.9009681e-07  -1.6794802e-07   1.8200730e-08
   0.0000000e+00   0.0000000e+00  -4.9059017e-05  -4.4231416e-05  -3.3437460e-05  -2.3990000e-05  -2.2028324e-05  -1.8176164e-05  -1.2252532e-05  -8.0416467e-06  -5.7401085e-06  -4.3933264e-06  -3.3665758e-06  -2.6789739e-06  -2.0928305e-06  -1.5425982e-06  -1.2261264e-06  -8.1755508e-07  -8.8533761e-07  -5.7670985e-07  -3.5095346e-07  -3.0781649e-07   1.4957588e-07
   0.0000000e+00   0.0000000e+00  -4.9508824e-05  -4.4066528e-05  -3.3384236e-05  -2.3977120e-05  -2.1992646e-05  -1.8281016e-05  -1.2112233e-05  -8.0579684e-06  -5.8203937e-06  -4.3353384e-06  -3.2814089e-06  -2.7574131e-06  -2.3192438e-06  -1.5445966e-06  -9.8274847e-07  -9.4126432e-07  -8.6619900e-07  -6.6101069e-07  -7.0963557e-07  -3.5067819e-07  -1.6482365e-07
   0.0000000e+00   0.0000000e+00  -4.9283055e-05  -4.4393586e-05  -3.3274075e-05  -2.3972152e-05  -2.2253695e-05  -1.8005476e-05  -1.2183201e-05  -7.8891489e-06  -5.7288803e-06  -4.4868361e-06  -3.6139138e-06  -2.4730778e-06  -2.4353426e-06  -1.5534569e-06  -1.0593532e-06  -5.3430477e-07  -6.3436607e-07  -7.2634964e-07  -5.1291937e-07  -7.3984842e-07  -3.6935344e-07
   0.0000000e+00   0.0000000e+00  -4.9058395e-05  -4.4319560e-05  -3.3586544e-05  -2.3746285e-05  -2.2049846e-05  -1.8329934e-05  -1.1878512e-05  -7.8928588e-06  -5.9020945e-06  -4.0896011e-06  -3.5608671e-06  -2.8960781e-06  -2.3341181e-06  -1.6817593e-06  -1.1561204e-06  -5.6721177e-07  -4.2602474e-07  -5.6927234e-07  -1.2769489e-07  -5.3671732e-07  -6.4969981e-07
   0.0000000e+00   0.0000000e+00  -4.9506387e-05  -4.3938380e-05  -3.3376200e-05  -2.4373719e-05  -2.1774396e-05  -1.8088394e-05  -1.2026181e-05  -7.8436615e-06  -5.6673357e-06  -4.4728977e-06  -3.2676080e-06  -2.7397170e-06  -2.5268873e-06  -1.8255265e-06  -1.3063855e-06  -8.6674970e-07  -2.9568329e-07  -5.6582093e-07  -1.2067011e-07  -3.6367855e-08  -3.7070851e-07
   0.0000000e+00   0.0000000e+00  -4.9214450e-05  -4.4297343e-05  -3.3385597e-05  -2.4053390e-05  -2.2158103e-05  -1.8167069e-05  -1.1964801e-05  -7.8663370e-06  -5.6533167e-06  -4.4646595e-06  -3.4147920e-06  -2.8505635e-06  -1.9891106e-06  -1.9974145e-06  -1.2952715e-06  -1.0536089e-06  -6.8376391e-07  -2.2424162e-07  -3.8161835e-07   1.4398620e-07  -1.1341032e-07
   0.0000000e+00   0.0000000e+00  -4.9125065e-05  -4.4224322e-05  -3.3367527e-05  -2.3882387e-05  -2.2153650e-05  -1.8042505e-05  -1.2256139e-05  -7.9234887e-06  -5.5023816e-06  -4.3759474e-06  -3.7836226e-06  -2.8432562e-06  -2.0349628e-06  -1.7573726e-06  -1.1582086e-06  -1.1700434e-06  -6.8635325e-07  -2.9605630e-07  -2.5004752e-07  -3.9243012e-08  -1.9089330e-07
   0.0000000e+00   0.0000000e+00  -4.9047692e-05  -4.4074150e-05  -3.3374774e-05  -2.3895636e-05  -2.2040333e-05  -1.8276865e-05  -1.1807047e-05  -7.8801449e-06  -5.6702779e-06  -4.2654101e-06  -3.7110199e-06  -3.0105293e-06  -2.1421076e-06  -1.9987410e-06  -1.3602669e-06  -5.9406631e-07  -9.4796195e-07  -4.2985690e-07  -9.8115891e-08  -1.8072718e-07   1.1933375e-07
   0.0000000e+00   0.0000000e+00  -4.9347043e-05  -4.3719694e-05  -3.3290151e-05  -2.4281937e-05  -2.1967910e-05  -1.8109879e-05  -1.2207604e-05  -7.6087049e-06  -5.4871834e-06  -4.3860528e-06  -3.5587220e-06  -2.9937364e-06  -2.2588381e-06  -1.5963963e-06  -1.4484999e-06  -9.4732241e-07  -6.6287510e-07  -7.5579175e-07  -2.0576118e-07   9.5015118e-08   1.2256396e-10
   0.0000000e+00   0.0000000e+00  -4.9543742e-05  -4.4188459e-05  -3.3174525e-05  -2.3854158e-05  -2.2092405e-05  -1.8255201e-05  -1.2025497e-05  -8.0469181e-06  -5.3449398e-06  -4.1313328e-06  -3.4797533e-06  -2.9571249e-06  -2.4470612e-06  -1.3405271e-06  -1.1676741e-06  -9.8618386e-07  -6.4772860e-07  -4.5655486e-07  -3.5480932e-07  -3.0100236e-07   2.0392979e-07
   0.0000000e+00   0.0000000e+00  -4.8890022e-05  -4.4362900e-05  -3.3275526e-05  -2.3897566e-05  -2.2152386e-05  -1.7943741e-05  -1.2286525e-05  -7.8130988e-06  -5.3284339e-06  -4.4485646e-06  -3.4987950e-06  -2.8788520e-06  -2.4429837e-06  -1.3023425e-06  -9.6869417e-07  -7.8914553e-07  -7.1095923e-07  -3.8649006e-07  -9.2770925e-08  -1.6073125e-07  -1.7329918e-07
   0.0000000e+00   0.0000000e+00  -4.9482525e-05  -4.4106746e-05  -3.3257769e-05  -2.3947141e-05  -2.2107517e-05  -1.8071316e-05  -1.2067395e-05  -7.9370375e-06  -5.6521126e-06  -3.8523881e-06  -3.7420223e-06  -3.1006814e-06  -2.1893359e-06  -1.6105262e-06  -9.4106224e-07  -5.9609704e-07  -6.1907929e-07  -5.3260032e-07  -5.2749897e-08  -7.3301855e-08  -3.0428839e-07
   0.0000000e+00   0.0000000e+00  -4.9464747e-05  -4.4115637e-05  -3.3518529e-05  -2.4236366e-05  -2.1487489e-05  -1.8217816e-05  -1.1865747e-05  -7.7848317e-06  -5.9943063e-06  -4.2032430e-06  -3.2931580e-06  -3.4303653e-06  -1.9592799e-06  -1.6236476e-06  -1.0032791e-06  -6.8096784e-07  -8.5811433e-07  -3.0737218e-07  -4.0007242e-07  -5.4398374e-08  -9.9832448e-08
   0.0000000e+00   0.0000000e+00  -4.9160837e-05  -4.4476688e-05  -3.3457924e-05  -2.3996885e-05  -2.2272530e-05  -1.7898468e-05  -1.2075331e-05  -7.8201356e-06  -5.4999950e-06  -4.6667719e-06  -3.5438898e-06  -2.8563411e-06  -2.4347503e-06  -1.5722313e-06  -1.0238796e-06  -8.5965212e-07  -6.5584624e-07  -6.3275314e-07  -4.9531928e-07  -2.9609203e-07  -1.6475684e-07
   0.0000000e+00   0.0000000e+00  -4.9410450e-05  -4.4149481e-05  -3.3525557e-05  -2.3996372e-05  -2.2109463e-05  -1.7960090e-05  -1.2060504e-05  -7.9766432e-06  -5.6617896e-06  -4.5967731e-06  -3.5345099e-06  -2.9987589e-06  -2.1513442e-06  -1.6387366e-06  -7.7901012e-07  -8.3566363e-07  -7.7431832e-07  -7.8567467e-07  -3.8588058e-07  -2.7945973e-07  -2.0503222e-07
   0.0000000e+00   0.0000000e+00  -4.9271239e-05  -4.4387190e-05  -3.3639328e-05  -2.4195548e-05  -2.1970674e-05  -1.7818700e-05  -1.1923497e-05  -8.1682520e-06  -5.6607682e-06  -4.1616536e-06  -3.8312319e-06  -2.9482394e-06  -2.4517883e-06  -1.3459570e-06  -1.0595929e-06  -7.4192246e-07  -4.8661491e-07  -6.0913680e-07  -2.6266534e-07  -2.2656103e-07   1.2597647e-07
   0.0000000e+00   0.0000000e+00  -4.9270773e-05  -4.4323369e-05  -3.3336892e-05  -2.4428497e-05  -2.1996339e-05  -1.8216573e-05  -1.1732537e-05  -7.7668292e-06  -6.1449346e-06  -4.1304502e-06  -3.4590860e-06  -2.8221248e-06  -2.3433699e-06  -1.6433286e-06  -1.0806730e-06  -9.5645180e-07  -6.8199529e-07  -4.6625345e-07  -3.5891867e-07  -6.6437245e-08  -1.1011668e-07
   0.0000000e+00   0.0000000e+00  -4.9133349e-05  -4.4047552e-05  -3.3477012e-05  -2.4125435e-05  -2.1916412e-05  -1.8208466e-05  -1.2104258e-05  -7.5386774e-06  -5.7725902e-06  -4.3759624e-06  -3.1568115e-06  -2.6707594e-06  -2.2303359e-06  -1.4924907e-06  -1.0625129e-06  -8.0759520e-07  -7.7277303e-07  -2.8473548e-07  -3.7619745e-07   2.4706944e-08   1.2455592e-07
   0.0000000e+00   0.0000000e+00  -4.9070633e-05  -4.4291399e-05  -3.3420445e-05  -2.3960294e-05  -2.2386854e-05  -1.7785018e-05  -1.2218033e-05  -8.1636881e-06  -5.0531535e-06  -4.4372841e-06  -3.4775312e-06  -2.6667583e-06  -1.9536835e-06  -1.7301656e-06  -9.9427405e-07  -7.2196559e-07  -7.9120753e-07  -5.2281143e-07  -2.8136688e-07   5.7201458e-08   2.3291834e-07
   0.0000000e+00   0.0000000e+00  -4.9626888e-05  -4.3728058e-05  -3.3387772e-05  -2.4044322e-05  -2.2126918e-05  -1.8340746e-05  -1.2186858e-05  -7.7080822e-06  -5.8891419e-06  -4.1265630e-06  -3.3748502e-06  -2.7277792e-06  -2.0814784e-06  -1.7079257e-06  -1.2125810e-06  -7.8470282e-07  -7.4264733e-07  -6.9421247e-07  -5.8455106e-07   9.7841220e-09   3.6627537e-08
   0.0000000e+00   0.0000000e+00  -4.9052411e-05  -4.4342127e-05  -3.3081280e-05  -2.3782886e-05  -2.2308544e-05  -1.8373999e-05  -1.2086461e-05  -7.9175470e-06  -5.5705800e-06  -4.3568566e-06  -3.0209262e-06  -2.8457698e-06  -2.2506283e-06  -1.4388845e-06  -1.2015827e-06  -8.9461014e-07  -6.9913006e-07  -4.4752193e-07  -3.3662835e-07  -6.1845657e-07  -3.6607869e-07
   0.0000000e+00   0.0000000e+00  -4.8987928e-05  -4.4098302e-05  -3.3340595e-05  -2.3935710e-05  -2.2035518e-05  -1.7963555e-05  -1.2644790e-05  -7.9837610e-06  -5.6912545e-06  -4.1783346e-06  -3.2871988e-06  -2.4508167e-06  -2.2856959e-06  -1.6050335e-06  -1.0935847e-06  -9.6983820e-07  -6.6854216e-07  -1.3398351e-07  -2.7659510e-07  -3.6898891e-07  -1.1451638e-07
   0.0000000e+00   0.0000000e+00  -4.9290633e-05  -4.3945111e-05  -3.3278968e-05  -2.3852017e-05  -2.2338929e-05  -1.7888597e-05  -1.2420779e-05  -8.3043515e-06  -5.5254141e-06  -4.3264622e-06  -3.5084909e-06  -2.5437264e-06  -2.1384515e-06  -1.5425564e-06  -1.0088615e-06  -1.0905594e-06  -7.4486951e-07  -4.9768022e-07  -2.7554699e-07  -5.6416816e-08  -1.2278110e-07
   0.0000000e+00   0.0000000e+00  -4.9259081e-05  -4.4007444e-05  -3.3173350e-05  -2.3507124e-05  -2.2254286e-05  -1.8375275e-05  -1.2247470e-05  -8.0190430e-06  -5.8755845e-06  -4.5158417e-06  -3.3685999e-06  -2.7173267e-06  -2.0514060e-06  -1.3909334e-06  -1.0804123e-06  -9.0078328e-07  -9.5228734e-07  -5.7022476e-07  -4.0263274e-07  -1.6117252e-07  -1.6140896e-07
   0.0000000e+00   0.0000000e+00  -4.8990962e-05  -4.3962489e-05  -3.3340446e-05  -2.3982026e-05  -2.1313550e-05  -1.8443956e-05  -1.2388121e-05  -7.9890306e-06  -6.3479592e-06  -4.3941463e-06  -3.1642912e-06  -2.8342304e-06  -2.0229836e-06  -1.4038743e-06  -9.6340796e-07  -7.7716271e-07  -8.1574791e-07  -6.4694638e-07  -5.1497085e-07  -3.0996128e-07  -1.4096348e-07
   0.0000000e+00   0.0000000e+00  -4.9053688e-05  -4.3980119e-05  -3.3102719e-05  -2.3849692e-05  -2.2284992e-05  -1.7699327e-05  -1.2396894e-05  -8.3274472e-06  -5.7059337e-06  -4.6811301e-06  -3.6565527e-06  -2.8010970e-06  -1.8992297e-06  -1.3249464e-06  -9.6991550e-07  -7.7798910e-07  -8.6545481e-07  -4.6445712e-07  -4.6725040e-07  -1.7054579e-07  -3.8333795e-07
   0.0000000e+00   0.0000000e+00  -4.9042766e-05  -4.4187476e-05  -3.2828084e-05  -2.3749199e-05  -2.1935663e-05  -1.8134593e-05  -1.2403546e-05  -8.1608987e-06  -5.9464815e-06  -4.5932074e-06  -3.4511199e-06  -2.8793174e-06  -2.3156429e-06  -1.5243540e-06  -7.1288986e-07  -6.3806948e-07  -8.4366593e-07  -6.5005281e-07  -2.3340390e-07  -3.7108609e-07  -1.2931746e-07
   0.0000000e+00   0.0000000e+00  -4.9482274e-05  -4.3918342e-05  -3.3625849e-05  -2.3404609e-05  -2.2078579e-05  -1.7913806e-05  -1.2281555e-05  -8.0178215e-06  -6.0970633e-06  -4.2758552e-06  -3.7884965e-06  -2.8574293e-06  -2.1483254e-06  -1.3508517e-06  -1.1112719e-06  -8.1515611e-07  -4.3265123e-07  -4.0197389e-07  -4.7359103e-07  -2.6849349e-07  -1.9902224e-07
   0.0000000e+00   0.0000000e+00  -4.8857510e-05  -4.4021792e-05  -3.3263674e-05  -2.4181110e-05  -2.1769240e-05  -1.8220879e-05  -1.2191139e-05  -8.0644741e-06  -5.5977953e-06  -4.5534689e-06  -3.3283447e-06  -2.9211540e-06  -2.0805624e-06  -1.4191743e-06  -1.3135258e-06  -8.3187967e-07  -4.7028885e-07  -6.9689764e-07  -1.9619050e-07  -1.4475384e-07  -3.0857265e-07
   0.0000000e+00   0.0000000e+00  -4.9429076e-05  -4.3958244e-05  -3.2862699e-05  -2.4034716e-05  -2.2049095e-05  -1.8117655e-05  -1.2172637e-05  -8.2332890e-06  -5.9696795e-06  -4.2707534e-06  -3.2975797e-06  -2.6229250e-06  -1.8361334e-06  -1.8215085e-06  -1.0591640e-06  -7.8765135e-07  -1.1369615e-06  -4.2488648e-07  -4.2937307e-07  -2.3992575e-07  -1.3054128e-07
   0.0000000e+00   0.0000000e+00  -4.9115042e-05  -4.4146513e-05  -3.3237127e-05  -2.3687069e-05  -2.2285567e-05  -1.8186009e-05  -1.2149237e-05  -8.3548139e-06  -5.7418320e-06  -4.6801892e-06  -3.1738969e-06  -2.5141098e-06  -1.8953882e-06  -1.5218011e-06  -1.0226715e-06  -1.1555628e-06  -7.5654970e-07  -6.6102263e-07  -4.5203959e-07  -3.8421584e-07  -1.2840424e-07
   0.0000000e+00   0.0000000e+00  -4.9038426e-05  -4.3728000e-05  -3.3666867e-05  -2.3782997e-05  -2.1816584e-05  -1.8395132e-05  -1.2533174e-05  -8.0666323e-06  -6.0551115e-06  -4.4703065e-06  -3.3509878e-06  -2.5093484e-06  -1.5308078e-06  -1.6037397e-06  -1.1674077e-06  -9.9699093e-07  -8.4647030e-07  -3.8119612e-07  -7.2473426e-07  -1.5803228e-07   5.5104017e-08
   0.0000000e+00   0.0000000e+00  -4.9060662e-05  -4.3997810e-05  -3.2820375e-05  -2.4212222e-05  -2.1850296e-05  -1.8320163e-05  -1.2266590e-05  -8.2035822e-06  -6.0367929e-06  -4.3318564e-06  -3.4797795e-06  -2.4815433e-06  -1.7355998e-06  -1.4557241e-06  -1.2691421e-06  -8.2110148e-07  -5.7534032e-07  -4.7536065e-07  -2.9577535e-07  -2.6625591e-07  -6.8366056e-08
   0.0000000e+00   0.0000000e+00  -4.9193717e-05  -4.3878670e-05  -3.3173750e-05  -2.3758930e-05  -2.2452248e-05  -1.7843580e-05  -1.2531322e-05  -8.1854705e-06  -6.0084376e-06  -4.3209675e-06  -3.1831858e-06  -2.4251224e-06  -2.1433307e-06  -1.4574797e-06  -1.1177822e-06  -6.8019949e-07  -7.1006679e-07  -4.9781937e-07  -9.0944830e-08  -2.1195491e-07  -5.8066249e-08
   0.0000000e+00   0.0000000e+00  -4.8942034e-05  -4.3921285e-05  -3.3122353e-05  -2.3843328e-05  -2.1847884e-05  -1.8547136e-05  -1.2029550e-05  -8.4216699e-06  -5.8396336e-06  -4.2786496e-06  -3.3352187e-06  -2.4721110e-06  -1.8136664e-06  -1.4713277e-06  -1.1901266e-06  -9.3142989e-07  -6.4813275e-07  -3.1474744e-07  -5.5688037e-07  -2.4288275e-07   1.1775244e-07
   0.0000000e+00   0.0000000e+00  -4.9166796e-05  -4.3506083e-05  -3.3551296e-05  -2.3537448e-05  -2.2103985e-05  -1.8168337e-05  -1.2440438e-05  -8.1415601e-06  -5.7311800e-06  -4.3142136e-06  -3.2289149e-06  -2.2932957e-06  -2.3312284e-06  -1.1983890e-06  -1.0961704e-06  -8.6749037e-07  -4.7070483e-07  -4.7113826e-07  -3.4091312e-07  -2.1810651e-07  -2.2481286e-09
   0.0000000e+00   0.0000000e+00  -4.8935235e-05  -4.4320248e-05  -3.2745676e-05  -2.4110852e-05  -2.1726193e-05  -1.8422599e-05  -1.2171569e-05  -8.1737171e-06  -5.9311315e-06  -4.0923878e-06  -3.5483897e-06  -2.6444352e-06  -1.6048527e-06  -1.5907976e-06  -8.4482480e-07  -8.1509199e-07  -7.9732558e-07  -2.6908316e-07  -1.5195309e-07  -3.4410979e-07   1.5313246e-07
   0.0000000e+00   0.0000000e+00  -4.9212165e-05  -4.3863329e-05  -3.3088043e-05  -2.3731089e-05  -2.2219656e-05  -1.7928620e-05  -1.2377797e-05  -8.0411728e-06  -5.6507984e-06  -4.4949111e-06  -3.2204666e-06  -2.5487484e-06  -2.1683954e-06  -1.4752766e-06  -1.1421270e-06  -5.9792325e-07  -4.2177450e-07  -4.9124975e-07  -8.6453532e-08   1.4589915e-07  -2.7744031e-07
   0.0000000e+00   0.0000000e+00  -4.8991598e-05  -4.3905693e-05  -3.3559321e-05  -2.3524915e-05  -2.1995629e-05  -1.8190542e-05  -1.2012859e-05  -8.2241877e-06  -5.5703035e-06  -4.3580199e-06  -3.5877738e-06  -2.7022891e-06  -1.9568683e-06  -1.4752603e-06  -1.0665625e-06  -1.0940729e-06  -4.7199893e-07   2.0642654e-08  -2.0252608e-07  -1.1269486e-07   1.9824482e-07
   0.0000000e+00   0.0000000e+00  -4.9480041e-05  -4.3778909e-05  -3.3486223e-05  -2.4074940e-05  -2.1804584e-05  -1.8187176e-05  -1.2358070e-05  -7.8362691e-06  -5.8364562e-06  -4.1572007e-06  -3.3359461e-06  -2.5860822e-06  -2.2584634e-06  -1.6992312e-06  -1.1125069e-06  -8.4644216e-07  -3.0900577e-07  -5.2423059e-07  -3.6666144e-08   1.0040883e-07   2.9881239e-08
   0.0000000e+00   0.0000000e+00  -4.9075661e-05  -4.4284978e-05  -3.3099404e-05  -2.4068459e-05  -2.2028273e-05  -1.8250848e-05  -1.1803999e-05  -8.1526759e-06  -5.5696769e-06  -4.2890556e-06  -3.5192468e-06  -2.5752408e-06  -2.0769019e-06  -1.6779223e-06  -1.0529897e-06  -1.1761109e-06  -5.0617933e-07  -3.6807396e-07   6.0932599e-08   7.8697253e-09  -1.0290925e-07
   0.0000000e+00   0.0000000e+00  -4.9124945e-05  -4.4063931e-05  -3.3451244e-05  -2.4038034e-05  -2.2062886e-05  -1.7954433e-05  -1.2448698e-05  -7.8063476e-06  -6.0333659e-06  -3.8797525e-06  -3.2062856e-06  -2.7854292e-06  -2.2309475e-06  -1.6901721e-06  -1.1756371e-06  -4.3879382e-07  -8.2942569e-07  -7.2376145e-07   1.0322521e-07   1.5434544e-07   2.6078925e-07
   0.0000000e+00   0.0000000e+00  -4.9188435e-05  -4.4098757e-05  -3.3437085e-05  -2.4221838e-05  -2.2035390e-05  -1.8220218e-05  -1.1939400e-05  -8.1947410e-06  -5.5475748e-06  -4.6448536e-06  -3.2190046e-06  -2.8137333e-06  -1.9531703e-06  -1.7355145e-06  -1.2403822e-06  -9.4224652e-07  -5.2567577e-07  -5.5667994e-07  -8.8571952e-08   1.5431314e-07   1.7739771e-07
   0.0000000e+00   0.0000000e+00  -4.9419759e-05  -4.3851764e-05  -3.3619952e-05  -2.4074592e-05  -2.2330081e-05  -1.8217750e-05  -1.2079982e-05  -8.0950495e-06  -5.7906459e-06  -4.1933822e-06  -3.3929903e-06  -2.7932333e-06  -2.2483403e-06  -1.7373681e-06  -1.4400538e-06  -7.1895272e-07  -7.9597743e-07  -5.0847359e-07  -2.0472545e-07  -9.0347520e-08   2.4338058e-07
   0.0000000e+00   0.0000000e+00  -4.9165279e-05  -4.4429013e-05  -3.2991709e-05  -2.4525907e-05  -2.2242537e-05  -1.8083010e-05  -1.2126041e-05  -8.1859071e-06  -5.7369293e-06  -4.5489555e-06  -3.2955095e-06  -2.6866833e-06  -1.9232302e-06  -1.8315581e-06  -1.3724002e-06  -1.0162445e-06  -5.5764627e-07  -4.0225794e-07  -2.3648357e-07  -2.8676692e-07  -8.6034525e-08
   0.0000000e+00   0.0000000e+00  -4.9050213e-05  -4.3945529e-05  -3.3911660e-05  -2.3840448e-05  -2.2488875e-05  -1.8430484e-05  -1.2060068e-05  -7.7346349e-06  -6.0055286e-06  -4.2031620e-06  -3.3074136e-06  -2.7827250e-06  -2.0181340e-06  -1.5038636e-06  -1.2540861e-06  -9.1042898e-07  -3.4892926e-07  -2.7504436e-07  -2.6229796e-07  -2.8100578e-07   9.3206850e-08
   0.0000000e+00   0.0000000e+00  -4.9238963e-05  -4.3950633e-05  -3.3294698e-05  -2.4235766e-05  -2.2267888e-05  -1.8124572e-05  -1.2283067e-05  -7.9698884e-06  -5.7780826e-06  -4.4904150e-06  -3.2010996e-06  -2.7933661e-06  -1.8954338e-06  -1.6418369e-06  -1.0849009e-06  -8.8616798e-07  -4.3089435e-07  -4.0503681e-07  -1.7846912e-07  -2.1372730e-07  -1.2320420e-07
   0.0000000e+00   0.0000000e+00  -4.9459395e-05  -4.4098793e-05  -3.3415614e-05  -2.4072950e-05  -2.2324979e-05  -1.7887203e-05  -1.2254643e-05  -8.1609987e-06  -5.6701692e-06  -4.1521007e-06  -3.5786613e-06  -2.3902876e-06  -2.2474048e-06  -1.5469610e-06  -1.0090720e-06  -6.9487669e-07  -7.1533054e-07  -4.1416354e-07  -2.5399305e-07  -5.7321405e-08   1.3269708e-07
   0.0000000e+00   0.0000000e+00  -4.8957303e-05  -4.4130007e-05  -3.3243497e-05  -2.4400020e-05  -2.2115149e-05  -1.8322431e-05  -1.1937450e-05  -8.4510457e-06  -5.2572832e-06  -4.5136840e-06  -3.2793307e-06  -2.7519550e-06  -1.8845628e-06  -1.6640587e-06  -1.0720379e-06  -9.9000147e-07  -6.2914887e-07  -3.1712065e-07  -1.2868403e-08  -9.8654436e-09   4.6490239e-08
   0.0000000e+00   0.0000000e+00  -4.9254235e-05  -4.4222590e-05  -3.3381792e-05  -2.3798755e-05  -2.2445947e-05  -1.8133993e-05  -1.2187426e-05  -7.9684078e-06  -6.2199351e-06  -4.0631976e-06  -3.1837965e-06  -2.4355761e-06  -2.1722117e-06  -1.6047886e-06  -1.1283151e-06  -7.0258551e-07  -8.4675543e-07  -4.5114214e-07  -1.6130029e-07  -8.2983114e-08   2.4551574e-07
   0.0000000e+00   0.0000000e+00  -4.9161241e-05  -4.3976288e-05  -3.3709232e-05  -2.4175823e-05  -2.1959060e-05  -1.8466853e-05  -1.2130852e-05  -7.9377114e-06  -5.9730783e-06  -4.3576515e-06  -3.3564029e-06  -2.7553206e-06  -1.8337259e-06  -1.3807525e-06  -1.0840951e-06  -1.0778581e-06  -6.9757851e-07  -3.6858418e-07  -2.5860155e-07  -6.8341186e-09   1.0069282e-09
   0.0000000e+00   0.0000000e+00  -4.9312035e-05  -4.4174834e-05  -3.3592314e-05  -2.3921952e-05  -2.2531010e-05  -1.7902456e-05  -1.2500155e-05  -8.0744794e-06  -5.9073118e-06  -4.1464255e-06  -3.5806238e-06  -2.9432306e-06  -2.0789439e-06  -1.4998678e-06  -1.0832165e-06  -6.6509290e-07  -7.2595134e-07  -3.7731601e-07  -5.0421750e-07  -4.2616779e-07  -7.9370679e-08
   0.0000000e+00   0.0000000e+00  -4.8885933e-05  -4.4163324e-05  -3.3361084e-05  -2.4452243e-05  -2.1789083e-05  -1.8526069e-05  -1.2072575e-05  -8.0886648e-06  -5.7026814e-06  -4.5405432e-06  -3.3262741e-06  -2.9273690e-06  -2.3956143e-06  -1.5377224e-06  -1.2324865e-06  -7.7219403e-07  -3.4656711e-07  -3.3776871e-07  -3.9342959e-07  -4.6944578e-07  -2.5491457e-07
   0.0000000e+00   0.0000000e+00  -4.9350641e-05  -4.3961496e-05  -3.3519507e-05  -2.3945091e-05  -2.2247828e-05  -1.8375764e-05  -1.2153439e-05  -8.0734471e-06  -5.6177041e-06  -4.3015179e-06  -3.5057117e-06  -2.8185443e-06  -2.3635030e-06  -1.6115880e-06  -1.0321633e-06  -8.0204001e-07  -6.1188405e-07  -3.9181023e-07  -3.5237483e-07  -4.8383203e-07  -2.2302758e-07
   0.0000000e+00   0.0000000e+00  -4.9061189e-05  -4.4075023e-05  -3.3283563e-05  -2.4177625e-05  -2.2082495e-05  -1.7934539e-05  -1.2325995e-05  -7.8640787e-06  -5.6068211e-06  -4.5613433e-06  -3.2339801e-06  -2.9153193e-06  -2.1717553e-06  -1.7381459e-06  -1.0600339e-06  -5.7472903e-07  -5.2427055e-07  -7.2001768e-07  -7.5868650e-07  -3.5697488e-07  -3.9246575e-07
   0.0000000e+00   0.0000000e+00  -4.9116632e-05  -4.4006541e-05  -3.3611614e-05  -2.3669707e-05  -2.2352800e-05  -1.8200000e-05  -1.2102725e-05  -7.5058047e-06  -5.8022174e-06  -4.0055224e-06  -3.8058613e-06  -2.6013745e-06  -2.2471174e-06  -1.5311988e-06  -1.0330962e-06  -8.7397768e-07  -5.3833992e-07  -5.7908187e-07  -5.6631768e-07  -4.5558019e-07  -5.2087904e-07
   0.0000000e+00   0.0000000e+00  -4.9092392e-05  -4.4276112e-05  -3.3255907e-05  -2.4259140e-05  -2.1818141e-05  -1.8246223e-05  -1.2071362e-05  -7.9670299e-06  -5.4288339e-06  -4.3544587e-06  -3.1959141e-06  -2.8727945e-06  -2.1547419e-06  -1.6325409e-06  -1.2457330e-06  -7.9002234e-07  -4.3330473e-07  -4.1168616e-07  -4.8659820e-07  -3.8632120e-07  -2.5702656e-07
   0.0000000e+00   0.0000000e+00  -4.9340921e-05  -4.3878801e-05  -3.3716817e-05  -2.4100793e-05  -2.2197866e-05  -1.8106535e-05  -1.1984638e-05  -7.7267423e-06  -5.4747115e-06  -4.1358649e-06  -3.1467794e-06  -2.7098583e-06  -2.1707422e-06  -1.6167135e-06  -1.2556969e-06  -9.7262023e-07  -4.2734081e-07  -8.3372790e-08  -4.4900335e-07  -2.8166383e-07   4.2401172e-08
   0.0000000e+00   0.0000000e+00  -4.9129063e-05  -4.4227112e-05  -3.3223769e-05  -2.4298532e-05  -2.2225553e-05  -1.8304658e-05  -1.2057651e-05  -7.8126532e-06  -5.3364984e-06  -4.0951159e-06  -3.1403815e-06  -2.4510080e-06  -2.2095396e-06  -1.3516951e-06  -1.2093199e-06  -9.0085791e-07  -6.2204958e-07  -2.9097839e-07  -1.6896338e-07  -1.9086109e-07  -1.3604986e-07
   0.0000000e+00   0.0000000e+00  -4.9118829e-05  -4.4155309e-05  -3.3375618e-05  -2.4126328e-05  -2.2290509e-05  -1.8018645e-05  -1.2487802e-05  -7.6785609e-06  -5.6511617e-06  -3.8473531e-06  -3.0539006e-06  -2.6724474e-06  -1.8765421e-06  -1.5681575e-06  -1.0958798e-06  -6.4860200e-07  -9.3195314e-07  -3.6638215e-07  -1.5803786e-07  -7.8842255e-08  -1.6397689e-07
   0.0000000e+00   0.0000000e+00  -4.8855160e-05  -4.4253356e-05  -3.3343280e-05  -2.4144894e-05  -2.2019012e-05  -1.8400049e-05  -1.1962175e-05  -8.0312493e-06  -5.6987988e-06  -3.9661322e-06  -3.4723730e-06  -2.5215031e-06  -1.7913065e-06  -1.2227566e-06  -1.2241084e-06  -8.2245998e-07  -6.4740601e-07  -5.7501160e-07  -4.7685973e-07  -1.2341928e-07  -2.7037405e-08
   0.0000000e+00   0.0000000e+00  -4.9258768e-05  -4.3768447e-05  -3.3524837e-05  -2.4011248e-05  -2.1964459e-05  -1.8404064e-05  -1.2294630e-05  -7.8597186e-06  -5.5727160e-06  -4.1523854e-06  -3.3205984e-06  -2.6651892e-06  -2.1491953e-06  -1.2320564e-06  -8.6708962e-07  -8.3018784e-07  -6.2771949e-07  -2.8742031e-07  -6.6111039e-07  -3.9593581e-07  -8.1086156e-08
   0.0000000e+00   0.0000000e+00  -4.9130049e-05  -4.4067339e-05  -3.3275242e-05  -2.4113178e-05  -2.2162500e-05  -1.8430681e-05  -1.1778375e-05  -8.2259876e-06  -5.4578468e-06  -4.1771382e-06  -3.3046915e-06  -2.7533781e-06  -1.9667559e-06  -1.5230080e-06  -6.5515280e-07  -7.9236685e-07  -4.9670030e-07  -2.8391196e-07  -5.6362728e-07  -5.4238427e-07  -1.8603043e-07
   0.0000000e+00   0.0000000e+00  -4.9236438e-05  -4.4088745e-05  -3.3390847e-05  -2.4079558e-05  -2.2196626e-05  -1.8136712e-05  -1.2404093e-05  -8.0609852e-06  -5.7855759e-06  -4.0617670e-06  -3.1372826e-06  -2.6207258e-06  -2.1198141e-06  -1.3387096e-06  -1.0081637e-06  -5.4407047e-07  -2.7637174e-07  -6.3621923e-07  -4.3496399e-07  -3.9902229e-08  -4.8818896e-07
   0.0000000e+00   0.0000000e+00  -4.8992380e-05  -4.4212618e-05  -3.3389002e-05  -2.4058456e-05  -2.1983973e-05  -1.8449738e-05  -1.2233306e-05  -7.9188849e-06  -5.9343611e-06  -4.4254843e-06  -3.1648867e-06  -2.7284341e-06  -1.8513291e-06  -1.5076447e-06  -8.3600736e-07  -7.4974486e-07  -5.3815307e-07  -1.7611951e-07  -2.1017446e-07  -2.8733419e-07  -1.7335887e-07
   0.0000000e+00   0.0000000e+00  -4.9316048e-05  -4.3967051e-05  -3.3349264e-05  -2.4128607e-05  -2.2093094e-05  -1.8160557e-05  -1.2456454e-05  -8.1324215e-06  -5.7407292e-06  -4.3612595e-06  -3.3520848e-06  -2.5132301e-06  -2.0847915e-06  -1.5180156e-06  -7.7995753e-07  -6.8897253e-07  -5.0659651e-07  -4.9967247e-07  -3.7785074e-07  -4.6079631e-08  -2.0908956e-07
   0.0000000e+00   0.0000000e+00  -4.9190614e-05  -4.4212822e-05  -3.3208762e-05  -2.4099123e-05  -2.2051256e-05  -1.8317760e-05  -1.2162382e-05  -8.3292598e-06  -5.7815446e-06  -4.3478185e-06  -3.5215453e-06  -2.6100579e-06  -1.8522129e-06  -1.4282967e-06  -8.6338042e-07  -5.2007385e-07  -5.7656308e-07  -2.4012945e-07  -2.4943100e-07   1.3770105e-07  -7.8299287e-09
   0.0000000e+00   0.0000000e+00  -4.9303533e-05  -4.3856249e-05  -3.3407941e-05  -2.3824950e-05  -2.2055225e-05  -1.8192595e-05  -1.2336301e-05  -8.3618725e-06  -5.6853628e-06  -4.1955000e-06  -3.5585213e-06  -2.7076985e-06  -2.1256349e-06  -1.2683799e-06  -1.0018904e-06  -5.3557989e-07  -3.4147354e-07  -1.6184346e-07  -1.9824085e-07   2.3735819e-07   8.4259419e-08
