   0.0000000e+00   0.0000000e+00  -3.2219934e-05  -3.4702505e-05  -2.8679115e-05  -2.1798825e-05  -2.0605181e-05  -1.7308901e-05  -1.1695144e-05  -7.6925753e-06  -5.7818020e-06  -4.2512211e-06  -3.0670001e-06  -2.6575924e-06  -1.8905695e-06  -1.6395433e-06  -1.0321701e-06  -4.8920788e-07  -4.8488550e-07  -2.0012227e-07  -2.3128159e-08   6.1764220e-09   1.5396232e-08
   0.0000000e+00   0.0000000e+00  -3.2074004e-05  -3.4523149e-05  -2.8807170e-05  -2.1909986e-05  -2.0697889e-05  -1.7018512e-05  -1.1907962e-05  -7.5659573e-06  -5.6749891e-06  -4.1713902e-06  -3.2736280e-06  -2.6810903e-06  -2.0034940e-06  -1.1670231e-06  -1.4305708e-06  -4.3495535e-07  -6.8116287e-07  -1.1596563e-07  -1.1931347e-07  -1.3351874e-07  -2.2485297e-08
   0.0000000e+00   0.0000000e+00  -3.2076241e-05  -3.4715093e-05  -2.8553548e-05  -2.1884754e-05  -2.0768035e-05  -1.7007154e-05  -1.1477081e-05  -8.1096505e-06  -5.5633805e-06  -4.1663443e-06  -3.2766109e-06  -2.4574313e-06  -2.1558176e-06  -1.4215956e-06  -9.1308544e-07  -5.8262191e-07  -6.8118692e-07  -2.9709912e-07  -3.2409406e-07   3.0132629e-08   3.4414864e-08
   0.0000000e+00   0.0000000e+00  -3.2351196e-05  -3.4440327e-05  -2.8895562e-05  -2.1813054e-05  -2.0721589e-05  -1.7288339e-05  -1.1413059e-05  -7.6416600e-06  -5.5773280e-06  -4.3911841e-06  -3.4164523e-06  -2.5095976e-06  -2.1779790e-06  -1.2728502e-06  -1.0751411e-06  -7.1376434e-07  -7.1996413e-07  -1.0490881e-07  -3.1023831e-07  -1.8504900e-07  -1.4036370e-08
   0.0000000e+00   0.0000000e+00  -3.2223532e-05  -3.4617406e-05  -2.8765136e-05  -2.1812120e-05  -2.0714251e-05  -1.7357668e-05  -1.1614580e-05  -7.6823790e-06  -5.5965584e-06  -4.1899198e-06  -3.3193410e-06  -2.5121210e-06  -2.1730866e-06  -1.5877545e-06  -9.1133779e-07  -6.6157770e-07  -6.2191361e-07  -5.3655521e-07  -3.3504901e-07   3.4257138e-08  -6.9529951e-09
   0.0000000e+00   0.0000000e+00  -3.2144038e-05  -3.4568860e-05  -2.8800021e-05  -2.1956119e-05  -2.0615895e-05  -1.6980017e-05  -1.1731381e-05  -7.5719272e-06  -5.7140519e-06  -4.2957499e-06  -3.4732111e-06  -2.6874611e-06  -1.7413540e-06  -1.6055106e-06  -1.1783666e-06  -5.7997653e-07  -6.2944429e-07  -4.2057846e-07  -3.6470445e-07  -1.4604345e-07  -2.4491732e-07
   0.0000000e+00   0.0000000e+00  -3.2021628e-05  -3.4711695e-05  -2.8763350e-05  -2.1913929e-05  -2.1091886e-05  -1.7177446e-05  -1.1558580e-05  -7.7531731e-06  -5.2933065e-06  -4.2104575e-06  -3.2599976e-06  -2.8363233e-06  -2.0414450e-06  -1.6318592e-06  -8.3125650e-07  -8.5418515e-07  -4.3894659e-07  -6.6370569e-07  -3.4248853e-07  -6.3304995e-08  -1.5772918e-07
   0.0000000e+00   0.0000000e+00  -3.2243217e-05  -3.4484463e-05  -2.8767447e-05  -2.1842474e-05  -2.0683112e-05  -1.7436496e-05  -1.1442796e-05  -7.7279610e-06  -5.6197287e-06  -4.2402071e-06  -3.2806984e-06  -2.5566637e-06  -2.1129845e-06  -1.5074154e-06  -9.8781550e-07  -9.1081415e-07  -4.3179583e-07  -4.5739699e-07  -4.0460091e-07  -5.1939928e-08   6.5114442e-08
   0.0000000e+00   0.0000000e+00  -3.2231081e-05  -3.4566525e-05  -2.8631119e-05  -2.2161268e-05  -2.0570953e-05  -1.7323729e-05  -1.1601520e-05  -7.5866369e-06  -5.4168650e-06  -4.0702612e-06  -3.0929516e-06  -2.7631884e-06  -2.1386541e-06  -1.4638728e-06  -8.8399747e-07  -8.6560226e-07  -5.9011649e-07  -2.3115307e-07  -3.1338507e-07   8.9006384e-09  -1.2270981e-07
   0.0000000e+00   0.0000000e+00  -3.2163454e-05  -3.4668734e-05  -2.8740465e-05  -2.1764208e-05  -2.1012382e-05  -1.7108030e-05  -1.1667343e-05  -7.8402909e-06  -5.4911284e-06  -3.9544657e-06  -3.3571728e-06  -2.2837160e-06  -2.0654886e-06  -1.6022907e-06  -1.0944868e-06  -6.5162999e-07  -5.5666538e-07  -5.1662448e-07  -2.1131885e-07   1.5809954e-07   9.4071162e-08
   0.0000000e+00   0.0000000e+00  -3.1993419e-05  -3.4461875e-05  -2.8923538e-05  -2.1791389e-05  -2.0708523e-05  -1.7274209e-05  -1.1643340e-05  -7.3517917e-06  -5.7231950e-06  -4.0966574e-06  -2.9626119e-06  -2.6163416e-06  -1.9251618e-06  -1.3693760e-06  -1.2965073e-06  -7.6557916e-07  -7.4408541e-07  -4.5807127e-07  -2.1330273e-07  -2.3926623e-07   7.5568245e-08
   0.0000000e+00   0.0000000e+00  -3.2189404e-05  -3.4510140e-05  -2.8824810e-05  -2.1704020e-05  -2.0871803e-05  -1.7371167e-05  -1.1438032e-05  -7.9633219e-06  -5.3989615e-06  -4.0965542e-06  -3.0433225e-06  -2.5826303e-06  -1.9680838e-06  -1.2728613e-06  -1.1375959e-06  -8.7476150e-07  -9.4171645e-07  -4.2464464e-07  -3.9030513e-07  -3.1912128e-07  -1.0293087e-07
   0.0000000e+00   0.0000000e+00  -3.2270553e-05  -3.4532666e-05  -2.8627803e-05  -2.2004695e-05  -2.0439367e-05  -1.7205999e-05  -1.1490258e-05  -7.8570520e-06  -5.4892053e-06  -4.2698898e-06  -3.3779459e-06  -2.4258873e-06  -1.9038941e-06  -1.4119481e-06  -1.0906994e-06  -8.2225893e-07  -5.9088535e-07  -6.3779794e-07  -3.2048803e-07  -3.4443653e-07   2.7132650e-08
   0.0000000e+00   0.0000000e+00  -3.2056887e-05  -3.4885074e-05  -2.8557888e-05  -2.2026905e-05  -2.0791900e-05  -1.7040307e-05  -1.1555512e-05  -7.7096074e-06  -5.4193192e-06  -4.0465429e-06  -3.3908111e-06  -2.6628406e-06  -2.0218961e-06  -1.5039057e-06  -8.8014974e-07  -8.9141764e-07  -7.2275208e-07  -4.6929588e-07  -3.3761395e-07  -3.1465893e-07  -1.0874027e-07
   0.0000000e+00   0.0000000e+00  -3.1981643e-05  -3.4466095e-05  -2.8910910e-05  -2.1768572e-05  -2.0669284e-05  -1.7019433e-05  -1.1575638e-05  -7.5530556e-06  -5.9040331e-06  -4.1008780e-06  -3.1283707e-06  -2.6702942e-06  -2.0650530e-06  -1.4608961e-06  -1.0320296e-06  -8.8283707e-07  -4.4446091e-07  -5.5173876e-07  -2.6147748e-07  -3.7211188e-07  -2.3922109e-07
   0.0000000e+00   0.0000000e+00  -3.2400196e-05  -3.4441946e-05  -2.8906259e-05  -2.1690081e-05  -2.0682161e-05  -1.7242250e-05  -1.1535381e-05  -7.2726393e-06  -5.6513527e-06  -4.0929085e-06  -3.1646146e-06  -2.7141373e-06  -1.9636357e-06  -1.7555127e-06  -1.0495494e-06  -6.6026485e-07  -5.1290436e-07  -6.5321831e-07  -4.4703313e-07   6.6143663e-08  -1.0593182e-07
   0.0000000e+00   0.0000000e+00  -3.2143755e-05  -3.4792196e-05  -2.8673354e-05  -2.1982143e-05  -2.0577119e-05  -1.6946256e-05  -1.1401376e-05  -7.9206075e-06  -5.3542935e-06  -4.3329978e-06  -3.2034179e-06  -2.5617358e-06  -2.1090509e-06  -1.4163617e-06  -1.1963915e-06  -1.0427406e-06  -7.4818212e-07  -5.1819575e-07   4.0497454e-08  -4.9183990e-07  -1.6518281e-07
   0.0000000e+00   0.0000000e+00  -3.2117285e-05  -3.4742592e-05  -2.8768276e-05  -2.1797918e-05  -2.0735666e-05  -1.7042572e-05  -1.1196867e-05  -7.8713556e-06  -5.5055707e-06  -3.9746360e-06  -3.0929359e-06  -2.7403471e-06  -2.1979993e-06  -1.4161958e-06  -1.1376469e-06  -8.1445341e-07  -1.0140985e-06  -5.0580752e-07  -2.8458811e-07  -1.6766425e-07  -5.4706643e-08
   0.0000000e+00   0.0000000e+00  -3.2128206e-05  -3.4735956e-05  -2.8760538e-05  -2.1771173e-05  -2.0872929e-05  -1.6973718e-05  -1.1338091e-05  -7.2460430e-06  -5.6924491e-06  -4.1602175e-06  -3.3677397e-06  -2.4838366e-06  -2.0246616e-06  -1.2857457e-06  -1.2930672e-06  -1.0621891e-06  -7.3983051e-07  -5.7951809e-07  -3.0144986e-07  -4.6163478e-07   6.4798641e-08
   0.0000000e+00   0.0000000e+00  -3.2465301e-05  -3.4357217e-05  -2.9044251e-05  -2.1804843e-05  -2.0533085e-05  -1.6992653e-05  -1.1710297e-05  -7.3722040e-06  -5.5645432e-06  -3.9325282e-06  -3.0130523e-06  -2.7425606e-06  -1.9955787e-06  -1.4979375e-06  -1.0737493e-06  -7.7820897e-07  -8.8017828e-07  -8.0540218e-07  -3.5637274e-07  -3.6882429e-07   6.1935083e-08
   0.0000000e+00   0.0000000e+00  -3.2153177e-05  -3.4914643e-05  -2.8642662e-05  -2.2015905e-05  -2.0654978e-05  -1.6959144e-05  -1.1350311e-05  -7.4934601e-06  -5.3882754e-06  -4.1046287e-06  -3.4494169e-06  -2.5042639e-06  -1.9029650e-06  -1.3314502e-06  -9.8603971e-07  -8.5711207e-07  -7.6448953e-07  -7.3492441e-07  -4.5606106e-07  -4.7862108e-07  -3.2616117e-07
   0.0000000e+00   0.0000000e+00  -3.1977903e-05  -3.4815595e-05  -2.8760054e-05  -2.1928518e-05  -2.0782425e-05  -1.7230492e-05  -1.1280492e-05  -7.6112515e-06  -5.3362269e-06  -4.1836470e-06  -3.0977642e-06  -2.5958361e-06  -2.0993291e-06  -1.4468922e-06  -1.0215555e-06  -8.0196872e-07  -4.2390261e-07  -7.6107085e-07  -7.4387424e-07  -1.8747711e-07  -1.3326870e-07
   0.0000000e+00   0.0000000e+00  -3.2359247e-05  -3.4478453e-05  -2.8874816e-05  -2.1869235e-05  -2.0709354e-05  -1.7013586e-05  -1.1380067e-05  -7.8267049e-06  -5.3467897e-06  -4.2235665e-06  -3.1044028e-06  -2.6522710e-06  -2.1245758e-06  -1.3115143e-06  -9.3941890e-07  -1.2271880e-06  -5.0272280e-07  -5.4909765e-07  -4.3644886e-07  -4.6450677e-07  -2.1609883e-07
   0.0000000e+00   0.0000000e+00  -3.2248321e-05  -3.4508455e-05  -2.8866434e-05  -2.1815715e-05  -2.0950147e-05  -1.7025450e-05  -1.1549029e-05  -7.3217511e-06  -5.6453882e-06  -3.9984648e-06  -3.3821293e-06  -2.5578170e-06  -1.9052029e-06  -1.6884748e-06  -8.9638240e-07  -8.5849780e-07  -7.5992091e-07  -7.0194784e-07  -5.2704809e-07  -3.0688703e-08  -9.7059008e-08
   0.0000000e+00   0.0000000e+00  -3.2012809e-05  -3.4708544e-05  -2.8694925e-05  -2.1931422e-05  -2.0657952e-05  -1.7156795e-05  -1.1653071e-05  -7.5486328e-06  -5.5783566e-06  -4.0041759e-06  -3.3515114e-06  -2.7242945e-06  -1.9557096e-06  -1.4261882e-06  -1.1858764e-06  -8.1958729e-07  -7.3062608e-07  -5.9196037e-07  -3.6489095e-07  -1.3514887e-07  -1.7949164e-07
   0.0000000e+00   0.0000000e+00  -3.2192405e-05  -3.4827852e-05  -2.8712346e-05  -2.1826540e-05  -2.0609661e-05  -1.7092079e-05  -1.1500049e-05  -7.8097464e-06  -5.5141463e-06  -4.1823887e-06  -3.1534430e-06  -2.7729836e-06  -2.1987908e-06  -1.4723504e-06  -1.0369974e-06  -8.7925673e-07  -7.6295134e-07  -5.2334087e-07  -2.5255403e-07  -3.3416535e-07   4.4520700e-08
   0.0000000e+00   0.0000000e+00  -3.2243664e-05  -3.4415181e-05  -2.8869326e-05  -2.2080676e-05  -2.0550051e-05  -1.7140743e-05  -1.1526473e-05  -7.5582238e-06  -5.4836842e-06  -4.4482476e-06  -3.1977022e-06  -2.7455606e-06  -2.2642432e-06  -1.4006522e-06  -1.4003824e-06  -9.1974636e-07  -6.1960418e-07  -3.7983648e-07  -4.1017057e-07  -4.6847529e-08   1.0178337e-07
   0.0000000e+00   0.0000000e+00  -3.2299817e-05  -3.4527504e-05  -2.8813531e-05  -2.1681677e-05  -2.0983387e-05  -1.7105973e-05  -1.1388028e-05  -7.8398580e-06  -5.3801095e-06  -4.0734790e-06  -3.2891685e-06  -2.6817534e-06  -2.2643687e-06  -1.5745451e-06  -1.2894041e-06  -8.3206402e-07  -9.8080795e-07  -4.0314632e-07  -2.1987815e-07  -2.8010984e-07   4.1710940e-08
   0.0000000e+00   0.0000000e+00  -3.1982592e-05  -3.4890865e-05  -2.8695571e-05  -2.1862588e-05  -2.0569712e-05  -1.7069484e-05  -1.1687875e-05  -7.3588135e-06  -5.7443808e-06  -3.8788012e-06  -3.2465921e-06  -2.8107088e-06  -1.9282631e-06  -1.6298790e-06  -1.1731928e-06  -9.2602033e-07  -8.5033651e-07  -6.3749638e-07  -2.7090979e-07  -1.8213096e-07  -2.9123507e-07
   0.0000000e+00   0.0000000e+00  -3.2109663e-05  -3.4827728e-05  -2.8825996e-05  -2.1793312e-05  -2.0758680e-05  -1.7070615e-05  -1.1567480e-05  -7.6099732e-06  -5.5028913e-06  -3.8441704e-06  -3.3968181e-06  -2.5032452e-06  -2.1665519e-06  -1.6483348e-06  -1.1128208e-06  -7.5993984e-07  -7.4903795e-07  -5.3488856e-07  -6.2032757e-07  -2.5345935e-07  -1.1613015e-07
   0.0000000e+00   0.0000000e+00  -3.2364638e-05  -3.4221841e-05  -2.8966186e-05  -2.2023683e-05  -2.0547761e-05  -1.7053131e-05  -1.1405983e-05  -7.7237009e-06  -5.3361982e-06  -4.3423374e-06  -2.9844261e-06  -2.5981747e-06  -2.3001512e-06  -1.4392050e-06  -1.0457750e-06  -9.3908420e-07  -5.2057544e-07  -4.4755060e-07  -4.7470513e-07  -2.3931190e-07  -4.4502519e-07
   0.0000000e+00   0.0000000e+00  -3.2151638e-05  -3.4717752e-05  -2.8763554e-05  -2.1874877e-05  -2.0891917e-05  -1.7060212e-05  -1.1282612e-05  -7.7962304e-06  -5.3069325e-06  -3.9977704e-06  -3.1093268e-06  -2.6562213e-06  -2.1353637e-06  -1.7128481e-06  -8.3950692e-07  -8.0583283e-07  -5.9933717e-07  -4.1412289e-07  -4.1965208e-07  -2.2822331e-07  -3.3897134e-08
   0.0000000e+00   0.0000000e+00  -3.2102453e-05  -3.4843179e-05  -2.8691289e-05  -2.1859627e-05  -2.0753811e-05  -1.6972101e-05  -1.1550743e-05  -7.5365133e-06  -5.5346518e-06  -4.2619931e-06  -3.0950280e-06  -2.7710694e-06  -1.8568227e-06  -1.5504916e-06  -1.2631399e-06  -6.8177781e-07  -4.9306186e-07  -5.2898292e-07  -3.4068853e-07  -2.4187690e-07  -2.9200748e-07
   0.0000000e+00   0.0000000e+00  -3.2091342e-05  -3.4704575e-05  -2.8850209e-05  -2.2027805e-05  -2.0594684e-05  -1.7128905e-05  -1.1499787e-05  -7.4974901e-06  -5.6792719e-06  -3.9074230e-06  -3.2634703e-06  -2.9109024e-06  -2.0597702e-06  -1.5782877e-06  -1.0215596e-06  -7.9238839e-07  -9.0324835e-07  -2.6574671e-07  -4.9347670e-07  -2.2227482e-07  -1.2763066e-07
   0.0000000e+00   0.0000000e+00  -3.2250384e-05  -3.4475892e-05  -2.8996850e-05  -2.1973738e-05  -2.0672613e-05  -1.7005794e-05  -1.1577576e-05  -7.5196858e-06  -5.6795843e-06  -4.3904761e-06  -3.1798741e-06  -2.6290420e-06  -2.2422230e-06  -1.6478106e-06  -1.0994345e-06  -9.8552368e-07  -7.6082995e-07  -3.9632806e-07  -3.6434832e-07  -4.0693908e-07  -1.2710059e-07
   0.0000000e+00   0.0000000e+00  -3.2286040e-05  -3.4647790e-05  -2.8867169e-05  -2.1782278e-05  -2.0789334e-05  -1.7276647e-05  -1.1235784e-05  -7.8345320e-06  -5.3857257e-06  -4.2096103e-06  -3.4296684e-06  -2.4305159e-06  -2.4299138e-06  -1.5925625e-06  -1.3479842e-06  -6.1902927e-07  -7.3312901e-07  -6.2556586e-07  -5.5522474e-07  -1.3357916e-07  -2.3991242e-07
   0.0000000e+00   0.0000000e+00  -3.2136682e-05  -3.4871620e-05  -2.8648888e-05  -2.1964472e-05  -2.0912274e-05  -1.6919867e-05  -1.1473674e-05  -7.7581290e-06  -5.5002779e-06  -4.1844623e-06  -3.2530991e-06  -2.8950024e-06  -2.1075098e-06  -1.5644879e-06  -1.2788665e-06  -1.0130889e-06  -7.2014899e-07  -3.6838048e-07  -2.8175214e-07  -1.3377606e-07  -4.7185083e-07
   0.0000000e+00   0.0000000e+00  -3.2212363e-05  -3.4695971e-05  -2.8867100e-05  -2.1972553e-05  -2.0569871e-05  -1.7173321e-05  -1.1697594e-05  -7.4089603e-06  -5.7579641e-06  -4.0886289e-06  -2.9831813e-06  -2.6996345e-06  -2.3149096e-06  -1.6637924e-06  -1.3126731e-06  -8.8909218e-07  -6.7140627e-07  -5.4945360e-07  -4.6385870e-07  -7.1145266e-08   7.0372657e-08
   0.0000000e+00   0.0000000e+00  -3.2304426e-05  -3.4690845e-05  -2.8961491e-05  -2.1798267e-05  -2.0660111e-05  -1.7384533e-05  -1.1533415e-05  -7.3577062e-06  -5.6775630e-06  -4.2895558e-06  -3.2238922e-06  -2.6436976e-06  -2.0336495e-06  -1.8248319e-06  -1.1739286e-06  -1.1227074e-06  -7.8412319e-07  -2.9701283e-07  -5.0144416e-07  -2.6032328e-07  -9.4551673e-08
   0.0000000e+00   0.0000000e+00  -3.2079031e-05  -3.4782028e-05  -2.8724598e-05  -2.1818205e-05  -2.0898244e-05  -1.6958656e-05  -1.1661571e-05  -7.7501800e-06  -5.5691849e-06  -4.0946370e-06  -3.2580238e-06  -2.7695755e-06  -2.0672023e-06  -1.8443188e-06  -1.1119416e-06  -1.0629802e-06  -8.7095742e-07  -6.3600476e-07  -4.8260927e-07  -2.7059843e-07  -2.6975354e-07
   0.0000000e+00   0.0000000e+00  -3.2300803e-05  -3.4696892e-05  -2.8760445e-05  -2.1777174e-05  -2.0823805e-05  -1.7120628e-05  -1.1368269e-05  -7.8439161e-06  -5.4343641e-06  -4.2421375e-06  -3.3467870e-06  -2.6348246e-06  -2.0788998e-06  -1.7213971e-06  -1.2818163e-06  -9.4628155e-07  -7.0179789e-07  -6.5167364e-07  -5.4349539e-07  -3.6027430e-07  -3.1787050e-07
   0.0000000e+00   0.0000000e+00  -3.2344000e-05  -3.4719789e-05  -2.8768349e-05  -2.2011205e-05  -2.0413503e-05  -1.7301656e-05  -1.1760436e-05  -7.4451759e-06  -5.6099079e-06  -4.2713618e-06  -3.2425573e-06  -2.7059059e-06  -2.2752920e-06  -1.3909306e-06  -1.4094363e-06  -8.1367563e-07  -5.9678177e-07  -6.2414415e-07  -3.1429050e-07  -3.0638910e-07  -2.8723488e-07
   0.0000000e+00   0.0000000e+00  -3.2035485e-05  -3.4717599e-05  -2.8937038e-05  -2.1569833e-05  -2.0720092e-05  -1.7100723e-05  -1.1615314e-05  -7.6607366e-06  -5.7133625e-06  -4.0826458e-06  -3.2295029e-06  -2.7495278e-06  -2.2941106e-06  -1.4667338e-06  -1.3797178e-06  -7.4173454e-07  -6.9099781e-07  -4.8735859e-07  -4.3750799e-07  -9.2882615e-08  -2.0354678e-07
   0.0000000e+00   0.0000000e+00  -3.2079530e-05  -3.4552391e-05  -2.8745262e-05  -2.1908692e-05  -2.0738438e-05  -1.7021173e-05  -1.1256908e-05  -7.8214198e-06  -5.6135982e-06  -3.9780039e-06  -3.6860506e-06  -2.5705574e-06  -2.1722087e-06  -1.4578637e-06  -1.2659342e-06  -9.7447037e-07  -6.6257610e-07  -6.2838961e-07  -4.0026467e-07  -2.7519300e-07   5.9771494e-08
   0.0000000e+00   0.0000000e+00  -3.2148862e-05  -3.4700621e-05  -2.8569995e-05  -2.1918113e-05  -2.0629506e-05  -1.7064269e-05  -1.1571775e-05  -7.5764578e-06  -5.6685967e-06  -4.2078664e-06  -3.2719940e-06  -2.7931424e-06  -2.1433789e-06  -1.6664019e-06  -1.0562457e-06  -8.5096195e-07  -8.3260471e-07  -4.1533391e-07  -6.2377950e-07  -3.4369069e-07   1.8983344e-07
   0.0000000e+00   0.0000000e+00  -3.2216594e-05  -3.4479970e-05  -2.8897472e-05  -2.1704434e-05  -2.0484002e-05  -1.7195343e-05  -1.1475802e-05  -7.4759664e-06  -5.4017164e-06  -4.4984636e-06  -3.0164617e-06  -2.8152574e-06  -2.1313167e-06  -1.5110445e-06  -1.0840716e-06  -1.0886388e-06  -5.8102023e-07  -3.9577705e-07  -4.4588771e-07  -2.4548029e-07  -6.2293587e-08
   0.0000000e+00   0.0000000e+00  -3.2135616e-05  -3.4474004e-05  -2.8707991e-05  -2.1905189e-05  -2.0701938e-05  -1.6891996e-05  -1.1509814e-05  -7.6507758e-06  -5.3752133e-06  -4.0525929e-06  -3.1955367e-06  -2.7014469e-06  -1.8237237e-06  -1.5220337e-06  -1.2156391e-06  -9.3683883e-07  -4.5597344e-07  -5.8302970e-07  -4.8507087e-07  -2.7973721e-07   1.4387854e-07
   0.0000000e+00   0.0000000e+00  -3.2013399e-05  -3.4649274e-05  -2.8690514e-05  -2.1689168e-05  -2.0842463e-05  -1.6975022e-05  -1.1469534e-05  -7.8765288e-06  -5.2258897e-06  -3.7978950e-06  -3.1930279e-06  -2.6632692e-06  -1.9174045e-06  -1.4500419e-06  -9.3188504e-07  -9.1809733e-07  -6.8814711e-07  -5.9142809e-07  -3.4364518e-07  -3.2136049e-07  -3.5918688e-07
   0.0000000e+00   0.0000000e+00  -3.2170828e-05  -3.4591136e-05  -2.8904482e-05  -2.1805294e-05  -2.0498443e-05  -1.7283539e-05  -1.1385901e-05  -7.5993639e-06  -5.6093527e-06  -3.8463227e-06  -3.1285047e-06  -2.1516087e-06  -2.1712676e-06  -1.3851810e-06  -7.5464675e-07  -1.0432974e-06  -4.7392356e-07  -5.9374344e-07  -3.8498874e-07  -2.4644700e-07  -2.3338275e-07
   0.0000000e+00   0.0000000e+00  -3.2223576e-05  -3.4642675e-05  -2.8689463e-05  -2.2010592e-05  -2.0670132e-05  -1.7094355e-05  -1.1815948e-05  -7.4109344e-06  -5.5465193e-06  -4.1849203e-06  -2.8818570e-06  -2.4335882e-06  -1.9816139e-06  -1.2768357e-06  -9.4851714e-07  -9.0271357e-07  -4.8965768e-07  -5.2464185e-07  -4.7042937e-07  -9.2115826e-08  -1.0623140e-07
   0.0000000e+00   0.0000000e+00  -3.2236421e-05  -3.4527886e-05  -2.8763750e-05  -2.1783328e-05  -2.0903042e-05  -1.7038183e-05  -1.1672146e-05  -7.8887442e-06  -5.3421340e-06  -4.0569289e-06  -3.1806621e-06  -2.5338595e-06  -1.9120084e-06  -1.3160366e-06  -1.1572314e-06  -6.4911416e-07  -6.4285280e-07  -5.1656463e-07  -2.4677757e-07  -4.1069450e-07  -2.1752940e-07
   0.0000000e+00   0.0000000e+00  -3.2244210e-05  -3.4708395e-05  -2.8826218e-05  -2.1870597e-05  -2.0634823e-05  -1.7363445e-05  -1.1547318e-05  -7.6771676e-06  -5.6025660e-06  -4.1968160e-06  -3.2137045e-06  -2.5170382e-06  -1.7018745e-06  -1.7218886e-06  -1.2510163e-06  -4.6763398e-07  -8.9437862e-07  -4.1780839e-07  -2.7047139e-07  -2.2487399e-07  -6.0597043e-09
   0.0000000e+00   0.0000000e+00  -3.1981952e-05  -3.4680896e-05  -2.8830573e-05  -2.1900476e-05  -2.0749687e-05  -1.7177626e-05  -1.1635262e-05  -7.7184413e-06  -5.5025025e-06  -4.2077513e-06  -3.2228086e-06  -2.6028047e-06  -2.0192867e-06  -1.4568069e-06  -1.1686064e-06  -7.6911260e-07  -8.6810070e-07  -4.5966831e-07  -3.5331888e-07  -3.6141824e-07   1.7012199e-07
   0.0000000e+00   0.0000000e+00  -3.2410750e-05  -3.4512399e-05  -2.8797425e-05  -2.1879659e-05  -2.0713618e-05  -1.7254291e-05  -1.1519769e-05  -7.6979959e-06  -5.6071713e-06  -4.1225949e-06  -3.1623842e-06  -2.6854168e-06  -2.1945305e-06  -1.4822568e-06  -9.8361500e-07  -8.8184555e-07  -8.0791636e-07  -4.8946822e-07  -6.4064307e-07  -3.6018182e-07  -7.9586862e-08
   0.0000000e+00   0.0000000e+00  -3.2184282e-05  -3.4812536e-05  -2.8684311e-05  -2.1877822e-05  -2.0954983e-05  -1.7022590e-05  -1.1621801e-05  -7.5392504e-06  -5.5078594e-06  -4.2468246e-06  -3.4894181e-06  -2.3769462e-06  -2.2559846e-06  -1.5002664e-06  -1.1423243e-06  -5.9003855e-07  -6.2355412e-07  -6.4563898e-07  -3.9748585e-07  -5.8112369e-07  -3.0285665e-07
   0.0000000e+00   0.0000000e+00  -3.1984284e-05  -3.4737768e-05  -2.8977804e-05  -2.1655726e-05  -2.0724063e-05  -1.7376413e-05  -1.1383954e-05  -7.5883431e-06  -5.6721638e-06  -3.9286551e-06  -3.4250452e-06  -2.7804890e-06  -2.1342107e-06  -1.5742075e-06  -1.1645164e-06  -6.4023254e-07  -4.6809319e-07  -6.3987608e-07  -1.0929588e-07  -3.7860644e-07  -5.6206960e-07
   0.0000000e+00   0.0000000e+00  -3.2404023e-05  -3.4388893e-05  -2.8754766e-05  -2.2239972e-05  -2.0467540e-05  -1.7123275e-05  -1.1494345e-05  -7.5565913e-06  -5.4614052e-06  -4.2864017e-06  -3.1708857e-06  -2.6335033e-06  -2.4125025e-06  -1.6313471e-06  -1.2137143e-06  -8.8216967e-07  -3.1001821e-07  -5.6631978e-07  -2.1878591e-07  -4.5611085e-08  -2.9195519e-07
   0.0000000e+00   0.0000000e+00  -3.2140426e-05  -3.4765104e-05  -2.8738550e-05  -2.1910160e-05  -2.0868056e-05  -1.7185064e-05  -1.1386609e-05  -7.5581993e-06  -5.4521279e-06  -4.2927109e-06  -3.2497976e-06  -2.7722463e-06  -1.9599731e-06  -1.8517976e-06  -1.1555383e-06  -1.0421702e-06  -5.9082436e-07  -2.1773967e-07  -4.8679118e-07   8.5127269e-08  -2.6368868e-08
   0.0000000e+00   0.0000000e+00  -3.2086409e-05  -3.4715180e-05  -2.8757348e-05  -2.1728250e-05  -2.0872129e-05  -1.7054394e-05  -1.1644031e-05  -7.6495289e-06  -5.3085923e-06  -4.2030756e-06  -3.5205078e-06  -2.7445553e-06  -2.0317880e-06  -1.7055472e-06  -1.0143050e-06  -1.1629486e-06  -6.5934472e-07  -2.7147999e-07  -2.5075522e-07  -1.1013862e-07  -1.6462521e-07
   0.0000000e+00   0.0000000e+00  -3.2006727e-05  -3.4604847e-05  -2.8811042e-05  -2.1757156e-05  -2.0733043e-05  -1.7286766e-05  -1.1233277e-05  -7.5913454e-06  -5.5255082e-06  -4.0905061e-06  -3.4310638e-06  -2.8651532e-06  -2.0296393e-06  -1.9141662e-06  -1.2536423e-06  -5.5928501e-07  -9.3859035e-07  -3.8392727e-07  -1.4297129e-07  -1.9094274e-07   4.8006836e-08
   0.0000000e+00   0.0000000e+00  -3.2262986e-05  -3.4272678e-05  -2.8760687e-05  -2.2157557e-05  -2.0639338e-05  -1.7121200e-05  -1.1632075e-05  -7.3554029e-06  -5.3649542e-06  -4.2463735e-06  -3.3487865e-06  -2.7913943e-06  -2.1777739e-06  -1.4838665e-06  -1.4026941e-06  -8.6763146e-07  -5.6977416e-07  -6.8723500e-07  -2.2748421e-07   5.3460198e-08  -6.7251420e-08
   0.0000000e+00   0.0000000e+00  -3.2427499e-05  -3.4674722e-05  -2.8654740e-05  -2.1767957e-05  -2.0744741e-05  -1.7262590e-05  -1.1411903e-05  -7.7515188e-06  -5.2286591e-06  -4.0590926e-06  -3.3409706e-06  -2.7594579e-06  -2.3639961e-06  -1.3208393e-06  -1.1200839e-06  -9.3229215e-07  -6.0998343e-07  -3.9717187e-07  -3.8286504e-07  -2.3223112e-07   1.7769793e-07
   0.0000000e+00   0.0000000e+00  -3.1812884e-05  -3.4820612e-05  -2.8712991e-05  -2.1804575e-05  -2.0850806e-05  -1.6992002e-05  -1.1617402e-05  -7.4765949e-06  -5.2070091e-06  -4.3303558e-06  -3.3577976e-06  -2.6347225e-06  -2.3416603e-06  -1.3284809e-06  -1.0390399e-06  -8.0022613e-07  -6.1236932e-07  -3.7339581e-07  -1.4145382e-07  -1.9346541e-07  -1.8260258e-07
   0.0000000e+00   0.0000000e+00  -3.2360294e-05  -3.4573648e-05  -2.8697845e-05  -2.1827929e-05  -2.0839450e-05  -1.7163220e-05  -1.1460299e-05  -7.6191172e-06  -5.5012970e-06  -3.7444527e-06  -3.5795158e-06  -2.8341726e-06  -2.0776754e-06  -1.6117250e-06  -9.2708126e-07  -6.5562568e-07  -6.1117890e-07  -5.1474717e-07  -1.2600817e-07  -4.1021053e-08  -2.6898161e-07
   0.0000000e+00   0.0000000e+00  -3.2340533e-05  -3.4559456e-05  -2.8924616e-05  -2.2089987e-05  -2.0253428e-05  -1.7284332e-05  -1.1336520e-05  -7.4857639e-06  -5.7947886e-06  -4.0609352e-06  -3.1428831e-06  -3.2322687e-06  -1.8607708e-06  -1.5854531e-06  -1.0230106e-06  -7.0174497e-07  -7.4288857e-07  -3.1840020e-07  -3.9134042e-07  -1.3808156e-07  -4.2592092e-08
   0.0000000e+00   0.0000000e+00  -3.2062329e-05  -3.4876968e-05  -2.8850556e-05  -2.1848269e-05  -2.0985290e-05  -1.6959439e-05  -1.1535458e-05  -7.4888540e-06  -5.3078438e-06  -4.4581334e-06  -3.3589738e-06  -2.6824953e-06  -2.2934453e-06  -1.5395667e-06  -1.0021033e-06  -8.7466589e-07  -5.5472822e-07  -5.8572738e-07  -4.3269415e-07  -2.5369769e-07  -1.2122928e-07
   0.0000000e+00   0.0000000e+00  -3.2311098e-05  -3.4563738e-05  -2.8887278e-05  -2.1840597e-05  -2.0812504e-05  -1.7038774e-05  -1.1542206e-05  -7.6355900e-06  -5.4136754e-06  -4.4002522e-06  -3.3623467e-06  -2.7909384e-06  -2.0318246e-06  -1.6623943e-06  -8.2519944e-07  -8.3181601e-07  -6.9604852e-07  -6.3780863e-07  -3.5415215e-07  -2.1406316e-07  -2.3164843e-07
   0.0000000e+00   0.0000000e+00  -3.2188880e-05  -3.4791527e-05  -2.8975051e-05  -2.2004671e-05  -2.0693660e-05  -1.6927175e-05  -1.1385791e-05  -7.8309959e-06  -5.3935364e-06  -4.0051650e-06  -3.6234519e-06  -2.7744754e-06  -2.2721310e-06  -1.3171282e-06  -1.1241279e-06  -7.2053797e-07  -5.2926566e-07  -5.8353157e-07  -1.9350743e-07  -2.7102078e-07   7.1216611e-08
   0.0000000e+00   0.0000000e+00  -3.2216332e-05  -3.4756704e-05  -2.8715445e-05  -2.2198530e-05  -2.0704032e-05  -1.7315622e-05  -1.1203417e-05  -7.4365325e-06  -5.9084091e-06  -3.9450365e-06  -3.3079889e-06  -2.6912528e-06  -2.1757294e-06  -1.5724830e-06  -1.0296054e-06  -9.0276524e-07  -5.8104450e-07  -4.6372952e-07  -3.5652724e-07  -4.7480587e-08  -1.1809068e-07
   0.0000000e+00   0.0000000e+00  -3.2086926e-05  -3.4527249e-05  -2.8846836e-05  -2.1952646e-05  -2.0612890e-05  -1.7283070e-05  -1.1541474e-05  -7.2790117e-06  -5.5893029e-06  -4.2285160e-06  -3.0606211e-06  -2.5836273e-06  -2.1541086e-06  -1.4478278e-06  -1.0410516e-06  -8.1142366e-07  -7.0962079e-07  -2.7656608e-07  -3.4954363e-07  -6.2739147e-08   6.2559657e-08
   0.0000000e+00   0.0000000e+00  -3.2025768e-05  -3.4782141e-05  -2.8822657e-05  -2.1819782e-05  -2.1018701e-05  -1.6831893e-05  -1.1622030e-05  -7.8885350e-06  -4.8803349e-06  -4.2662523e-06  -3.3528156e-06  -2.6080872e-06  -1.8992818e-06  -1.6361911e-06  -9.9483998e-07  -7.5177411e-07  -7.4877130e-07  -4.4338123e-07  -2.7531777e-07  -3.6919438e-08   7.4245960e-08
   0.0000000e+00   0.0000000e+00  -3.2525786e-05  -3.4259279e-05  -2.8825316e-05  -2.1958795e-05  -2.0724703e-05  -1.7343846e-05  -1.1568997e-05  -7.4292893e-06  -5.7058733e-06  -3.9484471e-06  -3.2314294e-06  -2.6057824e-06  -1.9657930e-06  -1.6311421e-06  -1.1816423e-06  -7.4597676e-07  -6.3898710e-07  -6.0867222e-07  -5.4986845e-07   2.5829772e-08  -4.8118135e-08
   0.0000000e+00   0.0000000e+00  -3.1972762e-05  -3.4820394e-05  -2.8535173e-05  -2.1748139e-05  -2.0919873e-05  -1.7388440e-05  -1.1423286e-05  -7.6241827e-06  -5.3967192e-06  -4.2341912e-06  -2.9434873e-06  -2.7328231e-06  -2.1455367e-06  -1.3765185e-06  -1.1514661e-06  -8.6423012e-07  -6.7390067e-07  -4.5602883e-07  -2.8181933e-07  -4.4822886e-07  -3.0533334e-07
   0.0000000e+00   0.0000000e+00  -3.1915402e-05  -3.4585049e-05  -2.8744858e-05  -2.1901744e-05  -2.0687139e-05  -1.7031756e-05  -1.1923215e-05  -7.6271176e-06  -5.5344030e-06  -4.0280743e-06  -3.2537603e-06  -2.3691532e-06  -2.2071142e-06  -1.5168469e-06  -1.0628230e-06  -8.9572092e-07  -6.6444545e-07  -2.2333964e-07  -3.4567591e-07  -2.6627521e-07  -1.2736642e-07
   0.0000000e+00   0.0000000e+00  -3.2209919e-05  -3.4451332e-05  -2.8686338e-05  -2.1791249e-05  -2.0972935e-05  -1.6977303e-05  -1.1743910e-05  -7.8885323e-06  -5.3348890e-06  -4.1402241e-06  -3.4059331e-06  -2.4736555e-06  -2.0327545e-06  -1.5335970e-06  -9.8068017e-07  -9.8203100e-07  -6.7086046e-07  -4.7920520e-07  -3.6510878e-07  -2.4086962e-08  -1.3230289e-07
   0.0000000e+00   0.0000000e+00  -3.2220309e-05  -3.4516517e-05  -2.8613085e-05  -2.1488609e-05  -2.0910689e-05  -1.7404491e-05  -1.1585612e-05  -7.6787674e-06  -5.6404024e-06  -4.3126361e-06  -3.2021460e-06  -2.6358744e-06  -1.9770689e-06  -1.3659372e-06  -1.1279565e-06  -8.3336749e-07  -8.5177135e-07  -4.5510041e-07  -3.5409028e-07  -2.0681030e-07  -2.2027957e-07
   0.0000000e+00   0.0000000e+00  -3.1987693e-05  -3.4473429e-05  -2.8779037e-05  -2.1972081e-05  -2.0051264e-05  -1.7499016e-05  -1.1704064e-05  -7.6143551e-06  -6.0538819e-06  -4.1795593e-06  -3.0518518e-06  -2.7756171e-06  -1.9507547e-06  -1.4527047e-06  -9.6976748e-07  -7.2380698e-07  -7.0256465e-07  -6.5239601e-07  -4.6894030e-07  -2.1244594e-07  -9.8126627e-08
   0.0000000e+00   0.0000000e+00  -3.2043074e-05  -3.4479333e-05  -2.8556960e-05  -2.1826956e-05  -2.1016600e-05  -1.6798842e-05  -1.1715627e-05  -7.9512038e-06  -5.4073371e-06  -4.4358426e-06  -3.5352061e-06  -2.6714636e-06  -1.8188473e-06  -1.3615245e-06  -9.9963904e-07  -8.1452367e-07  -7.5987265e-07  -3.7574952e-07  -4.9670746e-07  -1.5311029e-07  -3.1956711e-07
   0.0000000e+00   0.0000000e+00  -3.1990297e-05  -3.4661720e-05  -2.8303972e-05  -2.1710339e-05  -2.0678579e-05  -1.7226790e-05  -1.1736764e-05  -7.7988334e-06  -5.6438616e-06  -4.3944760e-06  -3.2566479e-06  -2.6886585e-06  -2.2166278e-06  -1.5079816e-06  -7.8151390e-07  -6.6549160e-07  -7.4859224e-07  -5.7281903e-07  -2.5595008e-07  -3.3116490e-07  -8.4535593e-08
   0.0000000e+00   0.0000000e+00  -3.2388547e-05  -3.4396984e-05  -2.9054414e-05  -2.1357757e-05  -2.0792835e-05  -1.7029410e-05  -1.1644916e-05  -7.6680253e-06  -5.8634037e-06  -4.0822524e-06  -3.5861522e-06  -2.6419677e-06  -2.0926025e-06  -1.3440086e-06  -1.0660608e-06  -8.4825336e-07  -4.7327566e-07  -3.7284906e-07  -4.2358019e-07  -2.6672939e-07  -1.6127549e-07
   0.0000000e+00   0.0000000e+00  -3.1787928e-05  -3.4498949e-05  -2.8698953e-05  -2.2081062e-05  -2.0473764e-05  -1.7297285e-05  -1.1621025e-05  -7.7090290e-06  -5.4096558e-06  -4.3790719e-06  -3.1865450e-06  -2.7864726e-06  -2.0293837e-06  -1.3370193e-06  -1.2595414e-06  -7.9467571e-07  -4.7038699e-07  -7.0458663e-07  -2.3165424e-07  -8.3936790e-08  -3.0164551e-07
   0.0000000e+00   0.0000000e+00  -3.2335800e-05  -3.4453959e-05  -2.8312694e-05  -2.1926371e-05  -2.0740419e-05  -1.7167542e-05  -1.1591434e-05  -7.8406983e-06  -5.7360917e-06  -4.1323347e-06  -3.1969298e-06  -2.5540362e-06  -1.8291237e-06  -1.7312279e-06  -1.0258047e-06  -7.4557244e-07  -9.7523184e-07  -3.7824984e-07  -4.3502854e-07  -2.6874403e-07  -6.9329708e-08
   0.0000000e+00   0.0000000e+00  -3.2046642e-05  -3.4665649e-05  -2.8649276e-05  -2.1604968e-05  -2.0961174e-05  -1.7203090e-05  -1.1512479e-05  -7.9860056e-06  -5.4431239e-06  -4.4706489e-06  -3.0938238e-06  -2.4673548e-06  -1.9490496e-06  -1.4314797e-06  -9.7430973e-07  -1.1255062e-06  -6.4311922e-07  -6.1273113e-07  -3.5291470e-07  -3.5772661e-07  -1.4550841e-07
   0.0000000e+00   0.0000000e+00  -3.1991807e-05  -3.4278451e-05  -2.9044591e-05  -2.1696093e-05  -2.0544563e-05  -1.7398421e-05  -1.1836450e-05  -7.7038931e-06  -5.7723128e-06  -4.2145775e-06  -3.2135392e-06  -2.5173233e-06  -1.6190832e-06  -1.5482227e-06  -1.0835313e-06  -8.9500782e-07  -7.8319454e-07  -3.3898263e-07  -7.0609855e-07  -7.7449201e-08   3.0930423e-08
   0.0000000e+00   0.0000000e+00  -3.2020027e-05  -3.4536151e-05  -2.8278475e-05  -2.2096994e-05  -2.0564656e-05  -1.7335113e-05  -1.1607865e-05  -7.8303337e-06  -5.7239217e-06  -4.1644598e-06  -3.3077654e-06  -2.4436320e-06  -1.7932379e-06  -1.3797450e-06  -1.2073887e-06  -7.9200731e-07  -5.4160989e-07  -4.9902445e-07  -2.6771485e-07  -2.5272806e-07  -8.6954650e-08
   0.0000000e+00   0.0000000e+00  -3.2170403e-05  -3.4418987e-05  -2.8630091e-05  -2.1663345e-05  -2.1127795e-05  -1.6901558e-05  -1.1901546e-05  -7.7793802e-06  -5.7061839e-06  -4.1652547e-06  -3.1044831e-06  -2.3542177e-06  -2.0921777e-06  -1.3637057e-06  -1.1244731e-06  -6.4552557e-07  -6.6066917e-07  -5.2762499e-07  -9.0315787e-08  -1.9197947e-07  -1.5283443e-07
   0.0000000e+00   0.0000000e+00  -3.1936695e-05  -3.4478879e-05  -2.8566183e-05  -2.1783044e-05  -2.0533547e-05  -1.7537128e-05  -1.1423401e-05  -7.9790670e-06  -5.5814990e-06  -4.1431194e-06  -3.2399630e-06  -2.4551534e-06  -1.7742590e-06  -1.3985875e-06  -1.1229764e-06  -8.4865371e-07  -6.4970970e-07  -2.5236056e-07  -4.9093592e-07  -2.4028645e-07   1.2175192e-07
   0.0000000e+00   0.0000000e+00  -3.2149241e-05  -3.4075823e-05  -2.8993785e-05  -2.1507143e-05  -2.0800067e-05  -1.7136623e-05  -1.1835736e-05  -7.7088589e-06  -5.4868065e-06  -4.1796725e-06  -3.0985539e-06  -2.2640133e-06  -2.3093357e-06  -1.1462027e-06  -1.0762254e-06  -7.7133694e-07  -5.1434967e-07  -4.5721833e-07  -3.0906344e-07  -1.6101733e-07  -5.7394061e-08
   0.0000000e+00   0.0000000e+00  -3.1911713e-05  -3.4843197e-05  -2.8220449e-05  -2.2077942e-05  -2.0458216e-05  -1.7428381e-05  -1.1536280e-05  -7.7589102e-06  -5.7291172e-06  -3.9561173e-06  -3.3555909e-06  -2.6100815e-06  -1.5315718e-06  -1.6406248e-06  -8.2815114e-07  -7.6013276e-07  -7.7363222e-07  -1.9878895e-07  -1.5396873e-07  -4.0925087e-07   1.8735133e-07
   0.0000000e+00   0.0000000e+00  -3.2166372e-05  -3.4400960e-05  -2.8525063e-05  -2.1727019e-05  -2.0902957e-05  -1.6974958e-05  -1.1770296e-05  -7.6714641e-06  -5.4264397e-06  -4.3129589e-06  -3.0825656e-06  -2.4883916e-06  -2.0368218e-06  -1.4748555e-06  -1.1151274e-06  -5.5800405e-07  -4.0028610e-07  -5.5380696e-07  -1.1925194e-07   1.4433604e-07  -2.7945285e-07
   0.0000000e+00   0.0000000e+00  -3.1928685e-05  -3.4440007e-05  -2.8934963e-05  -2.1501464e-05  -2.0725100e-05  -1.7231832e-05  -1.1380052e-05  -7.8753355e-06  -5.3963527e-06  -4.1400008e-06  -3.4048983e-06  -2.6597031e-06  -1.8657153e-06  -1.3958469e-06  -1.0328255e-06  -1.0346444e-06  -4.4796965e-07  -6.0662963e-08  -1.9588362e-07  -1.8533079e-07   1.9378876e-07
   0.0000000e+00   0.0000000e+00  -3.2387514e-05  -3.4321729e-05  -2.8851131e-05  -2.1957974e-05  -2.0564798e-05  -1.7224229e-05  -1.1747236e-05  -7.5209468e-06  -5.6336289e-06  -3.9886681e-06  -3.1592481e-06  -2.5068111e-06  -2.2038771e-06  -1.6155981e-06  -1.0015160e-06  -8.0895120e-07  -3.1872077e-07  -5.8083447e-07  -4.9476050e-08   6.1278762e-08  -1.2146979e-08
   0.0000000e+00   0.0000000e+00  -3.2008960e-05  -3.4783094e-05  -2.8499802e-05  -2.1922966e-05  -2.0766307e-05  -1.7283615e-05  -1.1234816e-05  -7.8028315e-06  -5.3578983e-06  -4.1974645e-06  -3.4103239e-06  -2.4750350e-06  -1.9800127e-06  -1.5822978e-06  -9.9707268e-07  -1.1127357e-06  -4.7559263e-07  -3.3475126e-07   2.8121095e-08  -9.9965732e-08  -1.3373221e-07
   0.0000000e+00   0.0000000e+00  -3.2053671e-05  -3.4570479e-05  -2.8828794e-05  -2.1892438e-05  -2.0772415e-05  -1.7019509e-05  -1.1884309e-05  -7.4052123e-06  -5.8198852e-06  -3.7864745e-06  -3.1324516e-06  -2.6589153e-06  -2.1351605e-06  -1.6062518e-06  -1.1895382e-06  -4.4859067e-07  -7.4210158e-07  -6.4157422e-07   5.1310089e-08   2.5789944e-08   2.0869776e-07
   0.0000000e+00   0.0000000e+00  -3.2119591e-05  -3.4596393e-05  -2.8815835e-05  -2.2068727e-05  -2.0720501e-05  -1.7258400e-05  -1.1416845e-05  -7.8044632e-06  -5.3132112e-06  -4.4709868e-06  -3.1452403e-06  -2.6942532e-06  -1.9141714e-06  -1.6157893e-06  -1.1537023e-06  -9.9523174e-07  -4.3246106e-07  -5.1050512e-07  -1.1366629e-07  -3.4603875e-09   1.1308050e-07
   0.0000000e+00   0.0000000e+00  -3.2343276e-05  -3.4365432e-05  -2.8995053e-05  -2.1896483e-05  -2.0956804e-05  -1.7266653e-05  -1.1533716e-05  -7.7325776e-06  -5.5637061e-06  -4.0096852e-06  -3.2366345e-06  -2.6723628e-06  -2.1793467e-06  -1.5930701e-06  -1.3019917e-06  -7.0370999e-07  -7.7599157e-07  -4.1501485e-07  -1.9285272e-07  -1.8689150e-07   2.3627918e-07
   0.0000000e+00   0.0000000e+00  -3.2102707e-05  -3.4913122e-05  -2.8402124e-05  -2.2321146e-05  -2.0828207e-05  -1.7099273e-05  -1.1542612e-05  -7.8549992e-06  -5.4976686e-06  -4.3122977e-06  -3.2314381e-06  -2.5942661e-06  -1.8718256e-06  -1.7304189e-06  -1.2143465e-06  -9.1767902e-07  -5.6958942e-07  -4.0813995e-07  -1.8619414e-07  -2.8357294e-07  -5.4715255e-08
   0.0000000e+00   0.0000000e+00  -3.1998112e-05  -3.4462028e-05  -2.9266608e-05  -2.1690199e-05  -2.1076647e-05  -1.7461251e-05  -1.1469616e-05  -7.4142881e-06  -5.7571160e-06  -3.9787606e-06  -3.2267612e-06  -2.6802104e-06  -1.9936667e-06  -1.4466833e-06  -1.1918584e-06  -8.4069569e-07  -4.0050875e-07  -3.5138700e-07  -2.5092726e-07  -2.3625799e-07   8.0798962e-08
   0.0000000e+00   0.0000000e+00  -3.2174066e-05  -3.4478613e-05  -2.8706021e-05  -2.2085482e-05  -2.0866190e-05  -1.7207636e-05  -1.1710596e-05  -7.6081296e-06  -5.5514133e-06  -4.3424334e-06  -3.0598451e-06  -2.6678956e-06  -1.9014566e-06  -1.5795658e-06  -1.0219529e-06  -8.1866239e-07  -4.9520986e-07  -4.0558430e-07  -1.3486273e-07  -2.5324292e-07  -5.1993815e-08
   0.0000000e+00   0.0000000e+00  -3.2381304e-05  -3.4622390e-05  -2.8821902e-05  -2.1952626e-05  -2.0924947e-05  -1.7009603e-05  -1.1663132e-05  -7.7737332e-06  -5.4854859e-06  -4.0289683e-06  -3.4064672e-06  -2.2830557e-06  -2.2142453e-06  -1.4441154e-06  -1.0661068e-06  -6.6752642e-07  -6.2252838e-07  -4.4371211e-07  -1.9799000e-07  -8.8733493e-08   4.1251177e-08
   0.0000000e+00   0.0000000e+00  -3.1903986e-05  -3.4645225e-05  -2.8659013e-05  -2.2277774e-05  -2.0727415e-05  -1.7382346e-05  -1.1389601e-05  -8.0615637e-06  -5.0288268e-06  -4.3864343e-06  -3.2019409e-06  -2.6707121e-06  -1.8305657e-06  -1.5188824e-06  -1.0394874e-06  -9.7347231e-07  -5.5149872e-07  -3.1773919e-07  -8.4232909e-08  -1.0287498e-07   9.3921688e-09
   0.0000000e+00   0.0000000e+00  -3.2187279e-05  -3.4695320e-05  -2.8785240e-05  -2.1711840e-05  -2.1086082e-05  -1.7169761e-05  -1.1622579e-05  -7.5897447e-06  -5.9590698e-06  -3.9286019e-06  -3.1049765e-06  -2.4039364e-06  -2.1352587e-06  -1.4900236e-06  -1.1444665e-06  -6.3342549e-07  -7.5773232e-07  -4.1425409e-07  -2.1750482e-07  -1.1395486e-07   2.3126162e-07
   0.0000000e+00   0.0000000e+00  -3.2103741e-05  -3.4459590e-05  -2.9043640e-05  -2.2051143e-05  -2.0637439e-05  -1.7498423e-05  -1.1540455e-05  -7.5839603e-06  -5.6824852e-06  -4.2238985e-06  -3.2286730e-06  -2.6475661e-06  -1.8774506e-06  -1.3730131e-06  -1.0640521e-06  -9.5850339e-07  -6.4453479e-07  -3.4571468e-07  -2.6870083e-07  -1.1984177e-07  -4.1963970e-09
   0.0000000e+00   0.0000000e+00  -3.2266304e-05  -3.4653218e-05  -2.8914079e-05  -2.1786736e-05  -2.1186192e-05  -1.6941032e-05  -1.1876288e-05  -7.7258592e-06  -5.6111589e-06  -4.0129480e-06  -3.4016327e-06  -2.7555338e-06  -2.0062528e-06  -1.4968598e-06  -1.0981324e-06  -6.2336244e-07  -7.3059522e-07  -3.5548484e-07  -4.2606445e-07  -3.4659658e-07  -2.0622775e-08
   0.0000000e+00   0.0000000e+00  -3.1879801e-05  -3.4666289e-05  -2.8689423e-05  -2.2313709e-05  -2.0474392e-05  -1.7489569e-05  -1.1470845e-05  -7.7508521e-06  -5.4584152e-06  -4.3795553e-06  -3.1974942e-06  -2.7398778e-06  -2.2323429e-06  -1.4432218e-06  -1.2012556e-06  -7.5467034e-07  -4.3008748e-07  -3.7691632e-07  -3.6444538e-07  -4.0461927e-07  -1.5351809e-07
   0.0000000e+00   0.0000000e+00  -3.2305983e-05  -3.4513694e-05  -2.8867958e-05  -2.1840853e-05  -2.0935095e-05  -1.7359493e-05  -1.1527492e-05  -7.7537416e-06  -5.4122461e-06  -4.1272965e-06  -3.3725439e-06  -2.6816515e-06  -2.2461318e-06  -1.4936937e-06  -1.0039647e-06  -8.0896405e-07  -6.4209729e-07  -3.6437709e-07  -3.4482375e-07  -3.9722920e-07  -2.3209861e-07
   0.0000000e+00   0.0000000e+00  -3.2032098e-05  -3.4626442e-05  -2.8670531e-05  -2.2069058e-05  -2.0773599e-05  -1.6970125e-05  -1.1726433e-05  -7.5485273e-06  -5.4522957e-06  -4.3701261e-06  -3.0700237e-06  -2.7640938e-06  -2.0513164e-06  -1.6955453e-06  -1.0781661e-06  -5.5876779e-07  -5.3944279e-07  -6.8004465e-07  -6.0075297e-07  -2.5151081e-07  -3.3903049e-07
   0.0000000e+00   0.0000000e+00  -3.2078260e-05  -3.4531309e-05  -2.9009692e-05  -2.1577855e-05  -2.1053291e-05  -1.7235639e-05  -1.1495923e-05  -7.2541357e-06  -5.6495510e-06  -3.7794580e-06  -3.6601059e-06  -2.5047268e-06  -2.0922369e-06  -1.5311813e-06  -1.0168853e-06  -8.2960236e-07  -5.7635333e-07  -5.0944629e-07  -4.6735275e-07  -3.8199391e-07  -4.1537331e-07
   0.0000000e+00   0.0000000e+00  -3.2034764e-05  -3.4744779e-05  -2.8666806e-05  -2.2120570e-05  -2.0541200e-05  -1.7291210e-05  -1.1495013e-05  -7.7061923e-06  -5.2725609e-06  -4.1325366e-06  -3.0844435e-06  -2.7495880e-06  -2.0318951e-06  -1.5321154e-06  -1.1546422e-06  -8.0834445e-07  -4.5917221e-07  -4.2391702e-07  -4.3978667e-07  -2.8968219e-07  -2.0766957e-07
   0.0000000e+00   0.0000000e+00  -3.2288721e-05  -3.4336372e-05  -2.9076280e-05  -2.1937445e-05  -2.0845455e-05  -1.7157015e-05  -1.1413741e-05  -7.4637210e-06  -5.3293165e-06  -4.0077748e-06  -3.0723384e-06  -2.5986815e-06  -2.0581583e-06  -1.5181744e-06  -1.1501323e-06  -8.7171207e-07  -5.2834758e-07  -1.3102128e-07  -4.5411821e-07  -2.0321436e-07  -1.4475232e-08
   0.0000000e+00   0.0000000e+00  -3.2100310e-05  -3.4690915e-05  -2.8610244e-05  -2.2094406e-05  -2.0867528e-05  -1.7313323e-05  -1.1450301e-05  -7.5522471e-06  -5.1811726e-06  -4.0353466e-06  -3.0702561e-06  -2.3401890e-06  -2.1277688e-06  -1.3679838e-06  -1.1436620e-06  -7.6838023e-07  -6.3742351e-07  -3.6074891e-07  -1.6694365e-07  -1.8377591e-07  -1.1870571e-07
   0.0000000e+00   0.0000000e+00  -3.2124415e-05  -3.4633951e-05  -2.8797442e-05  -2.1934991e-05  -2.0967582e-05  -1.7019660e-05  -1.1862687e-05  -7.3460455e-06  -5.4727243e-06  -3.8448493e-06  -2.9613782e-06  -2.6226053e-06  -1.7886764e-06  -1.5246773e-06  -1.1101275e-06  -5.6245301e-07  -8.4733273e-07  -3.7348312e-07  -2.0700854e-07  -1.0124001e-07  -1.7085043e-07
   0.0000000e+00   0.0000000e+00  -3.1862888e-05  -3.4762361e-05  -2.8776602e-05  -2.1982816e-05  -2.0743539e-05  -1.7368546e-05  -1.1372282e-05  -7.6717033e-06  -5.4625998e-06  -3.8562098e-06  -3.3266970e-06  -2.4366088e-06  -1.7969628e-06  -1.2380862e-06  -1.1658822e-06  -8.0973916e-07  -5.9020761e-07  -4.5116067e-07  -4.4721685e-07  -1.4845412e-07  -6.3097197e-08
   0.0000000e+00   0.0000000e+00  -3.2251268e-05  -3.4299446e-05  -2.8939528e-05  -2.1885757e-05  -2.0711910e-05  -1.7354605e-05  -1.1709021e-05  -7.5593443e-06  -5.3864355e-06  -4.0201967e-06  -3.1246789e-06  -2.4982751e-06  -2.1428168e-06  -1.2210713e-06  -8.6989809e-07  -7.7596684e-07  -6.0293343e-07  -3.1957643e-07  -5.7761355e-07  -2.6825523e-07  -1.0192251e-07
   0.0000000e+00   0.0000000e+00  -3.2105567e-05  -3.4585912e-05  -2.8703107e-05  -2.1976264e-05  -2.0866089e-05  -1.7401278e-05  -1.1207901e-05  -7.8941430e-06  -5.2956102e-06  -4.1024191e-06  -3.1710069e-06  -2.5995400e-06  -1.8520692e-06  -1.4983693e-06  -6.9915126e-07  -8.2934088e-07  -4.9303844e-07  -2.9574448e-07  -4.7597601e-07  -3.9513094e-07  -1.6713193e-07
   0.0000000e+00   0.0000000e+00  -3.2182441e-05  -3.4594806e-05  -2.8788812e-05  -2.1943330e-05  -2.0913221e-05  -1.7133092e-05  -1.1777625e-05  -7.6881070e-06  -5.5401656e-06  -3.9609104e-06  -3.1058228e-06  -2.5130639e-06  -1.9953438e-06  -1.3208291e-06  -1.0251808e-06  -5.6721058e-07  -2.6015934e-07  -6.3075595e-07  -4.3848428e-07   4.4597822e-08  -4.3471178e-07
   0.0000000e+00   0.0000000e+00  -3.1946216e-05  -3.4704921e-05  -2.8784576e-05  -2.1912527e-05  -2.0678335e-05  -1.7451061e-05  -1.1643358e-05  -7.5588064e-06  -5.6432518e-06  -4.2312899e-06  -3.0767478e-06  -2.6934583e-06  -1.7545696e-06  -1.4320535e-06  -8.6351417e-07  -7.3198197e-07  -5.3393296e-07  -2.1506112e-07  -2.1483562e-07  -2.4821523e-07  -2.0860682e-07
   0.0000000e+00   0.0000000e+00  -3.2237738e-05  -3.4478107e-05  -2.8765944e-05  -2.1981728e-05  -2.0801304e-05  -1.7168522e-05  -1.1816477e-05  -7.7567529e-06  -5.5127143e-06  -4.1751209e-06  -3.1793438e-06  -2.4337548e-06  -2.0488194e-06  -1.4792262e-06  -7.2219751e-07  -7.1433823e-07  -4.8612316e-07  -4.2235220e-07  -3.3490664e-07  -7.2107715e-09  -2.0522467e-07
   0.0000000e+00   0.0000000e+00  -3.2127675e-05  -3.4681016e-05  -2.8655248e-05  -2.1979409e-05  -2.0782494e-05  -1.7298205e-05  -1.1520790e-05  -7.9516576e-06  -5.5439132e-06  -4.2011557e-06  -3.3604781e-06  -2.4916512e-06  -1.8431133e-06  -1.3895743e-06  -8.9923043e-07  -5.5412357e-07  -5.2399838e-07  -1.8503285e-07  -2.8971408e-07   6.1800719e-08  -3.1222896e-08
   0.0000000e+00   0.0000000e+00  -3.2224856e-05  -3.4360808e-05  -2.8848233e-05  -2.1730706e-05  -2.0803192e-05  -1.7229360e-05  -1.1652977e-05  -7.9426054e-06  -5.4774264e-06  -4.0708132e-06  -3.3738652e-06  -2.5751979e-06  -2.0422626e-06  -1.2433053e-06  -1.0080375e-06  -5.6693796e-07  -4.2149361e-07  -1.4251991e-07  -2.2596434e-07   1.7801359e-07   7.2554003e-09
