   0.0000000e+00   0.0000000e+00  -1.5466467e-05  -2.0981011e-05  -2.0312327e-05  -1.7207291e-05  -1.7260072e-05  -1.4740845e-05  -1.0022987e-05  -6.6487501e-06  -5.0609592e-06  -3.7512814e-06  -2.7399217e-06  -2.3848916e-06  -1.6625531e-06  -1.4117511e-06  -9.0701735e-07  -4.3719510e-07  -4.7852342e-07  -2.2622636e-07  -1.2040330e-07  -5.9384146e-08   2.0932827e-09
   0.0000000e+00   0.0000000e+00  -1.5366755e-05  -2.0818863e-05  -2.0411426e-05  -1.7300015e-05  -1.7341570e-05  -1.4502965e-05  -1.0222447e-05  -6.5654244e-06  -4.9511618e-06  -3.6897657e-06  -2.9167684e-06  -2.3812624e-06  -1.7929520e-06  -1.0239883e-06  -1.2563369e-06  -3.9090770e-07  -6.1518500e-07  -1.4284809e-07  -1.4184310e-07  -1.3642988e-07  -3.2875867e-08
   0.0000000e+00   0.0000000e+00  -1.5338588e-05  -2.0998648e-05  -2.0171332e-05  -1.7283804e-05  -1.7392989e-05  -1.4507928e-05  -9.8836827e-06  -7.0337005e-06  -4.8808465e-06  -3.6569365e-06  -2.8968368e-06  -2.2005779e-06  -1.9225959e-06  -1.2817013e-06  -8.7278465e-07  -5.4913920e-07  -5.8816858e-07  -2.4043055e-07  -3.1517627e-07   4.2280049e-10   2.0941460e-08
   0.0000000e+00   0.0000000e+00  -1.5593645e-05  -2.0740530e-05  -2.0462545e-05  -1.7206223e-05  -1.7352824e-05  -1.4725288e-05  -9.8408209e-06  -6.6709595e-06  -4.8873353e-06  -3.8491535e-06  -2.9951436e-06  -2.2403244e-06  -1.9211966e-06  -1.1473589e-06  -9.8705675e-07  -6.3699946e-07  -6.3144677e-07  -9.8089153e-08  -2.8185093e-07  -2.2240719e-07  -4.2052065e-08
   0.0000000e+00   0.0000000e+00  -1.5470079e-05  -2.0910955e-05  -2.0335852e-05  -1.7191136e-05  -1.7344384e-05  -1.4751914e-05  -1.0009768e-05  -6.7323422e-06  -4.9121072e-06  -3.6487509e-06  -2.9122286e-06  -2.2439206e-06  -1.9331333e-06  -1.3876894e-06  -8.5384977e-07  -6.1761330e-07  -5.5014044e-07  -4.4125389e-07  -2.5970101e-07  -4.9354503e-09  -6.7373350e-08
   0.0000000e+00   0.0000000e+00  -1.5419448e-05  -2.0842981e-05  -2.0389069e-05  -1.7292148e-05  -1.7230965e-05  -1.4429073e-05  -1.0092447e-05  -6.6453845e-06  -5.0163812e-06  -3.7525003e-06  -3.0184397e-06  -2.4156109e-06  -1.5543801e-06  -1.3794072e-06  -1.0727176e-06  -5.6538101e-07  -5.6407163e-07  -3.3191779e-07  -2.8434525e-07  -1.4611062e-07  -2.4277972e-07
   0.0000000e+00   0.0000000e+00  -1.5323481e-05  -2.0959631e-05  -2.0356303e-05  -1.7260889e-05  -1.7602897e-05  -1.4586917e-05  -9.9461631e-06  -6.7863148e-06  -4.6889372e-06  -3.6913691e-06  -2.8350676e-06  -2.5093748e-06  -1.7876534e-06  -1.4383847e-06  -7.9763754e-07  -7.7725059e-07  -3.7113222e-07  -5.5839394e-07  -2.7806027e-07  -1.8341403e-08  -1.3769242e-07
   0.0000000e+00   0.0000000e+00  -1.5490692e-05  -2.0784419e-05  -2.0357860e-05  -1.7202396e-05  -1.7274575e-05  -1.4792139e-05  -9.8497876e-06  -6.7562896e-06  -4.9789496e-06  -3.7504021e-06  -2.8855961e-06  -2.2287477e-06  -1.8466507e-06  -1.3275805e-06  -8.9050553e-07  -8.5332903e-07  -3.7296763e-07  -3.4688580e-07  -3.5506062e-07  -9.2744045e-08   1.4262941e-08
   0.0000000e+00   0.0000000e+00  -1.5504385e-05  -2.0849960e-05  -2.0243750e-05  -1.7474811e-05  -1.7174028e-05  -1.4679455e-05  -1.0000672e-05  -6.6417438e-06  -4.7673548e-06  -3.6611493e-06  -2.7697731e-06  -2.4536901e-06  -1.8670761e-06  -1.2699644e-06  -8.1157498e-07  -8.0331802e-07  -5.5256368e-07  -1.9285999e-07  -2.8232748e-07  -5.3884222e-08  -1.7660902e-07
   0.0000000e+00   0.0000000e+00  -1.5440890e-05  -2.0944444e-05  -2.0337977e-05  -1.7147657e-05  -1.7548704e-05  -1.4499989e-05  -1.0035380e-05  -6.8415688e-06  -4.8291017e-06  -3.5457240e-06  -3.0281401e-06  -2.0648858e-06  -1.8112160e-06  -1.4021289e-06  -9.8294595e-07  -6.2631727e-07  -4.8633416e-07  -4.5846667e-07  -2.2158160e-07   9.2980263e-09   2.3991102e-08
   0.0000000e+00   0.0000000e+00  -1.5306985e-05  -2.0786470e-05  -2.0470570e-05  -1.7196953e-05  -1.7310485e-05  -1.4631371e-05  -1.0036816e-05  -6.4083988e-06  -5.0272652e-06  -3.6905130e-06  -2.6942303e-06  -2.3717923e-06  -1.7290058e-06  -1.2205941e-06  -1.1291638e-06  -6.2831157e-07  -6.1016988e-07  -3.9899192e-07  -2.1022377e-07  -2.5233530e-07   3.4733144e-08
   0.0000000e+00   0.0000000e+00  -1.5473010e-05  -2.0823531e-05  -2.0405769e-05  -1.7109474e-05  -1.7470631e-05  -1.4731856e-05  -9.8302698e-06  -6.9394659e-06  -4.7278654e-06  -3.6657350e-06  -2.7321721e-06  -2.3343464e-06  -1.8265220e-06  -1.1981176e-06  -1.0064024e-06  -7.0262263e-07  -7.5632039e-07  -3.3962866e-07  -3.2589992e-07  -2.2096434e-07  -8.2717442e-08
   0.0000000e+00   0.0000000e+00  -1.5516614e-05  -2.0840866e-05  -2.0231695e-05  -1.7361908e-05  -1.7122133e-05  -1.4627871e-05  -9.8801429e-06  -6.8213549e-06  -4.8121924e-06  -3.7663735e-06  -2.9836233e-06  -2.1391038e-06  -1.7511003e-06  -1.3125589e-06  -1.0167815e-06  -7.1977246e-07  -4.9181278e-07  -5.1364395e-07  -2.8712560e-07  -2.8624353e-07   3.3631540e-08
   0.0000000e+00   0.0000000e+00  -1.5361618e-05  -2.1107617e-05  -2.0176620e-05  -1.7373128e-05  -1.7410821e-05  -1.4517234e-05  -9.9518529e-06  -6.7287965e-06  -4.7581730e-06  -3.5542969e-06  -2.9621226e-06  -2.3570947e-06  -1.8076901e-06  -1.3681115e-06  -8.0915464e-07  -7.7696001e-07  -6.2729373e-07  -4.0158005e-07  -2.7173786e-07  -2.6251456e-07  -7.9380129e-08
   0.0000000e+00   0.0000000e+00  -1.5277823e-05  -2.0763851e-05  -2.0465322e-05  -1.7169359e-05  -1.7295391e-05  -1.4510265e-05  -9.9881972e-06  -6.6024368e-06  -5.1573361e-06  -3.6396891e-06  -2.8033501e-06  -2.3336127e-06  -1.8223323e-06  -1.2973901e-06  -9.5496432e-07  -8.1979255e-07  -4.3198025e-07  -4.8598685e-07  -2.0383867e-07  -2.7162983e-07  -1.8241496e-07
   0.0000000e+00   0.0000000e+00  -1.5642825e-05  -2.0723915e-05  -2.0462461e-05  -1.7123140e-05  -1.7293138e-05  -1.4684528e-05  -9.9840545e-06  -6.3392522e-06  -4.9361611e-06  -3.6341894e-06  -2.8687487e-06  -2.3898904e-06  -1.6901612e-06  -1.5408101e-06  -9.6676752e-07  -6.1638389e-07  -4.6302281e-07  -5.7261150e-07  -4.0104504e-07   1.4911643e-08  -8.1242277e-08
   0.0000000e+00   0.0000000e+00  -1.5418993e-05  -2.1011236e-05  -2.0256954e-05  -1.7366754e-05  -1.7213208e-05  -1.4449392e-05  -9.8941800e-06  -6.8880331e-06  -4.6436257e-06  -3.8108901e-06  -2.9025482e-06  -2.2598545e-06  -1.8424080e-06  -1.2637502e-06  -1.0650065e-06  -8.6510329e-07  -6.0274107e-07  -4.5732494e-07  -6.2755099e-09  -4.5859466e-07  -9.4174972e-08
   0.0000000e+00   0.0000000e+00  -1.5402140e-05  -2.0962585e-05  -2.0330583e-05  -1.7208613e-05  -1.7344528e-05  -1.4524452e-05  -9.7482252e-06  -6.8537547e-06  -4.8171964e-06  -3.5159342e-06  -2.7517162e-06  -2.4122428e-06  -1.9245942e-06  -1.3138624e-06  -1.0121873e-06  -6.4138004e-07  -8.0933455e-07  -4.2540299e-07  -3.1237963e-07  -1.7255606e-07  -6.1531611e-09
   0.0000000e+00   0.0000000e+00  -1.5395450e-05  -2.0953921e-05  -2.0323780e-05  -1.7186836e-05  -1.7442107e-05  -1.4487789e-05  -9.8282735e-06  -6.3674720e-06  -4.9812261e-06  -3.6860035e-06  -3.0094272e-06  -2.1842588e-06  -1.7746366e-06  -1.2049037e-06  -1.1437352e-06  -8.8530652e-07  -5.9429578e-07  -4.3366663e-07  -2.9398515e-07  -4.0506609e-07   6.8058199e-08
   0.0000000e+00   0.0000000e+00  -1.5666488e-05  -2.0638083e-05  -2.0553336e-05  -1.7207965e-05  -1.7164279e-05  -1.4508771e-05  -1.0120773e-05  -6.4823412e-06  -4.8972988e-06  -3.5129692e-06  -2.6791747e-06  -2.4154147e-06  -1.7912172e-06  -1.3918961e-06  -9.7520854e-07  -6.2734580e-07  -7.1348569e-07  -6.4925376e-07  -2.6056952e-07  -3.4248816e-07   5.2418820e-08
   0.0000000e+00   0.0000000e+00  -1.5409678e-05  -2.1112175e-05  -2.0219284e-05  -1.7361810e-05  -1.7251483e-05  -1.4475817e-05  -9.8147575e-06  -6.5985255e-06  -4.7715312e-06  -3.6431088e-06  -3.0614631e-06  -2.1974884e-06  -1.7127844e-06  -1.2831277e-06  -9.5224573e-07  -7.7248529e-07  -6.4445783e-07  -5.5971458e-07  -3.0271664e-07  -3.5871085e-07  -2.5619192e-07
   0.0000000e+00   0.0000000e+00  -1.5281828e-05  -2.1033777e-05  -2.0329557e-05  -1.7267354e-05  -1.7350783e-05  -1.4672762e-05  -9.7488537e-06  -6.7005180e-06  -4.6944024e-06  -3.7028540e-06  -2.7402361e-06  -2.3160937e-06  -1.8474694e-06  -1.3220780e-06  -9.4564632e-07  -7.6275677e-07  -4.2111824e-07  -6.2412931e-07  -5.6731574e-07  -9.6408975e-08  -8.8843471e-08
   0.0000000e+00   0.0000000e+00  -1.5596208e-05  -2.0783531e-05  -2.0424999e-05  -1.7218406e-05  -1.7279495e-05  -1.4496883e-05  -9.8218325e-06  -6.8529453e-06  -4.7131275e-06  -3.7333448e-06  -2.7533536e-06  -2.3440707e-06  -1.9008070e-06  -1.1948274e-06  -8.4541682e-07  -1.0917529e-06  -4.4010076e-07  -4.5349293e-07  -3.2299505e-07  -3.8311083e-07  -1.9916254e-07
   0.0000000e+00   0.0000000e+00  -1.5522128e-05  -2.0799056e-05  -2.0443778e-05  -1.7179023e-05  -1.7489419e-05  -1.4490557e-05  -9.9636336e-06  -6.4147011e-06  -4.9715395e-06  -3.5780154e-06  -2.9706005e-06  -2.2610370e-06  -1.7213414e-06  -1.5477804e-06  -8.2879887e-07  -7.4767257e-07  -6.2478432e-07  -5.6483242e-07  -4.1403482e-07  -5.0918054e-08  -1.2402457e-07
   0.0000000e+00   0.0000000e+00  -1.5318219e-05  -2.0979009e-05  -2.0288006e-05  -1.7292516e-05  -1.7271532e-05  -1.4608623e-05  -1.0025309e-05  -6.5805734e-06  -4.8984552e-06  -3.6039132e-06  -2.9717355e-06  -2.3814396e-06  -1.7455110e-06  -1.3286773e-06  -1.0871440e-06  -7.1094195e-07  -6.1044153e-07  -4.8889831e-07  -3.1237141e-07  -1.4596083e-07  -1.7920829e-07
   0.0000000e+00   0.0000000e+00  -1.5473428e-05  -2.1053102e-05  -2.0314936e-05  -1.7204067e-05  -1.7235758e-05  -1.4566747e-05  -9.8880964e-06  -6.8074505e-06  -4.8147581e-06  -3.6833515e-06  -2.8004954e-06  -2.4192734e-06  -1.9235915e-06  -1.3385870e-06  -9.6928034e-07  -7.9696258e-07  -6.4819466e-07  -4.1572625e-07  -2.4568141e-07  -2.9310482e-07   6.5469614e-08
   0.0000000e+00   0.0000000e+00  -1.5503720e-05  -2.0710249e-05  -2.0424406e-05  -1.7441344e-05  -1.7188975e-05  -1.4592722e-05  -9.9225445e-06  -6.5947720e-06  -4.8169022e-06  -3.9063411e-06  -2.8150610e-06  -2.3726604e-06  -1.9632378e-06  -1.2311144e-06  -1.2070035e-06  -7.8826019e-07  -5.4219788e-07  -3.4488659e-07  -4.3709130e-07  -7.3881466e-08   3.4925346e-08
   0.0000000e+00   0.0000000e+00  -1.5554979e-05  -2.0791813e-05  -2.0379275e-05  -1.7094773e-05  -1.7554577e-05  -1.4553645e-05  -9.8026994e-06  -6.8537674e-06  -4.7536760e-06  -3.6148792e-06  -2.9274852e-06  -2.3418995e-06  -1.9646088e-06  -1.3829780e-06  -1.0795549e-06  -6.8192116e-07  -8.2860214e-07  -3.4942192e-07  -2.2735452e-07  -2.7501227e-07   1.6464335e-09
   0.0000000e+00   0.0000000e+00  -1.5291269e-05  -2.1095007e-05  -2.0271549e-05  -1.7255834e-05  -1.7202685e-05  -1.4519436e-05  -1.0062752e-05  -6.4363394e-06  -5.0663848e-06  -3.4947391e-06  -2.8929926e-06  -2.4515693e-06  -1.7290871e-06  -1.4485996e-06  -1.0504958e-06  -7.6365382e-07  -6.6001655e-07  -5.3000019e-07  -2.2561650e-07  -1.9436743e-07  -2.4362140e-07
   0.0000000e+00   0.0000000e+00  -1.5391441e-05  -2.1046548e-05  -2.0377731e-05  -1.7183562e-05  -1.7358578e-05  -1.4553673e-05  -9.9580993e-06  -6.6222424e-06  -4.8529250e-06  -3.4703314e-06  -3.0510043e-06  -2.1982403e-06  -1.8700687e-06  -1.4479491e-06  -1.0476141e-06  -6.7308650e-07  -6.0844002e-07  -4.4733360e-07  -4.8031603e-07  -1.7377219e-07  -4.4255852e-08
   0.0000000e+00   0.0000000e+00  -1.5616604e-05  -2.0552709e-05  -2.0487169e-05  -1.7361255e-05  -1.7173832e-05  -1.4560490e-05  -9.8591108e-06  -6.7086253e-06  -4.6969390e-06  -3.8785979e-06  -2.7096376e-06  -2.3105208e-06  -1.9907761e-06  -1.2360680e-06  -9.4266818e-07  -8.9519347e-07  -4.8278997e-07  -3.9175816e-07  -3.9891563e-07  -1.3991118e-07  -3.2923708e-07
   0.0000000e+00   0.0000000e+00  -1.5442187e-05  -2.0963782e-05  -2.0328645e-05  -1.7211250e-05  -1.7458487e-05  -1.4571477e-05  -9.7567754e-06  -6.8196373e-06  -4.6859927e-06  -3.5985204e-06  -2.8103502e-06  -2.3535483e-06  -1.8671265e-06  -1.5053909e-06  -7.8575397e-07  -7.6981354e-07  -5.5806760e-07  -3.7626353e-07  -3.5307943e-07  -1.9315657e-07  -5.0464351e-08
   0.0000000e+00   0.0000000e+00  -1.5401458e-05  -2.1073138e-05  -2.0261929e-05  -1.7210350e-05  -1.7342607e-05  -1.4474929e-05  -9.9772897e-06  -6.5992785e-06  -4.8697034e-06  -3.7943314e-06  -2.8041229e-06  -2.4169915e-06  -1.6708465e-06  -1.3803811e-06  -1.1662689e-06  -6.4329532e-07  -4.5968341e-07  -4.8190304e-07  -3.1067074e-07  -1.7807788e-07  -2.0567720e-07
   0.0000000e+00   0.0000000e+00  -1.5394085e-05  -2.0940615e-05  -2.0402080e-05  -1.7348437e-05  -1.7215896e-05  -1.4613824e-05  -9.9224517e-06  -6.5685967e-06  -4.9695736e-06  -3.4536924e-06  -2.9106943e-06  -2.5336572e-06  -1.8299513e-06  -1.4180324e-06  -9.1826524e-07  -7.1468202e-07  -7.6845140e-07  -2.4420237e-07  -4.5489008e-07  -1.5948189e-07  -7.9292462e-08
   0.0000000e+00   0.0000000e+00  -1.5511159e-05  -2.0756808e-05  -2.0516874e-05  -1.7306573e-05  -1.7300026e-05  -1.4482327e-05  -1.0020901e-05  -6.5731901e-06  -4.9529567e-06  -3.8495673e-06  -2.8514680e-06  -2.2954205e-06  -1.9519744e-06  -1.4291589e-06  -9.6823942e-07  -8.9316336e-07  -6.1298226e-07  -3.4115428e-07  -3.3257970e-07  -3.1345417e-07  -1.1041433e-07
   0.0000000e+00   0.0000000e+00  -1.5545504e-05  -2.0883306e-05  -2.0415338e-05  -1.7169707e-05  -1.7385371e-05  -1.4719500e-05  -9.7120455e-06  -6.8600548e-06  -4.7130111e-06  -3.6944371e-06  -3.0635958e-06  -2.1305966e-06  -2.1077979e-06  -1.3803550e-06  -1.1985987e-06  -5.7360637e-07  -6.3211183e-07  -5.1352237e-07  -4.6033969e-07  -6.6699890e-08  -1.5007856e-07
   0.0000000e+00   0.0000000e+00  -1.5407433e-05  -2.1068032e-05  -2.0236128e-05  -1.7308730e-05  -1.7501048e-05  -1.4395201e-05  -9.9183271e-06  -6.8036657e-06  -4.8188549e-06  -3.6979197e-06  -2.9409080e-06  -2.5420106e-06  -1.8055141e-06  -1.3462662e-06  -1.1298846e-06  -8.7953600e-07  -6.3928695e-07  -3.5700995e-07  -2.7820843e-07  -1.1496745e-07  -4.2479618e-07
   0.0000000e+00   0.0000000e+00  -1.5459067e-05  -2.0918842e-05  -2.0415893e-05  -1.7337878e-05  -1.7200311e-05  -1.4604080e-05  -1.0073652e-05  -6.5062936e-06  -5.0519911e-06  -3.6169326e-06  -2.7455703e-06  -2.4126493e-06  -2.0077875e-06  -1.4488471e-06  -1.1175067e-06  -7.5583438e-07  -5.7741988e-07  -5.3593629e-07  -3.8331626e-07  -7.8393306e-08   9.3585086e-09
   0.0000000e+00   0.0000000e+00  -1.5525522e-05  -2.0900849e-05  -2.0509184e-05  -1.7190627e-05  -1.7281815e-05  -1.4771577e-05  -9.9348990e-06  -6.4700894e-06  -4.9831388e-06  -3.7554385e-06  -2.9239982e-06  -2.3880636e-06  -1.7596057e-06  -1.5833600e-06  -1.0136615e-06  -9.5832434e-07  -6.8253593e-07  -2.7443758e-07  -4.3597717e-07  -2.3290690e-07  -1.4640769e-07
   0.0000000e+00   0.0000000e+00  -1.5335045e-05  -2.0966467e-05  -2.0307898e-05  -1.7225262e-05  -1.7476899e-05  -1.4409177e-05  -1.0032864e-05  -6.7895567e-06  -4.9030059e-06  -3.5867699e-06  -2.9162932e-06  -2.4834414e-06  -1.8048256e-06  -1.6328057e-06  -9.3390452e-07  -8.7723009e-07  -7.4556283e-07  -5.0179341e-07  -3.8973019e-07  -1.8431351e-07  -2.2725116e-07
   0.0000000e+00   0.0000000e+00  -1.5525145e-05  -2.0887126e-05  -2.0348169e-05  -1.7187809e-05  -1.7436123e-05  -1.4547431e-05  -9.7706916e-06  -6.8525665e-06  -4.7978638e-06  -3.7337347e-06  -2.9823793e-06  -2.3275027e-06  -1.8503853e-06  -1.5284829e-06  -1.1034938e-06  -8.0728461e-07  -6.1752257e-07  -5.3264779e-07  -4.2797890e-07  -2.3501896e-07  -1.8430120e-07
   0.0000000e+00   0.0000000e+00  -1.5573571e-05  -2.0908570e-05  -2.0337224e-05  -1.7391947e-05  -1.7102418e-05  -1.4703587e-05  -1.0109716e-05  -6.4922760e-06  -4.9179612e-06  -3.7822740e-06  -2.9129499e-06  -2.3669577e-06  -1.9911367e-06  -1.2593365e-06  -1.2219760e-06  -7.4215387e-07  -5.6548009e-07  -5.7136259e-07  -2.5227237e-07  -2.5508231e-07  -2.0438748e-07
   0.0000000e+00   0.0000000e+00  -1.5333015e-05  -2.0925469e-05  -2.0471352e-05  -1.7014672e-05  -1.7351771e-05  -1.4550138e-05  -9.9920571e-06  -6.6777161e-06  -4.9939135e-06  -3.6303113e-06  -2.8852551e-06  -2.4106218e-06  -1.9865026e-06  -1.3231304e-06  -1.1930555e-06  -6.8233419e-07  -6.4600431e-07  -4.1993295e-07  -3.8587876e-07  -1.2407148e-07  -1.8472950e-07
   0.0000000e+00   0.0000000e+00  -1.5399331e-05  -2.0804146e-05  -2.0324835e-05  -1.7284261e-05  -1.7353455e-05  -1.4514406e-05  -9.7079010e-06  -6.8113895e-06  -4.8871593e-06  -3.5308130e-06  -3.2336734e-06  -2.2632844e-06  -1.9010247e-06  -1.3302354e-06  -1.1055049e-06  -8.3992637e-07  -5.8119025e-07  -5.1274060e-07  -2.8816001e-07  -2.6671108e-07   2.6206681e-09
   0.0000000e+00   0.0000000e+00  -1.5455853e-05  -2.0969921e-05  -2.0184454e-05  -1.7295642e-05  -1.7261253e-05  -1.4548623e-05  -1.0009998e-05  -6.6162984e-06  -4.9510936e-06  -3.6994354e-06  -2.8244854e-06  -2.4326878e-06  -1.8828016e-06  -1.4856703e-06  -9.5300959e-07  -7.0509719e-07  -7.5870014e-07  -3.3163838e-07  -4.4253912e-07  -2.7980903e-07   1.1470711e-07
   0.0000000e+00   0.0000000e+00  -1.5516831e-05  -2.0795809e-05  -2.0469046e-05  -1.7125303e-05  -1.7132819e-05  -1.4664711e-05  -9.9151075e-06  -6.5591335e-06  -4.7372278e-06  -3.9783749e-06  -2.6387054e-06  -2.4409730e-06  -1.8921537e-06  -1.3487519e-06  -9.3169820e-07  -9.1869396e-07  -5.2497199e-07  -3.7558740e-07  -3.7922416e-07  -1.9862702e-07  -9.5423232e-08
   0.0000000e+00   0.0000000e+00  -1.5441772e-05  -2.0804166e-05  -2.0287851e-05  -1.7312828e-05  -1.7322545e-05  -1.4411697e-05  -9.9369427e-06  -6.6750372e-06  -4.7499670e-06  -3.6524946e-06  -2.8485231e-06  -2.3763396e-06  -1.6136916e-06  -1.3856420e-06  -1.0547699e-06  -7.9500137e-07  -4.0479958e-07  -5.2742786e-07  -3.8359502e-07  -2.1247047e-07   8.0974921e-08
   0.0000000e+00   0.0000000e+00  -1.5318687e-05  -2.0944432e-05  -2.0274694e-05  -1.7112032e-05  -1.7462680e-05  -1.4472729e-05  -9.8740720e-06  -6.8635463e-06  -4.6512387e-06  -3.4803579e-06  -2.8625063e-06  -2.3630864e-06  -1.7137514e-06  -1.2997451e-06  -8.7562046e-07  -8.0146253e-07  -5.4017733e-07  -5.1998546e-07  -2.5949709e-07  -2.0288152e-07  -3.1857581e-07
   0.0000000e+00   0.0000000e+00  -1.5447911e-05  -2.0877244e-05  -2.0443813e-05  -1.7201617e-05  -1.7160695e-05  -1.4718727e-05  -9.7834500e-06  -6.6272601e-06  -4.9598807e-06  -3.4968361e-06  -2.8642874e-06  -1.9380907e-06  -1.9766626e-06  -1.2754017e-06  -7.4236937e-07  -9.1611321e-07  -3.9859873e-07  -5.0236082e-07  -3.2526253e-07  -1.8127889e-07  -1.7869047e-07
   0.0000000e+00   0.0000000e+00  -1.5474518e-05  -2.0924414e-05  -2.0264379e-05  -1.7369377e-05  -1.7290949e-05  -1.4538675e-05  -1.0121435e-05  -6.4632500e-06  -4.8981979e-06  -3.7297023e-06  -2.6374157e-06  -2.2284455e-06  -1.7950903e-06  -1.1743350e-06  -9.0246192e-07  -8.0394625e-07  -4.2506383e-07  -4.5422996e-07  -4.0638500e-07  -9.4677674e-08  -7.5338434e-08
   0.0000000e+00   0.0000000e+00  -1.5479660e-05  -2.0809975e-05  -2.0335900e-05  -1.7187360e-05  -1.7455210e-05  -1.4509391e-05  -9.9952977e-06  -6.8418608e-06  -4.6987216e-06  -3.5931341e-06  -2.8555739e-06  -2.2974584e-06  -1.7370396e-06  -1.1902218e-06  -1.0379360e-06  -6.2018523e-07  -5.8236697e-07  -4.3883367e-07  -1.8763699e-07  -3.1705000e-07  -1.4613902e-07
   0.0000000e+00   0.0000000e+00  -1.5499882e-05  -2.0951558e-05  -2.0387526e-05  -1.7267581e-05  -1.7248633e-05  -1.4739014e-05  -9.9131039e-06  -6.6773359e-06  -4.9077744e-06  -3.6818601e-06  -2.8491845e-06  -2.2978618e-06  -1.5322595e-06  -1.5339243e-06  -1.0774611e-06  -4.2271191e-07  -7.8008213e-07  -3.7815013e-07  -2.4483438e-07  -2.3293391e-07  -2.6953341e-08
   0.0000000e+00   0.0000000e+00  -1.5267362e-05  -2.0923750e-05  -2.0399308e-05  -1.7284065e-05  -1.7357668e-05  -1.4576883e-05  -9.9972358e-06  -6.7450610e-06  -4.8273923e-06  -3.7046111e-06  -2.8560878e-06  -2.3232337e-06  -1.8043099e-06  -1.2767417e-06  -1.0294826e-06  -6.5814163e-07  -7.6545825e-07  -3.3893386e-07  -3.1004990e-07  -3.5528757e-07   1.5456436e-07
   0.0000000e+00   0.0000000e+00  -1.5644358e-05  -2.0770141e-05  -2.0381523e-05  -1.7258229e-05  -1.7323502e-05  -1.4639522e-05  -9.9189810e-06  -6.7082619e-06  -4.9386754e-06  -3.6153247e-06  -2.8072645e-06  -2.4007911e-06  -1.9144666e-06  -1.3119563e-06  -9.0865530e-07  -7.7224047e-07  -6.7464896e-07  -3.3091771e-07  -5.0598908e-07  -2.9594781e-07  -2.6189996e-08
   0.0000000e+00   0.0000000e+00  -1.5432266e-05  -2.1020252e-05  -2.0278725e-05  -1.7262453e-05  -1.7519022e-05  -1.4460013e-05  -1.0028672e-05  -6.5961713e-06  -4.8510615e-06  -3.7131479e-06  -3.0857027e-06  -2.1142384e-06  -1.9371562e-06  -1.3352343e-06  -1.0951368e-06  -6.0241200e-07  -5.6130102e-07  -5.2065485e-07  -2.6882063e-07  -3.9169279e-07  -2.0019995e-07
   0.0000000e+00   0.0000000e+00  -1.5286781e-05  -2.0952330e-05  -2.0518362e-05  -1.7064835e-05  -1.7314202e-05  -1.4781739e-05  -9.8633927e-06  -6.6611437e-06  -4.9946725e-06  -3.4821367e-06  -3.0296148e-06  -2.4457540e-06  -1.8144765e-06  -1.3629168e-06  -1.0637303e-06  -6.5457891e-07  -4.8275194e-07  -6.1304837e-07  -8.5801766e-08  -2.3076417e-07  -4.2333238e-07
   0.0000000e+00   0.0000000e+00  -1.5632906e-05  -2.0670543e-05  -2.0326563e-05  -1.7537910e-05  -1.7103908e-05  -1.4553694e-05  -9.9462140e-06  -6.6479247e-06  -4.8276543e-06  -3.7795676e-06  -2.8308409e-06  -2.3260577e-06  -2.0975772e-06  -1.3555206e-06  -1.0444600e-06  -8.1139450e-07  -3.1769281e-07  -5.3137023e-07  -2.7000752e-07  -5.1844612e-08  -2.0310300e-07
   0.0000000e+00   0.0000000e+00  -1.5416610e-05  -2.1008780e-05  -2.0303025e-05  -1.7253033e-05  -1.7446961e-05  -1.4603365e-05  -9.8254141e-06  -6.6379721e-06  -4.8267593e-06  -3.7888615e-06  -2.8510751e-06  -2.4780202e-06  -1.7608367e-06  -1.5665865e-06  -9.6759925e-07  -9.1641937e-07  -4.9674998e-07  -2.1788885e-07  -5.0360211e-07   1.3055537e-08   2.6192328e-08
   0.0000000e+00   0.0000000e+00  -1.5399359e-05  -2.0972253e-05  -2.0339032e-05  -1.7105676e-05  -1.7446475e-05  -1.4481864e-05  -1.0035351e-05  -6.7243936e-06  -4.7179346e-06  -3.7002244e-06  -3.0409226e-06  -2.4183505e-06  -1.8424009e-06  -1.5045246e-06  -8.3265405e-07  -1.0326426e-06  -5.7467025e-07  -2.5149868e-07  -2.4786306e-07  -1.4753411e-07  -1.4909938e-07
   0.0000000e+00   0.0000000e+00  -1.5318461e-05  -2.0910522e-05  -2.0412512e-05  -1.7128885e-05  -1.7320413e-05  -1.4687721e-05  -9.6823360e-06  -6.6923526e-06  -4.9147025e-06  -3.6185502e-06  -2.9421210e-06  -2.4951335e-06  -1.7751744e-06  -1.6633242e-06  -1.0631748e-06  -4.9120990e-07  -8.2468318e-07  -3.3342940e-07  -1.5833548e-07  -2.1404303e-07   3.1322274e-09
   0.0000000e+00   0.0000000e+00  -1.5528001e-05  -2.0632875e-05  -2.0382560e-05  -1.7487098e-05  -1.7238712e-05  -1.4521829e-05  -1.0041740e-05  -6.4903165e-06  -4.8119405e-06  -3.7742416e-06  -2.9094545e-06  -2.4057547e-06  -1.9133299e-06  -1.2873297e-06  -1.2193018e-06  -7.4220219e-07  -4.5303420e-07  -5.6754095e-07  -2.3554227e-07   1.2398862e-08  -1.2024425e-07
   0.0000000e+00   0.0000000e+00  -1.5650889e-05  -2.0942405e-05  -2.0312451e-05  -1.7160259e-05  -1.7319624e-05  -1.4662355e-05  -9.8142646e-06  -6.8149320e-06  -4.6978707e-06  -3.6525623e-06  -2.9498028e-06  -2.3785394e-06  -2.0776217e-06  -1.2057517e-06  -1.0005066e-06  -8.1066503e-07  -5.1987990e-07  -3.3313927e-07  -3.4950875e-07  -1.9419878e-07   1.4781176e-07
   0.0000000e+00   0.0000000e+00  -1.5132540e-05  -2.1060257e-05  -2.0321366e-05  -1.7211150e-05  -1.7426704e-05  -1.4444144e-05  -9.9865620e-06  -6.5505574e-06  -4.6705482e-06  -3.8693543e-06  -2.9557330e-06  -2.2525451e-06  -2.0483969e-06  -1.2427448e-06  -1.0033681e-06  -7.4251057e-07  -5.1151329e-07  -3.3586272e-07  -1.7463834e-07  -1.9286341e-07  -1.8730428e-07
   0.0000000e+00   0.0000000e+00  -1.5583844e-05  -2.0832707e-05  -2.0321591e-05  -1.7199334e-05  -1.7448949e-05  -1.4620932e-05  -9.8635055e-06  -6.6954299e-06  -4.9021010e-06  -3.3606013e-06  -3.1416757e-06  -2.3957887e-06  -1.8186703e-06  -1.4737356e-06  -8.6748543e-07  -6.5418823e-07  -5.4808254e-07  -4.7215102e-07  -1.6520482e-07  -4.0816879e-08  -2.0912111e-07
   0.0000000e+00   0.0000000e+00  -1.5558260e-05  -2.0815229e-05  -2.0475347e-05  -1.7418633e-05  -1.6956348e-05  -1.4720701e-05  -9.8145410e-06  -6.5711815e-06  -5.1226357e-06  -3.6118454e-06  -2.7548760e-06  -2.7857693e-06  -1.6338412e-06  -1.4173668e-06  -9.7051827e-07  -6.5531844e-07  -6.2148143e-07  -2.8323709e-07  -3.5747510e-07  -1.7526072e-07  -1.4562698e-09
   0.0000000e+00   0.0000000e+00  -1.5334461e-05  -2.1053351e-05  -2.0410809e-05  -1.7194041e-05  -1.7558590e-05  -1.4445583e-05  -9.9728932e-06  -6.5651766e-06  -4.7030098e-06  -3.9004062e-06  -2.9375137e-06  -2.3047846e-06  -1.9920699e-06  -1.3896383e-06  -9.1638674e-07  -8.0591809e-07  -4.3822618e-07  -4.8723285e-07  -3.3514766e-07  -1.8814993e-07  -9.2471872e-08
   0.0000000e+00   0.0000000e+00  -1.5547099e-05  -2.0798254e-05  -2.0410340e-05  -1.7185685e-05  -1.7404458e-05  -1.4516636e-05  -1.0002144e-05  -6.6779075e-06  -4.7586846e-06  -3.8590092e-06  -2.9259786e-06  -2.4055348e-06  -1.7629696e-06  -1.5213421e-06  -8.1422996e-07  -7.5523405e-07  -5.8481601e-07  -4.6538358e-07  -2.8818863e-07  -1.4647965e-07  -2.1635822e-07
   0.0000000e+00   0.0000000e+00  -1.5449350e-05  -2.0984495e-05  -2.0481690e-05  -1.7303004e-05  -1.7304270e-05  -1.4445875e-05  -9.8491810e-06  -6.8549448e-06  -4.7324061e-06  -3.5341895e-06  -3.1446980e-06  -2.3967477e-06  -1.9433501e-06  -1.1983536e-06  -1.0594780e-06  -6.6778955e-07  -5.0103858e-07  -4.9729238e-07  -1.4806517e-07  -2.6186109e-07   1.6794068e-08
   0.0000000e+00   0.0000000e+00  -1.5489688e-05  -2.0975971e-05  -2.0277925e-05  -1.7448336e-05  -1.7317954e-05  -1.4757735e-05  -9.7024304e-06  -6.5251152e-06  -5.1886541e-06  -3.4897184e-06  -2.9092416e-06  -2.3544133e-06  -1.8767767e-06  -1.3843755e-06  -9.1699627e-07  -7.8891026e-07  -4.7311127e-07  -4.1107805e-07  -3.1972070e-07  -4.8554345e-08  -1.1459876e-07
   0.0000000e+00   0.0000000e+00  -1.5390300e-05  -2.0800611e-05  -2.0394904e-05  -1.7277216e-05  -1.7209688e-05  -1.4721509e-05  -9.9815134e-06  -6.4140027e-06  -4.9545115e-06  -3.7509310e-06  -2.7425810e-06  -2.3033203e-06  -1.9082877e-06  -1.2980244e-06  -9.4313339e-07  -7.4349862e-07  -6.0072682e-07  -2.5444106e-07  -3.1038059e-07  -1.2645084e-07  -1.1450944e-08
   0.0000000e+00   0.0000000e+00  -1.5330954e-05  -2.1038002e-05  -2.0398798e-05  -1.7170918e-05  -1.7542045e-05  -1.4306206e-05  -1.0006724e-05  -6.9434177e-06  -4.3610198e-06  -3.7667153e-06  -2.9807904e-06  -2.3413154e-06  -1.7005582e-06  -1.4315688e-06  -9.2001449e-07  -6.9872124e-07  -6.4178761e-07  -3.5640704e-07  -2.5038983e-07  -1.1956992e-07  -4.1388297e-08
   0.0000000e+00   0.0000000e+00  -1.5750396e-05  -2.0603107e-05  -2.0422212e-05  -1.7329012e-05  -1.7262879e-05  -1.4716685e-05  -9.9606632e-06  -6.5251497e-06  -5.0577141e-06  -3.5135320e-06  -2.8589734e-06  -2.3067078e-06  -1.7269714e-06  -1.4307828e-06  -1.0519079e-06  -6.5576774e-07  -5.1705763e-07  -4.8467371e-07  -4.5343219e-07   1.1041410e-08  -9.1246434e-08
   0.0000000e+00   0.0000000e+00  -1.5273243e-05  -2.1071981e-05  -2.0188474e-05  -1.7172146e-05  -1.7442073e-05  -1.4757667e-05  -9.7882912e-06  -6.7025444e-06  -4.7882718e-06  -3.7760303e-06  -2.6675857e-06  -2.4170220e-06  -1.8898180e-06  -1.2193176e-06  -1.0133683e-06  -7.7014363e-07  -5.8620770e-07  -4.1945813e-07  -2.1120881e-07  -2.9420562e-07  -2.1486183e-07
   0.0000000e+00   0.0000000e+00  -1.5246947e-05  -2.0866331e-05  -2.0352463e-05  -1.7308001e-05  -1.7270806e-05  -1.4467978e-05  -1.0198575e-05  -6.6445668e-06  -4.9227060e-06  -3.5901976e-06  -2.9385444e-06  -2.1410292e-06  -1.9502145e-06  -1.3380171e-06  -9.4205160e-07  -7.7213855e-07  -5.9730309e-07  -2.7536859e-07  -3.4735686e-07  -1.9003892e-07  -1.0542453e-07
   0.0000000e+00   0.0000000e+00  -1.5477695e-05  -2.0773958e-05  -2.0303081e-05  -1.7219327e-05  -1.7497572e-05  -1.4451236e-05  -1.0051174e-05  -6.8416884e-06  -4.7200215e-06  -3.6555969e-06  -3.0426786e-06  -2.2224128e-06  -1.7985475e-06  -1.3916555e-06  -8.8369330e-07  -8.1774033e-07  -5.5426892e-07  -4.3404501e-07  -3.7503963e-07  -1.8165089e-08  -1.3302034e-07
   0.0000000e+00   0.0000000e+00  -1.5521349e-05  -2.0823767e-05  -2.0261548e-05  -1.6972748e-05  -1.7483213e-05  -1.4773594e-05  -9.9314220e-06  -6.6924517e-06  -4.9445011e-06  -3.7912673e-06  -2.8205629e-06  -2.3619350e-06  -1.7673603e-06  -1.2543492e-06  -1.0547994e-06  -7.1951371e-07  -6.7997570e-07  -3.4690481e-07  -2.8226154e-07  -2.2162989e-07  -2.1759665e-07
   0.0000000e+00   0.0000000e+00  -1.5321557e-05  -2.0794456e-05  -2.0399140e-05  -1.7402774e-05  -1.6773753e-05  -1.4891930e-05  -1.0019791e-05  -6.6146108e-06  -5.2685900e-06  -3.6510969e-06  -2.7230967e-06  -2.4762851e-06  -1.7648234e-06  -1.3659633e-06  -9.1069558e-07  -6.3524305e-07  -5.6480036e-07  -5.5844248e-07  -3.7939881e-07  -1.3824420e-07  -4.8643244e-08
   0.0000000e+00   0.0000000e+00  -1.5381038e-05  -2.0788384e-05  -2.0222917e-05  -1.7262277e-05  -1.7617274e-05  -1.4305499e-05  -1.0034780e-05  -6.9049815e-06  -4.7091198e-06  -3.8556191e-06  -3.1174438e-06  -2.3538937e-06  -1.6284163e-06  -1.2897096e-06  -9.5474820e-07  -7.6467296e-07  -6.1553345e-07  -2.8888701e-07  -4.4467390e-07  -1.1991850e-07  -2.4277986e-07
   0.0000000e+00   0.0000000e+00  -1.5297632e-05  -2.0937476e-05  -2.0003385e-05  -1.7176473e-05  -1.7314360e-05  -1.4683480e-05  -1.0071961e-05  -6.7778442e-06  -4.9128007e-06  -3.8446747e-06  -2.8310892e-06  -2.3331836e-06  -1.9524898e-06  -1.3736840e-06  -7.9138704e-07  -6.3513176e-07  -6.2253997e-07  -4.6987273e-07  -2.3059384e-07  -2.7130739e-07  -4.4081297e-08
   0.0000000e+00   0.0000000e+00  -1.5640822e-05  -2.0700269e-05  -2.0628207e-05  -1.6845501e-05  -1.7417164e-05  -1.4515657e-05  -1.0008767e-05  -6.6884850e-06  -5.1457505e-06  -3.5849810e-06  -3.1207301e-06  -2.2709287e-06  -1.8660662e-06  -1.2394610e-06  -9.6129691e-07  -8.0005128e-07  -4.6878060e-07  -3.2008847e-07  -3.6264566e-07  -2.2401227e-07  -1.2140349e-07
   0.0000000e+00   0.0000000e+00  -1.5118147e-05  -2.0800044e-05  -2.0319363e-05  -1.7443888e-05  -1.7122928e-05  -1.4732880e-05  -1.0016942e-05  -6.7305555e-06  -4.7722388e-06  -3.8669154e-06  -2.8141330e-06  -2.4554499e-06  -1.8170554e-06  -1.1876396e-06  -1.1036050e-06  -7.1482367e-07  -4.2212741e-07  -6.4013847e-07  -2.3014211e-07  -4.6030607e-08  -2.5934537e-07
   0.0000000e+00   0.0000000e+00  -1.5589794e-05  -2.0756905e-05  -2.0002059e-05  -1.7298640e-05  -1.7339991e-05  -1.4600735e-05  -9.9848567e-06  -6.8151226e-06  -5.0414283e-06  -3.6592610e-06  -2.8610782e-06  -2.3033690e-06  -1.6769967e-06  -1.5251472e-06  -9.0978239e-07  -6.4239032e-07  -7.7697672e-07  -3.0122769e-07  -3.9090006e-07  -2.4939575e-07  -2.8294329e-08
   0.0000000e+00   0.0000000e+00  -1.5349817e-05  -2.0962847e-05  -2.0259662e-05  -1.7042003e-05  -1.7513443e-05  -1.4612979e-05  -9.8781475e-06  -6.9390935e-06  -4.7492717e-06  -3.9154806e-06  -2.7822407e-06  -2.2491843e-06  -1.8328620e-06  -1.2624791e-06  -8.6413996e-07  -9.7438738e-07  -4.9868129e-07  -5.0740090e-07  -2.4662742e-07  -2.9468245e-07  -1.3911347e-07
   0.0000000e+00   0.0000000e+00  -1.5322570e-05  -2.0635362e-05  -2.0607271e-05  -1.7102751e-05  -1.7189017e-05  -1.4760014e-05  -1.0135370e-05  -6.6909815e-06  -5.0231884e-06  -3.6756853e-06  -2.8528643e-06  -2.3281275e-06  -1.5634835e-06  -1.3888886e-06  -9.3562380e-07  -7.3936724e-07  -6.5756132e-07  -2.7238627e-07  -5.9664774e-07  -3.4116500e-08   2.1296383e-08
   0.0000000e+00   0.0000000e+00  -1.5344171e-05  -2.0876801e-05  -1.9964687e-05  -1.7453216e-05  -1.7188086e-05  -1.4719472e-05  -9.9403132e-06  -6.8016584e-06  -4.9719974e-06  -3.6670979e-06  -2.9238201e-06  -2.2292661e-06  -1.6972523e-06  -1.2266826e-06  -1.0618334e-06  -6.8935202e-07  -4.7767219e-07  -4.5759404e-07  -2.3648343e-07  -2.1826612e-07  -9.3088005e-08
   0.0000000e+00   0.0000000e+00  -1.5494514e-05  -2.0758462e-05  -2.0295525e-05  -1.7073846e-05  -1.7668812e-05  -1.4353866e-05  -1.0218982e-05  -6.7338478e-06  -4.9628711e-06  -3.6855131e-06  -2.7910314e-06  -2.1419166e-06  -1.8840086e-06  -1.2062986e-06  -1.0088543e-06  -5.8174442e-07  -5.6336489e-07  -5.0331477e-07  -7.5979898e-08  -1.8608011e-07  -1.8551673e-07
   0.0000000e+00   0.0000000e+00  -1.5287160e-05  -2.0843729e-05  -2.0209100e-05  -1.7223218e-05  -1.7142253e-05  -1.4890895e-05  -9.8012670e-06  -6.8916647e-06  -4.8932061e-06  -3.6734039e-06  -2.9092471e-06  -2.2453789e-06  -1.6157460e-06  -1.2493208e-06  -9.7467955e-07  -7.1787298e-07  -5.8460847e-07  -1.9145047e-07  -4.0394960e-07  -2.0468727e-07   1.0484023e-07
   0.0000000e+00   0.0000000e+00  -1.5482930e-05  -2.0480344e-05  -2.0603697e-05  -1.6974484e-05  -1.7406228e-05  -1.4512661e-05  -1.0175469e-05  -6.6734674e-06  -4.8014922e-06  -3.7163052e-06  -2.7670842e-06  -2.0749469e-06  -2.0916596e-06  -1.0310528e-06  -9.7280179e-07  -6.5456811e-07  -4.7661015e-07  -4.1494894e-07  -2.4871633e-07  -1.1966284e-07  -9.2381114e-08
   0.0000000e+00   0.0000000e+00  -1.5251646e-05  -2.1132715e-05  -1.9936040e-05  -1.7484943e-05  -1.7111510e-05  -1.4803019e-05  -9.8952660e-06  -6.7237688e-06  -5.0519584e-06  -3.5161877e-06  -2.9454065e-06  -2.3646110e-06  -1.3863813e-06  -1.5276771e-06  -7.5560149e-07  -6.6330250e-07  -6.8193725e-07  -1.5120087e-07  -1.5675211e-07  -3.9402843e-07   1.7620084e-07
   0.0000000e+00   0.0000000e+00  -1.5482470e-05  -2.0737529e-05  -2.0187541e-05  -1.7182037e-05  -1.7489094e-05  -1.4423822e-05  -1.0120169e-05  -6.6841403e-06  -4.7702156e-06  -3.8039720e-06  -2.7304620e-06  -2.2359282e-06  -1.8002759e-06  -1.3309511e-06  -1.0073614e-06  -4.9391736e-07  -3.6885598e-07  -5.3971206e-07  -1.4456930e-07   1.0135139e-07  -2.5702539e-07
   0.0000000e+00   0.0000000e+00  -1.5244581e-05  -2.0782090e-05  -2.0496534e-05  -1.6984850e-05  -1.7341086e-05  -1.4660722e-05  -9.7759930e-06  -6.8680652e-06  -4.7887402e-06  -3.6251267e-06  -2.9943456e-06  -2.3860148e-06  -1.6518094e-06  -1.2376184e-06  -9.1165793e-07  -8.9541572e-07  -4.1342764e-07  -1.2153026e-07  -2.1248422e-07  -2.1803766e-07   1.5992684e-07
   0.0000000e+00   0.0000000e+00  -1.5642319e-05  -2.0664189e-05  -2.0416850e-05  -1.7320886e-05  -1.7235543e-05  -1.4632344e-05  -1.0121750e-05  -6.5800855e-06  -4.9743735e-06  -3.5395392e-06  -2.7781639e-06  -2.2470324e-06  -1.9602828e-06  -1.4034165e-06  -8.5835825e-07  -6.9774882e-07  -3.1982918e-07  -5.6282897e-07  -8.0915420e-08   3.5792362e-09  -5.8052230e-08
   0.0000000e+00   0.0000000e+00  -1.5309954e-05  -2.1045980e-05  -2.0124369e-05  -1.7276279e-05  -1.7371442e-05  -1.4710167e-05  -9.6822096e-06  -6.8227650e-06  -4.7334643e-06  -3.7566901e-06  -3.0395902e-06  -2.2020524e-06  -1.7523671e-06  -1.3743058e-06  -8.6513558e-07  -9.6386987e-07  -4.1699582e-07  -2.8625320e-07  -4.3219508e-08  -1.5995029e-07  -1.7042068e-07
   0.0000000e+00   0.0000000e+00  -1.5364572e-05  -2.0859392e-05  -2.0391448e-05  -1.7235019e-05  -1.7377391e-05  -1.4476513e-05  -1.0262965e-05  -6.4378355e-06  -5.1324910e-06  -3.4052150e-06  -2.8171066e-06  -2.3569853e-06  -1.8778046e-06  -1.3989719e-06  -1.0844443e-06  -4.2359395e-07  -6.1510303e-07  -5.2752654e-07  -1.9580030e-08  -8.4238486e-08   1.2210364e-07
   0.0000000e+00   0.0000000e+00  -1.5400597e-05  -2.0888179e-05  -2.0371679e-05  -1.7382374e-05  -1.7296054e-05  -1.4684392e-05  -9.8571345e-06  -6.8054374e-06  -4.6726286e-06  -3.9467104e-06  -2.8278432e-06  -2.3801651e-06  -1.7167916e-06  -1.3930970e-06  -9.9036129e-07  -9.1377802e-07  -3.5005979e-07  -4.2462372e-07  -1.5028394e-07  -1.1405031e-07   1.8979243e-08
   0.0000000e+00   0.0000000e+00  -1.5607116e-05  -2.0684169e-05  -2.0531266e-05  -1.7209211e-05  -1.7474929e-05  -1.4670527e-05  -9.9672625e-06  -6.7350779e-06  -4.8969009e-06  -3.5373523e-06  -2.8635484e-06  -2.3649043e-06  -1.9258159e-06  -1.3516681e-06  -1.0802354e-06  -6.1922151e-07  -6.8081602e-07  -3.1883215e-07  -1.8151836e-07  -2.3911352e-07   1.9161089e-07
   0.0000000e+00   0.0000000e+00  -1.5392818e-05  -2.1152648e-05  -2.0029851e-05  -1.7562385e-05  -1.7339918e-05  -1.4519680e-05  -9.9475001e-06  -6.8658892e-06  -4.8287438e-06  -3.7775853e-06  -2.8917168e-06  -2.3240341e-06  -1.6780292e-06  -1.4925292e-06  -9.9979650e-07  -7.6093767e-07  -5.2584630e-07  -3.7048804e-07  -1.6382457e-07  -2.3750599e-07  -4.4596153e-08
   0.0000000e+00   0.0000000e+00  -1.5326807e-05  -2.0770627e-05  -2.0762851e-05  -1.7046352e-05  -1.7546472e-05  -1.4838392e-05  -9.8890187e-06  -6.4884689e-06  -5.0557192e-06  -3.4913687e-06  -2.8914214e-06  -2.3843761e-06  -1.8142332e-06  -1.2766060e-06  -1.0322228e-06  -7.2536648e-07  -4.1548537e-07  -3.7057313e-07  -2.2969199e-07  -1.8746817e-07   5.7049711e-08
   0.0000000e+00   0.0000000e+00  -1.5449017e-05  -2.0808242e-05  -2.0292166e-05  -1.7396940e-05  -1.7386737e-05  -1.4643053e-05  -1.0097816e-05  -6.6478751e-06  -4.8808133e-06  -3.8482622e-06  -2.7186886e-06  -2.3631253e-06  -1.7341520e-06  -1.4103214e-06  -8.9746499e-07  -7.0596354e-07  -4.9489415e-07  -3.7836949e-07  -1.1821546e-07  -2.3809478e-07  -1.4830787e-08
   0.0000000e+00   0.0000000e+00  -1.5647842e-05  -2.0909962e-05  -2.0413128e-05  -1.7289671e-05  -1.7436656e-05  -1.4499633e-05  -1.0054809e-05  -6.7646470e-06  -4.8576640e-06  -3.5874980e-06  -3.0035485e-06  -2.0444570e-06  -1.9942302e-06  -1.2540047e-06  -1.0073375e-06  -5.9386724e-07  -5.2273981e-07  -4.1415527e-07  -1.6408276e-07  -1.1807187e-07  -2.7781676e-08
   0.0000000e+00   0.0000000e+00  -1.5224133e-05  -2.0940006e-05  -2.0259393e-05  -1.7582972e-05  -1.7275222e-05  -1.4788883e-05  -9.8328373e-06  -7.0108576e-06  -4.4415247e-06  -3.9037463e-06  -2.8767101e-06  -2.3918521e-06  -1.6492132e-06  -1.3156064e-06  -9.1573486e-07  -8.6825162e-07  -4.5795875e-07  -2.8996683e-07  -1.5203796e-07  -1.6167209e-07  -3.9099035e-08
   0.0000000e+00   0.0000000e+00  -1.5484302e-05  -2.0949112e-05  -2.0372765e-05  -1.7091495e-05  -1.7610446e-05  -1.4583899e-05  -1.0029809e-05  -6.6065099e-06  -5.2148448e-06  -3.5026733e-06  -2.8031932e-06  -2.1915644e-06  -1.9252641e-06  -1.2996079e-06  -1.0520044e-06  -5.2711653e-07  -6.2982832e-07  -3.5709405e-07  -2.4090173e-07  -1.5184013e-07   1.8621073e-07
   0.0000000e+00   0.0000000e+00  -1.5395490e-05  -2.0766376e-05  -2.0536390e-05  -1.7400873e-05  -1.7205110e-05  -1.4883016e-05  -9.9298850e-06  -6.6158959e-06  -4.9667092e-06  -3.7444863e-06  -2.8715876e-06  -2.3566720e-06  -1.7496262e-06  -1.2581306e-06  -9.6115753e-07  -8.0116178e-07  -5.4016300e-07  -3.0516566e-07  -2.6303661e-07  -1.6906991e-07  -3.4817027e-08
   0.0000000e+00   0.0000000e+00  -1.5557136e-05  -2.0912112e-05  -2.0448302e-05  -1.7126898e-05  -1.7705510e-05  -1.4380313e-05  -1.0210950e-05  -6.7351748e-06  -4.8962975e-06  -3.5718474e-06  -2.9754710e-06  -2.3980224e-06  -1.7778628e-06  -1.3700603e-06  -1.0106206e-06  -5.5732880e-07  -6.6464867e-07  -3.1189279e-07  -3.3266105e-07  -2.5694604e-07   3.4498665e-08
   0.0000000e+00   0.0000000e+00  -1.5235127e-05  -2.0946600e-05  -2.0237099e-05  -1.7612223e-05  -1.7083217e-05  -1.4831582e-05  -9.8695054e-06  -6.7726837e-06  -4.7942744e-06  -3.8627777e-06  -2.8302586e-06  -2.3682817e-06  -1.9224253e-06  -1.2598156e-06  -1.0705916e-06  -7.0022264e-07  -4.5640320e-07  -3.7380778e-07  -3.0795309e-07  -3.0210833e-07  -7.2276400e-08
   0.0000000e+00   0.0000000e+00  -1.5590847e-05  -2.0833590e-05  -2.0419433e-05  -1.7203587e-05  -1.7499646e-05  -1.4719960e-05  -9.9160980e-06  -6.7767351e-06  -4.7992744e-06  -3.6369599e-06  -2.9806943e-06  -2.3410344e-06  -1.9467898e-06  -1.2961688e-06  -9.0509121e-07  -7.5264319e-07  -6.1019551e-07  -3.2876738e-07  -2.8761153e-07  -2.8899399e-07  -1.9515988e-07
   0.0000000e+00   0.0000000e+00  -1.5358761e-05  -2.0938929e-05  -2.0258085e-05  -1.7417273e-05  -1.7359789e-05  -1.4422595e-05  -1.0094985e-05  -6.6349926e-06  -4.8288944e-06  -3.8605276e-06  -2.6906457e-06  -2.4153110e-06  -1.7916345e-06  -1.4974763e-06  -1.0030791e-06  -5.2360161e-07  -5.1218700e-07  -5.7023260e-07  -4.1767683e-07  -1.3829558e-07  -2.4729405e-07
   0.0000000e+00   0.0000000e+00  -1.5399757e-05  -2.0831922e-05  -2.0563381e-05  -1.6994421e-05  -1.7600220e-05  -1.4656470e-05  -9.9038261e-06  -6.4014966e-06  -5.0375766e-06  -3.3111789e-06  -3.2282401e-06  -2.2073548e-06  -1.8082593e-06  -1.3878292e-06  -9.2364837e-07  -7.4515617e-07  -5.4106442e-07  -4.2155892e-07  -3.3057833e-07  -2.7013425e-07  -2.7554808e-07
   0.0000000e+00   0.0000000e+00  -1.5344011e-05  -2.1007658e-05  -2.0258636e-05  -1.7437413e-05  -1.7175293e-05  -1.4696690e-05  -9.9226199e-06  -6.8000650e-06  -4.6905675e-06  -3.6518429e-06  -2.7330811e-06  -2.4296608e-06  -1.7693988e-06  -1.3192869e-06  -1.0005305e-06  -7.4151825e-07  -4.5539565e-07  -3.9428917e-07  -3.5170757e-07  -1.9004565e-07  -1.4341163e-07
   0.0000000e+00   0.0000000e+00  -1.5579044e-05  -2.0634547e-05  -2.0599442e-05  -1.7257884e-05  -1.7392482e-05  -1.4585258e-05  -9.8575811e-06  -6.5771001e-06  -4.7745675e-06  -3.5809903e-06  -2.7767501e-06  -2.2962108e-06  -1.8003594e-06  -1.3256706e-06  -9.6505471e-07  -7.4389209e-07  -5.4062934e-07  -1.8155383e-07  -4.0969408e-07  -1.4445811e-07  -3.4067291e-08
   0.0000000e+00   0.0000000e+00  -1.5402757e-05  -2.0964202e-05  -2.0194640e-05  -1.7381113e-05  -1.7406786e-05  -1.4697797e-05  -9.8551400e-06  -6.6611688e-06  -4.6363734e-06  -3.6505262e-06  -2.7795943e-06  -2.0947109e-06  -1.8879733e-06  -1.2427317e-06  -1.0017760e-06  -6.2097979e-07  -5.9279438e-07  -3.7798139e-07  -1.6750580e-07  -1.7032745e-07  -9.4196395e-08
   0.0000000e+00   0.0000000e+00  -1.5474585e-05  -2.0894928e-05  -2.0396406e-05  -1.7245622e-05  -1.7506072e-05  -1.4437583e-05  -1.0201123e-05  -6.4419673e-06  -4.8617449e-06  -3.5181661e-06  -2.6676662e-06  -2.3673440e-06  -1.5968207e-06  -1.3781033e-06  -1.0020331e-06  -4.7453960e-07  -6.9891962e-07  -3.5672170e-07  -2.1577422e-07  -1.1948661e-07  -1.6612471e-07
   0.0000000e+00   0.0000000e+00  -1.5220612e-05  -2.1051970e-05  -2.0361966e-05  -1.7315626e-05  -1.7337376e-05  -1.4724321e-05  -9.7898737e-06  -6.6992839e-06  -4.8248617e-06  -3.4605241e-06  -2.9517694e-06  -2.1737542e-06  -1.6631597e-06  -1.1545602e-06  -1.0352450e-06  -7.2485335e-07  -4.8901819e-07  -3.3668476e-07  -3.7515929e-07  -1.4959654e-07  -7.4512847e-08
   0.0000000e+00   0.0000000e+00  -1.5571293e-05  -2.0644378e-05  -2.0520134e-05  -1.7235416e-05  -1.7335231e-05  -1.4696445e-05  -1.0085780e-05  -6.6279813e-06  -4.7765129e-06  -3.5901408e-06  -2.7405947e-06  -2.1941964e-06  -1.9348804e-06  -1.1339409e-06  -8.1416522e-07  -6.8519506e-07  -5.3286607e-07  -3.0225493e-07  -4.4309300e-07  -1.5783046e-07  -9.3817462e-08
   0.0000000e+00   0.0000000e+00  -1.5421025e-05  -2.0895526e-05  -2.0308999e-05  -1.7328306e-05  -1.7427003e-05  -1.4765619e-05  -9.6496724e-06  -6.9033995e-06  -4.7173630e-06  -3.6749957e-06  -2.8225832e-06  -2.2774516e-06  -1.6285129e-06  -1.3638457e-06  -6.9075645e-07  -7.8587800e-07  -4.6211437e-07  -2.7390746e-07  -3.5618288e-07  -2.5398114e-07  -1.0368106e-07
   0.0000000e+00   0.0000000e+00  -1.5481643e-05  -2.0888370e-05  -2.0376134e-05  -1.7282418e-05  -1.7500883e-05  -1.4519952e-05  -1.0128801e-05  -6.6944413e-06  -4.8654001e-06  -3.5596941e-06  -2.8103648e-06  -2.2291524e-06  -1.7585629e-06  -1.1987092e-06  -9.6257509e-07  -5.5574736e-07  -2.5126818e-07  -5.6659673e-07  -3.7683986e-07   9.2031357e-08  -3.4474292e-07
   0.0000000e+00   0.0000000e+00  -1.5276855e-05  -2.0974685e-05  -2.0370617e-05  -1.7266728e-05  -1.7265062e-05  -1.4819453e-05  -1.0008899e-05  -6.5897289e-06  -4.9364821e-06  -3.7236321e-06  -2.7561205e-06  -2.4338935e-06  -1.5554646e-06  -1.2704065e-06  -8.1745856e-07  -6.7373048e-07  -4.8769436e-07  -2.3047440e-07  -1.9447288e-07  -1.9924181e-07  -1.9914405e-07
   0.0000000e+00   0.0000000e+00  -1.5507510e-05  -2.0795500e-05  -2.0359947e-05  -1.7321085e-05  -1.7405768e-05  -1.4559841e-05  -1.0145030e-05  -6.7410492e-06  -4.8398001e-06  -3.6803704e-06  -2.8067627e-06  -2.1724034e-06  -1.8493914e-06  -1.3315084e-06  -6.5429037e-07  -6.7741547e-07  -4.2566688e-07  -3.4957290e-07  -2.6014030e-07   7.2311174e-10  -1.7065436e-07
   0.0000000e+00   0.0000000e+00  -1.5417079e-05  -2.0942311e-05  -2.0290099e-05  -1.7339473e-05  -1.7382014e-05  -1.4684104e-05  -9.8786122e-06  -6.9073435e-06  -4.8703027e-06  -3.7166105e-06  -2.9530202e-06  -2.2195225e-06  -1.6709005e-06  -1.2688199e-06  -8.5179715e-07  -5.4731106e-07  -4.6335853e-07  -1.4314422e-07  -2.9517571e-07  -7.4096360e-09  -5.8215214e-08
   0.0000000e+00   0.0000000e+00  -1.5499967e-05  -2.0689664e-05  -2.0447307e-05  -1.7146565e-05  -1.7427390e-05  -1.4636605e-05  -9.9767267e-06  -6.8750860e-06  -4.8253596e-06  -3.6165090e-06  -2.9636697e-06  -2.2629745e-06  -1.8188640e-06  -1.1271119e-06  -9.3222462e-07  -5.6077226e-07  -4.3634441e-07  -1.5892009e-07  -2.3217311e-07   7.5665014e-08  -3.8048128e-08
