   0.0000000e+00   0.0000000e+00  -8.2620554e-06  -1.2788407e-05  -1.3860065e-05  -1.2697899e-05  -1.3369127e-05  -1.1643399e-05  -8.0120590e-06  -5.3790527e-06  -4.1233943e-06  -3.0834819e-06  -2.2718934e-06  -1.9881520e-06  -1.3702363e-06  -1.1615849e-06  -7.5050150e-07  -3.7975795e-07  -4.1617903e-07  -2.0976566e-07  -1.3607814e-07  -7.9904872e-08  -8.9552641e-09
   0.0000000e+00   0.0000000e+00  -8.2008191e-06  -1.2655514e-05  -1.3935455e-05  -1.2769769e-05  -1.3435661e-05  -1.1457502e-05  -8.1799781e-06  -5.3174872e-06  -4.0318746e-06  -3.0400001e-06  -2.4162755e-06  -1.9665870e-06  -1.4920770e-06  -8.5513926e-07  -1.0300516e-06  -3.3801376e-07  -5.0893630e-07  -1.4705940e-07  -1.3211650e-07  -1.2698105e-07  -3.5626009e-08
   0.0000000e+00   0.0000000e+00  -8.1588450e-06  -1.2805104e-05  -1.3739481e-05  -1.2760278e-05  -1.3471271e-05  -1.1466961e-05  -7.9220172e-06  -5.6841131e-06  -3.9886550e-06  -2.9990492e-06  -2.3965672e-06  -1.8330658e-06  -1.5883471e-06  -1.0713395e-06  -7.3501252e-07  -4.7607972e-07  -4.8000754e-07  -2.0547664e-07  -2.6238388e-07  -2.4057094e-08   1.6283034e-08
   0.0000000e+00   0.0000000e+00  -8.3764999e-06  -1.2588906e-05  -1.3970370e-05  -1.2690578e-05  -1.3442511e-05  -1.1632032e-05  -7.8896046e-06  -5.4154621e-06  -3.9851170e-06  -3.1554405e-06  -2.4639610e-06  -1.8613059e-06  -1.5829420e-06  -9.6362055e-07  -8.2777296e-07  -5.3539361e-07  -5.1524853e-07  -9.1471726e-08  -2.4116912e-07  -1.9073266e-07  -5.4374251e-08
   0.0000000e+00   0.0000000e+00  -8.2646293e-06  -1.2734363e-05  -1.3863335e-05  -1.2677023e-05  -1.3427574e-05  -1.1649026e-05  -8.0207828e-06  -5.4640382e-06  -4.0131049e-06  -2.9909104e-06  -2.3971079e-06  -1.8621055e-06  -1.5964457e-06  -1.1457073e-06  -7.2265760e-07  -5.2491140e-07  -4.5204493e-07  -3.5980707e-07  -1.9700151e-07  -3.3806195e-08  -5.8149752e-08
   0.0000000e+00   0.0000000e+00  -8.2328997e-06  -1.2670416e-05  -1.3911180e-05  -1.2747977e-05  -1.3334985e-05  -1.1387398e-05  -8.0889886e-06  -5.3988824e-06  -4.0954428e-06  -3.0715564e-06  -2.4817696e-06  -1.9952570e-06  -1.2969030e-06  -1.1332539e-06  -8.9439203e-07  -4.8511828e-07  -4.6763773e-07  -2.6224063e-07  -2.2322646e-07  -1.2258479e-07  -2.0519128e-07
   0.0000000e+00   0.0000000e+00  -8.1625958e-06  -1.2764296e-05  -1.3877914e-05  -1.2729046e-05  -1.3613822e-05  -1.1514169e-05  -7.9635620e-06  -5.5132805e-06  -3.8434323e-06  -3.0382880e-06  -2.3277264e-06  -2.0688283e-06  -1.4708545e-06  -1.1835033e-06  -6.8251364e-07  -6.4898370e-07  -3.0683415e-07  -4.4320402e-07  -2.2379275e-07  -9.7173665e-09  -1.0941922e-07
   0.0000000e+00   0.0000000e+00  -8.2835850e-06  -1.2631281e-05  -1.3887407e-05  -1.2672788e-05  -1.3365127e-05  -1.1662555e-05  -7.8979219e-06  -5.4803113e-06  -4.0869290e-06  -3.0761323e-06  -2.3928710e-06  -1.8343209e-06  -1.5223247e-06  -1.0927699e-06  -7.4580822e-07  -7.1425973e-07  -3.1082413e-07  -2.8379080e-07  -2.7609764e-07  -1.0425699e-07   9.2247648e-10
   0.0000000e+00   0.0000000e+00  -8.3038558e-06  -1.2681452e-05  -1.3792377e-05  -1.2897754e-05  -1.3277560e-05  -1.1577408e-05  -8.0099335e-06  -5.3993181e-06  -3.8982807e-06  -3.0454353e-06  -2.2967818e-06  -2.0340267e-06  -1.5292065e-06  -1.0530703e-06  -6.8598263e-07  -6.6908950e-07  -4.6936020e-07  -1.5911792e-07  -2.5142782e-07  -6.4885974e-08  -1.6682520e-07
   0.0000000e+00   0.0000000e+00  -8.2545612e-06  -1.2753323e-05  -1.3874563e-05  -1.2633834e-05  -1.3579571e-05  -1.1434810e-05  -8.0322807e-06  -5.5488331e-06  -3.9632650e-06  -2.9309645e-06  -2.5283377e-06  -1.7284943e-06  -1.5017143e-06  -1.1524752e-06  -8.1466800e-07  -5.3506960e-07  -3.9858307e-07  -3.8614169e-07  -1.9332821e-07  -4.1982826e-08  -1.1433516e-09
   0.0000000e+00   0.0000000e+00  -8.1449289e-06  -1.2643535e-05  -1.3965082e-05  -1.2689057e-05  -1.3390010e-05  -1.1537286e-05  -8.0408427e-06  -5.2011696e-06  -4.1073108e-06  -3.0664967e-06  -2.2528322e-06  -1.9856730e-06  -1.4451809e-06  -1.0179383e-06  -9.2408226e-07  -5.1169297e-07  -4.8154470e-07  -3.2808373e-07  -1.7890120e-07  -2.1969673e-07   1.4232192e-08
   0.0000000e+00   0.0000000e+00  -8.2850647e-06  -1.2655092e-05  -1.3931480e-05  -1.2607236e-05  -1.3526549e-05  -1.1623661e-05  -7.8683652e-06  -5.6229037e-06  -3.8678218e-06  -3.0281544e-06  -2.2851250e-06  -1.9510721e-06  -1.5282112e-06  -1.0222915e-06  -8.2936197e-07  -5.6062345e-07  -5.9625040e-07  -2.6149564e-07  -2.6382091e-07  -1.5716651e-07  -7.4283783e-08
   0.0000000e+00   0.0000000e+00  -8.3032037e-06  -1.2683065e-05  -1.3780175e-05  -1.2815505e-05  -1.3255700e-05  -1.1547142e-05  -7.9149677e-06  -5.5224837e-06  -3.9339370e-06  -3.0951217e-06  -2.4696628e-06  -1.7790591e-06  -1.4755115e-06  -1.1027564e-06  -8.5125146e-07  -5.9640121e-07  -3.9103759e-07  -4.0589794e-07  -2.3112523e-07  -2.2398412e-07   2.8887330e-08
   0.0000000e+00   0.0000000e+00  -8.1956186e-06  -1.2875856e-05  -1.3744413e-05  -1.2818081e-05  -1.3484929e-05  -1.1466158e-05  -7.9805186e-06  -5.4532798e-06  -3.8907087e-06  -2.9299833e-06  -2.4360263e-06  -1.9553822e-06  -1.4983908e-06  -1.1463034e-06  -6.8779707e-07  -6.3634621e-07  -5.1993760e-07  -3.1455548e-07  -2.2336241e-07  -2.0086550e-07  -6.0428938e-08
   0.0000000e+00   0.0000000e+00  -8.1186190e-06  -1.2611146e-05  -1.3964694e-05  -1.2663274e-05  -1.3391098e-05  -1.1474245e-05  -8.0024683e-06  -5.3671711e-06  -4.1972694e-06  -2.9982307e-06  -2.3318360e-06  -1.9235595e-06  -1.5093569e-06  -1.0715560e-06  -8.1326056e-07  -6.8021848e-07  -3.7182613e-07  -3.9980605e-07  -1.5952440e-07  -2.1043114e-07  -1.3670267e-07
   0.0000000e+00   0.0000000e+00  -8.4057947e-06  -1.2574690e-05  -1.3962393e-05  -1.2628133e-05  -1.3392439e-05  -1.1598734e-05  -8.0240316e-06  -5.1414863e-06  -4.0347950e-06  -2.9948910e-06  -2.3834218e-06  -1.9756587e-06  -1.3917240e-06  -1.2656800e-06  -8.0856199e-07  -5.1912792e-07  -3.9153724e-07  -4.6429227e-07  -3.2955842e-07  -1.2869535e-09  -6.5334355e-08
   0.0000000e+00   0.0000000e+00  -8.2321567e-06  -1.2795344e-05  -1.3798794e-05  -1.2818365e-05  -1.3328415e-05  -1.1431288e-05  -7.9392203e-06  -5.5954197e-06  -3.7822167e-06  -3.1347956e-06  -2.4144101e-06  -1.8668908e-06  -1.5205987e-06  -1.0482075e-06  -8.7446301e-07  -6.9940575e-07  -4.7570208e-07  -3.7247602e-07  -2.8825912e-08  -3.7078848e-07  -7.0435192e-08
   0.0000000e+00   0.0000000e+00  -8.2104889e-06  -1.2757748e-05  -1.3855428e-05  -1.2690878e-05  -1.3435007e-05  -1.1478934e-05  -7.8522653e-06  -5.5481323e-06  -3.9446450e-06  -2.8989482e-06  -2.2853289e-06  -1.9952015e-06  -1.5814809e-06  -1.0965169e-06  -8.3925153e-07  -5.0372199e-07  -6.3925478e-07  -3.3344435e-07  -2.7295712e-07  -1.4629187e-07  -1.1199532e-09
   0.0000000e+00   0.0000000e+00  -8.2128818e-06  -1.2744191e-05  -1.3848507e-05  -1.2680732e-05  -1.3497558e-05  -1.1467590e-05  -7.8919475e-06  -5.1964980e-06  -4.0684668e-06  -3.0365152e-06  -2.4922645e-06  -1.8106842e-06  -1.4686127e-06  -1.0239867e-06  -9.3024818e-07  -7.1374859e-07  -4.5991661e-07  -3.3554832e-07  -2.4526665e-07  -3.1339459e-07   3.8804416e-08
   0.0000000e+00   0.0000000e+00  -8.4149451e-06  -1.2503756e-05  -1.4025351e-05  -1.2683483e-05  -1.3298051e-05  -1.1465750e-05  -8.1334829e-06  -5.2804285e-06  -4.0057844e-06  -2.9145083e-06  -2.2237684e-06  -2.0011089e-06  -1.4913410e-06  -1.1638372e-06  -8.2124512e-07  -5.0593826e-07  -5.5970111e-07  -4.9936079e-07  -1.9678625e-07  -2.7459001e-07   4.4739021e-08
   0.0000000e+00   0.0000000e+00  -8.2195520e-06  -1.2873637e-05  -1.3764851e-05  -1.2808518e-05  -1.3343128e-05  -1.1454753e-05  -7.8791127e-06  -5.3780800e-06  -3.9210854e-06  -2.9995756e-06  -2.5366437e-06  -1.8181098e-06  -1.4334036e-06  -1.0953364e-06  -8.1050848e-07  -6.4169558e-07  -5.1711896e-07  -4.2183152e-07  -2.2341901e-07  -2.5457035e-07  -2.0119487e-07
   0.0000000e+00   0.0000000e+00  -8.1242642e-06  -1.2809792e-05  -1.3855867e-05  -1.2725487e-05  -1.3429774e-05  -1.1586935e-05  -7.8362682e-06  -5.4515690e-06  -3.8478820e-06  -3.0595374e-06  -2.2656593e-06  -1.9255788e-06  -1.5331580e-06  -1.1075831e-06  -8.0356307e-07  -6.4108326e-07  -3.6553317e-07  -4.8246164e-07  -4.2243073e-07  -6.4838112e-08  -5.5181722e-08
   0.0000000e+00   0.0000000e+00  -8.3643508e-06  -1.2631286e-05  -1.3925255e-05  -1.2691338e-05  -1.3364022e-05  -1.1459175e-05  -7.8800858e-06  -5.5668729e-06  -3.8688827e-06  -3.0698677e-06  -2.2917573e-06  -1.9366596e-06  -1.5743267e-06  -1.0124550e-06  -7.1547373e-07  -8.9642481e-07  -3.5361100e-07  -3.6580857e-07  -2.4317717e-07  -2.9272027e-07  -1.5925970e-07
   0.0000000e+00   0.0000000e+00  -8.3191235e-06  -1.2630357e-05  -1.3953677e-05  -1.2657548e-05  -1.3535277e-05  -1.1442297e-05  -7.9932861e-06  -5.2181417e-06  -4.0688633e-06  -2.9578237e-06  -2.4508884e-06  -1.8763709e-06  -1.4417344e-06  -1.2836459e-06  -7.0707608e-07  -6.1149819e-07  -5.0793443e-07  -4.3478244e-07  -3.1846608e-07  -5.4387595e-08  -1.0656289e-07
   0.0000000e+00   0.0000000e+00  -8.1501539e-06  -1.2785698e-05  -1.3822119e-05  -1.2754866e-05  -1.3367006e-05  -1.1540644e-05  -8.0290738e-06  -5.3476269e-06  -3.9978518e-06  -2.9874329e-06  -2.4526298e-06  -1.9619365e-06  -1.4527167e-06  -1.1171836e-06  -9.0725143e-07  -5.8895711e-07  -4.8487698e-07  -3.9248752e-07  -2.5211611e-07  -1.2599155e-07  -1.5132088e-07
   0.0000000e+00   0.0000000e+00  -8.2791948e-06  -1.2830549e-05  -1.3852110e-05  -1.2684134e-05  -1.3339642e-05  -1.1508750e-05  -7.9258807e-06  -5.5127748e-06  -3.9410206e-06  -3.0220863e-06  -2.3228424e-06  -1.9875552e-06  -1.5797168e-06  -1.1141278e-06  -8.1433069e-07  -6.5764806e-07  -5.2881398e-07  -3.2777709e-07  -2.1163028e-07  -2.4145956e-07   5.2557333e-08
   0.0000000e+00   0.0000000e+00  -8.2966999e-06  -1.2568237e-05  -1.3930470e-05  -1.2873164e-05  -1.3309193e-05  -1.1523017e-05  -7.9526226e-06  -5.3544686e-06  -3.9352503e-06  -3.2101996e-06  -2.3175810e-06  -1.9531626e-06  -1.5996425e-06  -1.0211148e-06  -9.7779809e-07  -6.4206012e-07  -4.4370904e-07  -2.8964098e-07  -3.7737021e-07  -7.3336587e-08   4.7683540e-10
   0.0000000e+00   0.0000000e+00  -8.3381756e-06  -1.2627496e-05  -1.3895467e-05  -1.2602085e-05  -1.3591393e-05  -1.1496997e-05  -7.8576377e-06  -5.5578148e-06  -3.9015554e-06  -2.9790888e-06  -2.4291335e-06  -1.9230108e-06  -1.6075413e-06  -1.1346001e-06  -8.7219610e-07  -5.4934537e-07  -6.5549000e-07  -2.9118686e-07  -1.9603250e-07  -2.4010129e-07  -5.7402794e-09
   0.0000000e+00   0.0000000e+00  -8.1329117e-06  -1.2861754e-05  -1.3811123e-05  -1.2727478e-05  -1.3317042e-05  -1.1469368e-05  -8.0635500e-06  -5.2357968e-06  -4.1395083e-06  -2.9070879e-06  -2.3976093e-06  -2.0170799e-06  -1.4350052e-06  -1.1896839e-06  -8.6209343e-07  -6.1588827e-07  -5.1434313e-07  -4.1863231e-07  -1.8392920e-07  -1.5954558e-07  -1.9877747e-07
   0.0000000e+00   0.0000000e+00  -8.2103561e-06  -1.2826903e-05  -1.3889616e-05  -1.2669905e-05  -1.3437662e-05  -1.1501030e-05  -7.9840484e-06  -5.3732301e-06  -3.9834504e-06  -2.8805243e-06  -2.5353761e-06  -1.8221194e-06  -1.5312086e-06  -1.1917476e-06  -8.7645640e-07  -5.5493962e-07  -4.8699627e-07  -3.5658618e-07  -3.6135697e-07  -1.3492688e-07  -8.9674472e-09
   0.0000000e+00   0.0000000e+00  -8.3857803e-06  -1.2443616e-05  -1.3974913e-05  -1.2803438e-05  -1.3294291e-05  -1.1511896e-05  -7.9121237e-06  -5.4452912e-06  -3.8522517e-06  -3.2074922e-06  -2.2653478e-06  -1.9184108e-06  -1.6312614e-06  -1.0171395e-06  -7.9089398e-07  -7.5407689e-07  -4.0186671e-07  -3.2762466e-07  -3.0991410e-07  -9.3984617e-08  -2.5162865e-07
   0.0000000e+00   0.0000000e+00  -8.2559682e-06  -1.2758118e-05  -1.3855022e-05  -1.2679954e-05  -1.3515476e-05  -1.1521785e-05  -7.8357125e-06  -5.5373926e-06  -3.8486764e-06  -2.9852058e-06  -2.3478058e-06  -1.9529216e-06  -1.5321871e-06  -1.2424849e-06  -6.7308508e-07  -6.4788219e-07  -4.8266622e-07  -3.0823398e-07  -2.8392435e-07  -1.6052167e-07  -3.0224580e-08
   0.0000000e+00   0.0000000e+00  -8.2137922e-06  -1.2854462e-05  -1.3794207e-05  -1.2685307e-05  -1.3422255e-05  -1.1441874e-05  -8.0116451e-06  -5.3640301e-06  -3.9876181e-06  -3.1314619e-06  -2.3396985e-06  -1.9892645e-06  -1.3950106e-06  -1.1445335e-06  -9.6705514e-07  -5.6009890e-07  -3.8363146e-07  -4.0590999e-07  -2.5344551e-07  -1.3627817e-07  -1.5354964e-07
   0.0000000e+00   0.0000000e+00  -8.2213410e-06  -1.2735606e-05  -1.3911259e-05  -1.2788519e-05  -1.3324941e-05  -1.1556028e-05  -7.9589790e-06  -5.3420690e-06  -4.0599248e-06  -2.8524507e-06  -2.4115591e-06  -2.0824800e-06  -1.5113766e-06  -1.1701370e-06  -7.7319356e-07  -5.9281405e-07  -6.2559263e-07  -2.0701737e-07  -3.6960373e-07  -1.2063185e-07  -5.6343609e-08
   0.0000000e+00   0.0000000e+00  -8.2966435e-06  -1.2603658e-05  -1.3994922e-05  -1.2757205e-05  -1.3394693e-05  -1.1443320e-05  -8.0465688e-06  -5.3429208e-06  -4.0378545e-06  -3.1622124e-06  -2.3625535e-06  -1.8946921e-06  -1.5947554e-06  -1.1743101e-06  -7.9898166e-07  -7.3667655e-07  -4.8763479e-07  -2.8481389e-07  -2.6499575e-07  -2.4225000e-07  -8.5044242e-08
   0.0000000e+00   0.0000000e+00  -8.3321465e-06  -1.2690741e-05  -1.3918757e-05  -1.2656476e-05  -1.3456466e-05  -1.1631776e-05  -7.8002504e-06  -5.5660735e-06  -3.8589551e-06  -3.0350520e-06  -2.5357397e-06  -1.7624467e-06  -1.7209637e-06  -1.1293715e-06  -9.7843508e-07  -4.8835335e-07  -5.1369102e-07  -4.1358484e-07  -3.5767616e-07  -4.9682114e-08  -1.0388765e-07
   0.0000000e+00   0.0000000e+00  -8.2149618e-06  -1.2836896e-05  -1.3779561e-05  -1.2760357e-05  -1.3553033e-05  -1.1371012e-05  -7.9594674e-06  -5.5308478e-06  -3.9367319e-06  -3.0527210e-06  -2.4402054e-06  -2.0991849e-06  -1.4726310e-06  -1.1019765e-06  -9.2559850e-07  -7.1834643e-07  -5.2426356e-07  -3.0305984e-07  -2.3803189e-07  -1.0122449e-07  -3.3273301e-07
   0.0000000e+00   0.0000000e+00  -8.2577235e-06  -1.2717002e-05  -1.3917631e-05  -1.2792008e-05  -1.3309421e-05  -1.1536426e-05  -8.0759510e-06  -5.2908194e-06  -4.1329213e-06  -2.9797934e-06  -2.3078658e-06  -1.9956253e-06  -1.6472545e-06  -1.1828690e-06  -9.0039055e-07  -6.1974174e-07  -4.7183414e-07  -4.4824660e-07  -3.0833900e-07  -7.8749508e-08  -8.5164036e-09
   0.0000000e+00   0.0000000e+00  -8.3028990e-06  -1.2701872e-05  -1.3996574e-05  -1.2674078e-05  -1.3378230e-05  -1.1661526e-05  -7.9603069e-06  -5.2712317e-06  -4.0696964e-06  -3.0941503e-06  -2.4323690e-06  -1.9894478e-06  -1.4466010e-06  -1.2873406e-06  -8.3103481e-07  -7.6483883e-07  -5.5166629e-07  -2.3890652e-07  -3.4374270e-07  -1.9936590e-07  -1.2599062e-07
   0.0000000e+00   0.0000000e+00  -8.1570342e-06  -1.2750345e-05  -1.3836236e-05  -1.2705911e-05  -1.3534487e-05  -1.1371797e-05  -8.0447453e-06  -5.5082692e-06  -4.0116097e-06  -2.9552650e-06  -2.4233782e-06  -2.0585524e-06  -1.4893852e-06  -1.3320063e-06  -7.5761398e-07  -7.0715021e-07  -5.9233696e-07  -3.9133209e-07  -3.0569095e-07  -1.2912054e-07  -1.8113646e-07
   0.0000000e+00   0.0000000e+00  -8.3055447e-06  -1.2689089e-05  -1.3870505e-05  -1.2680014e-05  -1.3497391e-05  -1.1491408e-05  -7.8243638e-06  -5.5609939e-06  -3.9273145e-06  -3.0762533e-06  -2.4674109e-06  -1.9282129e-06  -1.5316360e-06  -1.2554776e-06  -9.0078089e-07  -6.5342789e-07  -5.0628671e-07  -4.1859602e-07  -3.2598129e-07  -1.7103383e-07  -1.1401610e-07
   0.0000000e+00   0.0000000e+00  -8.3465329e-06  -1.2707254e-05  -1.3862215e-05  -1.2838057e-05  -1.3248041e-05  -1.1604595e-05  -8.0991504e-06  -5.2689402e-06  -4.0212913e-06  -3.1069656e-06  -2.4237470e-06  -1.9528838e-06  -1.6336174e-06  -1.0489989e-06  -9.9814599e-07  -6.2039879e-07  -4.7186776e-07  -4.7506717e-07  -1.9448389e-07  -2.0343575e-07  -1.5139761e-07
   0.0000000e+00   0.0000000e+00  -8.1606886e-06  -1.2727422e-05  -1.3964601e-05  -1.2545554e-05  -1.3439019e-05  -1.1496159e-05  -8.0051414e-06  -5.4153843e-06  -4.0725536e-06  -2.9966693e-06  -2.3879877e-06  -1.9870015e-06  -1.6272758e-06  -1.0996082e-06  -9.7265115e-07  -5.7326787e-07  -5.4101469e-07  -3.3848309e-07  -3.2137581e-07  -1.0581454e-07  -1.5379882e-07
   0.0000000e+00   0.0000000e+00  -8.2232409e-06  -1.2633666e-05  -1.3859042e-05  -1.2751820e-05  -1.3441229e-05  -1.1471896e-05  -7.7864170e-06  -5.5244095e-06  -3.9852939e-06  -2.9101309e-06  -2.6534760e-06  -1.8664767e-06  -1.5625895e-06  -1.1035492e-06  -9.0922634e-07  -6.8652537e-07  -4.6848956e-07  -4.1646084e-07  -2.1165883e-07  -2.2507162e-07  -1.0075558e-08
   0.0000000e+00   0.0000000e+00  -8.2654060e-06  -1.2777355e-05  -1.3744516e-05  -1.2766513e-05  -1.3368349e-05  -1.1499361e-05  -8.0386462e-06  -5.3670774e-06  -4.0399200e-06  -3.0428287e-06  -2.3138928e-06  -2.0005784e-06  -1.5465857e-06  -1.2233130e-06  -7.8822040e-07  -5.7482680e-07  -6.2123991e-07  -2.5772965e-07  -3.3759781e-07  -2.1879667e-07   7.7518301e-08
   0.0000000e+00   0.0000000e+00  -8.3139475e-06  -1.2638882e-05  -1.3976729e-05  -1.2628770e-05  -1.3268932e-05  -1.1595957e-05  -7.9520842e-06  -5.3389731e-06  -3.8770295e-06  -3.2626815e-06  -2.1919666e-06  -1.9970839e-06  -1.5609675e-06  -1.1158435e-06  -7.6933475e-07  -7.3976548e-07  -4.3424848e-07  -3.1090056e-07  -3.0800831e-07  -1.5267032e-07  -9.1693465e-08
   0.0000000e+00   0.0000000e+00  -8.2596553e-06  -1.2650553e-05  -1.3825897e-05  -1.2783171e-05  -1.3416284e-05  -1.1393618e-05  -7.9744341e-06  -5.4203738e-06  -3.9034089e-06  -3.0226790e-06  -2.3675821e-06  -1.9666215e-06  -1.3387374e-06  -1.1604018e-06  -8.5747121e-07  -6.4951905e-07  -3.3937505e-07  -4.2547396e-07  -2.9695764e-07  -1.6769066e-07   5.5443280e-08
   0.0000000e+00   0.0000000e+00  -8.1536145e-06  -1.2758023e-05  -1.3820664e-05  -1.2616388e-05  -1.3530432e-05  -1.1438244e-05  -7.9188922e-06  -5.5667688e-06  -3.8251014e-06  -2.9119531e-06  -2.3861260e-06  -1.9612050e-06  -1.4362402e-06  -1.0779876e-06  -7.4719480e-07  -6.5460870e-07  -4.2954318e-07  -4.1412707e-07  -2.0494764e-07  -1.3775383e-07  -2.5346137e-07
   0.0000000e+00   0.0000000e+00  -8.2604956e-06  -1.2699065e-05  -1.3945353e-05  -1.2693069e-05  -1.3283123e-05  -1.1628077e-05  -7.8362991e-06  -5.3795034e-06  -4.0704185e-06  -2.9129931e-06  -2.4020212e-06  -1.6404279e-06  -1.6487680e-06  -1.0726493e-06  -6.4957453e-07  -7.4786050e-07  -3.2949430e-07  -4.0379092e-07  -2.5250051e-07  -1.4081628e-07  -1.3333862e-07
   0.0000000e+00   0.0000000e+00  -8.2684755e-06  -1.2740360e-05  -1.3807872e-05  -1.2810310e-05  -1.3393184e-05  -1.1473630e-05  -8.0974951e-06  -5.2470136e-06  -4.0087580e-06  -3.0891642e-06  -2.2184811e-06  -1.8755190e-06  -1.5010862e-06  -1.0035039e-06  -7.6065265e-07  -6.6921649e-07  -3.5641418e-07  -3.6564194e-07  -3.2435409e-07  -7.8617568e-08  -5.7105495e-08
   0.0000000e+00   0.0000000e+00  -8.2801662e-06  -1.2641632e-05  -1.3861889e-05  -1.2681173e-05  -1.3500588e-05  -1.1460542e-05  -7.9894771e-06  -5.5374894e-06  -3.8472649e-06  -2.9660021e-06  -2.3822929e-06  -1.9214549e-06  -1.4580846e-06  -9.9690237e-07  -8.7183486e-07  -5.2290153e-07  -4.8334903e-07  -3.5571767e-07  -1.5026878e-07  -2.4391372e-07  -1.0545612e-07
   0.0000000e+00   0.0000000e+00  -8.2918996e-06  -1.2753384e-05  -1.3904070e-05  -1.2733130e-05  -1.3355100e-05  -1.1620690e-05  -7.9400752e-06  -5.4008592e-06  -4.0123159e-06  -3.0262311e-06  -2.3612326e-06  -1.9253150e-06  -1.2867638e-06  -1.2682600e-06  -8.7638477e-07  -3.7309553e-07  -6.2640976e-07  -3.1177700e-07  -2.0574598e-07  -1.9458366e-07  -3.0820743e-08
   0.0000000e+00   0.0000000e+00  -8.1064181e-06  -1.2731625e-05  -1.3909849e-05  -1.2755686e-05  -1.3427032e-05  -1.1506223e-05  -7.9962592e-06  -5.4754337e-06  -3.9387760e-06  -3.0462882e-06  -2.3710429e-06  -1.9243034e-06  -1.4996185e-06  -1.0563296e-06  -8.5053460e-07  -5.3687666e-07  -6.1985759e-07  -2.6404379e-07  -2.4661139e-07  -2.9283422e-07   1.2081550e-07
   0.0000000e+00   0.0000000e+00  -8.4093272e-06  -1.2605351e-05  -1.3903094e-05  -1.2721917e-05  -1.3414997e-05  -1.1546225e-05  -7.9508454e-06  -5.4371881e-06  -4.0375658e-06  -2.9758419e-06  -2.3214602e-06  -1.9934148e-06  -1.5702242e-06  -1.0873047e-06  -7.6515965e-07  -6.3670677e-07  -5.3958138e-07  -2.4538238e-07  -3.8915218e-07  -2.1649153e-07  -1.7889974e-08
   0.0000000e+00   0.0000000e+00  -8.2332654e-06  -1.2804598e-05  -1.3813480e-05  -1.2737712e-05  -1.3551346e-05  -1.1420636e-05  -8.0364689e-06  -5.3660165e-06  -3.9694783e-06  -3.0489855e-06  -2.5444197e-06  -1.7555207e-06  -1.5867965e-06  -1.1041850e-06  -9.2388700e-07  -5.2553537e-07  -4.6969799e-07  -4.0644753e-07  -1.9531687e-07  -2.7865536e-07  -1.3177431e-07
   0.0000000e+00   0.0000000e+00  -8.1289854e-06  -1.2748334e-05  -1.4005721e-05  -1.2569960e-05  -1.3402040e-05  -1.1667927e-05  -7.9244865e-06  -5.4146890e-06  -4.0894797e-06  -2.8768220e-06  -2.4994929e-06  -2.0137727e-06  -1.4797467e-06  -1.1165891e-06  -8.8951924e-07  -5.6804635e-07  -4.2473295e-07  -5.0876270e-07  -7.0653883e-08  -1.5920128e-07  -3.1621909e-07
   0.0000000e+00   0.0000000e+00  -8.3976656e-06  -1.2530919e-05  -1.3851157e-05  -1.2943279e-05  -1.3231125e-05  -1.1495837e-05  -7.9798792e-06  -5.4185743e-06  -3.9577835e-06  -3.1081165e-06  -2.3509742e-06  -1.9136326e-06  -1.7137262e-06  -1.0980502e-06  -8.5045014e-07  -6.8082375e-07  -2.8428258e-07  -4.5210655e-07  -2.3923565e-07  -5.1761290e-08  -1.5002787e-07
   0.0000000e+00   0.0000000e+00  -8.2276265e-06  -1.2803281e-05  -1.3835401e-05  -1.2713694e-05  -1.3505120e-05  -1.1523913e-05  -7.8918811e-06  -5.4014481e-06  -3.9602292e-06  -3.1195409e-06  -2.3481123e-06  -2.0528723e-06  -1.4520547e-06  -1.2649125e-06  -7.8878224e-07  -7.4429346e-07  -4.1397556e-07  -1.9619722e-07  -4.2996851e-07  -1.9294449e-08   3.3792027e-08
   0.0000000e+00   0.0000000e+00  -8.2260422e-06  -1.2770714e-05  -1.3866753e-05  -1.2608816e-05  -1.3494490e-05  -1.1438910e-05  -8.0434675e-06  -5.4743809e-06  -3.8830153e-06  -3.0399424e-06  -2.4952121e-06  -1.9878601e-06  -1.5248119e-06  -1.2307574e-06  -6.7486462e-07  -8.3964653e-07  -4.6650942e-07  -2.2867818e-07  -2.1314314e-07  -1.3661399e-07  -1.3621894e-07
   0.0000000e+00   0.0000000e+00  -8.1510980e-06  -1.2734976e-05  -1.3932557e-05  -1.2619061e-05  -1.3402748e-05  -1.1591427e-05  -7.7729355e-06  -5.4529937e-06  -4.0345330e-06  -2.9875441e-06  -2.4084204e-06  -2.0421041e-06  -1.4603260e-06  -1.3483808e-06  -8.6325298e-07  -4.0712212e-07  -6.6859837e-07  -2.7685783e-07  -1.4381416e-07  -2.0136045e-07  -1.1141199e-09
   0.0000000e+00   0.0000000e+00  -8.3248487e-06  -1.2515430e-05  -1.3905728e-05  -1.2910492e-05  -1.3338428e-05  -1.1454884e-05  -8.0556192e-06  -5.2972864e-06  -3.9647534e-06  -3.1136865e-06  -2.3926445e-06  -1.9670679e-06  -1.5684211e-06  -1.0621870e-06  -9.8306623e-07  -6.1296470e-07  -3.5923145e-07  -4.5012879e-07  -2.1544952e-07   1.3562509e-09  -1.2484026e-07
   0.0000000e+00   0.0000000e+00  -8.4091425e-06  -1.2752755e-05  -1.3863587e-05  -1.2648346e-05  -1.3398283e-05  -1.1579000e-05  -7.8658477e-06  -5.5465230e-06  -3.8835519e-06  -3.0224669e-06  -2.4359474e-06  -1.9494289e-06  -1.6973286e-06  -1.0106202e-06  -8.3668658e-07  -6.5674999e-07  -4.3004013e-07  -2.7297247e-07  -2.8524732e-07  -1.6774227e-07   1.1374117e-07
   0.0000000e+00   0.0000000e+00  -8.0084847e-06  -1.2843022e-05  -1.3853855e-05  -1.2699754e-05  -1.3487723e-05  -1.1400512e-05  -8.0108712e-06  -5.3344529e-06  -3.8521821e-06  -3.2005337e-06  -2.4308042e-06  -1.8498359e-06  -1.6765624e-06  -1.0466014e-06  -8.5324973e-07  -6.2715799e-07  -4.2137856e-07  -2.8386063e-07  -1.6339091e-07  -1.6327655e-07  -1.6473095e-07
   0.0000000e+00   0.0000000e+00  -8.3536679e-06  -1.2659872e-05  -1.3860370e-05  -1.2677391e-05  -1.3511953e-05  -1.1553052e-05  -7.9074352e-06  -5.4549691e-06  -4.0326695e-06  -2.7866413e-06  -2.5855966e-06  -1.9462930e-06  -1.4983362e-06  -1.2275958e-06  -7.3998319e-07  -5.6942463e-07  -4.5384530e-07  -3.9945573e-07  -1.5103447e-07  -4.8015792e-08  -1.5906973e-07
   0.0000000e+00   0.0000000e+00  -8.3340919e-06  -1.2642462e-05  -1.3966758e-05  -1.2852121e-05  -1.3125734e-05  -1.1629672e-05  -7.8863395e-06  -5.3494809e-06  -4.1892827e-06  -2.9900507e-06  -2.2633255e-06  -2.2681904e-06  -1.3480222e-06  -1.1742219e-06  -8.2705185e-07  -5.5252053e-07  -5.1223498e-07  -2.3197290e-07  -2.9509124e-07  -1.5825772e-07   9.5393569e-09
   0.0000000e+00   0.0000000e+00  -8.1605440e-06  -1.2819341e-05  -1.3916183e-05  -1.2667825e-05  -1.3593239e-05  -1.1420388e-05  -8.0030231e-06  -5.3452450e-06  -3.8666440e-06  -3.1831128e-06  -2.4244205e-06  -1.8743445e-06  -1.6313759e-06  -1.1567238e-06  -7.7044297e-07  -6.7623023e-07  -3.4761140e-07  -3.9084404e-07  -2.5613264e-07  -1.3676193e-07  -8.1974662e-08
   0.0000000e+00   0.0000000e+00  -8.3218183e-06  -1.2627755e-05  -1.3905747e-05  -1.2656654e-05  -1.3475593e-05  -1.1470528e-05  -8.0389400e-06  -5.4253724e-06  -3.8963713e-06  -3.1678560e-06  -2.3869552e-06  -1.9758972e-06  -1.4425525e-06  -1.2593506e-06  -7.0906998e-07  -6.2674638e-07  -4.7548644e-07  -3.5386191e-07  -2.2464395e-07  -1.1219127e-07  -1.6727385e-07
   0.0000000e+00   0.0000000e+00  -8.2559327e-06  -1.2762185e-05  -1.3963479e-05  -1.2750453e-05  -1.3387124e-05  -1.1425802e-05  -7.9106803e-06  -5.5721016e-06  -3.8743146e-06  -2.9076655e-06  -2.5756824e-06  -1.9558395e-06  -1.5841858e-06  -1.0084215e-06  -8.8434990e-07  -5.6772831e-07  -4.2220418e-07  -3.9514970e-07  -1.2479522e-07  -2.1464450e-07  -2.9737974e-09
   0.0000000e+00   0.0000000e+00  -8.2799106e-06  -1.2771970e-05  -1.3805045e-05  -1.2854012e-05  -1.3407995e-05  -1.1660056e-05  -7.7968498e-06  -5.3184931e-06  -4.2344573e-06  -2.8830523e-06  -2.3985506e-06  -1.9348713e-06  -1.5391445e-06  -1.1413184e-06  -7.6512970e-07  -6.5172503e-07  -3.8497572e-07  -3.3684776e-07  -2.6490886e-07  -5.0993584e-08  -9.6660997e-08
   0.0000000e+00   0.0000000e+00  -8.2163770e-06  -1.2629114e-05  -1.3904295e-05  -1.2731789e-05  -1.3308912e-05  -1.1629980e-05  -8.0173468e-06  -5.2258297e-06  -4.0684249e-06  -3.0903650e-06  -2.2811444e-06  -1.9120234e-06  -1.5748211e-06  -1.0749428e-06  -7.9348621e-07  -6.1888983e-07  -4.8729123e-07  -2.1971219e-07  -2.5918663e-07  -1.2724918e-07  -3.8423845e-08
   0.0000000e+00   0.0000000e+00  -8.1594753e-06  -1.2830047e-05  -1.3910553e-05  -1.2650542e-05  -1.3567886e-05  -1.1298540e-05  -8.0168111e-06  -5.6511744e-06  -3.6012943e-06  -3.1057189e-06  -2.4689307e-06  -1.9443651e-06  -1.4112991e-06  -1.1835253e-06  -7.6943888e-07  -5.8632224e-07  -5.1627677e-07  -2.9291678e-07  -2.0576046e-07  -1.3162287e-07  -5.8834630e-08
   0.0000000e+00   0.0000000e+00  -8.5007023e-06  -1.2484696e-05  -1.3938312e-05  -1.2780656e-05  -1.3348185e-05  -1.1601745e-05  -7.9927404e-06  -5.3050258e-06  -4.1481076e-06  -2.9126907e-06  -2.3725177e-06  -1.9110225e-06  -1.4321757e-06  -1.1750326e-06  -8.6689454e-07  -5.4378648e-07  -4.1669037e-07  -3.7825120e-07  -3.5905981e-07  -3.5839269e-09  -8.0782293e-08
   0.0000000e+00   0.0000000e+00  -8.1137414e-06  -1.2863165e-05  -1.3757272e-05  -1.2666220e-05  -1.3485234e-05  -1.1647213e-05  -7.8225648e-06  -5.4579664e-06  -3.9326374e-06  -3.1196714e-06  -2.2340478e-06  -2.0025229e-06  -1.5573246e-06  -1.0139777e-06  -8.3321027e-07  -6.3886648e-07  -4.7326463e-07  -3.5013164e-07  -1.6305775e-07  -2.1404202e-07  -1.5922056e-07
   0.0000000e+00   0.0000000e+00  -8.1116777e-06  -1.2691649e-05  -1.3892718e-05  -1.2770096e-05  -1.3363944e-05  -1.1406988e-05  -8.1610151e-06  -5.3852796e-06  -4.0376258e-06  -2.9753132e-06  -2.4446592e-06  -1.7932566e-06  -1.6091703e-06  -1.1062759e-06  -7.8359801e-07  -6.2500413e-07  -5.0184082e-07  -2.4301235e-07  -2.9155908e-07  -1.5175841e-07  -7.8278809e-08
   0.0000000e+00   0.0000000e+00  -8.2776842e-06  -1.2634431e-05  -1.3847815e-05  -1.2717785e-05  -1.3530752e-05  -1.1410441e-05  -8.0301861e-06  -5.5378873e-06  -3.8715425e-06  -3.0125661e-06  -2.5216532e-06  -1.8561449e-06  -1.4913521e-06  -1.1583253e-06  -7.3599233e-07  -6.6705235e-07  -4.3982547e-07  -3.6321950e-07  -3.1672602e-07  -1.9132360e-08  -1.1708765e-07
   0.0000000e+00   0.0000000e+00  -8.3262939e-06  -1.2666012e-05  -1.3826866e-05  -1.2513351e-05  -1.3545208e-05  -1.1648850e-05  -7.9465244e-06  -5.4193365e-06  -4.0325708e-06  -3.1161012e-06  -2.3333698e-06  -1.9620718e-06  -1.4776626e-06  -1.0547467e-06  -8.8515435e-07  -5.8901128e-07  -5.3627770e-07  -2.7454070e-07  -2.1861798e-07  -1.9514923e-07  -1.7169278e-07
   0.0000000e+00   0.0000000e+00  -8.1622657e-06  -1.2648224e-05  -1.3931324e-05  -1.2867373e-05  -1.2978880e-05  -1.1760611e-05  -8.0095197e-06  -5.3545073e-06  -4.2786869e-06  -2.9907294e-06  -2.2640638e-06  -2.0499642e-06  -1.4737428e-06  -1.1571511e-06  -7.7530353e-07  -5.2885383e-07  -4.5171890e-07  -4.3956285e-07  -2.9439784e-07  -1.0621125e-07  -2.4686857e-08
   0.0000000e+00   0.0000000e+00  -8.2153592e-06  -1.2639734e-05  -1.3797109e-05  -1.2746874e-05  -1.3658241e-05  -1.1297102e-05  -8.0250429e-06  -5.5824980e-06  -3.8416620e-06  -3.1457976e-06  -2.5633719e-06  -1.9401043e-06  -1.3682117e-06  -1.0952863e-06  -8.1365124e-07  -6.4628074e-07  -4.8851803e-07  -2.3291496e-07  -3.5260541e-07  -8.8659121e-08  -1.9224765e-07
   0.0000000e+00   0.0000000e+00  -8.1410872e-06  -1.2757023e-05  -1.3619082e-05  -1.2691778e-05  -1.3407708e-05  -1.1603336e-05  -8.0621676e-06  -5.4843158e-06  -3.9933002e-06  -3.1536665e-06  -2.3181099e-06  -1.9261392e-06  -1.6073063e-06  -1.1509270e-06  -6.9075816e-07  -5.4833424e-07  -5.0167796e-07  -3.7801260e-07  -1.8521095e-07  -2.1809049e-07  -2.0388653e-08
   0.0000000e+00   0.0000000e+00  -8.4130879e-06  -1.2565309e-05  -1.4113821e-05  -1.2413152e-05  -1.3500897e-05  -1.1465490e-05  -8.0167456e-06  -5.4210950e-06  -4.2016627e-06  -2.9335731e-06  -2.5659608e-06  -1.8640270e-06  -1.5422318e-06  -1.0464400e-06  -8.1012831e-07  -6.6900054e-07  -4.0806447e-07  -2.6382946e-07  -2.9490647e-07  -1.7449476e-07  -9.8849789e-08
   0.0000000e+00   0.0000000e+00  -7.9974470e-06  -1.2651534e-05  -1.3857934e-05  -1.2892407e-05  -1.3250987e-05  -1.1642667e-05  -8.0210102e-06  -5.4653401e-06  -3.8946964e-06  -3.1861441e-06  -2.3212440e-06  -2.0297721e-06  -1.5092769e-06  -9.9224985e-07  -9.0633318e-07  -6.0080231e-07  -3.4646990e-07  -5.2727432e-07  -1.9072947e-07  -3.9194344e-08  -2.0316101e-07
   0.0000000e+00   0.0000000e+00  -8.3761115e-06  -1.2607318e-05  -1.3625163e-05  -1.2758199e-05  -1.3431626e-05  -1.1520721e-05  -8.0035825e-06  -5.5115966e-06  -4.1229587e-06  -3.0037456e-06  -2.3846974e-06  -1.9188140e-06  -1.4102209e-06  -1.2576423e-06  -7.5527925e-07  -5.2176472e-07  -6.1930274e-07  -2.2801696e-07  -3.2253547e-07  -2.0171720e-07  -1.1731728e-08
   0.0000000e+00   0.0000000e+00  -8.1816197e-06  -1.2786925e-05  -1.3806539e-05  -1.2576667e-05  -1.3544623e-05  -1.1541083e-05  -7.8966232e-06  -5.6165627e-06  -3.8689368e-06  -3.2148037e-06  -2.3141617e-06  -1.8899520e-06  -1.5486869e-06  -1.0520574e-06  -7.1642148e-07  -7.8818925e-07  -3.8254933e-07  -4.0868491e-07  -1.7650804e-07  -2.3032176e-07  -1.1819156e-07
   0.0000000e+00   0.0000000e+00  -8.1706876e-06  -1.2517085e-05  -1.4101056e-05  -1.2602037e-05  -1.3315727e-05  -1.1629122e-05  -8.1099452e-06  -5.4042894e-06  -4.0897708e-06  -3.0111501e-06  -2.3721464e-06  -1.9624765e-06  -1.3352499e-06  -1.1583289e-06  -7.7380577e-07  -5.9082811e-07  -5.2619271e-07  -2.1630166e-07  -4.6737162e-07  -2.6135847e-08   1.7971653e-08
   0.0000000e+00   0.0000000e+00  -8.1848175e-06  -1.2726941e-05  -1.3579679e-05  -1.2898029e-05  -1.3289630e-05  -1.1622715e-05  -7.9346773e-06  -5.5075016e-06  -4.0356981e-06  -3.0191181e-06  -2.4202702e-06  -1.8751695e-06  -1.4412427e-06  -1.0277607e-06  -8.7109208e-07  -5.6658223e-07  -3.9521433e-07  -3.7307544e-07  -1.9996862e-07  -1.7761452e-07  -8.0073157e-08
   0.0000000e+00   0.0000000e+00  -8.3110399e-06  -1.2619027e-05  -1.3864403e-05  -1.2583461e-05  -1.3686952e-05  -1.1311661e-05  -8.1783328e-06  -5.4316051e-06  -4.0441528e-06  -3.0299443e-06  -2.3326020e-06  -1.7978034e-06  -1.5759374e-06  -1.0055742e-06  -8.3356031e-07  -4.8939012e-07  -4.5907328e-07  -4.1698311e-07  -6.8059542e-08  -1.6538056e-07  -1.5409015e-07
   0.0000000e+00   0.0000000e+00  -8.1398630e-06  -1.2704535e-05  -1.3776140e-05  -1.2725493e-05  -1.3253940e-05  -1.1755353e-05  -7.8306866e-06  -5.5703927e-06  -3.9902861e-06  -3.0272868e-06  -2.4175679e-06  -1.8940053e-06  -1.3516798e-06  -1.0502224e-06  -8.0246861e-07  -5.8133855e-07  -4.8285591e-07  -1.5575191e-07  -3.2308012e-07  -1.5968216e-07   7.2565420e-08
   0.0000000e+00   0.0000000e+00  -8.3053546e-06  -1.2405110e-05  -1.4104085e-05  -1.2512091e-05  -1.3487056e-05  -1.1436018e-05  -8.1409898e-06  -5.3947647e-06  -3.9196748e-06  -3.0655751e-06  -2.3098760e-06  -1.7392414e-06  -1.7511303e-06  -8.5904060e-07  -8.1792768e-07  -5.3775778e-07  -3.9478627e-07  -3.4432205e-07  -1.9836250e-07  -9.5886847e-08  -8.7801268e-08
   0.0000000e+00   0.0000000e+00  -8.1081362e-06  -1.2924216e-05  -1.3568930e-05  -1.2932651e-05  -1.3236502e-05  -1.1686177e-05  -7.9153051e-06  -5.4410802e-06  -4.1260305e-06  -2.9036253e-06  -2.4326143e-06  -1.9823851e-06  -1.1606352e-06  -1.2897618e-06  -6.2996497e-07  -5.5536628e-07  -5.5596746e-07  -1.2988758e-07  -1.4269844e-07  -3.2460446e-07   1.4216889e-07
   0.0000000e+00   0.0000000e+00  -8.3012028e-06  -1.2601558e-05  -1.3769972e-05  -1.2680558e-05  -1.3551786e-05  -1.1378379e-05  -8.1009757e-06  -5.4200086e-06  -3.8992284e-06  -3.1323766e-06  -2.2659674e-06  -1.8555710e-06  -1.5081290e-06  -1.0949741e-06  -8.4321374e-07  -4.1635133e-07  -3.1977399e-07  -4.5278546e-07  -1.3911104e-07   6.3688105e-08  -2.1964883e-07
   0.0000000e+00   0.0000000e+00  -8.0956861e-06  -1.2644118e-05  -1.3997505e-05  -1.2531899e-05  -1.3421243e-05  -1.1585273e-05  -7.8253634e-06  -5.5685264e-06  -3.9302522e-06  -2.9754713e-06  -2.4764877e-06  -1.9827119e-06  -1.3608601e-06  -1.0391451e-06  -7.4853040e-07  -7.3253074e-07  -3.5271211e-07  -1.3018924e-07  -2.0142799e-07  -1.9624612e-07   1.2168660e-07
   0.0000000e+00   0.0000000e+00  -8.4224603e-06  -1.2536603e-05  -1.3937581e-05  -1.2776796e-05  -1.3355449e-05  -1.1540699e-05  -8.1203689e-06  -5.3408621e-06  -4.0732893e-06  -2.9291655e-06  -2.2983022e-06  -1.8691487e-06  -1.6223690e-06  -1.1387547e-06  -7.1628432e-07  -5.6445919e-07  -2.8774534e-07  -4.7540567e-07  -8.9071200e-08  -2.6559681e-08  -6.9360048e-08
   0.0000000e+00   0.0000000e+00  -8.1421531e-06  -1.2844232e-05  -1.3694797e-05  -1.2749460e-05  -1.3438552e-05  -1.1627270e-05  -7.7569921e-06  -5.5454839e-06  -3.8785884e-06  -3.1049190e-06  -2.5197257e-06  -1.8268956e-06  -1.4518668e-06  -1.1298790e-06  -7.0502239e-07  -7.8812201e-07  -3.4534983e-07  -2.3966052e-07  -7.7094249e-08  -1.5244123e-07  -1.5905903e-07
   0.0000000e+00   0.0000000e+00  -8.2053230e-06  -1.2682312e-05  -1.3914593e-05  -1.2690501e-05  -1.3459059e-05  -1.1422743e-05  -8.2330644e-06  -5.2227015e-06  -4.2009133e-06  -2.8271106e-06  -2.3430778e-06  -1.9584129e-06  -1.5431168e-06  -1.1417590e-06  -9.0371691e-07  -3.5446257e-07  -5.0239521e-07  -4.2408689e-07  -4.8585736e-08  -1.0958155e-07   6.9674257e-08
   0.0000000e+00   0.0000000e+00  -8.2108554e-06  -1.2719490e-05  -1.3879392e-05  -1.2823561e-05  -1.3365197e-05  -1.1603255e-05  -7.8952198e-06  -5.5289311e-06  -3.8225126e-06  -3.2453779e-06  -2.3531884e-06  -1.9665802e-06  -1.4233476e-06  -1.1422474e-06  -8.0087108e-07  -7.5368348e-07  -2.8578586e-07  -3.4466379e-07  -1.5117567e-07  -1.2197387e-07  -2.6186681e-08
   0.0000000e+00   0.0000000e+00  -8.3948171e-06  -1.2544079e-05  -1.4016863e-05  -1.2664838e-05  -1.3516486e-05  -1.1567682e-05  -8.0007731e-06  -5.4535885e-06  -4.0116756e-06  -2.9144883e-06  -2.3757855e-06  -1.9554996e-06  -1.5848796e-06  -1.0973830e-06  -8.6824741e-07  -5.0763867e-07  -5.5285483e-07  -2.5241906e-07  -1.6466966e-07  -2.1337824e-07   1.4039526e-07
   0.0000000e+00   0.0000000e+00  -8.2060051e-06  -1.2924623e-05  -1.3615476e-05  -1.2946314e-05  -1.3396222e-05  -1.1460286e-05  -7.9686151e-06  -5.5755586e-06  -3.9443098e-06  -3.1077022e-06  -2.3934008e-06  -1.9367662e-06  -1.3931004e-06  -1.2175226e-06  -8.0267074e-07  -6.1405342e-07  -4.3739070e-07  -3.0887651e-07  -1.4610909e-07  -1.8723311e-07  -4.5450243e-08
   0.0000000e+00   0.0000000e+00  -8.1765811e-06  -1.2614152e-05  -1.4198361e-05  -1.2544849e-05  -1.3557121e-05  -1.1708586e-05  -7.9300062e-06  -5.2700238e-06  -4.1346148e-06  -2.8765703e-06  -2.4043195e-06  -1.9753122e-06  -1.5139897e-06  -1.0503642e-06  -8.4928018e-07  -5.8970107e-07  -3.6975746e-07  -3.1729118e-07  -1.9762201e-07  -1.5341116e-07   4.0854559e-08
   0.0000000e+00   0.0000000e+00  -8.2512215e-06  -1.2659039e-05  -1.3823709e-05  -1.2822101e-05  -1.3442801e-05  -1.1556401e-05  -8.0916643e-06  -5.4066932e-06  -3.9853630e-06  -3.1721761e-06  -2.2576264e-06  -1.9649490e-06  -1.4426209e-06  -1.1735038e-06  -7.4074160e-07  -5.8444544e-07  -4.2202365e-07  -3.2255363e-07  -1.0978196e-07  -1.9361688e-07  -1.3028074e-08
   0.0000000e+00   0.0000000e+00  -8.4285621e-06  -1.2723820e-05  -1.3930629e-05  -1.2740833e-05  -1.3477259e-05  -1.1452485e-05  -8.0626933e-06  -5.4783272e-06  -3.9867768e-06  -2.9616306e-06  -2.4902774e-06  -1.7052209e-06  -1.6627616e-06  -1.0270486e-06  -8.5269198e-07  -4.9004831e-07  -4.3692467e-07  -3.4081313e-07  -1.4759583e-07  -1.1447319e-07  -4.0367823e-08
   0.0000000e+00   0.0000000e+00  -8.0740692e-06  -1.2763617e-05  -1.3797611e-05  -1.2976870e-05  -1.3355258e-05  -1.1673449e-05  -7.8816811e-06  -5.6822578e-06  -3.6507272e-06  -3.2142793e-06  -2.3936859e-06  -1.9933830e-06  -1.3737364e-06  -1.0968254e-06  -7.4973241e-07  -7.1872665e-07  -3.6937951e-07  -2.5106965e-07  -1.5511381e-07  -1.5104926e-07  -5.8761731e-08
   0.0000000e+00   0.0000000e+00  -8.3018394e-06  -1.2746602e-05  -1.3901407e-05  -1.2578917e-05  -1.3626660e-05  -1.1505780e-05  -8.0407362e-06  -5.3559297e-06  -4.2495117e-06  -2.9023327e-06  -2.3380128e-06  -1.8400317e-06  -1.6009390e-06  -1.0730784e-06  -8.8129059e-07  -4.2675646e-07  -5.1358347e-07  -2.9225095e-07  -2.1370346e-07  -1.5306632e-07   1.4439657e-07
   0.0000000e+00   0.0000000e+00  -8.2101606e-06  -1.2626162e-05  -1.3998973e-05  -1.2844535e-05  -1.3290780e-05  -1.1748189e-05  -7.9503361e-06  -5.3690387e-06  -4.0533787e-06  -3.0842609e-06  -2.3825210e-06  -1.9541521e-06  -1.4720630e-06  -1.0587036e-06  -7.9449597e-07  -6.5815476e-07  -4.3299960e-07  -2.5625206e-07  -2.2838438e-07  -1.4707297e-07  -5.0164548e-08
   0.0000000e+00   0.0000000e+00  -8.3548639e-06  -1.2718357e-05  -1.3957239e-05  -1.2597093e-05  -1.3707142e-05  -1.1340952e-05  -8.1735425e-06  -5.4593884e-06  -3.9964793e-06  -2.9471385e-06  -2.4490237e-06  -1.9810034e-06  -1.4647931e-06  -1.1420885e-06  -8.5128949e-07  -4.6407763e-07  -5.5638179e-07  -2.5536028e-07  -2.6308172e-07  -1.9730315e-07   4.3660783e-08
   0.0000000e+00   0.0000000e+00  -8.0935897e-06  -1.2763294e-05  -1.3769682e-05  -1.3007792e-05  -1.3199142e-05  -1.1701383e-05  -7.9044075e-06  -5.4959310e-06  -3.9220190e-06  -3.1725085e-06  -2.3401367e-06  -1.9366882e-06  -1.5776789e-06  -1.0394390e-06  -8.8172851e-07  -6.0142366e-07  -3.9352543e-07  -3.2409508e-07  -2.4507167e-07  -2.2530953e-07  -4.4601730e-08
   0.0000000e+00   0.0000000e+00  -8.3787709e-06  -1.2668092e-05  -1.3931767e-05  -1.2670902e-05  -1.3544603e-05  -1.1608679e-05  -7.9483489e-06  -5.4958241e-06  -3.9439210e-06  -2.9878167e-06  -2.4622698e-06  -1.9211684e-06  -1.5876583e-06  -1.0694740e-06  -7.5765348e-07  -6.3505121e-07  -5.1652620e-07  -2.7513633e-07  -2.2555434e-07  -2.1273306e-07  -1.4689097e-07
   0.0000000e+00   0.0000000e+00  -8.1926901e-06  -1.2759459e-05  -1.3798463e-05  -1.2852816e-05  -1.3432605e-05  -1.1383208e-05  -8.0862637e-06  -5.4111633e-06  -3.9482084e-06  -3.1864640e-06  -2.2142087e-06  -1.9897382e-06  -1.4699509e-06  -1.2282666e-06  -8.4397391e-07  -4.5143310e-07  -4.3511332e-07  -4.5292342e-07  -3.0160504e-07  -8.7080615e-08  -1.7522444e-07
   0.0000000e+00   0.0000000e+00  -8.2281140e-06  -1.2665811e-05  -1.4046070e-05  -1.2515912e-05  -1.3615840e-05  -1.1575329e-05  -7.9464999e-06  -5.2119053e-06  -4.1508042e-06  -2.7261724e-06  -2.6629302e-06  -1.8177495e-06  -1.4832672e-06  -1.1493076e-06  -7.7474118e-07  -6.2143016e-07  -4.5420057e-07  -3.3729060e-07  -2.4177544e-07  -1.8896698e-07  -1.9315669e-07
   0.0000000e+00   0.0000000e+00  -8.1784719e-06  -1.2810367e-05  -1.3797662e-05  -1.2861396e-05  -1.3289424e-05  -1.1599024e-05  -7.9583469e-06  -5.5514347e-06  -3.8496746e-06  -3.0288104e-06  -2.2588392e-06  -2.0094860e-06  -1.4567950e-06  -1.0754876e-06  -8.2367382e-07  -6.2089322e-07  -3.9278021e-07  -3.2909168e-07  -2.7202663e-07  -1.4022288e-07  -9.5276391e-08
   0.0000000e+00   0.0000000e+00  -8.3717878e-06  -1.2504323e-05  -1.4071356e-05  -1.2712040e-05  -1.3450272e-05  -1.1510265e-05  -7.9173715e-06  -5.3544568e-06  -3.9469746e-06  -2.9634955e-06  -2.3298076e-06  -1.8948392e-06  -1.4830489e-06  -1.0954885e-06  -7.8022083e-07  -6.1325198e-07  -4.6303037e-07  -1.7812211e-07  -3.3631656e-07  -1.1370697e-07  -3.0686547e-08
   0.0000000e+00   0.0000000e+00  -8.2208544e-06  -1.2781819e-05  -1.3742831e-05  -1.2810816e-05  -1.3457321e-05  -1.1598444e-05  -7.8971507e-06  -5.4341685e-06  -3.8270346e-06  -3.0400047e-06  -2.3202888e-06  -1.7588662e-06  -1.5614808e-06  -1.0295283e-06  -8.2778303e-07  -5.0455083e-07  -4.9252139e-07  -3.3369437e-07  -1.4686270e-07  -1.4541709e-07  -7.9489588e-08
   0.0000000e+00   0.0000000e+00  -8.2984616e-06  -1.2706884e-05  -1.3921375e-05  -1.2699894e-05  -1.3541279e-05  -1.1385875e-05  -8.1729277e-06  -5.2450173e-06  -3.9970860e-06  -2.9389919e-06  -2.2332417e-06  -1.9756351e-06  -1.3330184e-06  -1.1496023e-06  -8.2839438e-07  -3.9682752e-07  -5.6068501e-07  -2.9705043e-07  -1.9163001e-07  -1.1062270e-07  -1.3524757e-07
   0.0000000e+00   0.0000000e+00  -8.0818754e-06  -1.2856846e-05  -1.3875776e-05  -1.2773197e-05  -1.3401333e-05  -1.1617090e-05  -7.8410239e-06  -5.4449733e-06  -3.9643705e-06  -2.8746106e-06  -2.4511285e-06  -1.8080815e-06  -1.4019217e-06  -9.8213604e-07  -8.5368390e-07  -6.0187261e-07  -3.9414158e-07  -2.6857290e-07  -2.9147728e-07  -1.3160469e-07  -5.9893061e-08
   0.0000000e+00   0.0000000e+00  -8.3713076e-06  -1.2519159e-05  -1.4024452e-05  -1.2690676e-05  -1.3425060e-05  -1.1577683e-05  -8.0835225e-06  -5.3886852e-06  -3.9177212e-06  -2.9759956e-06  -2.2755064e-06  -1.8234322e-06  -1.6050957e-06  -9.5793791e-07  -7.0008849e-07  -5.7160753e-07  -4.3638150e-07  -2.5327790e-07  -3.3649056e-07  -1.0516136e-07  -7.7864357e-08
   0.0000000e+00   0.0000000e+00  -8.2400120e-06  -1.2729364e-05  -1.3838692e-05  -1.2791402e-05  -1.3465110e-05  -1.1658247e-05  -7.7257946e-06  -5.5990608e-06  -3.8873841e-06  -3.0360943e-06  -2.3430671e-06  -1.8865010e-06  -1.3528493e-06  -1.1454649e-06  -5.9875913e-07  -6.6862356e-07  -3.9111575e-07  -2.3023547e-07  -2.6667769e-07  -1.8492955e-07  -5.5734439e-08
   0.0000000e+00   0.0000000e+00  -8.2931956e-06  -1.2713253e-05  -1.3906014e-05  -1.2729149e-05  -1.3557080e-05  -1.1436746e-05  -8.1152330e-06  -5.4280749e-06  -3.9767046e-06  -2.9523189e-06  -2.3437824e-06  -1.8484623e-06  -1.4637463e-06  -1.0000668e-06  -8.2136052e-07  -4.8199371e-07  -2.2853672e-07  -4.6336606e-07  -2.9708423e-07   8.5600270e-08  -2.6865524e-07
   0.0000000e+00   0.0000000e+00  -8.1268499e-06  -1.2782003e-05  -1.3892113e-05  -1.2742124e-05  -1.3340249e-05  -1.1700614e-05  -8.0023519e-06  -5.3476670e-06  -4.0296391e-06  -3.0677613e-06  -2.2888776e-06  -2.0265809e-06  -1.2924214e-06  -1.0667870e-06  -6.9301291e-07  -5.7338247e-07  -4.1003869e-07  -2.0440493e-07  -1.6036893e-07  -1.6025028e-07  -1.5427678e-07
   0.0000000e+00   0.0000000e+00  -8.3078348e-06  -1.2645956e-05  -1.3889100e-05  -1.2766079e-05  -1.3484911e-05  -1.1474358e-05  -8.1163316e-06  -5.4568718e-06  -3.9561492e-06  -3.0228600e-06  -2.3313669e-06  -1.8053942e-06  -1.5414203e-06  -1.1079256e-06  -5.6472669e-07  -5.7780966e-07  -3.5121880e-07  -2.9430936e-07  -1.9744398e-07  -1.1313531e-08  -1.2984984e-07
   0.0000000e+00   0.0000000e+00  -8.2314218e-06  -1.2752788e-05  -1.3841744e-05  -1.2800210e-05  -1.3444615e-05  -1.1591335e-05  -7.9024103e-06  -5.5825885e-06  -3.9772240e-06  -3.0617159e-06  -2.4309502e-06  -1.8513419e-06  -1.3923782e-06  -1.0675835e-06  -7.2583379e-07  -4.7706612e-07  -3.9387282e-07  -1.2295733e-07  -2.5996479e-07  -2.5885221e-08  -6.3762876e-08
   0.0000000e+00   0.0000000e+00  -8.3046943e-06  -1.2562095e-05  -1.3958475e-05  -1.2648929e-05  -1.3501303e-05  -1.1546525e-05  -7.9784922e-06  -5.5564888e-06  -3.9429056e-06  -2.9787564e-06  -2.4521908e-06  -1.8632444e-06  -1.5156146e-06  -9.4257445e-07  -7.8893731e-07  -4.8788058e-07  -3.7892914e-07  -1.6466839e-07  -2.0135755e-07   1.5726705e-08  -3.8876259e-08
