   0.0000000e+00   0.0000000e+00  -6.1698343e-06  -9.9734434e-06  -1.1247453e-05  -1.0596433e-05  -1.1385902e-05  -1.0007754e-05  -6.9251919e-06  -4.6735636e-06  -3.5969199e-06  -2.7002236e-06  -1.9968923e-06  -1.7512203e-06  -1.2013147e-06  -1.0219632e-06  -6.5873030e-07  -3.4082325e-07  -3.7234531e-07  -1.9000423e-07  -1.2918781e-07  -7.8868112e-08  -1.1860460e-08
   0.0000000e+00   0.0000000e+00  -6.1188484e-06  -9.8627288e-06  -1.1307789e-05  -1.0659292e-05  -1.1443271e-05  -9.8485798e-06  -7.0727788e-06  -4.6224536e-06  -3.5150304e-06  -2.6652640e-06  -2.1233693e-06  -1.7256388e-06  -1.3130352e-06  -7.5504573e-07  -9.0160353e-07  -3.0417638e-07  -4.4593585e-07  -1.3769957e-07  -1.2258865e-07  -1.1478606e-07  -3.3896587e-08
   0.0000000e+00   0.0000000e+00  -6.0817415e-06  -9.9875615e-06  -1.1142994e-05  -1.0649265e-05  -1.1473531e-05  -9.8577757e-06  -6.8527597e-06  -4.9359528e-06  -3.4822708e-06  -2.6258863e-06  -2.1047540e-06  -1.6148024e-06  -1.3927882e-06  -9.4439054e-07  -6.4845318e-07  -4.2380097e-07  -4.2161074e-07  -1.8446339e-07  -2.2852720e-07  -3.0209332e-08   1.3333609e-08
   0.0000000e+00   0.0000000e+00  -6.2684185e-06  -9.8041301e-06  -1.1337121e-05  -1.0589984e-05  -1.1449168e-05  -9.9981426e-06  -6.8251456e-06  -4.7099093e-06  -3.4756524e-06  -2.7619812e-06  -2.1616597e-06  -1.6361168e-06  -1.3888631e-06  -8.5046361e-07  -7.3018504e-07  -4.7357477e-07  -4.4971770e-07  -8.4318586e-08  -2.1671809e-07  -1.6460510e-07  -5.5655470e-08
   0.0000000e+00   0.0000000e+00  -6.1734809e-06  -9.9267754e-06  -1.1246833e-05  -1.0576584e-05  -1.1433531e-05  -1.0013365e-05  -6.9371695e-06  -4.7508756e-06  -3.5025969e-06  -2.6190703e-06  -2.1025874e-06  -1.6373883e-06  -1.4012045e-06  -1.0050146e-06  -6.3962977e-07  -4.6497701e-07  -3.9626181e-07  -3.1545048e-07  -1.6809371e-07  -3.9751843e-08  -4.8331341e-08
   0.0000000e+00   0.0000000e+00  -6.1436012e-06  -9.8738938e-06  -1.1286793e-05  -1.0635363e-05  -1.1355152e-05  -9.7847778e-06  -6.9981338e-06  -4.6945493e-06  -3.5748415e-06  -2.6866635e-06  -2.1779936e-06  -1.7491619e-06  -1.1429295e-06  -9.9473584e-07  -7.8694910e-07  -4.2896511e-07  -4.1265682e-07  -2.2680345e-07  -1.9409738e-07  -1.0760586e-07  -1.7997081e-07
   0.0000000e+00   0.0000000e+00  -6.0876532e-06  -9.9518811e-06  -1.1257474e-05  -1.0621784e-05  -1.1588852e-05  -9.8969404e-06  -6.8853910e-06  -4.7968460e-06  -3.3560266e-06  -2.6653991e-06  -2.0400250e-06  -1.8160883e-06  -1.2888453e-06  -1.0380738e-06  -6.0486263e-07  -5.7186207e-07  -2.6999410e-07  -3.8404440e-07  -1.9529951e-07  -9.4249550e-09  -9.3452172e-08
   0.0000000e+00   0.0000000e+00  -6.1876904e-06  -9.8401943e-06  -1.1267462e-05  -1.0568826e-05  -1.1380739e-05  -1.0017980e-05  -6.8346098e-06  -4.7625545e-06  -3.5741189e-06  -2.6904938e-06  -2.1060996e-06  -1.6091205e-06  -1.3369538e-06  -9.5801522e-07  -6.5800259e-07  -6.2877382e-07  -2.7358703e-07  -2.5251293e-07  -2.3516962e-07  -1.0066144e-07  -9.4121311e-10
   0.0000000e+00   0.0000000e+00  -6.2073268e-06  -9.8830842e-06  -1.1183898e-05  -1.0766374e-05  -1.1300228e-05  -9.9490562e-06  -6.9254356e-06  -4.7000653e-06  -3.4007003e-06  -2.6804253e-06  -2.0172986e-06  -1.7886201e-06  -1.3388816e-06  -9.2717261e-07  -6.0718463e-07  -5.8746451e-07  -4.1562009e-07  -1.4062250e-07  -2.2795615e-07  -6.0506579e-08  -1.5222751e-07
   0.0000000e+00   0.0000000e+00  -6.1659630e-06  -9.9430226e-06  -1.1257614e-05  -1.0536911e-05  -1.1563126e-05  -9.8245955e-06  -6.9461935e-06  -4.8218681e-06  -3.4682823e-06  -2.5687070e-06  -2.2287300e-06  -1.5238019e-06  -1.3213169e-06  -1.0109047e-06  -7.1491115e-07  -4.7531179e-07  -3.4870905e-07  -3.4125011e-07  -1.7268944e-07  -4.8655000e-08  -6.4673649e-09
   0.0000000e+00   0.0000000e+00  -6.0693092e-06  -9.8537193e-06  -1.1330823e-05  -1.0588677e-05  -1.1399294e-05  -9.9124973e-06  -6.9536545e-06  -4.5255456e-06  -3.5834134e-06  -2.6957628e-06  -1.9852394e-06  -1.7500539e-06  -1.2737577e-06  -8.9745913e-07  -8.0885155e-07  -4.4864748e-07  -4.1721941e-07  -2.8768150e-07  -1.5755312e-07  -1.9597405e-07   9.9868114e-09
   0.0000000e+00   0.0000000e+00  -6.1935848e-06  -9.8571136e-06  -1.1308032e-05  -1.0514469e-05  -1.1518991e-05  -9.9886311e-06  -6.8045629e-06  -4.8858219e-06  -3.3791903e-06  -2.6567620e-06  -2.0142538e-06  -1.7202715e-06  -1.3446212e-06  -9.0547366e-07  -7.2882085e-07  -4.8681648e-07  -5.1784212e-07  -2.2310670e-07  -2.3118506e-07  -1.3070216e-07  -6.8667674e-08
   0.0000000e+00   0.0000000e+00  -6.2040431e-06  -9.8869014e-06  -1.1172493e-05  -1.0697196e-05  -1.1286149e-05  -9.9246708e-06  -6.8451850e-06  -4.8001170e-06  -3.4351021e-06  -2.7111676e-06  -2.1708406e-06  -1.5664809e-06  -1.3035127e-06  -9.7174518e-07  -7.4900498e-07  -5.2528588e-07  -3.3842181e-07  -3.5236516e-07  -1.9959400e-07  -1.9341314e-07   2.5993186e-08
   0.0000000e+00   0.0000000e+00  -6.1150886e-06  -1.0047199e-05  -1.1144825e-05  -1.0697162e-05  -1.1485315e-05  -9.8539904e-06  -6.9055145e-06  -4.7397125e-06  -3.3973033e-06  -2.5702175e-06  -2.1377857e-06  -1.7196891e-06  -1.3163383e-06  -1.0104148e-06  -6.0988771e-07  -5.5736530e-07  -4.5704724e-07  -2.7064684e-07  -1.9682957e-07  -1.7073367e-07  -5.2902955e-08
   0.0000000e+00   0.0000000e+00  -6.0473135e-06  -9.8212822e-06  -1.1332143e-05  -1.0565592e-05  -1.1402904e-05  -9.8678765e-06  -6.9198504e-06  -4.6707050e-06  -3.6591316e-06  -2.6284542e-06  -2.0520172e-06  -1.6877796e-06  -1.3275385e-06  -9.4095299e-07  -7.2026683e-07  -5.9684936e-07  -3.2979054e-07  -3.5043931e-07  -1.3831053e-07  -1.8162545e-07  -1.1645565e-07
   0.0000000e+00   0.0000000e+00  -6.2920221e-06  -9.7890515e-06  -1.1330027e-05  -1.0534917e-05  -1.1407146e-05  -9.9677382e-06  -6.9489765e-06  -4.4690578e-06  -3.5246017e-06  -2.6252624e-06  -2.0941691e-06  -1.7376960e-06  -1.2207356e-06  -1.1090220e-06  -7.1205500e-07  -4.5814079e-07  -3.4717982e-07  -4.0280312e-07  -2.8932311e-07  -3.7933767e-09  -5.7759667e-08
   0.0000000e+00   0.0000000e+00  -6.1451296e-06  -9.9771441e-06  -1.1188401e-05  -1.0699276e-05  -1.1349248e-05  -9.8333394e-06  -6.8658810e-06  -4.8714996e-06  -3.2988753e-06  -2.7471831e-06  -2.1246526e-06  -1.6378635e-06  -1.3358784e-06  -9.2260098e-07  -7.6424152e-07  -6.1095864e-07  -4.1181247e-07  -3.2608085e-07  -3.0455862e-08  -3.2258089e-07  -6.0017612e-08
   0.0000000e+00   0.0000000e+00  -6.1231653e-06  -9.9448353e-06  -1.1238169e-05  -1.0586546e-05  -1.1445204e-05  -9.8662113e-06  -6.8051468e-06  -4.8184734e-06  -3.4489105e-06  -2.5428260e-06  -2.0097687e-06  -1.7542193e-06  -1.3866613e-06  -9.6163524e-07  -7.3954396e-07  -4.3609629e-07  -5.5361221e-07  -2.8738290e-07  -2.4109579e-07  -1.2981758e-07  -4.1395373e-10
   0.0000000e+00   0.0000000e+00  -6.1277283e-06  -9.9322342e-06  -1.1229436e-05  -1.0583166e-05  -1.1490944e-05  -9.8664950e-06  -6.8276900e-06  -4.5295424e-06  -3.5507492e-06  -2.6626085e-06  -2.1897756e-06  -1.5927801e-06  -1.2903282e-06  -9.0785420e-07  -8.1011757e-07  -6.2289030e-07  -3.9443296e-07  -2.9054078e-07  -2.1339937e-07  -2.6753153e-07   2.6979942e-08
   0.0000000e+00   0.0000000e+00  -6.2993436e-06  -9.7260508e-06  -1.1384036e-05  -1.0577247e-05  -1.1330062e-05  -9.8540377e-06  -7.0437613e-06  -4.5963830e-06  -3.4988607e-06  -2.5607837e-06  -1.9572879e-06  -1.7592394e-06  -1.3129987e-06  -1.0228819e-06  -7.2565058e-07  -4.4323735e-07  -4.8224399e-07  -4.2776773e-07  -1.6703609e-07  -2.3862444e-07   4.2200320e-08
   0.0000000e+00   0.0000000e+00  -6.1312116e-06  -1.0045404e-05  -1.1156509e-05  -1.0691460e-05  -1.1356643e-05  -9.8542205e-06  -6.8180125e-06  -4.6830114e-06  -3.4300897e-06  -2.6283458e-06  -2.2301981e-06  -1.5984673e-06  -1.2630015e-06  -9.7208465e-07  -7.1477342e-07  -5.6454718e-07  -4.4902288e-07  -3.5993375e-07  -1.8978599e-07  -2.1074737e-07  -1.7458029e-07
   0.0000000e+00   0.0000000e+00  -6.0533321e-06  -9.9872359e-06  -1.1239378e-05  -1.0613669e-05  -1.1438947e-05  -9.9568406e-06  -6.7866081e-06  -4.7438289e-06  -3.3621791e-06  -2.6870684e-06  -1.9894067e-06  -1.6962531e-06  -1.3482490e-06  -9.7542136e-07  -7.1279879e-07  -5.6413853e-07  -3.2483882e-07  -4.1252059e-07  -3.5856365e-07  -5.3707460e-08  -4.3064013e-08
   0.0000000e+00   0.0000000e+00  -6.2543932e-06  -9.8404180e-06  -1.1295333e-05  -1.0588381e-05  -1.1375812e-05  -9.8545779e-06  -6.8170434e-06  -4.8433194e-06  -3.3833030e-06  -2.6888376e-06  -2.0192110e-06  -1.7002553e-06  -1.3836593e-06  -8.9627270e-07  -6.3383317e-07  -7.8447835e-07  -3.0648192e-07  -3.1990186e-07  -2.0607719e-07  -2.4979241e-07  -1.3710581e-07
   0.0000000e+00   0.0000000e+00  -6.2220311e-06  -9.8343835e-06  -1.1323472e-05  -1.0557586e-05  -1.1526973e-05  -9.8328328e-06  -6.9184284e-06  -4.5401866e-06  -3.5539642e-06  -2.5948259e-06  -2.1533126e-06  -1.6497719e-06  -1.2711579e-06  -1.1260049e-06  -6.2904428e-07  -5.3285760e-07  -4.4723632e-07  -3.7037537e-07  -2.7413833e-07  -5.0332034e-08  -9.3523816e-08
   0.0000000e+00   0.0000000e+00  -6.0720677e-06  -9.9731096e-06  -1.1208787e-05  -1.0641768e-05  -1.1382179e-05  -9.9210984e-06  -6.9430889e-06  -4.6543910e-06  -3.4877251e-06  -2.6241280e-06  -2.1506817e-06  -1.7236292e-06  -1.2776948e-06  -9.8523640e-07  -7.9636760e-07  -5.2018618e-07  -4.1928570e-07  -3.4071402e-07  -2.2162995e-07  -1.0982676e-07  -1.3306820e-07
   0.0000000e+00   0.0000000e+00  -6.1860342e-06  -1.0007788e-05  -1.1235374e-05  -1.0583945e-05  -1.1356601e-05  -9.8931987e-06  -6.8580143e-06  -4.7889362e-06  -3.4452662e-06  -2.6442735e-06  -2.0447280e-06  -1.7406529e-06  -1.3854116e-06  -9.7827922e-07  -7.1917685e-07  -5.7369471e-07  -4.6442955e-07  -2.8378713e-07  -1.8763561e-07  -2.1149899e-07   4.2901455e-08
   0.0000000e+00   0.0000000e+00  -6.2002523e-06  -9.7832572e-06  -1.1303832e-05  -1.0741854e-05  -1.1335550e-05  -9.9035396e-06  -6.8785721e-06  -4.6599230e-06  -3.4327497e-06  -2.8140551e-06  -2.0319449e-06  -1.7155156e-06  -1.3973322e-06  -8.9811005e-07  -8.5287530e-07  -5.6155142e-07  -3.8727421e-07  -2.5580465e-07  -3.3417498e-07  -6.7040169e-08  -7.2301751e-09
   0.0000000e+00   0.0000000e+00  -6.2340218e-06  -9.8365035e-06  -1.1269696e-05  -1.0514802e-05  -1.1573364e-05  -9.8829660e-06  -6.7989763e-06  -4.8296156e-06  -3.4130119e-06  -2.6102191e-06  -2.1365265e-06  -1.6859150e-06  -1.4065420e-06  -9.9439478e-07  -7.5956689e-07  -4.8067830e-07  -5.6655927e-07  -2.5627546e-07  -1.7344620e-07  -2.1360468e-07  -7.0510104e-09
   0.0000000e+00   0.0000000e+00  -6.0607749e-06  -1.0032088e-05  -1.1202591e-05  -1.0616956e-05  -1.1341113e-05  -9.8594692e-06  -6.9745256e-06  -4.5587967e-06  -3.6110264e-06  -2.5573140e-06  -2.1071933e-06  -1.7689019e-06  -1.2610960e-06  -1.0419137e-06  -7.5371275e-07  -5.3846117e-07  -4.4294399e-07  -3.6215900e-07  -1.6184499e-07  -1.3750436e-07  -1.7348171e-07
   0.0000000e+00   0.0000000e+00  -6.1248843e-06  -1.0007386e-05  -1.1263585e-05  -1.0572259e-05  -1.1441744e-05  -9.8871660e-06  -6.9088851e-06  -4.6718592e-06  -3.4845600e-06  -2.5296374e-06  -2.2295576e-06  -1.6036895e-06  -1.3415362e-06  -1.0435843e-06  -7.7164589e-07  -4.8624884e-07  -4.2463026e-07  -3.0925324e-07  -3.0616877e-07  -1.1861619e-07  -3.0151473e-10
   0.0000000e+00   0.0000000e+00  -6.2763579e-06  -9.6754811e-06  -1.1341407e-05  -1.0681459e-05  -1.1321837e-05  -9.8974524e-06  -6.8460458e-06  -4.7388407e-06  -3.3666556e-06  -2.8151389e-06  -1.9965125e-06  -1.6870403e-06  -1.4286600e-06  -8.9462060e-07  -6.9742333e-07  -6.6407023e-07  -3.5226958e-07  -2.9059976e-07  -2.6413653e-07  -7.9171315e-08  -2.1516526e-07
   0.0000000e+00   0.0000000e+00  -6.1652318e-06  -9.9460767e-06  -1.1235570e-05  -1.0577810e-05  -1.1509233e-05  -9.9063436e-06  -6.7831174e-06  -4.8152820e-06  -3.3663964e-06  -2.6220237e-06  -2.0684208e-06  -1.7178340e-06  -1.3434461e-06  -1.0886478e-06  -5.9941101e-07  -5.7056877e-07  -4.3000648e-07  -2.6886411e-07  -2.4663058e-07  -1.4296745e-07  -1.9669280e-08
   0.0000000e+00   0.0000000e+00  -6.1286337e-06  -1.0028694e-05  -1.1184230e-05  -1.0581492e-05  -1.1429383e-05  -9.8373212e-06  -6.9339062e-06  -4.6680266e-06  -3.4839120e-06  -2.7460762e-06  -2.0606628e-06  -1.7444181e-06  -1.2291692e-06  -1.0070008e-06  -8.4633268e-07  -5.0147941e-07  -3.3646589e-07  -3.5933513e-07  -2.1987911e-07  -1.1756109e-07  -1.3126602e-07
   0.0000000e+00   0.0000000e+00  -6.1349961e-06  -9.9263616e-06  -1.1283443e-05  -1.0670095e-05  -1.1346222e-05  -9.9359531e-06  -6.8874419e-06  -4.6479936e-06  -3.5450805e-06  -2.5033901e-06  -2.1194876e-06  -1.8270707e-06  -1.3249512e-06  -1.0257378e-06  -6.8447048e-07  -5.1972393e-07  -5.4785511e-07  -1.8217938e-07  -3.2238822e-07  -1.0163640e-07  -4.9638505e-08
   0.0000000e+00   0.0000000e+00  -6.1996120e-06  -9.8123555e-06  -1.1356693e-05  -1.0642403e-05  -1.1406488e-05  -9.8379678e-06  -6.9627517e-06  -4.6505547e-06  -3.5223998e-06  -2.7709564e-06  -2.0755017e-06  -1.6638277e-06  -1.3950776e-06  -1.0301054e-06  -7.0030740e-07  -6.4606405e-07  -4.2332670e-07  -2.5160671e-07  -2.2881666e-07  -2.0829451e-07  -7.1934060e-08
   0.0000000e+00   0.0000000e+00  -6.2281233e-06  -9.8877399e-06  -1.1289163e-05  -1.0557891e-05  -1.1458654e-05  -9.9988974e-06  -6.7534693e-06  -4.8381889e-06  -3.3729712e-06  -2.6581679e-06  -2.2278075e-06  -1.5488407e-06  -1.5057875e-06  -9.8734745e-07  -8.5489387e-07  -4.3264231e-07  -4.4914088e-07  -3.5925333e-07  -3.0849338e-07  -4.2871960e-08  -8.7861004e-08
   0.0000000e+00   0.0000000e+00  -6.1299506e-06  -1.0009988e-05  -1.1172658e-05  -1.0645560e-05  -1.1542096e-05  -9.7755355e-06  -6.8860186e-06  -4.8127476e-06  -3.4365369e-06  -2.6797529e-06  -2.1427384e-06  -1.8434768e-06  -1.2880799e-06  -9.6550696e-07  -8.1052650e-07  -6.2638657e-07  -4.5942309e-07  -2.6696785e-07  -2.1201443e-07  -8.8935039e-08  -2.8685338e-07
   0.0000000e+00   0.0000000e+00  -6.1621581e-06  -9.9105846e-06  -1.1287385e-05  -1.0675006e-05  -1.1332015e-05  -9.9162380e-06  -6.9883295e-06  -4.6027276e-06  -3.6104836e-06  -2.6107928e-06  -2.0380476e-06  -1.7514643e-06  -1.4427209e-06  -1.0347186e-06  -7.8339156e-07  -5.4358617e-07  -4.1408626e-07  -3.9082255e-07  -2.6985666e-07  -7.3087350e-08  -1.1128352e-08
   0.0000000e+00   0.0000000e+00  -6.2051017e-06  -9.8929968e-06  -1.1359549e-05  -1.0572562e-05  -1.1391494e-05  -1.0023805e-05  -6.8843178e-06  -4.5900911e-06  -3.5511780e-06  -2.7153869e-06  -2.1380074e-06  -1.7503054e-06  -1.2694663e-06  -1.1227521e-06  -7.2947091e-07  -6.6188960e-07  -4.8009116e-07  -2.1404509e-07  -2.9471065e-07  -1.7811864e-07  -1.0820937e-07
   0.0000000e+00   0.0000000e+00  -6.0755142e-06  -9.9383751e-06  -1.1219198e-05  -1.0601096e-05  -1.1527687e-05  -9.7719003e-06  -6.9620705e-06  -4.7876683e-06  -3.5041137e-06  -2.5921947e-06  -2.1316923e-06  -1.8079379e-06  -1.3081115e-06  -1.1627607e-06  -6.6129758e-07  -6.1807515e-07  -5.1150903e-07  -3.3698652e-07  -2.6492413e-07  -1.0553013e-07  -1.5885347e-07
   0.0000000e+00   0.0000000e+00  -6.2072540e-06  -9.8831424e-06  -1.1249948e-05  -1.0580836e-05  -1.1492349e-05  -9.8796509e-06  -6.7659757e-06  -4.8369711e-06  -3.4293828e-06  -2.6974217e-06  -2.1673134e-06  -1.6953280e-06  -1.3437964e-06  -1.0997601e-06  -7.8769483e-07  -5.6993679e-07  -4.4199280e-07  -3.6279445e-07  -2.7670507e-07  -1.4645070e-07  -8.9413405e-08
   0.0000000e+00   0.0000000e+00  -6.2394874e-06  -9.9014169e-06  -1.1244028e-05  -1.0714034e-05  -1.1284045e-05  -9.9720564e-06  -7.0064893e-06  -4.5815018e-06  -3.5127077e-06  -2.7198405e-06  -2.1325804e-06  -1.7145144e-06  -1.4307998e-06  -9.2279504e-07  -8.7250220e-07  -5.4599269e-07  -4.1421393e-07  -4.1650119e-07  -1.6620648e-07  -1.7747882e-07  -1.2776511e-07
   0.0000000e+00   0.0000000e+00  -6.0834300e-06  -9.9184354e-06  -1.1330857e-05  -1.0466287e-05  -1.1444556e-05  -9.8836708e-06  -6.9246794e-06  -4.7089070e-06  -3.5521184e-06  -2.6292569e-06  -2.0971077e-06  -1.7435067e-06  -1.4251132e-06  -9.6601980e-07  -8.5025590e-07  -5.0549664e-07  -4.7578962e-07  -2.9347132e-07  -2.8318226e-07  -9.2674490e-08  -1.3388359e-07
   0.0000000e+00   0.0000000e+00  -6.1370151e-06  -9.8397186e-06  -1.1242590e-05  -1.0641223e-05  -1.1448582e-05  -9.8628207e-06  -6.7364167e-06  -4.8041375e-06  -3.4779064e-06  -2.5513268e-06  -2.3244634e-06  -1.6381766e-06  -1.3694306e-06  -9.6845235e-07  -7.9711333e-07  -6.0077696e-07  -4.0658622e-07  -3.6564742e-07  -1.7815545e-07  -1.9818775e-07  -1.1699482e-08
   0.0000000e+00   0.0000000e+00  -6.1738992e-06  -9.9645767e-06  -1.1143670e-05  -1.0655243e-05  -1.1386303e-05  -9.8857035e-06  -6.9586772e-06  -4.6663054e-06  -3.5261562e-06  -2.6663870e-06  -2.0283899e-06  -1.7555525e-06  -1.3533988e-06  -1.0728915e-06  -6.9092857e-07  -5.0394408e-07  -5.4200819e-07  -2.2234016e-07  -2.8998048e-07  -1.8978081e-07   6.5558758e-08
   0.0000000e+00   0.0000000e+00  -6.2154681e-06  -9.8457904e-06  -1.1344425e-05  -1.0536838e-05  -1.1299947e-05  -9.9718081e-06  -6.8792815e-06  -4.6476180e-06  -3.3868187e-06  -2.8553673e-06  -1.9307295e-06  -1.7482973e-06  -1.3704482e-06  -9.7838904e-07  -6.7717906e-07  -6.4429008e-07  -3.8020511e-07  -2.7203157e-07  -2.6993996e-07  -1.2802936e-07  -8.6139487e-08
   0.0000000e+00   0.0000000e+00  -6.1700234e-06  -9.8566970e-06  -1.1213249e-05  -1.0670272e-05  -1.1426617e-05  -9.7958455e-06  -6.9012963e-06  -4.7148683e-06  -3.4144130e-06  -2.6524608e-06  -2.0832410e-06  -1.7293070e-06  -1.1769472e-06  -1.0236568e-06  -7.4819172e-07  -5.6948852e-07  -2.9983758e-07  -3.6838972e-07  -2.5528496e-07  -1.4674823e-07   4.8374012e-08
   0.0000000e+00   0.0000000e+00  -6.0772222e-06  -9.9478902e-06  -1.1210848e-05  -1.0524031e-05  -1.1526197e-05  -9.8328701e-06  -6.8517834e-06  -4.8415177e-06  -3.3451258e-06  -2.5637305e-06  -2.1024521e-06  -1.7243957e-06  -1.2688377e-06  -9.4623726e-07  -6.6393488e-07  -5.7173628e-07  -3.7454788e-07  -3.5782921e-07  -1.7834121e-07  -1.1299051e-07  -2.2006130e-07
   0.0000000e+00   0.0000000e+00  -6.1699252e-06  -9.8974024e-06  -1.1314241e-05  -1.0593407e-05  -1.1309056e-05  -9.9958797e-06  -6.7790943e-06  -4.6774139e-06  -3.5591390e-06  -2.5614199e-06  -2.1187295e-06  -1.4536764e-06  -1.4502161e-06  -9.4741648e-07  -5.8060652e-07  -6.5323354e-07  -2.9063364e-07  -3.5102647e-07  -2.1616871e-07  -1.2231129e-07  -1.1182630e-07
   0.0000000e+00   0.0000000e+00  -6.1746541e-06  -9.9317194e-06  -1.1199424e-05  -1.0687708e-05  -1.1407577e-05  -9.8596147e-06  -7.0008209e-06  -4.5654783e-06  -3.5000148e-06  -2.7136887e-06  -1.9572406e-06  -1.6585767e-06  -1.3221975e-06  -8.9110586e-07  -6.7086165e-07  -5.8978679e-07  -3.1509322e-07  -3.1738665e-07  -2.8100064e-07  -6.8652113e-08  -4.9186088e-08
   0.0000000e+00   0.0000000e+00  -6.1859878e-06  -9.8472037e-06  -1.1241433e-05  -1.0584342e-05  -1.1492006e-05  -9.8512000e-06  -6.9064072e-06  -4.8116299e-06  -3.3610759e-06  -2.6023208e-06  -2.1009503e-06  -1.6905625e-06  -1.2883138e-06  -8.7896586e-07  -7.7082177e-07  -4.6038440e-07  -4.2459101e-07  -3.1108868e-07  -1.3064157e-07  -2.1033408e-07  -8.8291216e-08
   0.0000000e+00   0.0000000e+00  -6.1949436e-06  -9.9415010e-06  -1.1282454e-05  -1.0619110e-05  -1.1376152e-05  -9.9811214e-06  -6.8682880e-06  -4.6921286e-06  -3.5037183e-06  -2.6518187e-06  -2.0753150e-06  -1.6991746e-06  -1.1348458e-06  -1.1147785e-06  -7.6442171e-07  -3.3732013e-07  -5.4300506e-07  -2.7332459e-07  -1.8091286e-07  -1.7007810e-07  -2.9353425e-08
   0.0000000e+00   0.0000000e+00  -6.0353418e-06  -9.9245735e-06  -1.1281721e-05  -1.0648857e-05  -1.1426723e-05  -9.8916953e-06  -6.9118842e-06  -4.7608200e-06  -3.4373643e-06  -2.6692783e-06  -2.0867462e-06  -1.6893956e-06  -1.3206696e-06  -9.2751526e-07  -7.4734129e-07  -4.7090128e-07  -5.3862988e-07  -2.2894285e-07  -2.1323925e-07  -2.5422085e-07   1.0326450e-07
   0.0000000e+00   0.0000000e+00  -6.2969689e-06  -9.8131695e-06  -1.1281320e-05  -1.0609941e-05  -1.1427443e-05  -9.9180634e-06  -6.8793738e-06  -4.7265621e-06  -3.5242069e-06  -2.6102757e-06  -2.0382085e-06  -1.7542011e-06  -1.3740189e-06  -9.5686562e-07  -6.7534120e-07  -5.5862552e-07  -4.6881229e-07  -2.0989947e-07  -3.3380252e-07  -1.7961311e-07  -1.7727812e-08
   0.0000000e+00   0.0000000e+00  -6.1428918e-06  -9.9871268e-06  -1.1199327e-05  -1.0631333e-05  -1.1534391e-05  -9.8198025e-06  -6.9488433e-06  -4.6712430e-06  -3.4664190e-06  -2.6701391e-06  -2.2341005e-06  -1.5434774e-06  -1.3905178e-06  -9.7002328e-07  -8.1371081e-07  -4.6733723e-07  -4.1490824e-07  -3.5020184e-07  -1.6384864e-07  -2.3558037e-07  -1.0461839e-07
   0.0000000e+00   0.0000000e+00  -6.0571051e-06  -9.9358385e-06  -1.1368583e-05  -1.0479865e-05  -1.1415381e-05  -1.0024271e-05  -6.8618115e-06  -4.7093263e-06  -3.5718469e-06  -2.5268753e-06  -2.1916305e-06  -1.7665906e-06  -1.2960980e-06  -9.7687746e-07  -7.8400780e-07  -5.0498431e-07  -3.7786998e-07  -4.4531433e-07  -6.3412202e-08  -1.3259871e-07  -2.6768302e-07
   0.0000000e+00   0.0000000e+00  -6.2852641e-06  -9.7522225e-06  -1.1231570e-05  -1.0806712e-05  -1.1259906e-05  -9.8859546e-06  -6.9022053e-06  -4.7184208e-06  -3.4598429e-06  -2.7208221e-06  -2.0693644e-06  -1.6772650e-06  -1.4984198e-06  -9.5993948e-07  -7.4355921e-07  -5.9951395e-07  -2.5669098e-07  -3.9945468e-07  -2.1194030e-07  -4.8995425e-08  -1.2789666e-07
   0.0000000e+00   0.0000000e+00  -6.1410442e-06  -9.9857443e-06  -1.1221958e-05  -1.0603282e-05  -1.1503667e-05  -9.8994278e-06  -6.8343793e-06  -4.7005042e-06  -3.4601314e-06  -2.7359938e-06  -2.0600562e-06  -1.8022985e-06  -1.2720428e-06  -1.1034698e-06  -6.9049332e-07  -6.4903344e-07  -3.6612730e-07  -1.7676034e-07  -3.7987971e-07  -2.4334357e-08   3.0559395e-08
   0.0000000e+00   0.0000000e+00  -6.1403625e-06  -9.9579584e-06  -1.1247557e-05  -1.0518643e-05  -1.1486729e-05  -9.8368246e-06  -6.9554626e-06  -4.7666858e-06  -3.3969513e-06  -2.6627265e-06  -2.1878081e-06  -1.7424638e-06  -1.3369929e-06  -1.0752289e-06  -5.9090513e-07  -7.3212993e-07  -4.0647083e-07  -2.0807835e-07  -1.8954627e-07  -1.2287788e-07  -1.2461443e-07
   0.0000000e+00   0.0000000e+00  -6.0747329e-06  -9.9291683e-06  -1.1306395e-05  -1.0524780e-05  -1.1412974e-05  -9.9591925e-06  -6.7310184e-06  -4.7452049e-06  -3.5270032e-06  -2.6218111e-06  -2.1105911e-06  -1.7873418e-06  -1.2809555e-06  -1.1745152e-06  -7.5451777e-07  -3.5790018e-07  -5.8311491e-07  -2.4319266e-07  -1.3040848e-07  -1.8365641e-07  -3.1973618e-10
   0.0000000e+00   0.0000000e+00  -6.2264266e-06  -9.7398315e-06  -1.1282314e-05  -1.0777077e-05  -1.1356226e-05  -9.8449436e-06  -6.9691196e-06  -4.6155842e-06  -3.4682221e-06  -2.7298477e-06  -2.1002340e-06  -1.7220860e-06  -1.3725235e-06  -9.3328759e-07  -8.5499033e-07  -5.3926675e-07  -3.1220171e-07  -3.9002703e-07  -1.9622061e-07   6.4567934e-10  -1.1785716e-07
   0.0000000e+00   0.0000000e+00  -6.2942299e-06  -9.9447298e-06  -1.1247776e-05  -1.0551325e-05  -1.1407325e-05  -9.9526560e-06  -6.8062632e-06  -4.8273723e-06  -3.4013976e-06  -2.6521523e-06  -2.1387816e-06  -1.7088875e-06  -1.4831686e-06  -8.9081766e-07  -7.3772731e-07  -5.7200617e-07  -3.7982488e-07  -2.3992524e-07  -2.4766717e-07  -1.5218123e-07   9.8106149e-08
   0.0000000e+00   0.0000000e+00  -5.9546924e-06  -1.0018111e-05  -1.1238411e-05  -1.0595926e-05  -1.1486159e-05  -9.7980583e-06  -6.9322373e-06  -4.6444993e-06  -3.3720555e-06  -2.8087613e-06  -2.1305686e-06  -1.6240539e-06  -1.4665699e-06  -9.2304805e-07  -7.5414124e-07  -5.5457878e-07  -3.7038578e-07  -2.5162126e-07  -1.4894282e-07  -1.4373659e-07  -1.4694672e-07
   0.0000000e+00   0.0000000e+00  -6.2455374e-06  -9.8641049e-06  -1.1241353e-05  -1.0577292e-05  -1.1505354e-05  -9.9326389e-06  -6.8423669e-06  -4.7493845e-06  -3.5270477e-06  -2.4467356e-06  -2.2691397e-06  -1.7008117e-06  -1.3153028e-06  -1.0785244e-06  -6.5558987e-07  -5.0816163e-07  -3.9867984e-07  -3.5219045e-07  -1.3726581e-07  -4.5512120e-08  -1.3778650e-07
   0.0000000e+00   0.0000000e+00  -6.2321265e-06  -9.8441024e-06  -1.1334219e-05  -1.0723620e-05  -1.1177764e-05  -9.9955905e-06  -6.8277204e-06  -4.6568052e-06  -3.6561987e-06  -2.6271775e-06  -1.9831032e-06  -1.9822223e-06  -1.1838418e-06  -1.0308496e-06  -7.3338327e-07  -4.8607166e-07  -4.5189333e-07  -2.0338790e-07  -2.5708124e-07  -1.4262287e-07   1.1402359e-08
   0.0000000e+00   0.0000000e+00  -6.0805446e-06  -9.9976005e-06  -1.1285933e-05  -1.0567995e-05  -1.1573616e-05  -9.8216633e-06  -6.9244752e-06  -4.6534633e-06  -3.3831543e-06  -2.7795745e-06  -2.1303392e-06  -1.6391314e-06  -1.4262289e-06  -1.0186227e-06  -6.7836771e-07  -5.9805018e-07  -3.0088330e-07  -3.4090905e-07  -2.1987262e-07  -1.1427950e-07  -7.4952304e-08
   0.0000000e+00   0.0000000e+00  -6.2194522e-06  -9.8318778e-06  -1.1279598e-05  -1.0552872e-05  -1.1477988e-05  -9.8589362e-06  -6.9602884e-06  -4.7204121e-06  -3.4027628e-06  -2.7761819e-06  -2.0867421e-06  -1.7320802e-06  -1.2646843e-06  -1.1028673e-06  -6.3224820e-07  -5.5032592e-07  -4.1569947e-07  -3.0473001e-07  -1.9223653e-07  -9.8867368e-08  -1.4032322e-07
   0.0000000e+00   0.0000000e+00  -6.1649221e-06  -9.9462741e-06  -1.1325887e-05  -1.0638238e-05  -1.1395800e-05  -9.8258097e-06  -6.8476807e-06  -4.8470315e-06  -3.3863500e-06  -2.5474708e-06  -2.2569293e-06  -1.7111546e-06  -1.3849500e-06  -8.9089616e-07  -7.7725139e-07  -5.0231029e-07  -3.7256231e-07  -3.4249172e-07  -1.1053812e-07  -1.8820101e-07  -5.5139262e-09
   0.0000000e+00   0.0000000e+00  -6.1828100e-06  -9.9584504e-06  -1.1191912e-05  -1.0721994e-05  -1.1418329e-05  -1.0023362e-05  -6.7494479e-06  -4.6327009e-06  -3.6942120e-06  -2.5305351e-06  -2.1053888e-06  -1.6966630e-06  -1.3488337e-06  -1.0015723e-06  -6.7402186e-07  -5.7338235e-07  -3.3672228e-07  -2.9624982e-07  -2.3154830e-07  -4.9574645e-08  -8.4755740e-08
   0.0000000e+00   0.0000000e+00  -6.1324195e-06  -9.8333712e-06  -1.1279251e-05  -1.0620322e-05  -1.1330104e-05  -9.9966837e-06  -6.9398429e-06  -4.5497054e-06  -3.5565199e-06  -2.7096767e-06  -2.0068512e-06  -1.6816173e-06  -1.3818039e-06  -9.4349838e-07  -7.0152731e-07  -5.4341712e-07  -4.2664212e-07  -1.9502724e-07  -2.2974736e-07  -1.1605812e-07  -4.1559126e-08
   0.0000000e+00   0.0000000e+00  -6.0815746e-06  -1.0010268e-05  -1.1283423e-05  -1.0552762e-05  -1.1549560e-05  -9.7133416e-06  -6.9340022e-06  -4.9178320e-06  -3.1542575e-06  -2.7242413e-06  -2.1698427e-06  -1.7093689e-06  -1.2406229e-06  -1.0401424e-06  -6.7703149e-07  -5.1661965e-07  -4.4920139e-07  -2.5876983e-07  -1.7927333e-07  -1.2360753e-07  -5.5982390e-08
   0.0000000e+00   0.0000000e+00  -6.3766806e-06  -9.7125258e-06  -1.1311968e-05  -1.0661976e-05  -1.1365901e-05  -9.9648878e-06  -6.9179864e-06  -4.6153446e-06  -3.6248875e-06  -2.5586144e-06  -2.0881730e-06  -1.6797909e-06  -1.2598904e-06  -1.0300594e-06  -7.5921241e-07  -4.7938823e-07  -3.6415869e-07  -3.2482640e-07  -3.1359690e-07  -4.8675011e-09  -7.2235004e-08
   0.0000000e+00   0.0000000e+00  -6.0428820e-06  -1.0040580e-05  -1.1154785e-05  -1.0569350e-05  -1.1477725e-05  -1.0011954e-05  -6.7605388e-06  -4.7505087e-06  -3.4389252e-06  -2.7364640e-06  -1.9704155e-06  -1.7603670e-06  -1.3660059e-06  -8.9316842e-07  -7.3015110e-07  -5.6193869e-07  -4.1078769e-07  -3.0937676e-07  -1.3948764e-07  -1.8236437e-07  -1.3588537e-07
   0.0000000e+00   0.0000000e+00  -6.0442790e-06  -9.8913424e-06  -1.1275225e-05  -1.0655122e-05  -1.1379714e-05  -9.7979191e-06  -7.0584747e-06  -4.6819150e-06  -3.5255871e-06  -2.6149839e-06  -2.1500300e-06  -1.5817473e-06  -1.4122922e-06  -9.7042425e-07  -6.9243117e-07  -5.4225268e-07  -4.4519794e-07  -2.1387646e-07  -2.5624831e-07  -1.3316998e-07  -6.5724841e-08
   0.0000000e+00   0.0000000e+00  -6.1850446e-06  -9.8451792e-06  -1.1234235e-05  -1.0616635e-05  -1.1519032e-05  -9.8070641e-06  -6.9392995e-06  -4.8123475e-06  -3.3845840e-06  -2.6406783e-06  -2.2158833e-06  -1.6360269e-06  -1.3109856e-06  -1.0193014e-06  -6.4667927e-07  -5.8592423e-07  -3.8150156e-07  -3.1817450e-07  -2.7982247e-07  -1.7508807e-08  -1.0484890e-07
   0.0000000e+00   0.0000000e+00  -6.2274771e-06  -9.8716846e-06  -1.1219607e-05  -1.0437146e-05  -1.1538121e-05  -1.0007673e-05  -6.8718246e-06  -4.7086851e-06  -3.5172845e-06  -2.7299334e-06  -2.0514460e-06  -1.7246545e-06  -1.3034781e-06  -9.2984840e-07  -7.8088652e-07  -5.1511398e-07  -4.6521390e-07  -2.3942448e-07  -1.8734639e-07  -1.7370897e-07  -1.4712100e-07
   0.0000000e+00   0.0000000e+00  -6.0878060e-06  -9.8565069e-06  -1.1308277e-05  -1.0745825e-05  -1.1049363e-05  -1.0108203e-05  -6.9229072e-06  -4.6532182e-06  -3.7275333e-06  -2.6174155e-06  -1.9927204e-06  -1.8006517e-06  -1.2973678e-06  -1.0228923e-06  -6.8672836e-07  -4.6626593e-07  -3.9354723e-07  -3.7895560e-07  -2.5311147e-07  -9.1807621e-08  -1.8360419e-08
   0.0000000e+00   0.0000000e+00  -6.1318647e-06  -9.8495420e-06  -1.1194076e-05  -1.0640192e-05  -1.1635734e-05  -9.7098091e-06  -6.9384687e-06  -4.8476295e-06  -3.3529741e-06  -2.7493452e-06  -2.2469110e-06  -1.7025611e-06  -1.2085131e-06  -9.6921963e-07  -7.1957953e-07  -5.7163447e-07  -4.2421493e-07  -2.0315173e-07  -3.0558795e-07  -7.2904285e-08  -1.6851482e-07
   0.0000000e+00   0.0000000e+00  -6.0689304e-06  -9.9497438e-06  -1.1039529e-05  -1.0595820e-05  -1.1418936e-05  -9.9746867e-06  -6.9705416e-06  -4.7663684e-06  -3.4782831e-06  -2.7631654e-06  -2.0290968e-06  -1.6936900e-06  -1.4085470e-06  -1.0153212e-06  -6.1540186e-07  -4.8873875e-07  -4.3650931e-07  -3.3127282e-07  -1.5856976e-07  -1.9215550e-07  -1.1587913e-08
   0.0000000e+00   0.0000000e+00  -6.3020725e-06  -9.7836510e-06  -1.1467098e-05  -1.0350843e-05  -1.1502483e-05  -9.8543132e-06  -6.9343682e-06  -4.7104627e-06  -3.6679003e-06  -2.5635293e-06  -2.2531219e-06  -1.6338939e-06  -1.3548527e-06  -9.2373432e-07  -7.1712441e-07  -5.8778176e-07  -3.6371901e-07  -2.3174893e-07  -2.5723338e-07  -1.5040003e-07  -8.6680288e-08
   0.0000000e+00   0.0000000e+00  -5.9430358e-06  -9.8617629e-06  -1.1240574e-05  -1.0769335e-05  -1.1279876e-05  -1.0010252e-05  -6.9348994e-06  -4.7536232e-06  -3.3969293e-06  -2.7939775e-06  -2.0362859e-06  -1.7838844e-06  -1.3263178e-06  -8.7609811e-07  -7.9357318e-07  -5.3147710e-07  -3.0225979e-07  -4.6227220e-07  -1.6524153e-07  -3.6414310e-08  -1.7486839e-07
   0.0000000e+00   0.0000000e+00  -6.2733434e-06  -9.8167930e-06  -1.1050093e-05  -1.0642572e-05  -1.1444226e-05  -9.8966548e-06  -6.9250113e-06  -4.7858066e-06  -3.6002575e-06  -2.6287109e-06  -2.1011838e-06  -1.6875576e-06  -1.2458563e-06  -1.1019871e-06  -6.6640001e-07  -4.5402481e-07  -5.4078555e-07  -1.9224289e-07  -2.8282511e-07  -1.7607813e-07  -5.0321094e-09
   0.0000000e+00   0.0000000e+00  -6.1007436e-06  -9.9807812e-06  -1.1195042e-05  -1.0498548e-05  -1.1526984e-05  -9.9240333e-06  -6.8222253e-06  -4.8829274e-06  -3.3715467e-06  -2.8177139e-06  -2.0345869e-06  -1.6691793e-06  -1.3664358e-06  -9.2797603e-07  -6.2883214e-07  -6.8884071e-07  -3.2573644e-07  -3.5821051e-07  -1.4691484e-07  -1.9802488e-07  -1.0493044e-07
   0.0000000e+00   0.0000000e+00  -6.0970133e-06  -9.7409347e-06  -1.1458545e-05  -1.0508377e-05  -1.1345071e-05  -9.9844683e-06  -7.0155243e-06  -4.6883433e-06  -3.5702915e-06  -2.6331932e-06  -2.0900061e-06  -1.7320434e-06  -1.1824873e-06  -1.0202434e-06  -6.8160534e-07  -5.1272690e-07  -4.5795193e-07  -1.8763298e-07  -4.0240764e-07  -2.2309733e-08   1.4185908e-08
   0.0000000e+00   0.0000000e+00  -6.1067967e-06  -9.9289764e-06  -1.1002497e-05  -1.0773303e-05  -1.1308647e-05  -9.9925956e-06  -6.8526501e-06  -4.7888498e-06  -3.5121745e-06  -2.6491639e-06  -2.1261928e-06  -1.6561618e-06  -1.2750645e-06  -9.0748443e-07  -7.6238115e-07  -4.9791686e-07  -3.4737013e-07  -3.2369280e-07  -1.7799772e-07  -1.5492070e-07  -7.0244667e-08
   0.0000000e+00   0.0000000e+00  -6.2170093e-06  -9.8319333e-06  -1.1255333e-05  -1.0494818e-05  -1.1660727e-05  -9.7137054e-06  -7.0724072e-06  -4.7116791e-06  -3.5307021e-06  -2.6523915e-06  -2.0576740e-06  -1.5855679e-06  -1.3897342e-06  -8.8602690e-07  -7.3240307e-07  -4.3264649e-07  -4.0096688e-07  -3.6481188e-07  -6.2598509e-08  -1.4789764e-07  -1.3358581e-07
   0.0000000e+00   0.0000000e+00  -6.0691355e-06  -9.9086501e-06  -1.1174298e-05  -1.0624623e-05  -1.1280860e-05  -1.0104318e-05  -6.7655101e-06  -4.8410352e-06  -3.4781337e-06  -2.6557877e-06  -2.1242213e-06  -1.6764930e-06  -1.1899820e-06  -9.2891821e-07  -7.0480661e-07  -5.0691494e-07  -4.2537062e-07  -1.3611452e-07  -2.8138049e-07  -1.3712727e-07   5.7952796e-08
   0.0000000e+00   0.0000000e+00  -6.2120012e-06  -9.6505564e-06  -1.1458647e-05  -1.0436686e-05  -1.1488696e-05  -9.8224336e-06  -7.0391984e-06  -4.6842806e-06  -3.4223108e-06  -2.6872424e-06  -2.0382588e-06  -1.5305725e-06  -1.5457039e-06  -7.5506966e-07  -7.2426030e-07  -4.7154569e-07  -3.4642406e-07  -3.0280734e-07  -1.7310711e-07  -8.3001161e-08  -8.0590461e-08
   0.0000000e+00   0.0000000e+00  -6.0415719e-06  -1.0095017e-05  -1.0998669e-05  -1.0801848e-05  -1.1267867e-05  -1.0044609e-05  -6.8422828e-06  -4.7284493e-06  -3.6004130e-06  -2.5476093e-06  -2.1350909e-06  -1.7517550e-06  -1.0211858e-06  -1.1412635e-06  -5.5252264e-07  -4.9242431e-07  -4.8540693e-07  -1.1700347e-07  -1.2897883e-07  -2.8502117e-07   1.2495109e-07
   0.0000000e+00   0.0000000e+00  -6.2075937e-06  -9.8178207e-06  -1.1170518e-05  -1.0581674e-05  -1.1544444e-05  -9.7760985e-06  -7.0051065e-06  -4.7123867e-06  -3.4033758e-06  -2.7463489e-06  -1.9953500e-06  -1.6289590e-06  -1.3333973e-06  -9.5689177e-07  -7.4531647e-07  -3.6866933e-07  -2.8554385e-07  -3.9796586e-07  -1.2921147e-07   5.1692318e-08  -1.9800390e-07
   0.0000000e+00   0.0000000e+00  -6.0288880e-06  -9.8540831e-06  -1.1362594e-05  -1.0457067e-05  -1.1427189e-05  -9.9601157e-06  -6.7671185e-06  -4.8406241e-06  -3.4352363e-06  -2.6063540e-06  -2.1758426e-06  -1.7448408e-06  -1.1921519e-06  -9.2040136e-07  -6.5424643e-07  -6.4192091e-07  -3.1375512e-07  -1.2274037e-07  -1.8372882e-07  -1.7771464e-07   1.0460076e-07
   0.0000000e+00   0.0000000e+00  -6.3117500e-06  -9.7583488e-06  -1.1313511e-05  -1.0659881e-05  -1.1376821e-05  -9.9149356e-06  -7.0269280e-06  -4.6444707e-06  -3.5576511e-06  -2.5725642e-06  -2.0201344e-06  -1.6448646e-06  -1.4253860e-06  -9.9168449e-07  -6.3453223e-07  -4.9204436e-07  -2.5931544e-07  -4.1987812e-07  -8.4792347e-08  -3.2273558e-08  -6.7301478e-08
   0.0000000e+00   0.0000000e+00  -6.0665725e-06  -1.0025775e-05  -1.1098135e-05  -1.0643195e-05  -1.1438611e-05  -9.9983172e-06  -6.7080973e-06  -4.8251268e-06  -3.3887261e-06  -2.7231501e-06  -2.2151469e-06  -1.6061800e-06  -1.2754520e-06  -9.9262320e-07  -6.1478011e-07  -6.9083524e-07  -3.0341752e-07  -2.1313564e-07  -7.9552812e-08  -1.3976872e-07  -1.4198457e-07
   0.0000000e+00   0.0000000e+00  -6.1255664e-06  -9.8803084e-06  -1.1293214e-05  -1.0580391e-05  -1.1465054e-05  -9.8128776e-06  -7.1244995e-06  -4.5418333e-06  -3.6681777e-06  -2.4854735e-06  -2.0606208e-06  -1.7230137e-06  -1.3524483e-06  -9.9707074e-07  -7.9628336e-07  -3.1041839e-07  -4.4200183e-07  -3.7014914e-07  -5.0685323e-08  -1.0824053e-07   5.3680779e-08
   0.0000000e+00   0.0000000e+00  -6.1251949e-06  -9.9180825e-06  -1.1254008e-05  -1.0703950e-05  -1.1372203e-05  -9.9763729e-06  -6.8263971e-06  -4.8106363e-06  -3.3386266e-06  -2.8419447e-06  -2.0716470e-06  -1.7264670e-06  -1.2505600e-06  -1.0012606e-06  -6.9686695e-07  -6.6112449e-07  -2.4995293e-07  -3.0255021e-07  -1.4091408e-07  -1.1173452e-07  -3.5276450e-08
   0.0000000e+00   0.0000000e+00  -6.2870458e-06  -9.7623943e-06  -1.1377914e-05  -1.0557879e-05  -1.1509421e-05  -9.9363569e-06  -6.9245907e-06  -4.7377730e-06  -3.5060505e-06  -2.5560355e-06  -2.0898597e-06  -1.7173087e-06  -1.3889679e-06  -9.5883536e-07  -7.5669311e-07  -4.4487004e-07  -4.8181073e-07  -2.2002320e-07  -1.5010367e-07  -1.8934817e-07   1.1661863e-07
   0.0000000e+00   0.0000000e+00  -6.1225264e-06  -1.0091258e-05  -1.1030084e-05  -1.0803476e-05  -1.1399498e-05  -9.8499759e-06  -6.8902950e-06  -4.8509878e-06  -3.4414986e-06  -2.7251367e-06  -2.1016076e-06  -1.7058705e-06  -1.2239528e-06  -1.0655666e-06  -6.9886170e-07  -5.3615048e-07  -3.8460800e-07  -2.7204223e-07  -1.3145788e-07  -1.6299711e-07  -4.3148493e-08
   0.0000000e+00   0.0000000e+00  -6.0987732e-06  -9.8252140e-06  -1.1530585e-05  -1.0459142e-05  -1.1539329e-05  -1.0060148e-05  -6.8615359e-06  -4.5829966e-06  -3.6112019e-06  -2.5228151e-06  -2.1169260e-06  -1.7342765e-06  -1.3330746e-06  -9.1999306e-07  -7.4650347e-07  -5.1525552e-07  -3.3048215e-07  -2.8064275e-07  -1.7672774e-07  -1.3462059e-07   3.3463834e-08
   0.0000000e+00   0.0000000e+00  -6.1621545e-06  -9.8628670e-06  -1.1211800e-05  -1.0694362e-05  -1.1444378e-05  -9.9303397e-06  -6.9982079e-06  -4.7055401e-06  -3.4779403e-06  -2.7817905e-06  -1.9852714e-06  -1.7313587e-06  -1.2668231e-06  -1.0337538e-06  -6.4945220e-07  -5.1477201e-07  -3.7393937e-07  -2.8537764e-07  -1.0045145e-07  -1.7040533e-07  -1.1632649e-08
   0.0000000e+00   0.0000000e+00  -6.3158250e-06  -9.9186627e-06  -1.1301622e-05  -1.0629872e-05  -1.1469697e-05  -9.8435266e-06  -6.9751782e-06  -4.7607768e-06  -3.4851312e-06  -2.5975228e-06  -2.1915946e-06  -1.5008301e-06  -1.4652326e-06  -8.9783640e-07  -7.5545933e-07  -4.2903537e-07  -3.8702973e-07  -2.9836426e-07  -1.3489034e-07  -1.0429631e-07  -4.0255689e-08
   0.0000000e+00   0.0000000e+00  -6.0087764e-06  -9.9552935e-06  -1.1187224e-05  -1.0830006e-05  -1.1369548e-05  -1.0030563e-05  -6.8176064e-06  -4.9397158e-06  -3.1935458e-06  -2.8157071e-06  -2.1068872e-06  -1.7555587e-06  -1.2080831e-06  -9.6917233e-07  -6.5483971e-07  -6.3292111e-07  -3.2143527e-07  -2.2516174e-07  -1.4372829e-07  -1.3607034e-07  -5.8590803e-08
   0.0000000e+00   0.0000000e+00  -6.2084418e-06  -9.9350073e-06  -1.1279519e-05  -1.0487184e-05  -1.1601288e-05  -9.8868668e-06  -6.9549010e-06  -4.6565688e-06  -3.7054876e-06  -2.5512679e-06  -2.0562657e-06  -1.6249062e-06  -1.4082999e-06  -9.4086118e-07  -7.7830930e-07  -3.7245658e-07  -4.5126845e-07  -2.5614563e-07  -1.9027402e-07  -1.4241056e-07   1.2342130e-07
   0.0000000e+00   0.0000000e+00  -6.1248688e-06  -9.8379151e-06  -1.1356249e-05  -1.0719808e-05  -1.1310996e-05  -1.0095144e-05  -6.8750860e-06  -4.6689233e-06  -3.5379494e-06  -2.7014687e-06  -2.0979926e-06  -1.7163436e-06  -1.2969541e-06  -9.3691443e-07  -6.9508820e-07  -5.7981481e-07  -3.7632270e-07  -2.2664948e-07  -2.0417480e-07  -1.2881385e-07  -4.9886911e-08
   0.0000000e+00   0.0000000e+00  -6.2541717e-06  -9.9105173e-06  -1.1327303e-05  -1.0500702e-05  -1.1672024e-05  -9.7440943e-06  -7.0674937e-06  -4.7455906e-06  -3.4884042e-06  -2.5851421e-06  -2.1474498e-06  -1.7416991e-06  -1.2849878e-06  -1.0033107e-06  -7.5217889e-07  -4.0849571e-07  -4.9063419e-07  -2.2349582e-07  -2.2831965e-07  -1.6974819e-07   3.9790017e-08
   0.0000000e+00   0.0000000e+00  -6.0250964e-06  -9.9555027e-06  -1.1160154e-05  -1.0860311e-05  -1.1232755e-05  -1.0054574e-05  -6.8358745e-06  -4.7791523e-06  -3.4248205e-06  -2.7786377e-06  -2.0561129e-06  -1.6949765e-06  -1.3837163e-06  -9.1270039e-07  -7.7310739e-07  -5.3528328e-07  -3.4683060e-07  -2.8914295e-07  -2.1172106e-07  -1.9226185e-07  -3.5032514e-08
   0.0000000e+00   0.0000000e+00  -6.2746331e-06  -9.8685623e-06  -1.1305744e-05  -1.0566235e-05  -1.1532758e-05  -9.9748513e-06  -6.8765962e-06  -4.7777307e-06  -3.4489487e-06  -2.6163571e-06  -2.1623059e-06  -1.6842432e-06  -1.3875696e-06  -9.3957829e-07  -6.6871155e-07  -5.5955582e-07  -4.5729121e-07  -2.4137586e-07  -1.9443476e-07  -1.7939611e-07  -1.2506342e-07
   0.0000000e+00   0.0000000e+00  -6.1111159e-06  -9.9520803e-06  -1.1187170e-05  -1.0726772e-05  -1.1436955e-05  -9.7825132e-06  -6.9927669e-06  -4.7135904e-06  -3.4456175e-06  -2.7963426e-06  -1.9427550e-06  -1.7458304e-06  -1.2879492e-06  -1.0747056e-06  -7.4466874e-07  -4.0224316e-07  -3.8419054e-07  -3.9203707e-07  -2.5432985e-07  -7.0001207e-08  -1.4467726e-07
   0.0000000e+00   0.0000000e+00  -6.1440624e-06  -9.8679993e-06  -1.1402693e-05  -1.0436192e-05  -1.1592157e-05  -9.9485242e-06  -6.8789209e-06  -4.5344864e-06  -3.6336121e-06  -2.3900532e-06  -2.3379093e-06  -1.5949103e-06  -1.2996627e-06  -1.0093950e-06  -6.8232407e-07  -5.4725422e-07  -4.0084342e-07  -2.9217742e-07  -2.0481218e-07  -1.5592356e-07  -1.6199822e-07
   0.0000000e+00   0.0000000e+00  -6.0998818e-06  -9.9943873e-06  -1.1187226e-05  -1.0732016e-05  -1.1314116e-05  -9.9690096e-06  -6.8841296e-06  -4.8372481e-06  -3.3633660e-06  -2.6645819e-06  -1.9834665e-06  -1.7655544e-06  -1.2786620e-06  -9.4013490e-07  -7.2394488e-07  -5.4711722e-07  -3.4783150e-07  -2.8936563e-07  -2.3395319e-07  -1.1978793e-07  -7.6394457e-08
   0.0000000e+00   0.0000000e+00  -6.2669819e-06  -9.7287166e-06  -1.1424406e-05  -1.0602229e-05  -1.1450088e-05  -9.8906266e-06  -6.8541340e-06  -4.6599971e-06  -3.4592279e-06  -2.5996599e-06  -2.0582172e-06  -1.6630179e-06  -1.3016335e-06  -9.6281019e-07  -6.8146397e-07  -5.3873612e-07  -4.1006854e-07  -1.6324061e-07  -2.9369218e-07  -9.9124655e-08  -2.8361171e-08
   0.0000000e+00   0.0000000e+00  -6.1364181e-06  -9.9715808e-06  -1.1137917e-05  -1.0689118e-05  -1.1454684e-05  -9.9678691e-06  -6.8309541e-06  -4.7338453e-06  -3.3497640e-06  -2.6757114e-06  -2.0425975e-06  -1.5544801e-06  -1.3710326e-06  -9.0422509e-07  -7.2751101e-07  -4.4277843e-07  -4.3177928e-07  -2.9840916e-07  -1.3096503e-07  -1.2947017e-07  -7.0334501e-08
   0.0000000e+00   0.0000000e+00  -6.2049662e-06  -9.9017789e-06  -1.1298704e-05  -1.0589298e-05  -1.1530132e-05  -9.7812081e-06  -7.0710366e-06  -4.5650922e-06  -3.4970253e-06  -2.5861730e-06  -1.9706124e-06  -1.7400082e-06  -1.1754549e-06  -1.0112503e-06  -7.2701050e-07  -3.5235718e-07  -4.8802303e-07  -2.6005526e-07  -1.7259019e-07  -9.9005213e-08  -1.1785358e-07
   0.0000000e+00   0.0000000e+00  -6.0173888e-06  -1.0037524e-05  -1.1251304e-05  -1.0661583e-05  -1.1403012e-05  -9.9849003e-06  -6.7801975e-06  -4.7384542e-06  -3.4680966e-06  -2.5259692e-06  -2.1580024e-06  -1.5918994e-06  -1.2371631e-06  -8.7122612e-07  -7.4871440e-07  -5.2844979e-07  -3.4565684e-07  -2.3423145e-07  -2.4959672e-07  -1.1865563e-07  -4.9673545e-08
   0.0000000e+00   0.0000000e+00  -6.2680074e-06  -9.7415432e-06  -1.1389292e-05  -1.0578969e-05  -1.1436071e-05  -9.9421986e-06  -6.9928792e-06  -4.6894247e-06  -3.4222269e-06  -2.6160685e-06  -2.0030282e-06  -1.6059065e-06  -1.4111479e-06  -8.4573009e-07  -6.2365865e-07  -5.0408505e-07  -3.8157307e-07  -2.2302353e-07  -2.8788313e-07  -8.5432376e-08  -7.0082947e-08
   0.0000000e+00   0.0000000e+00  -6.1523524e-06  -9.9276840e-06  -1.1219942e-05  -1.0680335e-05  -1.1454804e-05  -1.0022304e-05  -6.6808884e-06  -4.8660477e-06  -3.4030172e-06  -2.6631262e-06  -2.0613074e-06  -1.6598917e-06  -1.1907040e-06  -1.0116995e-06  -5.3288414e-07  -5.9268967e-07  -3.4426915e-07  -2.0461410e-07  -2.2582589e-07  -1.5841206e-07  -3.8915278e-08
   0.0000000e+00   0.0000000e+00  -6.2003164e-06  -9.9089511e-06  -1.1286840e-05  -1.0612290e-05  -1.1550555e-05  -9.8200071e-06  -7.0191800e-06  -4.7200392e-06  -3.4718812e-06  -2.5927309e-06  -2.0636764e-06  -1.6260888e-06  -1.2898942e-06  -8.8019266e-07  -7.2850787e-07  -4.2979860e-07  -2.0776163e-07  -4.0397597e-07  -2.5674311e-07   7.7204412e-08  -2.3339391e-07
   0.0000000e+00   0.0000000e+00  -6.0550369e-06  -9.9704494e-06  -1.1268343e-05  -1.0636970e-05  -1.1349814e-05  -1.0058290e-05  -6.9159123e-06  -4.6501618e-06  -3.5166802e-06  -2.6900811e-06  -2.0142072e-06  -1.7823354e-06  -1.1368934e-06  -9.4467845e-07  -6.1267599e-07  -5.0838196e-07  -3.6257089e-07  -1.8284399e-07  -1.4055131e-07  -1.4075657e-07  -1.2926485e-07
   0.0000000e+00   0.0000000e+00  -6.2120344e-06  -9.8535857e-06  -1.1269769e-05  -1.0648260e-05  -1.1486880e-05  -9.8549190e-06  -7.0179012e-06  -4.7415961e-06  -3.4540840e-06  -2.6472680e-06  -2.0516711e-06  -1.5888879e-06  -1.3575066e-06  -9.7360669e-07  -5.0547743e-07  -5.1185265e-07  -3.1026502e-07  -2.6063634e-07  -1.6888889e-07  -1.6571885e-08  -1.0875942e-07
   0.0000000e+00   0.0000000e+00  -6.1437850e-06  -9.9435701e-06  -1.1229786e-05  -1.0685215e-05  -1.1445091e-05  -9.9622494e-06  -6.8312106e-06  -4.8479974e-06  -3.4708617e-06  -2.6844841e-06  -2.1318922e-06  -1.6318525e-06  -1.2252916e-06  -9.4231592e-07  -6.4428872e-07  -4.2555300e-07  -3.4999309e-07  -1.1203850e-07  -2.3316839e-07  -2.5942473e-08  -6.2607114e-08
   0.0000000e+00   0.0000000e+00  -6.2093550e-06  -9.7827942e-06  -1.1328001e-05  -1.0553621e-05  -1.1499487e-05  -9.9212084e-06  -6.8982799e-06  -4.8265338e-06  -3.4402926e-06  -2.6105986e-06  -2.1561816e-06  -1.6334952e-06  -1.3361143e-06  -8.3000356e-07  -6.9869571e-07  -4.3543520e-07  -3.3696858e-07  -1.5611305e-07  -1.7937919e-07   2.1138813e-10  -3.5227934e-08
