   0.0000000e+00   0.0000000e+00  -4.6108830e-06  -7.6953602e-06  -8.9485093e-06  -8.6166383e-06  -9.4209918e-06  -8.3463710e-06  -5.8038413e-06  -3.9347919e-06  -3.0407850e-06  -2.2909858e-06  -1.6996394e-06  -1.4923866e-06  -1.0199939e-06  -8.7160208e-07  -5.5947055e-07  -2.9539743e-07  -3.2159207e-07  -1.6453286e-07  -1.1650103e-07  -7.2321093e-08  -1.2823282e-08
   0.0000000e+00   0.0000000e+00  -4.5664565e-06  -7.6085230e-06  -8.9932455e-06  -8.6719901e-06  -9.4681009e-06  -8.2140414e-06  -5.9284266e-06  -3.8939570e-06  -2.9699522e-06  -2.2634226e-06  -1.8070324e-06  -1.4659956e-06  -1.1183977e-06  -6.4507594e-07  -7.6486094e-07  -2.6431371e-07  -3.7829386e-07  -1.2259440e-07  -1.0948791e-07  -9.8917077e-08  -3.1123555e-08
   0.0000000e+00   0.0000000e+00  -4.5389588e-06  -7.7055975e-06  -8.8620163e-06  -8.6593373e-06  -9.4945863e-06  -8.2223469e-06  -5.7460284e-06  -4.1538174e-06  -2.9457324e-06  -2.2283248e-06  -1.7894155e-06  -1.3772950e-06  -1.1821477e-06  -8.0533209e-07  -5.5368531e-07  -3.6363878e-07  -3.5940710e-07  -1.5978299e-07  -1.9245729e-07  -3.2498434e-08   1.1028600e-08
   0.0000000e+00   0.0000000e+00  -4.6898394e-06  -7.5592820e-06  -9.0174462e-06  -8.6133186e-06  -9.4730167e-06  -8.3385385e-06  -5.7231123e-06  -3.9683664e-06  -2.9376051e-06  -2.3427976e-06  -1.8377357e-06  -1.3913880e-06  -1.1804481e-06  -7.2603768e-07  -6.2306577e-07  -4.0485597e-07  -3.8089442e-07  -7.4228922e-08  -1.8874466e-07  -1.3586956e-07  -5.4193602e-08
   0.0000000e+00   0.0000000e+00  -4.6159194e-06  -7.6552360e-06  -8.9463392e-06  -8.5992842e-06  -9.4592433e-06  -8.3517980e-06  -5.8161058e-06  -4.0021673e-06  -2.9617736e-06  -2.2227459e-06  -1.7865074e-06  -1.3941047e-06  -1.1908786e-06  -8.5334869e-07  -5.4739962e-07  -3.9826622e-07  -3.3629206e-07  -2.6828036e-07  -1.3975463e-07  -4.0904396e-08  -3.8058772e-08
   0.0000000e+00   0.0000000e+00  -4.5856218e-06  -7.6165325e-06  -8.9764726e-06  -8.6475193e-06  -9.3946019e-06  -8.1587823e-06  -5.8686996e-06  -3.9538427e-06  -3.0243643e-06  -2.2771658e-06  -1.8524986e-06  -1.4842632e-06  -9.7504267e-07  -8.4586128e-07  -6.6987786e-07  -3.6637616e-07  -3.5251600e-07  -1.9061915e-07  -1.6445875e-07  -9.1257235e-08  -1.5250393e-07
   0.0000000e+00   0.0000000e+00  -4.5440661e-06  -7.6769802e-06  -8.9535979e-06  -8.6379669e-06  -9.5852356e-06  -8.2547913e-06  -5.7708662e-06  -4.0437467e-06  -2.8377269e-06  -2.2659558e-06  -1.7318806e-06  -1.5448946e-06  -1.0931650e-06  -8.8256434e-07  -5.1776721e-07  -4.8698524e-07  -2.3078724e-07  -3.2318630e-07  -1.6513471e-07  -9.6049124e-09  -7.7475207e-08
   0.0000000e+00   0.0000000e+00  -4.6240161e-06  -7.5871312e-06  -8.9613632e-06  -8.5909132e-06  -9.4163079e-06  -8.3507975e-06  -5.7336247e-06  -4.0086211e-06  -3.0283650e-06  -2.2797938e-06  -1.7951669e-06  -1.3671215e-06  -1.1374466e-06  -8.1338789e-07  -5.6175554e-07  -5.3581221e-07  -2.3261967e-07  -2.1794500e-07  -1.9494887e-07  -9.2105822e-08  -7.6840295e-10
   0.0000000e+00   0.0000000e+00  -4.6421160e-06  -7.6218666e-06  -8.8915867e-06  -8.7578564e-06  -9.3447925e-06  -8.2974157e-06  -5.8033556e-06  -3.9648576e-06  -2.8728884e-06  -2.2843410e-06  -1.7151547e-06  -1.5224894e-06  -1.1364363e-06  -7.9012136e-07  -5.1953413e-07  -4.9926695e-07  -3.5557741e-07  -1.2050607e-07  -1.9907162e-07  -5.2179395e-08  -1.3446156e-07
   0.0000000e+00   0.0000000e+00  -4.6080136e-06  -7.6714387e-06  -8.9541700e-06  -8.5656084e-06  -9.5664927e-06  -8.1912076e-06  -5.8246692e-06  -4.0579343e-06  -2.9411246e-06  -2.1792118e-06  -1.9015428e-06  -1.2995540e-06  -1.1250396e-06  -8.5934863e-07  -6.0752592e-07  -4.0790135e-07  -2.9550998e-07  -2.9155987e-07  -1.4883601e-07  -4.8144454e-08  -8.7290459e-09
   0.0000000e+00   0.0000000e+00  -4.5260504e-06  -7.5990720e-06  -9.0133235e-06  -8.6102764e-06  -9.4295065e-06  -8.2649749e-06  -5.8287433e-06  -3.8159769e-06  -3.0282395e-06  -2.2946458e-06  -1.6922569e-06  -1.4920415e-06  -1.0859445e-06  -7.6603698e-07  -6.8587667e-07  -3.8154096e-07  -3.5182740e-07  -2.4402513e-07  -1.3405601e-07  -1.6884381e-07   7.7869995e-09
   0.0000000e+00   0.0000000e+00  -4.6318783e-06  -7.5986964e-06  -8.9972064e-06  -8.5467782e-06  -9.5305077e-06  -8.3292762e-06  -5.7049429e-06  -4.1131507e-06  -2.8606526e-06  -2.2573386e-06  -1.7179792e-06  -1.4672622e-06  -1.1445088e-06  -7.7422754e-07  -6.2093625e-07  -4.1033502e-07  -4.3757873e-07  -1.8499222e-07  -1.9696118e-07  -1.0622887e-07  -6.1242531e-08
   0.0000000e+00   0.0000000e+00  -4.6376258e-06  -7.6267784e-06  -8.8812412e-06  -8.7012440e-06  -9.3357303e-06  -8.2776696e-06  -5.7386960e-06  -4.0429377e-06  -2.9063040e-06  -2.3010889e-06  -1.8478302e-06  -1.3346701e-06  -1.1135490e-06  -8.2782338e-07  -6.3773638e-07  -4.4796073e-07  -2.8426672e-07  -2.9809084e-07  -1.6610753e-07  -1.6355487e-07   2.3293804e-08
   0.0000000e+00   0.0000000e+00  -4.5654756e-06  -7.7570712e-06  -8.8598354e-06  -8.7000271e-06  -9.5039586e-06  -8.2165070e-06  -5.7920088e-06  -3.9914839e-06  -2.8741713e-06  -2.1840929e-06  -1.8175050e-06  -1.4645559e-06  -1.1191405e-06  -8.6133133e-07  -5.2271315e-07  -4.7317582e-07  -3.8877553e-07  -2.2648905e-07  -1.6818731e-07  -1.4108655e-07  -4.5677272e-08
   0.0000000e+00   0.0000000e+00  -4.5077454e-06  -7.5700191e-06  -9.0149088e-06  -8.5910924e-06  -9.4334528e-06  -8.2342967e-06  -5.7998213e-06  -3.9377269e-06  -3.0918138e-06  -2.2321817e-06  -1.7483421e-06  -1.4338148e-06  -1.1305980e-06  -8.0074420e-07  -6.1534877e-07  -5.0762503e-07  -2.8191710e-07  -2.9757524e-07  -1.1680834e-07  -1.5239658e-07  -9.7029243e-08
   0.0000000e+00   0.0000000e+00  -4.7113590e-06  -7.5418407e-06  -9.0134436e-06  -8.5646434e-06  -9.4400466e-06  -8.3110335e-06  -5.8330033e-06  -3.7629102e-06  -2.9833886e-06  -2.2294118e-06  -1.7809663e-06  -1.4803785e-06  -1.0368821e-06  -9.4152921e-07  -6.0665610e-07  -3.9103011e-07  -2.9774344e-07  -3.3819441e-07  -2.4652280e-07  -4.4003872e-09  -4.9825889e-08
   0.0000000e+00   0.0000000e+00  -4.5886200e-06  -7.6991091e-06  -8.8936058e-06  -8.7035933e-06  -9.3883646e-06  -8.2071765e-06  -5.7541206e-06  -4.1094795e-06  -2.7886540e-06  -2.3321293e-06  -1.8100212e-06  -1.3916165e-06  -1.1361919e-06  -7.8625646e-07  -6.4760951e-07  -5.1728136e-07  -3.4662764e-07  -2.7710385e-07  -2.8232030e-08  -2.7259676e-07  -4.9560146e-08
   0.0000000e+00   0.0000000e+00  -4.5708798e-06  -7.6700699e-06  -8.9376254e-06  -8.6056571e-06  -9.4732677e-06  -8.2271399e-06  -5.7154948e-06  -4.0541818e-06  -2.9215382e-06  -2.1611211e-06  -1.7109014e-06  -1.4929200e-06  -1.1786608e-06  -8.1530402e-07  -6.3125549e-07  -3.6725905e-07  -4.6605470e-07  -2.4084000e-07  -2.0489067e-07  -1.1179689e-07   3.2899500e-10
   0.0000000e+00   0.0000000e+00  -4.5726465e-06  -7.6621682e-06  -8.9259120e-06  -8.6085456e-06  -9.5040750e-06  -8.2362067e-06  -5.7239990e-06  -3.8243115e-06  -3.0022638e-06  -2.2616325e-06  -1.8632173e-06  -1.3567601e-06  -1.0971270e-06  -7.7802167e-07  -6.8374158e-07  -5.2802835e-07  -3.2861843e-07  -2.4566262e-07  -1.7904043e-07  -2.2255496e-07   1.8221780e-08
   0.0000000e+00   0.0000000e+00  -4.7188560e-06  -7.4863342e-06  -9.0601879e-06  -8.5955953e-06  -9.3791959e-06  -8.2164061e-06  -5.9123581e-06  -3.8743492e-06  -2.9614225e-06  -2.1782228e-06  -1.6682853e-06  -1.4969968e-06  -1.1187262e-06  -8.6985659e-07  -6.1970832e-07  -3.7709523e-07  -4.0374934e-07  -3.5735013e-07  -1.3737014e-07  -2.0239798e-07   3.9394390e-08
   0.0000000e+00   0.0000000e+00  -4.5739862e-06  -7.7578852e-06  -8.8640509e-06  -8.6985083e-06  -9.3907738e-06  -8.2250044e-06  -5.7180882e-06  -3.9490633e-06  -2.9061630e-06  -2.2313752e-06  -1.8980696e-06  -1.3613313e-06  -1.0760979e-06  -8.3352541e-07  -6.0849163e-07  -4.8102157e-07  -3.7826061e-07  -2.9991892e-07  -1.5717714e-07  -1.7105566e-07  -1.4753518e-07
   0.0000000e+00   0.0000000e+00  -4.5156603e-06  -7.7037248e-06  -8.9395589e-06  -8.6266100e-06  -9.4674333e-06  -8.3016066e-06  -5.6959329e-06  -3.9987681e-06  -2.8454567e-06  -2.2856962e-06  -1.6921281e-06  -1.4461046e-06  -1.1477721e-06  -8.3034996e-07  -6.1150178e-07  -4.7998992e-07  -2.7799518e-07  -3.4326794e-07  -2.9767432e-07  -4.3566381e-08  -3.3061632e-08
   0.0000000e+00   0.0000000e+00  -4.6763785e-06  -7.5877615e-06  -8.9816258e-06  -8.6101109e-06  -9.4082461e-06  -8.2233100e-06  -5.7156344e-06  -4.0823179e-06  -2.8656691e-06  -2.2818685e-06  -1.7219229e-06  -1.4454433e-06  -1.1774882e-06  -7.6707732e-07  -5.4209841e-07  -6.6506567e-07  -2.5840902e-07  -2.7095786e-07  -1.7042912e-07  -2.0721340e-07  -1.1556234e-07
   0.0000000e+00   0.0000000e+00  -4.6564273e-06  -7.5777903e-06  -9.0081512e-06  -8.5826614e-06  -9.5381683e-06  -8.1985045e-06  -5.8048777e-06  -3.8255153e-06  -3.0079293e-06  -2.2041957e-06  -1.8328677e-06  -1.4041559e-06  -1.0838379e-06  -9.5564258e-07  -5.4157289e-07  -4.4924073e-07  -3.8230090e-07  -3.0648042e-07  -2.3074013e-07  -4.3797240e-08  -7.8844508e-08
   0.0000000e+00   0.0000000e+00  -4.5263350e-06  -7.6975421e-06  -8.9121168e-06  -8.6522377e-06  -9.4169282e-06  -8.2758506e-06  -5.8195651e-06  -3.9252404e-06  -2.9476896e-06  -2.2324491e-06  -1.8260774e-06  -1.4669553e-06  -1.0873539e-06  -8.4064544e-07  -6.7553322e-07  -4.4526871e-07  -3.5224630e-07  -2.8702519e-07  -1.8888719e-07  -9.2460894e-08  -1.1318588e-07
   0.0000000e+00   0.0000000e+00  -4.6241798e-06  -7.7246295e-06  -8.9327732e-06  -8.6081345e-06  -9.3932076e-06  -8.2516599e-06  -5.7527659e-06  -4.0301325e-06  -2.9187142e-06  -2.2414749e-06  -1.7432978e-06  -1.4763557e-06  -1.1775544e-06  -8.3062770e-07  -6.1502857e-07  -4.8414006e-07  -3.9534891e-07  -2.3904016e-07  -1.6042520e-07  -1.7942122e-07   3.3721655e-08
   0.0000000e+00   0.0000000e+00  -4.6357704e-06  -7.5361299e-06  -8.9939067e-06  -8.7336439e-06  -9.3804938e-06  -8.2592896e-06  -5.7664283e-06  -3.9298843e-06  -2.9006853e-06  -2.3905486e-06  -1.7255751e-06  -1.4599423e-06  -1.1828005e-06  -7.6524054e-07  -7.2111487e-07  -4.7660419e-07  -3.2728263e-07  -2.1843019e-07  -2.8569093e-07  -5.8157454e-08  -1.1052664e-08
   0.0000000e+00   0.0000000e+00  -4.6620030e-06  -7.5846192e-06  -8.9590785e-06  -8.5516758e-06  -9.5741898e-06  -8.2430679e-06  -5.7032471e-06  -4.0655104e-06  -2.8924517e-06  -2.2149252e-06  -1.8197542e-06  -1.4316525e-06  -1.1929146e-06  -8.4439768e-07  -6.4158388e-07  -4.0848388e-07  -4.7580258e-07  -2.1838497e-07  -1.4757164e-07  -1.8347696e-07  -7.2564035e-09
   0.0000000e+00   0.0000000e+00  -4.5204697e-06  -7.7414734e-06  -8.9102768e-06  -8.6297714e-06  -9.3844446e-06  -8.2238967e-06  -5.8471301e-06  -3.8455246e-06  -3.0516117e-06  -2.1780679e-06  -1.7926986e-06  -1.5030015e-06  -1.0725348e-06  -8.8409132e-07  -6.3883471e-07  -4.5669333e-07  -3.7123760e-07  -3.0411269e-07  -1.3865440e-07  -1.1448772e-07  -1.4653244e-07
   0.0000000e+00   0.0000000e+00  -4.5709480e-06  -7.7270997e-06  -8.9536161e-06  -8.5987640e-06  -9.4647639e-06  -8.2470224e-06  -5.7958591e-06  -3.9346123e-06  -2.9529474e-06  -2.1503365e-06  -1.8979360e-06  -1.3666438e-06  -1.1389478e-06  -8.8506408e-07  -6.5742336e-07  -4.1252488e-07  -3.5966968e-07  -2.6065106e-07  -2.5251938e-07  -1.0194599e-07   4.2195030e-09
   0.0000000e+00   0.0000000e+00  -4.6998653e-06  -7.4450836e-06  -9.0250714e-06  -8.6834298e-06  -9.3686122e-06  -8.2561610e-06  -5.7406987e-06  -3.9963443e-06  -2.8493153e-06  -2.3929326e-06  -1.7027724e-06  -1.4355680e-06  -1.2125251e-06  -7.6272272e-07  -5.9421791e-07  -5.6589363e-07  -2.9852234e-07  -2.4919822e-07  -2.1946926e-07  -6.5483192e-08  -1.7936273e-07
   0.0000000e+00   0.0000000e+00  -4.6044702e-06  -7.6749338e-06  -8.9308869e-06  -8.6018126e-06  -9.5215064e-06  -8.2639290e-06  -5.6914628e-06  -4.0558425e-06  -2.8525133e-06  -2.2294098e-06  -1.7632499e-06  -1.4628207e-06  -1.1414842e-06  -9.2309580e-07  -5.1624011e-07  -4.8518865e-07  -3.6990934e-07  -2.2698458e-07  -2.0787139e-07  -1.2330686e-07  -1.1623959e-08
   0.0000000e+00   0.0000000e+00  -4.5775378e-06  -7.7394652e-06  -8.8927391e-06  -8.6012124e-06  -9.4565066e-06  -8.2060551e-06  -5.8160308e-06  -3.9355596e-06  -2.9485839e-06  -2.3326095e-06  -1.7560976e-06  -1.4817957e-06  -1.0478801e-06  -8.5791919e-07  -7.1655694e-07  -4.3345651e-07  -2.8483066e-07  -3.0816742e-07  -1.8414623e-07  -9.9577626e-08  -1.0903330e-07
   0.0000000e+00   0.0000000e+00  -4.5779798e-06  -7.6585520e-06  -8.9708819e-06  -8.6773862e-06  -9.3866211e-06  -8.2884271e-06  -5.7772281e-06  -3.9171109e-06  -2.9994724e-06  -2.1278997e-06  -1.8039566e-06  -1.5528516e-06  -1.1245388e-06  -8.7085914e-07  -5.8621856e-07  -4.4062341e-07  -4.6551125e-07  -1.5468028e-07  -2.7262305e-07  -8.3591615e-08  -4.3012193e-08
   0.0000000e+00   0.0000000e+00  -4.6372306e-06  -7.5583353e-06  -9.0360563e-06  -8.6523169e-06  -9.4369525e-06  -8.2068627e-06  -5.8388541e-06  -3.9217421e-06  -2.9776029e-06  -2.3528019e-06  -1.7653711e-06  -1.4151231e-06  -1.1826869e-06  -8.7576359e-07  -5.9400560e-07  -5.4922145e-07  -3.5681200e-07  -2.1489535e-07  -1.9228537e-07  -1.7387428e-07  -5.9662398e-08
   0.0000000e+00   0.0000000e+00  -4.6543887e-06  -7.6261645e-06  -8.9756231e-06  -8.5837437e-06  -9.4805928e-06  -8.3390432e-06  -5.6676113e-06  -4.0735472e-06  -2.8568577e-06  -2.2554921e-06  -1.8954712e-06  -1.3177580e-06  -1.2772672e-06  -8.3615697e-07  -7.2429253e-07  -3.7039888e-07  -3.8082902e-07  -3.0209546e-07  -2.6004540e-07  -3.5245854e-08  -7.3782410e-08
   0.0000000e+00   0.0000000e+00  -4.5793954e-06  -7.7217937e-06  -8.8827956e-06  -8.6553373e-06  -9.5495971e-06  -8.1549579e-06  -5.7733500e-06  -4.0575837e-06  -2.9061925e-06  -2.2785930e-06  -1.8214729e-06  -1.5677068e-06  -1.0920756e-06  -8.1974565e-07  -6.8848783e-07  -5.2818865e-07  -3.9099336e-07  -2.2691904e-07  -1.8227300e-07  -7.4977073e-08  -2.4109002e-07
   0.0000000e+00   0.0000000e+00  -4.5981933e-06  -7.6454307e-06  -8.9736059e-06  -8.6818800e-06  -9.3745648e-06  -8.2699198e-06  -5.8621708e-06  -3.8781027e-06  -3.0561198e-06  -2.2156617e-06  -1.7409866e-06  -1.4879488e-06  -1.2243460e-06  -8.7734708e-07  -6.6134368e-07  -4.6223713e-07  -3.5225702e-07  -3.2879467e-07  -2.3009009e-07  -6.3906413e-08  -1.1760216e-08
   0.0000000e+00   0.0000000e+00  -4.6420901e-06  -7.6237570e-06  -9.0389085e-06  -8.5948377e-06  -9.4240813e-06  -8.3609875e-06  -5.7710899e-06  -3.8714743e-06  -3.0022215e-06  -2.3086980e-06  -1.8183275e-06  -1.4907248e-06  -1.0788667e-06  -9.4944897e-07  -6.2058922e-07  -5.5623349e-07  -4.0525089e-07  -1.8497130e-07  -2.4497410e-07  -1.5418151e-07  -8.8958693e-08
   0.0000000e+00   0.0000000e+00  -4.5259785e-06  -7.6680408e-06  -8.9180949e-06  -8.6201726e-06  -9.5389696e-06  -8.1481057e-06  -5.8406517e-06  -4.0311966e-06  -2.9657529e-06  -2.2023385e-06  -1.8156527e-06  -1.5365786e-06  -1.1124716e-06  -9.8431872e-07  -5.5956320e-07  -5.2436798e-07  -4.2895110e-07  -2.8225364e-07  -2.2358689e-07  -8.3762906e-08  -1.3633959e-07
   0.0000000e+00   0.0000000e+00  -4.6432219e-06  -7.6168490e-06  -8.9462110e-06  -8.6039854e-06  -9.5072501e-06  -8.2418610e-06  -5.6712715e-06  -4.0766008e-06  -2.9009650e-06  -2.2911602e-06  -1.8433680e-06  -1.4431739e-06  -1.1415807e-06  -9.3284433e-07  -6.6795712e-07  -4.8220386e-07  -3.7380124e-07  -3.0560423e-07  -2.2883557e-07  -1.2321929e-07  -6.8698085e-08
   0.0000000e+00   0.0000000e+00  -4.6646173e-06  -7.6364950e-06  -8.9410669e-06  -8.7136659e-06  -9.3373137e-06  -8.3153727e-06  -5.8759970e-06  -3.8590661e-06  -2.9732928e-06  -2.3068121e-06  -1.8163504e-06  -1.4574699e-06  -1.2142012e-06  -7.8548089e-07  -7.3938742e-07  -4.6464149e-07  -3.5151501e-07  -3.5389974e-07  -1.3754129e-07  -1.5081120e-07  -1.0535886e-07
   0.0000000e+00   0.0000000e+00  -4.5388078e-06  -7.6485985e-06  -9.0135427e-06  -8.5093043e-06  -9.4689376e-06  -8.2446468e-06  -5.8066444e-06  -3.9675401e-06  -3.0018516e-06  -2.2348702e-06  -1.7831469e-06  -1.4817439e-06  -1.2091828e-06  -8.2161921e-07  -7.2005798e-07  -4.3145229e-07  -4.0460833e-07  -2.4625487e-07  -2.4197664e-07  -7.8205531e-08  -1.1245977e-07
   0.0000000e+00   0.0000000e+00  -4.5823622e-06  -7.5850580e-06  -8.9407822e-06  -8.6541568e-06  -9.4733305e-06  -8.2276611e-06  -5.6488916e-06  -4.0474260e-06  -2.9418745e-06  -2.1664705e-06  -1.9729341e-06  -1.3931169e-06  -1.1620924e-06  -8.2296242e-07  -6.7701819e-07  -5.0915776e-07  -3.4272620e-07  -3.1118498e-07  -1.4632535e-07  -1.6891529e-07  -1.1648375e-08
   0.0000000e+00   0.0000000e+00  -4.6132873e-06  -7.6892629e-06  -8.8586894e-06  -8.6660348e-06  -9.4225943e-06  -8.2453253e-06  -5.8381893e-06  -3.9309598e-06  -2.9821394e-06  -2.2638119e-06  -1.7238385e-06  -1.4919843e-06  -1.1474488e-06  -9.1142289e-07  -5.8654018e-07  -4.2851133e-07  -4.5780826e-07  -1.8690794e-07  -2.4292410e-07  -1.5996642e-07   5.4686645e-08
   0.0000000e+00   0.0000000e+00  -4.6490341e-06  -7.5906228e-06  -9.0259400e-06  -8.5681777e-06  -9.3488725e-06  -8.3200002e-06  -5.7685484e-06  -3.9185015e-06  -2.8665424e-06  -2.4215096e-06  -1.6464678e-06  -1.4828934e-06  -1.1660910e-06  -8.2994916e-07  -5.7766869e-07  -5.4437351e-07  -3.2242312e-07  -2.3053077e-07  -2.2909937e-07  -1.0439370e-07  -7.7716351e-08
   0.0000000e+00   0.0000000e+00  -4.6100604e-06  -7.6001506e-06  -8.9163077e-06  -8.6792552e-06  -9.4550223e-06  -8.1713279e-06  -5.7891243e-06  -3.9727465e-06  -2.8926461e-06  -2.2541158e-06  -1.7741954e-06  -1.4730406e-06  -1.0006676e-06  -8.7426469e-07  -6.3277406e-07  -4.8452102e-07  -2.5562076e-07  -3.0981371e-07  -2.1341772e-07  -1.2535044e-07   4.2516653e-08
   0.0000000e+00   0.0000000e+00  -4.5340043e-06  -7.6748020e-06  -8.9156229e-06  -8.5552965e-06  -9.5392897e-06  -8.2016522e-06  -5.7456905e-06  -4.0804966e-06  -2.8325883e-06  -2.1839467e-06  -1.7927414e-06  -1.4674789e-06  -1.0846239e-06  -8.0393551e-07  -5.6974307e-07  -4.8414569e-07  -3.1755687e-07  -3.0007502e-07  -1.5084952e-07  -9.1105036e-08  -1.8605255e-07
   0.0000000e+00   0.0000000e+00  -4.6089872e-06  -7.6348715e-06  -8.9985242e-06  -8.6161444e-06  -9.3545514e-06  -8.3371715e-06  -5.6858903e-06  -3.9392380e-06  -3.0147196e-06  -2.1794997e-06  -1.8081590e-06  -1.2448967e-06  -1.2338061e-06  -8.0940453e-07  -5.0071640e-07  -5.5242293e-07  -2.4869954e-07  -2.9606039e-07  -1.7995781e-07  -1.0371732e-07  -9.1040036e-08
   0.0000000e+00   0.0000000e+00  -4.6151326e-06  -7.6597607e-06  -8.9068244e-06  -8.6895297e-06  -9.4396855e-06  -8.2220376e-06  -5.8673963e-06  -3.8490598e-06  -2.9603311e-06  -2.3083794e-06  -1.6695934e-06  -1.4182873e-06  -1.1270042e-06  -7.6372271e-07  -5.7197201e-07  -5.0381630e-07  -2.6893099e-07  -2.6715870e-07  -2.3689769e-07  -5.7537907e-08  -4.1767958e-08
   0.0000000e+00   0.0000000e+00  -4.6220521e-06  -7.5927337e-06  -8.9363557e-06  -8.6100044e-06  -9.5046626e-06  -8.2162833e-06  -5.7887733e-06  -4.0511691e-06  -2.8449522e-06  -2.2112795e-06  -1.7934044e-06  -1.4385132e-06  -1.1010095e-06  -7.4954124e-07  -6.5961638e-07  -3.9125283e-07  -3.6150377e-07  -2.6384140e-07  -1.0998263e-07  -1.7696389e-07  -7.2278716e-08
   0.0000000e+00   0.0000000e+00  -4.6315395e-06  -7.6676870e-06  -8.9764399e-06  -8.6296614e-06  -9.4153675e-06  -8.3194573e-06  -5.7591978e-06  -3.9508677e-06  -2.9638470e-06  -2.2519425e-06  -1.7658001e-06  -1.4511377e-06  -9.6697136e-07  -9.4983062e-07  -6.4586220e-07  -2.9415915e-07  -4.5658109e-07  -2.3210258e-07  -1.5386428e-07  -1.4358015e-07  -2.6594330e-08
   0.0000000e+00   0.0000000e+00  -4.4962721e-06  -7.6567503e-06  -8.9695559e-06  -8.6647733e-06  -9.4475527e-06  -8.2521865e-06  -5.7921270e-06  -4.0102159e-06  -2.9074720e-06  -2.2656354e-06  -1.7784769e-06  -1.4352539e-06  -1.1267099e-06  -7.8779283e-07  -6.3633456e-07  -4.0057162e-07  -4.5396317e-07  -1.9298771e-07  -1.7913835e-07  -2.1391237e-07   8.6381512e-08
   0.0000000e+00   0.0000000e+00  -4.7169651e-06  -7.5601897e-06  -8.9749083e-06  -8.6223372e-06  -9.4586139e-06  -8.2667120e-06  -5.7704128e-06  -3.9806496e-06  -2.9804035e-06  -2.2186837e-06  -1.7324971e-06  -1.4948209e-06  -1.1644072e-06  -8.1553515e-07  -5.7644309e-07  -4.7475746e-07  -3.9509069e-07  -1.7616199e-07  -2.7844325e-07  -1.4558347e-07  -1.7436879e-08
   0.0000000e+00   0.0000000e+00  -4.5850466e-06  -7.7091436e-06  -8.9012128e-06  -8.6486707e-06  -9.5377900e-06  -8.1935586e-06  -5.8236974e-06  -3.9390839e-06  -2.9328560e-06  -2.2651086e-06  -1.9009416e-06  -1.3132714e-06  -1.1806360e-06  -8.2548837e-07  -6.9248910e-07  -4.0086019e-07  -3.5426510e-07  -2.9398461e-07  -1.3380064e-07  -1.9604995e-07  -8.1330967e-08
   0.0000000e+00   0.0000000e+00  -4.5178303e-06  -7.6621536e-06  -9.0473341e-06  -8.5141673e-06  -9.4486368e-06  -8.3559607e-06  -5.7585871e-06  -3.9679139e-06  -3.0214348e-06  -2.1506528e-06  -1.8607309e-06  -1.5010543e-06  -1.1007351e-06  -8.2830644e-07  -6.6808246e-07  -4.3335373e-07  -3.2369942e-07  -3.7684191e-07  -5.5558381e-08  -1.0875691e-07  -2.2062929e-07
   0.0000000e+00   0.0000000e+00  -4.7040262e-06  -7.5134344e-06  -8.9280247e-06  -8.7945273e-06  -9.3085710e-06  -8.2504102e-06  -5.7863540e-06  -3.9783213e-06  -2.9308890e-06  -2.3068039e-06  -1.7632751e-06  -1.4247572e-06  -1.2694701e-06  -8.1351823e-07  -6.3119495e-07  -5.0987666e-07  -2.2341879e-07  -3.4045416e-07  -1.8087505e-07  -4.4212829e-08  -1.0662684e-07
   0.0000000e+00   0.0000000e+00  -4.5877337e-06  -7.7053719e-06  -8.9246205e-06  -8.6178406e-06  -9.5221485e-06  -8.2504603e-06  -5.7368566e-06  -3.9623533e-06  -2.9275773e-06  -2.3249834e-06  -1.7512385e-06  -1.5310599e-06  -1.0794882e-06  -9.3408198e-07  -5.8617997e-07  -5.4838819e-07  -3.1358928e-07  -1.5327397e-07  -3.2393723e-07  -2.4499100e-08   2.4684159e-08
   0.0000000e+00   0.0000000e+00  -4.5842971e-06  -7.6844763e-06  -8.9435835e-06  -8.5524416e-06  -9.4992638e-06  -8.2097395e-06  -5.8289943e-06  -4.0203531e-06  -2.8779341e-06  -2.2595207e-06  -1.8589850e-06  -1.4797109e-06  -1.1349321e-06  -9.1037282e-07  -5.0151374e-07  -6.1965449e-07  -3.4346772e-07  -1.8067803e-07  -1.6421275e-07  -1.0520868e-07  -1.0942875e-07
   0.0000000e+00   0.0000000e+00  -4.5317847e-06  -7.6600963e-06  -8.9944288e-06  -8.5552083e-06  -9.4437610e-06  -8.3018649e-06  -5.6505392e-06  -3.9986185e-06  -2.9864075e-06  -2.2287868e-06  -1.7924059e-06  -1.5161074e-06  -1.0884472e-06  -9.9211763e-07  -6.3963171e-07  -3.0472063e-07  -4.9310341e-07  -2.0721740e-07  -1.1302139e-07  -1.6094076e-07   7.2008866e-10
   0.0000000e+00   0.0000000e+00  -4.6577102e-06  -7.5016114e-06  -8.9744617e-06  -8.7666931e-06  -9.3934195e-06  -8.2122097e-06  -5.8431369e-06  -3.8947665e-06  -2.9373366e-06  -2.3181690e-06  -1.7861696e-06  -1.4615312e-06  -1.1632153e-06  -7.9440059e-07  -7.2186191e-07  -4.5913757e-07  -2.6382804e-07  -3.2855067e-07  -1.7155415e-07   9.8983710e-10  -1.0628009e-07
   0.0000000e+00   0.0000000e+00  -4.7126705e-06  -7.6747892e-06  -8.9444029e-06  -8.5790325e-06  -9.4368943e-06  -8.3003615e-06  -5.7093903e-06  -4.0691921e-06  -2.8839468e-06  -2.2534234e-06  -1.8188791e-06  -1.4513855e-06  -1.2565188e-06  -7.5903228e-07  -6.2950056e-07  -4.8320209e-07  -3.2498713e-07  -2.0461719e-07  -2.0764664e-07  -1.3455295e-07   8.3847056e-08
   0.0000000e+00   0.0000000e+00  -4.4319218e-06  -7.7311070e-06  -8.9392433e-06  -8.6140963e-06  -9.5042860e-06  -8.1714943e-06  -5.8143628e-06  -3.9166766e-06  -2.8577479e-06  -2.3867660e-06  -1.8096722e-06  -1.3810283e-06  -1.2432804e-06  -7.8727879e-07  -6.4356726e-07  -4.7443970e-07  -3.1521688e-07  -2.1515584e-07  -1.3115294e-07  -1.2128679e-07  -1.2709643e-07
   0.0000000e+00   0.0000000e+00  -4.6707510e-06  -7.6074361e-06  -8.9361974e-06  -8.6024447e-06  -9.5173036e-06  -8.2860070e-06  -5.7391935e-06  -4.0045848e-06  -2.9873640e-06  -2.0800046e-06  -1.9292197e-06  -1.4415330e-06  -1.1180116e-06  -9.1707295e-07  -5.6084525e-07  -4.3740948e-07  -3.3899980e-07  -3.0010247e-07  -1.1983477e-07  -4.0395069e-08  -1.1699397e-07
   0.0000000e+00   0.0000000e+00  -4.6628224e-06  -7.5846483e-06  -9.0191415e-06  -8.7180733e-06  -9.2490573e-06  -8.3357263e-06  -5.7287639e-06  -3.9267329e-06  -3.0910312e-06  -2.2358079e-06  -1.6831306e-06  -1.6798592e-06  -1.0068337e-06  -8.7580895e-07  -6.2877388e-07  -4.1263320e-07  -3.8671689e-07  -1.7267327e-07  -2.1675459e-07  -1.2375749e-07   1.1780390e-08
   0.0000000e+00   0.0000000e+00  -4.5327070e-06  -7.7173299e-06  -8.9710929e-06  -8.5943157e-06  -9.5731866e-06  -8.1955523e-06  -5.8070709e-06  -3.9232095e-06  -2.8675313e-06  -2.3522680e-06  -1.8136506e-06  -1.3899332e-06  -1.2080181e-06  -8.6830011e-07  -5.7708439e-07  -5.1228545e-07  -2.5254940e-07  -2.8875266e-07  -1.8437065e-07  -9.3114963e-08  -6.6123327e-08
   0.0000000e+00   0.0000000e+00  -4.6515765e-06  -7.5744583e-06  -8.9723226e-06  -8.5742295e-06  -9.4994539e-06  -8.2214810e-06  -5.8403075e-06  -3.9792926e-06  -2.8779816e-06  -2.3580833e-06  -1.7688685e-06  -1.4703865e-06  -1.0751661e-06  -9.3488171e-07  -5.4345151e-07  -4.6779286e-07  -3.5248883e-07  -2.5616569e-07  -1.5943068e-07  -8.5922842e-08  -1.1360949e-07
   0.0000000e+00   0.0000000e+00  -4.6043583e-06  -7.6726228e-06  -9.0052326e-06  -8.6518421e-06  -9.4245315e-06  -8.1985427e-06  -5.7446687e-06  -4.0837340e-06  -2.8682368e-06  -2.1619376e-06  -1.9167928e-06  -1.4517319e-06  -1.1729647e-06  -7.6142271e-07  -6.6102439e-07  -4.2933308e-07  -3.1767993e-07  -2.8873714e-07  -9.4466671e-08  -1.6004799e-07  -6.0943743e-09
   0.0000000e+00   0.0000000e+00  -4.6202786e-06  -7.6827755e-06  -8.8965280e-06  -8.7167627e-06  -9.4479101e-06  -8.3601435e-06  -5.6623121e-06  -3.9082020e-06  -3.1228683e-06  -2.1516680e-06  -1.7895418e-06  -1.4416842e-06  -1.1457984e-06  -8.5046196e-07  -5.7506787e-07  -4.8869549e-07  -2.8496476e-07  -2.5353140e-07  -1.9479040e-07  -4.6718988e-08  -7.1031288e-08
   0.0000000e+00   0.0000000e+00  -4.5783763e-06  -7.5782682e-06  -8.9705436e-06  -8.6338941e-06  -9.3721947e-06  -8.3375453e-06  -5.8220908e-06  -3.8363200e-06  -3.0108713e-06  -2.3013852e-06  -1.7099691e-06  -1.4308238e-06  -1.1739602e-06  -8.0266227e-07  -5.9921985e-07  -4.6166494e-07  -3.6297476e-07  -1.6629788e-07  -1.9772440e-07  -1.0035754e-07  -4.0530370e-08
   0.0000000e+00   0.0000000e+00  -4.5370934e-06  -7.7273698e-06  -8.9723189e-06  -8.5803194e-06  -9.5523483e-06  -8.1027274e-06  -5.8137780e-06  -4.1450426e-06  -2.6750099e-06  -2.3146838e-06  -1.8457599e-06  -1.4554834e-06  -1.0554505e-06  -8.8498314e-07  -5.7636248e-07  -4.4066664e-07  -3.7919506e-07  -2.2120821e-07  -1.5181953e-07  -1.0936083e-07  -4.9936482e-08
   0.0000000e+00   0.0000000e+00  -4.7822009e-06  -7.4794043e-06  -9.0000985e-06  -8.6675127e-06  -9.4042380e-06  -8.3065297e-06  -5.8032065e-06  -3.8897874e-06  -3.0680264e-06  -2.1761621e-06  -1.7798613e-06  -1.4289565e-06  -1.0732073e-06  -8.7468351e-07  -6.4454429e-07  -4.0863765e-07  -3.0938276e-07  -2.7089865e-07  -2.6681744e-07  -3.9810719e-09  -6.3134586e-08
   0.0000000e+00   0.0000000e+00  -4.5054326e-06  -7.7537925e-06  -8.8670395e-06  -8.5955971e-06  -9.4921625e-06  -8.3509267e-06  -5.6657282e-06  -4.0042423e-06  -2.9126470e-06  -2.3245293e-06  -1.6812763e-06  -1.4983840e-06  -1.1602533e-06  -7.6181402e-07  -6.1963169e-07  -4.7895747e-07  -3.4538473e-07  -2.6503355e-07  -1.1572697e-07  -1.5243158e-07  -1.1332734e-07
   0.0000000e+00   0.0000000e+00  -4.5056854e-06  -7.6295964e-06  -8.9703517e-06  -8.6641739e-06  -9.4150182e-06  -8.1675162e-06  -5.9178851e-06  -3.9443162e-06  -2.9816351e-06  -2.2254717e-06  -1.8301987e-06  -1.3494704e-06  -1.2005997e-06  -8.2392074e-07  -5.9272384e-07  -4.5599378e-07  -3.8229444e-07  -1.8070493e-07  -2.1819238e-07  -1.1348947e-07  -5.3505097e-08
   0.0000000e+00   0.0000000e+00  -4.6251116e-06  -7.5911380e-06  -8.9353089e-06  -8.6354039e-06  -9.5288269e-06  -8.1790367e-06  -5.8145570e-06  -4.0520981e-06  -2.8662782e-06  -2.2419993e-06  -1.8853802e-06  -1.3951886e-06  -1.1153213e-06  -8.6848434e-07  -5.4981444e-07  -4.9878059e-07  -3.2198139e-07  -2.6923550e-07  -2.3896587e-07  -1.5212578e-08  -9.0571689e-08
   0.0000000e+00   0.0000000e+00  -4.6579280e-06  -7.6147003e-06  -8.9241585e-06  -8.4849298e-06  -9.5480109e-06  -8.3435507e-06  -5.7611483e-06  -3.9644092e-06  -2.9729019e-06  -2.3171490e-06  -1.7467482e-06  -1.4671639e-06  -1.1125953e-06  -7.9199390e-07  -6.6698431e-07  -4.3646466e-07  -3.9218983e-07  -2.0304240e-07  -1.5654736e-07  -1.4848906e-07  -1.2281654e-07
   0.0000000e+00   0.0000000e+00  -4.5444699e-06  -7.6008150e-06  -8.9982041e-06  -8.7433782e-06  -9.1398661e-06  -8.4304875e-06  -5.8011769e-06  -3.9186875e-06  -3.1480638e-06  -2.2201002e-06  -1.6978255e-06  -1.5313692e-06  -1.1045693e-06  -8.7445710e-07  -5.8695889e-07  -3.9808432e-07  -3.3322260e-07  -3.1733538e-07  -2.1213803e-07  -7.6900172e-08  -1.4328476e-08
   0.0000000e+00   0.0000000e+00  -4.5791116e-06  -7.5956473e-06  -8.9035402e-06  -8.6554664e-06  -9.6294707e-06  -8.0974996e-06  -5.8167507e-06  -4.0789751e-06  -2.8359254e-06  -2.3296855e-06  -1.9081324e-06  -1.4472572e-06  -1.0323216e-06  -8.2821140e-07  -6.1496297e-07  -4.8896743e-07  -3.5776529e-07  -1.7162228e-07  -2.5807100e-07  -5.7920083e-08  -1.4368644e-07
   0.0000000e+00   0.0000000e+00  -4.5269603e-06  -7.6795277e-06  -8.7732851e-06  -8.6194477e-06  -9.4487477e-06  -8.3200212e-06  -5.8417922e-06  -4.0149721e-06  -2.9364558e-06  -2.3462610e-06  -1.7213828e-06  -1.4425692e-06  -1.1951083e-06  -8.6683730e-07  -5.2860128e-07  -4.2000923e-07  -3.6856832e-07  -2.8244420e-07  -1.3064984e-07  -1.6514251e-07  -5.2299067e-09
   0.0000000e+00   0.0000000e+00  -4.7229460e-06  -7.5387402e-06  -9.1322663e-06  -8.4117082e-06  -9.5203250e-06  -8.2178885e-06  -5.8149644e-06  -3.9648558e-06  -3.1032464e-06  -2.1706965e-06  -1.9175700e-06  -1.3869280e-06  -1.1533349e-06  -7.8758109e-07  -6.1408201e-07  -4.9955776e-07  -3.1284435e-07  -1.9639961e-07  -2.1819928e-07  -1.2609959e-07  -7.3240166e-08
   0.0000000e+00   0.0000000e+00  -4.4193025e-06  -7.6086399e-06  -8.9380037e-06  -8.7664284e-06  -9.3288154e-06  -8.3509858e-06  -5.8122037e-06  -4.0058603e-06  -2.8703050e-06  -2.3740686e-06  -1.7295855e-06  -1.5186743e-06  -1.1276040e-06  -7.4909423e-07  -6.7258816e-07  -4.5545789e-07  -2.5455444e-07  -3.9354066e-07  -1.3755796e-07  -3.3097940e-08  -1.4633170e-07
   0.0000000e+00   0.0000000e+00  -4.7015533e-06  -7.5637909e-06  -8.7871613e-06  -8.6510208e-06  -9.4741627e-06  -8.2492415e-06  -5.8084775e-06  -4.0264049e-06  -3.0465667e-06  -2.2284596e-06  -1.7923089e-06  -1.4357906e-06  -1.0645532e-06  -9.3479548e-07  -5.6988745e-07  -3.8252136e-07  -4.5922158e-07  -1.5782079e-07  -2.3987508e-07  -1.4942280e-07  -2.1214089e-10
   0.0000000e+00   0.0000000e+00  -4.5503348e-06  -7.7098093e-06  -8.8983861e-06  -8.5416777e-06  -9.5307360e-06  -8.2812749e-06  -5.7133943e-06  -4.1146182e-06  -2.8465286e-06  -2.3939006e-06  -1.7306583e-06  -1.4262042e-06  -1.1647604e-06  -7.9219518e-07  -5.3429818e-07  -5.8466998e-07  -2.6967524e-07  -3.0467734e-07  -1.2010224e-07  -1.6539636e-07  -8.9894563e-08
   0.0000000e+00   0.0000000e+00  -4.5540364e-06  -7.5018720e-06  -9.1276652e-06  -8.5390320e-06  -9.3918734e-06  -8.3183804e-06  -5.8849196e-06  -3.9406327e-06  -3.0221622e-06  -2.2305640e-06  -1.7835049e-06  -1.4767473e-06  -1.0117828e-06  -8.6952053e-07  -5.8153415e-07  -4.3167927e-07  -3.8775616e-07  -1.5764356e-07  -3.3706695e-07  -1.8437502e-08   1.0224336e-08
   0.0000000e+00   0.0000000e+00  -4.5581373e-06  -7.6651531e-06  -8.7401650e-06  -8.7693434e-06  -9.3495537e-06  -8.3372552e-06  -5.7372927e-06  -4.0362179e-06  -2.9617765e-06  -2.2532636e-06  -1.8077819e-06  -1.4150071e-06  -1.0894339e-06  -7.7515074e-07  -6.4662981e-07  -4.2424870e-07  -2.9553701e-07  -2.7184339e-07  -1.5380925e-07  -1.3018469e-07  -6.0066093e-08
   0.0000000e+00   0.0000000e+00  -4.6524992e-06  -7.5812245e-06  -8.9564755e-06  -8.5304227e-06  -9.6518716e-06  -8.0948466e-06  -5.9302261e-06  -3.9603910e-06  -2.9890596e-06  -2.2481106e-06  -1.7572697e-06  -1.3519431e-06  -1.1857222e-06  -7.5518597e-07  -6.2380468e-07  -3.6985685e-07  -3.3903979e-07  -3.0973868e-07  -5.4762804e-08  -1.2738687e-07  -1.1216211e-07
   0.0000000e+00   0.0000000e+00  -4.5286365e-06  -7.6461292e-06  -8.8868210e-06  -8.6433238e-06  -9.3298768e-06  -8.4275916e-06  -5.6670037e-06  -4.0783498e-06  -2.9363646e-06  -2.2587217e-06  -1.8056018e-06  -1.4349756e-06  -1.0132392e-06  -7.9517008e-07  -5.9895126e-07  -4.2925819e-07  -3.6354177e-07  -1.1443839e-07  -2.3839290e-07  -1.1490291e-07   4.5835918e-08
   0.0000000e+00   0.0000000e+00  -4.6470245e-06  -7.4323375e-06  -9.1233924e-06  -8.4849562e-06  -9.5067653e-06  -8.1880153e-06  -5.9009985e-06  -3.9412980e-06  -2.8964155e-06  -2.2802524e-06  -1.7417613e-06  -1.3021941e-06  -1.3197680e-06  -6.4186463e-07  -6.2138565e-07  -3.9991986e-07  -2.9436481e-07  -2.5828982e-07  -1.4658607e-07  -6.9465337e-08  -7.1372668e-08
   0.0000000e+00   0.0000000e+00  -4.5061379e-06  -7.7996774e-06  -8.7420749e-06  -8.7901672e-06  -9.3205199e-06  -8.3773803e-06  -5.7341463e-06  -3.9821120e-06  -3.0438953e-06  -2.1659280e-06  -1.8137284e-06  -1.4979483e-06  -8.6878498e-07  -9.7685427e-07  -4.6809143e-07  -4.2307062e-07  -4.1109132e-07  -1.0120219e-07  -1.1233060e-07  -2.4246395e-07   1.0661918e-07
   0.0000000e+00   0.0000000e+00  -4.6426599e-06  -7.5711259e-06  -8.8825209e-06  -8.6057571e-06  -9.5537807e-06  -8.1510780e-06  -5.8726914e-06  -3.9692914e-06  -2.8785184e-06  -2.3319756e-06  -1.7021468e-06  -1.3836076e-06  -1.1408919e-06  -8.0887855e-07  -6.3879656e-07  -3.1518758e-07  -2.4565088e-07  -3.3875821e-07  -1.1475085e-07   4.1866201e-08  -1.7268300e-07
   0.0000000e+00   0.0000000e+00  -4.4945023e-06  -7.5988769e-06  -9.0425092e-06  -8.5027386e-06  -9.4532988e-06  -8.3080959e-06  -5.6729718e-06  -4.0773602e-06  -2.9080775e-06  -2.2123663e-06  -1.8513017e-06  -1.4862256e-06  -1.0110655e-06  -7.8997306e-07  -5.5240815e-07  -5.4608887e-07  -2.6979149e-07  -1.0953873e-07  -1.6012949e-07  -1.5532487e-07   8.7963109e-08
   0.0000000e+00   0.0000000e+00  -4.7296135e-06  -7.5183457e-06  -9.0024405e-06  -8.6676864e-06  -9.4148245e-06  -8.2665938e-06  -5.8937521e-06  -3.9126885e-06  -3.0100105e-06  -2.1885817e-06  -1.7187539e-06  -1.4014869e-06  -1.2127247e-06  -8.3631323e-07  -5.4551464e-07  -4.1562100e-07  -2.2453973e-07  -3.5875141e-07  -7.6294107e-08  -3.3324902e-08  -6.1316968e-08
   0.0000000e+00   0.0000000e+00  -4.5244997e-06  -7.7430886e-06  -8.8180141e-06  -8.6585706e-06  -9.4600164e-06  -8.3418163e-06  -5.6231647e-06  -4.0670157e-06  -2.8684469e-06  -2.3121777e-06  -1.8860112e-06  -1.3669868e-06  -1.0840785e-06  -8.4592176e-07  -5.1888384e-07  -5.8746537e-07  -2.5813316e-07  -1.8343479e-07  -7.5086575e-08  -1.2285059e-07  -1.2136724e-07
   0.0000000e+00   0.0000000e+00  -4.5742831e-06  -7.6175261e-06  -8.9857695e-06  -8.5974380e-06  -9.4888146e-06  -8.1798680e-06  -5.9760391e-06  -3.8264207e-06  -3.1027578e-06  -2.1159647e-06  -1.7541159e-06  -1.4666889e-06  -1.1488098e-06  -8.4366246e-07  -6.7921860e-07  -2.6303783e-07  -3.7695276e-07  -3.1388339e-07  -4.7406456e-08  -1.0040876e-07   4.1720043e-08
   0.0000000e+00   0.0000000e+00  -4.5737361e-06  -7.6523247e-06  -8.9464620e-06  -8.7078570e-06  -9.4023271e-06  -8.3228297e-06  -5.7216689e-06  -4.0546061e-06  -2.8253810e-06  -2.4108467e-06  -1.7652632e-06  -1.4678276e-06  -1.0637315e-06  -8.5015290e-07  -5.8841039e-07  -5.6205272e-07  -2.1143988e-07  -2.5802987e-07  -1.2498398e-07  -9.7308764e-08  -3.7589103e-08
   0.0000000e+00   0.0000000e+00  -4.7070967e-06  -7.5210178e-06  -9.0535341e-06  -8.5785477e-06  -9.5227761e-06  -8.2828474e-06  -5.8083388e-06  -3.9886081e-06  -2.9683208e-06  -2.1713222e-06  -1.7802861e-06  -1.4599595e-06  -1.1788155e-06  -8.1297736e-07  -6.4006485e-07  -3.7770982e-07  -4.0739977e-07  -1.8662514e-07  -1.3090767e-07  -1.6245747e-07   9.5148231e-08
   0.0000000e+00   0.0000000e+00  -4.5735592e-06  -7.7932236e-06  -8.7626040e-06  -8.7868339e-06  -9.4259785e-06  -8.2151291e-06  -5.7755437e-06  -4.0885579e-06  -2.9093214e-06  -2.3161231e-06  -1.7858349e-06  -1.4547911e-06  -1.0405170e-06  -9.0403825e-07  -5.9084391e-07  -4.5439123e-07  -3.2722417e-07  -2.3196012e-07  -1.1383699e-07  -1.3777827e-07  -3.9465185e-08
   0.0000000e+00   0.0000000e+00  -4.5488273e-06  -7.5759795e-06  -9.1775419e-06  -8.4997673e-06  -9.5443602e-06  -8.3875493e-06  -5.7549028e-06  -3.8610810e-06  -3.0559493e-06  -2.1425569e-06  -1.8055920e-06  -1.4729659e-06  -1.1361865e-06  -7.8047532e-07  -6.3576232e-07  -4.3690653e-07  -2.8396656e-07  -2.3966575e-07  -1.5293278e-07  -1.1415123e-07   2.6525449e-08
   0.0000000e+00   0.0000000e+00  -4.6071509e-06  -7.6021984e-06  -8.9167106e-06  -8.6927321e-06  -9.4673660e-06  -8.2805082e-06  -5.8668707e-06  -3.9663441e-06  -2.9414691e-06  -2.3631744e-06  -1.6895639e-06  -1.4769892e-06  -1.0762316e-06  -8.8187659e-07  -5.5081273e-07  -4.3961271e-07  -3.2005440e-07  -2.4379969e-07  -8.7790369e-08  -1.4626916e-07  -9.3580779e-09
   0.0000000e+00   0.0000000e+00  -4.7306817e-06  -7.6532642e-06  -8.9866962e-06  -8.6445780e-06  -9.4841789e-06  -8.2095694e-06  -5.8488308e-06  -4.0095288e-06  -2.9505134e-06  -2.2064535e-06  -1.8676329e-06  -1.2781270e-06  -1.2493997e-06  -7.5994274e-07  -6.4825383e-07  -3.6287534e-07  -3.3188132e-07  -2.5364935e-07  -1.1782687e-07  -9.1041841e-08  -3.7577124e-08
   0.0000000e+00   0.0000000e+00  -4.4779408e-06  -7.6812967e-06  -8.8947481e-06  -8.8070201e-06  -9.4057523e-06  -8.3629711e-06  -5.7167399e-06  -4.1600797e-06  -2.7056315e-06  -2.3899631e-06  -1.7944416e-06  -1.4963043e-06  -1.0279258e-06  -8.2914005e-07  -5.5356242e-07  -5.4071171e-07  -2.7118608e-07  -1.9430975e-07  -1.2747027e-07  -1.1740715e-07  -5.3639042e-08
   0.0000000e+00   0.0000000e+00  -4.6428459e-06  -7.6645738e-06  -8.9702626e-06  -8.5234387e-06  -9.5956111e-06  -8.2447959e-06  -5.8305272e-06  -3.9232841e-06  -3.1310474e-06  -2.1714077e-06  -1.7504129e-06  -1.3872555e-06  -1.1992813e-06  -7.9859552e-07  -6.6544698e-07  -3.1484763e-07  -3.8501352e-07  -2.1765580e-07  -1.6266823e-07  -1.2639079e-07   1.0238026e-07
   0.0000000e+00   0.0000000e+00  -4.5726847e-06  -7.5847856e-06  -9.0334852e-06  -8.7168455e-06  -9.3551334e-06  -8.4170406e-06  -5.7639427e-06  -3.9327228e-06  -2.9932296e-06  -2.2913864e-06  -1.7890648e-06  -1.4594766e-06  -1.1043047e-06  -8.0192336e-07  -5.8887463e-07  -4.9548674e-07  -3.1669714e-07  -1.9444781e-07  -1.7626728e-07  -1.0823916e-07  -4.6381690e-08
   0.0000000e+00   0.0000000e+00  -4.6832124e-06  -7.6426186e-06  -9.0107160e-06  -8.5335223e-06  -9.6555568e-06  -8.1249136e-06  -5.9244312e-06  -3.9970346e-06  -2.9499513e-06  -2.1973663e-06  -1.8236701e-06  -1.4827187e-06  -1.0921842e-06  -8.5296500e-07  -6.4224179e-07  -3.4810327e-07  -4.1894882e-07  -1.8927983e-07  -1.9231031e-07  -1.4288685e-07   3.4322110e-08
   0.0000000e+00   0.0000000e+00  -4.4876479e-06  -7.6842889e-06  -8.8692368e-06  -8.8352281e-06  -9.2896189e-06  -8.3835421e-06  -5.7304819e-06  -4.0268424e-06  -2.8972827e-06  -2.3577309e-06  -1.7501259e-06  -1.4376915e-06  -1.1754448e-06  -7.7647979e-07  -6.5660100e-07  -4.6008034e-07  -2.9454910e-07  -2.4883238e-07  -1.7782520e-07  -1.6032207e-07  -2.6871222e-08
   0.0000000e+00   0.0000000e+00  -4.7013341e-06  -7.6069541e-06  -8.9943451e-06  -8.5879010e-06  -9.5405821e-06  -8.3177483e-06  -5.7672755e-06  -4.0235241e-06  -2.9214136e-06  -2.2200979e-06  -1.8384468e-06  -1.4313085e-06  -1.1755897e-06  -7.9887172e-07  -5.7184968e-07  -4.7573624e-07  -3.9169001e-07  -2.0479568e-07  -1.6272818e-07  -1.4772564e-07  -1.0470328e-07
   0.0000000e+00   0.0000000e+00  -4.5594488e-06  -7.6819160e-06  -8.8919469e-06  -8.7247272e-06  -9.4611469e-06  -8.1577373e-06  -5.8619203e-06  -3.9765418e-06  -2.9131959e-06  -2.3766731e-06  -1.6522730e-06  -1.4829529e-06  -1.0937889e-06  -9.1117556e-07  -6.3513107e-07  -3.4612654e-07  -3.2760681e-07  -3.2929620e-07  -2.1058830e-07  -5.5556388e-08  -1.1670100e-07
   0.0000000e+00   0.0000000e+00  -4.5915190e-06  -7.6073284e-06  -9.0746826e-06  -8.4809517e-06  -9.5896085e-06  -8.2964416e-06  -5.7717334e-06  -3.8208764e-06  -3.0802162e-06  -2.0296447e-06  -1.9882348e-06  -1.3557362e-06  -1.1033355e-06  -8.5869141e-07  -5.8060471e-07  -4.6671045e-07  -3.4229723e-07  -2.4532574e-07  -1.6978764e-07  -1.2653372e-07  -1.3332070e-07
   0.0000000e+00   0.0000000e+00  -4.5516272e-06  -7.7159484e-06  -8.8927109e-06  -8.7276012e-06  -9.3587932e-06  -8.3145133e-06  -5.7718266e-06  -4.0816053e-06  -2.8457157e-06  -2.2703571e-06  -1.6862429e-06  -1.5025844e-06  -1.0867158e-06  -7.9673805e-07  -6.1707590e-07  -4.6601133e-07  -2.9687462e-07  -2.4657592e-07  -1.9604052e-07  -9.9423524e-08  -6.1049704e-08
   0.0000000e+00   0.0000000e+00  -4.6923242e-06  -7.4917748e-06  -9.0928406e-06  -8.6183018e-06  -9.4711349e-06  -8.2468805e-06  -5.7510410e-06  -3.9279071e-06  -2.9353055e-06  -2.2074755e-06  -1.7594919e-06  -1.4131817e-06  -1.1068595e-06  -8.1953999e-07  -5.7731091e-07  -4.5858968e-07  -3.5082138e-07  -1.4257284e-07  -2.4841867e-07  -8.4048764e-08  -2.5470376e-08
   0.0000000e+00   0.0000000e+00  -4.5835554e-06  -7.6971228e-06  -8.8499983e-06  -8.6930158e-06  -9.4736270e-06  -8.3133245e-06  -5.7273396e-06  -3.9936599e-06  -2.8379666e-06  -2.2802767e-06  -1.7393089e-06  -1.3291053e-06  -1.1654430e-06  -7.6893008e-07  -6.1952869e-07  -3.7675449e-07  -3.6667356e-07  -2.5636297e-07  -1.1293957e-07  -1.1167324e-07  -5.9175409e-08
   0.0000000e+00   0.0000000e+00  -4.6404671e-06  -7.6358665e-06  -8.9902960e-06  -8.6048285e-06  -9.5399773e-06  -8.1537119e-06  -5.9306135e-06  -3.8484668e-06  -2.9631797e-06  -2.2014021e-06  -1.6832196e-06  -1.4820903e-06  -1.0032052e-06  -8.6072885e-07  -6.1806276e-07  -3.0261870e-07  -4.1231814e-07  -2.2081859e-07  -1.4915602e-07  -8.4591960e-08  -1.0070764e-07
   0.0000000e+00   0.0000000e+00  -4.4839758e-06  -7.7533859e-06  -8.9434507e-06  -8.6736836e-06  -9.4272382e-06  -8.3284203e-06  -5.6835838e-06  -3.9940919e-06  -2.9387188e-06  -2.1486674e-06  -1.8391072e-06  -1.3570691e-06  -1.0552840e-06  -7.4649643e-07  -6.3610025e-07  -4.4964588e-07  -2.9401934e-07  -1.9803765e-07  -2.0851134e-07  -1.0307937e-07  -3.9110432e-08
   0.0000000e+00   0.0000000e+00  -4.6940818e-06  -7.5020243e-06  -9.0673248e-06  -8.5940865e-06  -9.4653733e-06  -8.2856432e-06  -5.8638811e-06  -3.9532542e-06  -2.8954721e-06  -2.2270549e-06  -1.7068528e-06  -1.3688259e-06  -1.2010112e-06  -7.2209212e-07  -5.3632056e-07  -4.2967676e-07  -3.2404347e-07  -1.8974195e-07  -2.4011777e-07  -6.8231273e-08  -6.1722375e-08
   0.0000000e+00   0.0000000e+00  -4.5956685e-06  -7.6618144e-06  -8.9176228e-06  -8.6913451e-06  -9.4681991e-06  -8.3607638e-06  -5.6005333e-06  -4.0976192e-06  -2.8839981e-06  -2.2624847e-06  -1.7557724e-06  -1.4143030e-06  -1.0142485e-06  -8.6409716e-07  -4.5757960e-07  -5.0799844e-07  -2.9221977e-07  -1.7626910e-07  -1.8660724e-07  -1.3308281e-07  -2.6061633e-08
   0.0000000e+00   0.0000000e+00  -4.6375399e-06  -7.6423212e-06  -8.9810992e-06  -8.6224618e-06  -9.5614187e-06  -8.1829912e-06  -5.8852138e-06  -3.9763445e-06  -2.9371968e-06  -2.2045526e-06  -1.7584267e-06  -1.3847484e-06  -1.1003378e-06  -7.4968636e-07  -6.2400619e-07  -3.6972258e-07  -1.8159551e-07  -3.4119586e-07  -2.1580588e-07   6.7020956e-08  -1.9804449e-07
   0.0000000e+00   0.0000000e+00  -4.5143784e-06  -7.6959032e-06  -8.9603936e-06  -8.6535192e-06  -9.3830313e-06  -8.3901459e-06  -5.7950142e-06  -3.9173615e-06  -2.9741643e-06  -2.2845115e-06  -1.7163286e-06  -1.5171560e-06  -9.6770589e-07  -8.0931028e-07  -5.2352880e-07  -4.3564910e-07  -3.0989079e-07  -1.5753920e-07  -1.1951425e-07  -1.1993785e-07  -1.0512513e-07
   0.0000000e+00   0.0000000e+00  -4.6469968e-06  -7.5978514e-06  -8.9645637e-06  -8.6565351e-06  -9.5058849e-06  -8.2142215e-06  -5.8831433e-06  -3.9922661e-06  -2.9217608e-06  -2.2467623e-06  -1.7478470e-06  -1.3531115e-06  -1.1573565e-06  -8.2775495e-07  -4.3705180e-07  -4.3746499e-07  -2.6649042e-07  -2.2257883e-07  -1.4085913e-07  -2.0001282e-08  -8.7782595e-08
   0.0000000e+00   0.0000000e+00  -4.5879870e-06  -7.6722745e-06  -8.9315581e-06  -8.6918981e-06  -9.4669704e-06  -8.3082887e-06  -5.7245734e-06  -4.0808141e-06  -2.9346595e-06  -2.2801732e-06  -1.8111116e-06  -1.3920410e-06  -1.0433765e-06  -8.0409586e-07  -5.5284181e-07  -3.6611669e-07  -3.0040633e-07  -9.8536098e-08  -2.0205349e-07  -2.2746269e-08  -5.8934926e-08
   0.0000000e+00   0.0000000e+00  -4.6441551e-06  -7.5401431e-06  -9.0118556e-06  -8.5814763e-06  -9.5152354e-06  -8.2724509e-06  -5.7826710e-06  -4.0626715e-06  -2.9089026e-06  -2.2162674e-06  -1.8358160e-06  -1.3873421e-06  -1.1397137e-06  -7.0716487e-07  -5.9829568e-07  -3.7490554e-07  -2.8888485e-07  -1.4096605e-07  -1.5388513e-07  -8.5126297e-09  -3.0711586e-08
