   0.0000000e+00   0.0000000e+00  -3.3938250e-06  -5.7950906e-06  -6.8956947e-06  -6.7499273e-06  -7.4854775e-06  -6.6740190e-06  -4.6601649e-06  -3.1725424e-06  -2.4609494e-06  -1.8599183e-06  -1.3834197e-06  -1.2154602e-06  -8.2809305e-07  -7.1135133e-07  -4.5388225e-07  -2.4463367e-07  -2.6442407e-07  -1.3516102e-07  -9.9245092e-08  -6.1765761e-08  -1.1933064e-08
   0.0000000e+00   0.0000000e+00  -3.3558424e-06  -5.7306197e-06  -6.9262346e-06  -6.7981241e-06  -7.5216694e-06  -6.5685640e-06  -4.7604508e-06  -3.1408949e-06  -2.4028359e-06  -1.8388563e-06  -1.4708503e-06  -1.1903895e-06  -9.1110928e-07  -5.2628570e-07  -6.2132079e-07  -2.1838680e-07  -3.0727898e-07  -1.0298824e-07  -9.2675734e-08  -8.0605943e-08  -2.7512348e-08
   0.0000000e+00   0.0000000e+00  -3.3379736e-06  -5.8013043e-06  -6.8276495e-06  -6.7828091e-06  -7.5450198e-06  -6.5754421e-06  -4.6153027e-06  -3.3476406e-06  -2.3853147e-06  -1.8098106e-06  -1.4542659e-06  -1.1235272e-06  -9.5895814e-07  -6.5648987e-07  -4.5180502e-07  -2.9764854e-07  -2.9320697e-07  -1.3152204e-07  -1.5544748e-07  -3.1060143e-08   9.3920729e-09
   0.0000000e+00   0.0000000e+00  -3.4532152e-06  -5.6916297e-06  -6.9452253e-06  -6.7506626e-06  -7.5254707e-06  -6.6682046e-06  -4.5968409e-06  -3.2012490e-06  -2.3770995e-06  -1.9017299e-06  -1.4949281e-06  -1.1304616e-06  -9.6004328e-07  -5.9201744e-07  -5.0828419e-07  -3.3017628e-07  -3.0914572e-07  -6.2006656e-08  -1.5662705e-07  -1.0675875e-07  -4.9670611e-08
   0.0000000e+00   0.0000000e+00  -3.3999070e-06  -5.7612547e-06  -6.8935574e-06  -6.7358519e-06  -7.5154226e-06  -6.6786633e-06  -4.6712885e-06  -3.2279604e-06  -2.3973118e-06  -1.8054945e-06  -1.4516763e-06  -1.1351963e-06  -9.6757969e-07  -6.9314950e-07  -4.4714255e-07  -3.2614619e-07  -2.7268820e-07  -2.1843840e-07  -1.1163328e-07  -3.8141536e-08  -2.8066028e-08
   0.0000000e+00   0.0000000e+00  -3.3702906e-06  -5.7363127e-06  -6.9135226e-06  -6.7749843e-06  -7.4633676e-06  -6.5234508e-06  -4.7142612e-06  -3.1879624e-06  -2.4498520e-06  -1.8468613e-06  -1.5076755e-06  -1.2041498e-06  -7.9532663e-07  -6.8768594e-07  -5.4528027e-07  -2.9875227e-07  -2.8775810e-07  -1.5357679e-07  -1.3392800e-07  -7.3703461e-08  -1.2378138e-07
   0.0000000e+00   0.0000000e+00  -3.3413767e-06  -5.7799989e-06  -6.8979161e-06  -6.7679516e-06  -7.6135125e-06  -6.6015855e-06  -4.6333253e-06  -3.2639475e-06  -2.2960378e-06  -1.8435459e-06  -1.4062028e-06  -1.2572215e-06  -8.8650592e-07  -7.1829697e-07  -4.2288090e-07  -3.9612851e-07  -1.8898837e-07  -2.6076384e-07  -1.3338753e-07  -9.4659720e-09  -6.1697229e-08
   0.0000000e+00   0.0000000e+00  -3.4026314e-06  -5.7113157e-06  -6.9024022e-06  -6.7290798e-06  -7.4814370e-06  -6.6750104e-06  -4.6080168e-06  -3.2298103e-06  -2.4562312e-06  -1.8483237e-06  -1.4631858e-06  -1.1108746e-06  -9.2551699e-07  -6.6027064e-07  -4.5883490e-07  -4.3619661e-07  -1.8910232e-07  -1.7934289e-07  -1.5576985e-07  -7.9024836e-08   1.5090773e-10
   0.0000000e+00   0.0000000e+00  -3.4185243e-06  -5.7375059e-06  -6.8476465e-06  -6.8630702e-06  -7.4213194e-06  -6.6357661e-06  -4.6577270e-06  -3.2029425e-06  -2.3224743e-06  -1.8618881e-06  -1.3941896e-06  -1.2387230e-06  -9.2332954e-07  -6.4378878e-07  -4.2404810e-07  -4.0621924e-07  -2.9018341e-07  -9.8898177e-08  -1.6515459e-07  -4.2093291e-08  -1.1334011e-07
   0.0000000e+00   0.0000000e+00  -3.3910762e-06  -5.7779771e-06  -6.8972049e-06  -6.7098849e-06  -7.6001352e-06  -6.5482418e-06  -4.6801069e-06  -3.2687608e-06  -2.3873963e-06  -1.7681048e-06  -1.5507461e-06  -1.0591823e-06  -9.1525601e-07  -6.9890120e-07  -4.9421669e-07  -3.3374405e-07  -2.3970568e-07  -2.3787666e-07  -1.2245386e-07  -4.2588521e-08  -9.1815142e-09
   0.0000000e+00   0.0000000e+00  -3.3250253e-06  -5.7201041e-06  -6.9447583e-06  -6.7452875e-06  -7.4904519e-06  -6.6083599e-06  -4.6798145e-06  -3.0812953e-06  -2.4492392e-06  -1.8681378e-06  -1.3782741e-06  -1.2154559e-06  -8.8475377e-07  -6.2507354e-07  -5.5622365e-07  -3.1081089e-07  -2.8455764e-07  -1.9789520e-07  -1.0888311e-07  -1.3901173e-07   6.6677255e-09
   0.0000000e+00   0.0000000e+00  -3.4108330e-06  -5.7188622e-06  -6.9323087e-06  -6.6943298e-06  -7.5719740e-06  -6.6596867e-06  -4.5821889e-06  -3.3154188e-06  -2.3182072e-06  -1.8344626e-06  -1.4005651e-06  -1.1955239e-06  -9.3118916e-07  -6.3176873e-07  -5.0631053e-07  -3.3123618e-07  -3.5481355e-07  -1.4710621e-07  -1.6086882e-07  -8.3331997e-08  -5.1754906e-08
   0.0000000e+00   0.0000000e+00  -3.4135135e-06  -5.7428829e-06  -6.8385580e-06  -6.8188606e-06  -7.4153377e-06  -6.6199359e-06  -4.6088448e-06  -3.2605924e-06  -2.3538109e-06  -1.8688288e-06  -1.5039594e-06  -1.0869144e-06  -9.0843201e-07  -6.7397866e-07  -5.1901560e-07  -3.6532185e-07  -2.2861677e-07  -2.4240848e-07  -1.3178455e-07  -1.3331649e-07   2.0129816e-08
   0.0000000e+00   0.0000000e+00  -3.3575300e-06  -5.8449091e-06  -6.8222103e-06  -6.8172212e-06  -7.5516728e-06  -6.5687927e-06  -4.6534110e-06  -3.2186749e-06  -2.3273055e-06  -1.7760188e-06  -1.4776738e-06  -1.1925056e-06  -9.0996900e-07  -7.0110661e-07  -4.2815790e-07  -3.8410252e-07  -3.1632419e-07  -1.8174110e-07  -1.3763245e-07  -1.1186265e-07  -3.8132232e-08
   0.0000000e+00   0.0000000e+00  -3.3096405e-06  -5.6966946e-06  -6.9454600e-06  -6.7306460e-06  -7.4937639e-06  -6.5879535e-06  -4.6564101e-06  -3.1781710e-06  -2.5017964e-06  -1.8130943e-06  -1.4245848e-06  -1.1647246e-06  -9.2021668e-07  -6.5248707e-07  -5.0099146e-07  -4.1365104e-07  -2.2946091e-07  -2.4193452e-07  -9.4495391e-08  -1.2283243e-07  -7.7643399e-08
   0.0000000e+00   0.0000000e+00  -3.4738443e-06  -5.6724380e-06  -6.9448965e-06  -6.7086030e-06  -7.5015369e-06  -6.6439752e-06  -4.6897212e-06  -3.0334204e-06  -2.4169306e-06  -1.8118118e-06  -1.4479992e-06  -1.2057361e-06  -8.4243760e-07  -7.6467649e-07  -4.9415496e-07  -3.1868703e-07  -2.4404449e-07  -2.7160377e-07  -2.0114827e-07  -3.9630570e-09  -4.1323553e-08
   0.0000000e+00   0.0000000e+00  -3.3731794e-06  -5.7999682e-06  -6.8471982e-06  -6.8215245e-06  -7.4573295e-06  -6.5671989e-06  -4.6190494e-06  -3.3188137e-06  -2.2571392e-06  -1.8941059e-06  -1.4740300e-06  -1.1311060e-06  -9.2381435e-07  -6.4049402e-07  -5.2556311e-07  -4.1928780e-07  -2.7953917e-07  -2.2564228e-07  -2.3898965e-08  -2.2069329e-07  -3.9265807e-08
   0.0000000e+00   0.0000000e+00  -3.3624513e-06  -5.7732786e-06  -6.8853033e-06  -6.7398601e-06  -7.5291528e-06  -6.5775530e-06  -4.5970978e-06  -3.2661960e-06  -2.3685616e-06  -1.7573241e-06  -1.3926947e-06  -1.2141500e-06  -9.5883979e-07  -6.6076115e-07  -5.1540781e-07  -2.9616226e-07  -3.7685075e-07  -1.9339386e-07  -1.6601103e-07  -9.2189893e-08   9.3217301e-10
   0.0000000e+00   0.0000000e+00  -3.3588265e-06  -5.7716393e-06  -6.8711443e-06  -6.7469778e-06  -7.5483645e-06  -6.5911486e-06  -4.5961174e-06  -3.0906826e-06  -2.4297856e-06  -1.8379371e-06  -1.5158549e-06  -1.1052618e-06  -8.9156521e-07  -6.3674241e-07  -5.5219192e-07  -4.2957285e-07  -2.6200570e-07  -1.9994961e-07  -1.4339064e-07  -1.7825880e-07   1.2293276e-08
   0.0000000e+00   0.0000000e+00  -3.4818902e-06  -5.6248682e-06  -6.9847156e-06  -6.7299666e-06  -7.4553532e-06  -6.5686168e-06  -4.7531244e-06  -3.1256870e-06  -2.3995638e-06  -1.7716875e-06  -1.3598363e-06  -1.2173742e-06  -9.1112912e-07  -7.0737138e-07  -5.0550273e-07  -3.0688665e-07  -3.2451902e-07  -2.8705637e-07  -1.0810807e-07  -1.6509271e-07   3.5010586e-08
   0.0000000e+00   0.0000000e+00  -3.3589197e-06  -5.8490868e-06  -6.8206682e-06  -6.8191475e-06  -7.4567406e-06  -6.5815639e-06  -4.5934617e-06  -3.1874970e-06  -2.3561033e-06  -1.8128798e-06  -1.5439776e-06  -1.1090372e-06  -8.7590496e-07  -6.8207123e-07  -4.9471163e-07  -3.9210687e-07  -3.0502471e-07  -2.4067975e-07  -1.2492112e-07  -1.3451250e-07  -1.1944029e-07
   0.0000000e+00   0.0000000e+00  -3.3202186e-06  -5.7989414e-06  -6.8879140e-06  -6.7554342e-06  -7.5244066e-06  -6.6365683e-06  -4.5782244e-06  -3.2270391e-06  -2.3045975e-06  -1.8595996e-06  -1.3769418e-06  -1.1778525e-06  -9.3428849e-07  -6.7522467e-07  -5.0116626e-07  -3.9008484e-07  -2.2696368e-07  -2.7413375e-07  -2.3844720e-07  -3.3876347e-08  -2.4744569e-08
   0.0000000e+00   0.0000000e+00  -3.4410725e-06  -5.7127277e-06  -6.9165890e-06  -6.7462674e-06  -7.4720710e-06  -6.5792447e-06  -4.5902293e-06  -3.2941018e-06  -2.3228877e-06  -1.8530004e-06  -1.4033823e-06  -1.1752256e-06  -9.5785902e-07  -6.2738337e-07  -4.4199732e-07  -5.3974384e-07  -2.0898497e-07  -2.1965025e-07  -1.3557566e-07  -1.6487182e-07  -9.4350270e-08
   0.0000000e+00   0.0000000e+00  -3.4321913e-06  -5.6998465e-06  -6.9406915e-06  -6.7228552e-06  -7.5789362e-06  -6.5541126e-06  -4.6655700e-06  -3.0853887e-06  -2.4369513e-06  -1.7909553e-06  -1.4921228e-06  -1.1424701e-06  -8.8309793e-07  -7.7506297e-07  -4.4569339e-07  -3.6210483e-07  -3.1288596e-07  -2.4300010e-07  -1.8746846e-07  -3.5636646e-08  -6.3114726e-08
   0.0000000e+00   0.0000000e+00  -3.3231440e-06  -5.7990324e-06  -6.8637519e-06  -6.7776850e-06  -7.4813224e-06  -6.6194139e-06  -4.6722857e-06  -3.1695847e-06  -2.3844932e-06  -1.8169185e-06  -1.4827652e-06  -1.1939733e-06  -8.8440561e-07  -6.8574349e-07  -5.4752269e-07  -3.6422375e-07  -2.8380217e-07  -2.3216815e-07  -1.5319624e-07  -7.4950734e-08  -9.2059956e-08
   0.0000000e+00   0.0000000e+00  -3.4041595e-06  -5.8198011e-06  -6.8781192e-06  -6.7460346e-06  -7.4607051e-06  -6.5985405e-06  -4.6230489e-06  -3.2470614e-06  -2.3671262e-06  -1.8178753e-06  -1.4213239e-06  -1.1976579e-06  -9.5771736e-07  -6.7385560e-07  -5.0290004e-07  -3.9100709e-07  -3.2178852e-07  -1.9290592e-07  -1.3126224e-07  -1.4542400e-07   2.5600892e-08
   0.0000000e+00   0.0000000e+00  -3.4128486e-06  -5.6672711e-06  -6.9315752e-06  -6.8408035e-06  -7.4540394e-06  -6.6047778e-06  -4.6300524e-06  -3.1734692e-06  -2.3460404e-06  -1.9434501e-06  -1.4015881e-06  -1.1884080e-06  -9.5780706e-07  -6.2412300e-07  -5.8324378e-07  -3.8761888e-07  -2.6442450e-07  -1.7842768e-07  -2.3287895e-07  -4.7742933e-08  -1.2159961e-08
   0.0000000e+00   0.0000000e+00  -3.4328500e-06  -5.7097809e-06  -6.8975687e-06  -6.7020310e-06  -7.6052311e-06  -6.5917943e-06  -4.5832394e-06  -3.2765081e-06  -2.3460250e-06  -1.7980005e-06  -1.4821914e-06  -1.1625592e-06  -9.6861424e-07  -6.8554994e-07  -5.1940606e-07  -3.3222170e-07  -3.8339772e-07  -1.7773489e-07  -1.1976148e-07  -1.5038106e-07  -6.6028836e-09
   0.0000000e+00   0.0000000e+00  -3.3214042e-06  -5.8303385e-06  -6.8649720e-06  -6.7579199e-06  -7.4570021e-06  -6.5772201e-06  -4.6951573e-06  -3.1055920e-06  -2.4685853e-06  -1.7740307e-06  -1.4579373e-06  -1.2218392e-06  -8.7182957e-07  -7.1791504e-07  -5.1833325e-07  -3.7085380e-07  -2.9855997e-07  -2.4494335e-07  -1.1359622e-07  -9.1549417e-08  -1.1812672e-07
   0.0000000e+00   0.0000000e+00  -3.3594902e-06  -5.8240144e-06  -6.8932027e-06  -6.7388637e-06  -7.5179987e-06  -6.5952308e-06  -4.6579435e-06  -3.1721863e-06  -2.3949622e-06  -1.7479197e-06  -1.5447587e-06  -1.1132782e-06  -9.2507867e-07  -7.1813889e-07  -5.3559592e-07  -3.3441535e-07  -2.9229369e-07  -2.1033684e-07  -2.0043899e-07  -8.3872514e-08   5.6722089e-09
   0.0000000e+00   0.0000000e+00  -3.4653656e-06  -5.5931328e-06  -6.9565617e-06  -6.8009449e-06  -7.4444820e-06  -6.6031571e-06  -4.6104528e-06  -3.2269886e-06  -2.3074765e-06  -1.9457332e-06  -1.3880283e-06  -1.1674481e-06  -9.8474516e-07  -6.2207528e-07  -4.8315201e-07  -4.6162577e-07  -2.4130318e-07  -2.0407165e-07  -1.7571088e-07  -5.1899608e-08  -1.4392037e-07
   0.0000000e+00   0.0000000e+00  -3.3854901e-06  -5.7822690e-06  -6.8747577e-06  -6.7408196e-06  -7.5634662e-06  -6.6096068e-06  -4.5741804e-06  -3.2702394e-06  -2.3133107e-06  -1.8127940e-06  -1.4364398e-06  -1.1909245e-06  -9.2776520e-07  -7.4843899e-07  -4.2481668e-07  -3.9338980e-07  -3.0408182e-07  -1.8305161e-07  -1.6796683e-07  -1.0140253e-07  -6.3282131e-09
   0.0000000e+00   0.0000000e+00  -3.3686979e-06  -5.8281030e-06  -6.8502482e-06  -6.7356027e-06  -7.5138223e-06  -6.5628428e-06  -4.6725640e-06  -3.1765899e-06  -2.3884534e-06  -1.8954401e-06  -1.4304230e-06  -1.2039392e-06  -8.5369174e-07  -6.9888233e-07  -5.8004861e-07  -3.5756048e-07  -2.2986359e-07  -2.5289279e-07  -1.4718798e-07  -8.1602671e-08  -8.6498751e-08
   0.0000000e+00   0.0000000e+00  -3.3628653e-06  -5.7693783e-06  -6.9069338e-06  -6.8001114e-06  -7.4565964e-06  -6.6288731e-06  -4.6416940e-06  -3.1602074e-06  -2.4292262e-06  -1.7304044e-06  -1.4681472e-06  -1.2621572e-06  -9.1297551e-07  -7.0716226e-07  -4.7987419e-07  -3.5674378e-07  -3.7893903e-07  -1.2527305e-07  -2.2063877e-07  -6.6442396e-08  -3.5662104e-08
   0.0000000e+00   0.0000000e+00  -3.4171621e-06  -5.6827507e-06  -6.9641219e-06  -6.7773612e-06  -7.4970089e-06  -6.5642780e-06  -4.6897740e-06  -3.1662541e-06  -2.4096405e-06  -1.9115230e-06  -1.4358376e-06  -1.1511854e-06  -9.5917312e-07  -7.1264822e-07  -4.8143824e-07  -4.4721415e-07  -2.8786283e-07  -1.7541164e-07  -1.5517871e-07  -1.3906249e-07  -4.7958608e-08
   0.0000000e+00   0.0000000e+00  -3.4233387e-06  -5.7432130e-06  -6.9111748e-06  -6.7244550e-06  -7.5325811e-06  -6.6676334e-06  -4.5558536e-06  -3.2832424e-06  -2.3165023e-06  -1.8310973e-06  -1.5423643e-06  -1.0716534e-06  -1.0371043e-06  -6.7734840e-07  -5.8779852e-07  -3.0254196e-07  -3.0929937e-07  -2.4277605e-07  -2.1128965e-07  -2.7024438e-08  -6.0405810e-08
   0.0000000e+00   0.0000000e+00  -3.3708575e-06  -5.8129322e-06  -6.8413055e-06  -6.7801684e-06  -7.5866501e-06  -6.5230879e-06  -4.6361756e-06  -3.2755779e-06  -2.3521159e-06  -1.8534929e-06  -1.4805059e-06  -1.2750196e-06  -8.8586609e-07  -6.6610210e-07  -5.5976909e-07  -4.2591606e-07  -3.1876056e-07  -1.8421383e-07  -1.4915410e-07  -6.0554449e-08  -1.9451139e-07
   0.0000000e+00   0.0000000e+00  -3.3777474e-06  -5.7587708e-06  -6.9092230e-06  -6.8033264e-06  -7.4472155e-06  -6.6125790e-06  -4.7104973e-06  -3.1278207e-06  -2.4762633e-06  -1.7990370e-06  -1.4210083e-06  -1.2083736e-06  -9.9435317e-07  -7.1172207e-07  -5.3514123e-07  -3.7594714e-07  -2.8667355e-07  -2.6428313e-07  -1.8833765e-07  -5.2311222e-08  -1.1137821e-08
   0.0000000e+00   0.0000000e+00  -3.4213631e-06  -5.7342322e-06  -6.9664493e-06  -6.7316782e-06  -7.4868135e-06  -6.6868647e-06  -4.6343666e-06  -3.1258835e-06  -2.4295459e-06  -1.8778826e-06  -1.4780728e-06  -1.2140703e-06  -8.7663096e-07  -7.6893662e-07  -5.0481145e-07  -4.4851933e-07  -3.2751390e-07  -1.5225358e-07  -1.9533559e-07  -1.2740772e-07  -6.9736451e-08
   0.0000000e+00   0.0000000e+00  -3.3198592e-06  -5.7766210e-06  -6.8655931e-06  -6.7540745e-06  -7.5789935e-06  -6.5146937e-06  -4.6936402e-06  -3.2495125e-06  -2.4029773e-06  -1.7897361e-06  -1.4789309e-06  -1.2482764e-06  -9.0450277e-07  -7.9805534e-07  -4.5336486e-07  -4.2569329e-07  -3.4521346e-07  -2.2679073e-07  -1.8114473e-07  -6.3880464e-08  -1.1261574e-07
   0.0000000e+00   0.0000000e+00  -3.4214322e-06  -5.7297552e-06  -6.8914223e-06  -6.7403012e-06  -7.5530752e-06  -6.5920617e-06  -4.5535376e-06  -3.2900023e-06  -2.3485402e-06  -1.8620536e-06  -1.4990644e-06  -1.1745424e-06  -9.2767777e-07  -7.5667191e-07  -5.4223574e-07  -3.9085305e-07  -3.0243416e-07  -2.4681523e-07  -1.8193541e-07  -1.0027266e-07  -5.0724665e-08
   0.0000000e+00   0.0000000e+00  -3.4330351e-06  -5.7502721e-06  -6.8856771e-06  -6.8283412e-06  -7.4184309e-06  -6.6488851e-06  -4.7208323e-06  -3.1118070e-06  -2.4092597e-06  -1.8721082e-06  -1.4790602e-06  -1.1845767e-06  -9.8595262e-07  -6.3881532e-07  -6.0020085e-07  -3.7758784e-07  -2.8509029e-07  -2.8790231e-07  -1.0908083e-07  -1.2261570e-07  -8.4199051e-08
   0.0000000e+00   0.0000000e+00  -3.3357417e-06  -5.7574480e-06  -6.9448188e-06  -6.6652838e-06  -7.5234034e-06  -6.5936902e-06  -4.6642190e-06  -3.2008979e-06  -2.4284741e-06  -1.8175036e-06  -1.4498719e-06  -1.2043424e-06  -9.8128407e-07  -6.6882399e-07  -5.8284735e-07  -3.5243684e-07  -3.2870921e-07  -1.9771031e-07  -1.9780110e-07  -6.3183890e-08  -8.9999865e-08
   0.0000000e+00   0.0000000e+00  -3.3702011e-06  -5.7082384e-06  -6.8863847e-06  -6.7813785e-06  -7.5265357e-06  -6.5808536e-06  -4.5374222e-06  -3.2647342e-06  -2.3825337e-06  -1.7599879e-06  -1.6019028e-06  -1.1335519e-06  -9.4302516e-07  -6.6872974e-07  -5.5046672e-07  -4.1240531e-07  -2.7728694e-07  -2.5302933e-07  -1.1591556e-07  -1.3751914e-07  -1.0597732e-08
   0.0000000e+00   0.0000000e+00  -3.3938361e-06  -5.7916527e-06  -6.8214677e-06  -6.7903138e-06  -7.4876284e-06  -6.5935719e-06  -4.6913246e-06  -3.1706668e-06  -2.4142905e-06  -1.8390972e-06  -1.4020563e-06  -1.2122446e-06  -9.3104848e-07  -7.4062433e-07  -4.7628274e-07  -3.4886543e-07  -3.6976436e-07  -1.5107186e-07  -1.9547488e-07  -1.2923985e-07   4.4044892e-08
   0.0000000e+00   0.0000000e+00  -3.4249167e-06  -5.7126008e-06  -6.9546877e-06  -6.7131286e-06  -7.4269706e-06  -6.6553412e-06  -4.6336381e-06  -3.1625079e-06  -2.3222842e-06  -1.9652571e-06  -1.3422407e-06  -1.2031578e-06  -9.4951554e-07  -6.7282099e-07  -4.7153958e-07  -4.4034613e-07  -2.6177094e-07  -1.8687193e-07  -1.8583511e-07  -8.2073463e-08  -6.6344739e-08
   0.0000000e+00   0.0000000e+00  -3.3907902e-06  -5.7210873e-06  -6.8670961e-06  -6.8015479e-06  -7.5123735e-06  -6.5350596e-06  -4.6514929e-06  -3.2045789e-06  -2.3450921e-06  -1.8324591e-06  -1.4442136e-06  -1.2002583e-06  -8.1247617e-07  -7.1421834e-07  -5.1199441e-07  -3.9495853e-07  -2.0753497e-07  -2.5023130e-07  -1.7105241e-07  -1.0288212e-07   3.6429132e-08
   0.0000000e+00   0.0000000e+00  -3.3333840e-06  -5.7788302e-06  -6.8676072e-06  -6.7009892e-06  -7.5806956e-06  -6.5593704e-06  -4.6147575e-06  -3.2931080e-06  -2.2949748e-06  -1.7785134e-06  -1.4610592e-06  -1.1935335e-06  -8.8610335e-07  -6.5299764e-07  -4.6659537e-07  -3.9236190e-07  -2.5831991e-07  -2.4098094e-07  -1.2237150e-07  -7.1190037e-08  -1.5094042e-07
   0.0000000e+00   0.0000000e+00  -3.3891160e-06  -5.7501356e-06  -6.9309626e-06  -6.7521291e-06  -7.4304003e-06  -6.6666553e-06  -4.5689744e-06  -3.1759064e-06  -2.4439598e-06  -1.7730157e-06  -1.4744758e-06  -1.0178956e-06  -1.0030103e-06  -6.6071794e-07  -4.1177961e-07  -4.4699439e-07  -2.0329084e-07  -2.3958191e-07  -1.4359058e-07  -8.4583306e-08  -7.1205797e-08
   0.0000000e+00   0.0000000e+00  -3.3984775e-06  -5.7653756e-06  -6.8616009e-06  -6.8067297e-06  -7.5004018e-06  -6.5750464e-06  -4.7102922e-06  -3.1071570e-06  -2.3965063e-06  -1.8780305e-06  -1.3607894e-06  -1.1579669e-06  -9.1832214e-07  -6.2441183e-07  -4.6593394e-07  -4.1151975e-07  -2.1932287e-07  -2.1498317e-07  -1.9205623e-07  -4.5790287e-08  -3.4252601e-08
   0.0000000e+00   0.0000000e+00  -3.3994825e-06  -5.7162874e-06  -6.8802083e-06  -6.7482310e-06  -7.5491462e-06  -6.5697986e-06  -4.6491782e-06  -3.2658152e-06  -2.3052814e-06  -1.7971807e-06  -1.4630608e-06  -1.1697958e-06  -8.9886271e-07  -6.1063940e-07  -5.3940505e-07  -3.1759984e-07  -2.9429000e-07  -2.1434244e-07  -8.8593332e-08  -1.4283303e-07  -5.7402300e-08
   0.0000000e+00   0.0000000e+00  -3.4110251e-06  -5.7720763e-06  -6.9172174e-06  -6.7570118e-06  -7.4824784e-06  -6.6501325e-06  -4.6256041e-06  -3.1860991e-06  -2.3993944e-06  -1.8303534e-06  -1.4363243e-06  -1.1843313e-06  -7.8660656e-07  -7.7439898e-07  -5.2236692e-07  -2.4389627e-07  -3.6819617e-07  -1.8823071e-07  -1.2533839e-07  -1.1573127e-07  -2.2759146e-08
   0.0000000e+00   0.0000000e+00  -3.2991989e-06  -5.7668058e-06  -6.9068610e-06  -6.7928404e-06  -7.5010157e-06  -6.6008397e-06  -4.6502255e-06  -3.2342111e-06  -2.3546615e-06  -1.8396123e-06  -1.4493995e-06  -1.1655912e-06  -9.1917667e-07  -6.3968082e-07  -5.1806302e-07  -3.2638863e-07  -3.6630010e-07  -1.5615699e-07  -1.4404127e-07  -1.7290760e-07   7.0111625e-08
   0.0000000e+00   0.0000000e+00  -3.4791701e-06  -5.6859549e-06  -6.9155776e-06  -6.7510141e-06  -7.5182102e-06  -6.6069060e-06  -4.6365117e-06  -3.2098574e-06  -2.4126925e-06  -1.8045588e-06  -1.4080605e-06  -1.2177861e-06  -9.4414116e-07  -6.6433068e-07  -4.7044097e-07  -3.8578810e-07  -3.1882126e-07  -1.4272992e-07  -2.2273750e-07  -1.1402029e-07  -1.6182058e-08
   0.0000000e+00   0.0000000e+00  -3.3697911e-06  -5.8090695e-06  -6.8521463e-06  -6.7794572e-06  -7.5729668e-06  -6.5551199e-06  -4.6757827e-06  -3.1792842e-06  -2.3756463e-06  -1.8381911e-06  -1.5474401e-06  -1.0681384e-06  -9.5874555e-07  -6.7220799e-07  -5.6272421e-07  -3.2830295e-07  -2.8857306e-07  -2.3723273e-07  -1.0502529e-07  -1.5761093e-07  -6.1373463e-08
   0.0000000e+00   0.0000000e+00  -3.3205995e-06  -5.7670431e-06  -6.9736629e-06  -6.6644634e-06  -7.5106886e-06  -6.6786274e-06  -4.6280852e-06  -3.2016592e-06  -2.4453880e-06  -1.7513977e-06  -1.5109725e-06  -1.2196449e-06  -8.9472303e-07  -6.7213330e-07  -5.4392154e-07  -3.5471106e-07  -2.6460265e-07  -3.0452222e-07  -4.6774076e-08  -8.6337678e-08  -1.7474245e-07
   0.0000000e+00   0.0000000e+00  -3.4647317e-06  -5.6528529e-06  -6.8733461e-06  -6.8960526e-06  -7.3892111e-06  -6.6020157e-06  -4.6470041e-06  -3.2096814e-06  -2.3769169e-06  -1.8713648e-06  -1.4358569e-06  -1.1584417e-06  -1.0288110e-06  -6.5987848e-07  -5.1325975e-07  -4.1423408e-07  -1.8496107e-07  -2.7696296e-07  -1.4725693e-07  -3.7676344e-08  -8.5462673e-08
   0.0000000e+00   0.0000000e+00  -3.3767403e-06  -5.8024084e-06  -6.8752906e-06  -6.7481656e-06  -7.5694429e-06  -6.5926338e-06  -4.6123314e-06  -3.1979228e-06  -2.3701525e-06  -1.8901125e-06  -1.4246373e-06  -1.2428103e-06  -8.7688380e-07  -7.5691156e-07  -4.7674499e-07  -4.4300432e-07  -2.5701377e-07  -1.2636607e-07  -2.6374258e-07  -2.1432575e-08   1.7762588e-08
   0.0000000e+00   0.0000000e+00  -3.3694880e-06  -5.7890670e-06  -6.8874615e-06  -6.7007531e-06  -7.5429953e-06  -6.5704335e-06  -4.6789814e-06  -3.2455507e-06  -2.3335087e-06  -1.8345269e-06  -1.5109968e-06  -1.2022984e-06  -9.2111537e-07  -7.3810810e-07  -4.0691614e-07  -5.0286354e-07  -2.7774695e-07  -1.4839956e-07  -1.3659300e-07  -8.5209173e-08  -9.1051909e-08
   0.0000000e+00   0.0000000e+00  -3.3313145e-06  -5.7680231e-06  -6.9297353e-06  -6.7003466e-06  -7.5048829e-06  -6.6346201e-06  -4.5437091e-06  -3.2257053e-06  -2.4194385e-06  -1.8126769e-06  -1.4564507e-06  -1.2302720e-06  -8.8488929e-07  -8.0244411e-07  -5.1917124e-07  -2.4814722e-07  -3.9922054e-07  -1.6898518e-07  -9.2858983e-08  -1.3400569e-07   1.4178781e-09
   0.0000000e+00   0.0000000e+00  -3.4296199e-06  -5.6409754e-06  -6.9145613e-06  -6.8705613e-06  -7.4604277e-06  -6.5694130e-06  -4.6923392e-06  -3.1453351e-06  -2.3805183e-06  -1.8833559e-06  -1.4526913e-06  -1.1874611e-06  -9.4256171e-07  -6.4702363e-07  -5.8403225e-07  -3.7357339e-07  -2.1363003e-07  -2.6585448e-07  -1.4190127e-07   1.0620769e-09  -9.0349722e-08
   0.0000000e+00   0.0000000e+00  -3.4745474e-06  -5.7817047e-06  -6.8878194e-06  -6.7213896e-06  -7.4972481e-06  -6.6367329e-06  -4.5878646e-06  -3.2834623e-06  -2.3391256e-06  -1.8313358e-06  -1.4795371e-06  -1.1788950e-06  -1.0193315e-06  -6.1745709e-07  -5.1374997e-07  -3.9067299e-07  -2.6603684e-07  -1.6662570e-07  -1.6684041e-07  -1.1337574e-07   6.9280169e-08
   0.0000000e+00   0.0000000e+00  -3.2497574e-06  -5.8227934e-06  -6.8876793e-06  -6.7464894e-06  -7.5518446e-06  -6.5346658e-06  -4.6711739e-06  -3.1616194e-06  -2.3170780e-06  -1.9397187e-06  -1.4709783e-06  -1.1226607e-06  -1.0088129e-06  -6.4173685e-07  -5.2398451e-07  -3.8818609e-07  -2.5619946e-07  -1.7553872e-07  -1.0998419e-07  -9.7457573e-08  -1.0494065e-07
   0.0000000e+00   0.0000000e+00  -3.4396812e-06  -5.7278889e-06  -6.8795198e-06  -6.7418086e-06  -7.5596799e-06  -6.6274924e-06  -4.6110504e-06  -3.2319269e-06  -2.4212191e-06  -1.6912696e-06  -1.5687434e-06  -1.1698028e-06  -9.0839006e-07  -7.4582277e-07  -4.5806090e-07  -3.5869155e-07  -2.7574930e-07  -2.4434158e-07  -9.9304557e-08  -3.3565637e-08  -9.5830785e-08
   0.0000000e+00   0.0000000e+00  -3.4351210e-06  -5.7045536e-06  -6.9518928e-06  -6.8278664e-06  -7.3491219e-06  -6.6653242e-06  -4.6035625e-06  -3.1699003e-06  -2.5010206e-06  -1.8202431e-06  -1.3661629e-06  -1.3631168e-06  -8.1873799e-07  -7.1134099e-07  -5.1486489e-07  -3.3459747e-07  -3.1632010e-07  -1.4027579e-07  -1.7490372e-07  -1.0229391e-07   1.1062274e-08
   0.0000000e+00   0.0000000e+00  -3.3279227e-06  -5.8156479e-06  -6.9057733e-06  -6.7353785e-06  -7.6036004e-06  -6.5562635e-06  -4.6650234e-06  -3.1654083e-06  -2.3264038e-06  -1.9051921e-06  -1.4772346e-06  -1.1275540e-06  -9.7939767e-07  -7.0749138e-07  -4.6898688e-07  -4.1933438e-07  -2.0325642e-07  -2.3404036e-07  -1.4893745e-07  -7.2903319e-08  -5.5649267e-08
   0.0000000e+00   0.0000000e+00  -3.4266286e-06  -5.6959275e-06  -6.9139646e-06  -6.7119581e-06  -7.5498601e-06  -6.5734871e-06  -4.6933646e-06  -3.2120618e-06  -2.3291575e-06  -1.9168897e-06  -1.4353035e-06  -1.1938063e-06  -8.7461865e-07  -7.5816155e-07  -4.4518688e-07  -3.8038866e-07  -2.8604339e-07  -2.0700807e-07  -1.2660021e-07  -7.2173620e-08  -8.7851681e-08
   0.0000000e+00   0.0000000e+00  -3.3853516e-06  -5.7786806e-06  -6.9342286e-06  -6.7803808e-06  -7.4841764e-06  -6.5587756e-06  -4.6157825e-06  -3.2934940e-06  -2.3257157e-06  -1.7553639e-06  -1.5574946e-06  -1.1790429e-06  -9.5039553e-07  -6.2167788e-07  -5.3778842e-07  -3.5011030e-07  -2.5878404e-07  -2.3358355e-07  -7.6978040e-08  -1.3018806e-07  -5.8150826e-09
   0.0000000e+00   0.0000000e+00  -3.4013233e-06  -5.7848051e-06  -6.8504096e-06  -6.8281483e-06  -7.5072053e-06  -6.6852108e-06  -4.5498282e-06  -3.1557868e-06  -2.5269478e-06  -1.7505389e-06  -1.4544308e-06  -1.1718884e-06  -9.3146281e-07  -6.9036798e-07  -4.6892237e-07  -3.9871301e-07  -2.3021532e-07  -2.0810566e-07  -1.5617019e-07  -4.1790880e-08  -5.6318402e-08
   0.0000000e+00   0.0000000e+00  -3.3654385e-06  -5.7024140e-06  -6.9101911e-06  -6.7629039e-06  -7.4447448e-06  -6.6676844e-06  -4.6780788e-06  -3.0964077e-06  -2.4393391e-06  -1.8695965e-06  -1.3936896e-06  -1.1633036e-06  -9.5367164e-07  -6.5355465e-07  -4.8889393e-07  -3.7450206e-07  -2.9625926e-07  -1.3480218e-07  -1.6279789e-07  -8.1947974e-08  -3.6425305e-08
   0.0000000e+00   0.0000000e+00  -3.3350020e-06  -5.8215674e-06  -6.9100738e-06  -6.7224573e-06  -7.5871781e-06  -6.4801202e-06  -4.6698274e-06  -3.3441995e-06  -2.1704504e-06  -1.8816020e-06  -1.5007460e-06  -1.1852316e-06  -8.5845789e-07  -7.1989598e-07  -4.6871801e-07  -3.5998264e-07  -3.0618759e-07  -1.8060000e-07  -1.2346004e-07  -9.1046658e-08  -4.1638469e-08
   0.0000000e+00   0.0000000e+00  -3.5289484e-06  -5.6243402e-06  -6.9350349e-06  -6.7890160e-06  -7.4717104e-06  -6.6408238e-06  -4.6620748e-06  -3.1388292e-06  -2.4849614e-06  -1.7700880e-06  -1.4506047e-06  -1.1619053e-06  -8.7393141e-07  -7.1052864e-07  -5.2407307e-07  -3.3223719e-07  -2.5221325e-07  -2.1666480e-07  -2.1770433e-07  -2.2585342e-09  -5.3377491e-08
   0.0000000e+00   0.0000000e+00  -3.3101667e-06  -5.8432202e-06  -6.8274389e-06  -6.7348774e-06  -7.5393655e-06  -6.6776447e-06  -4.5501147e-06  -3.2304661e-06  -2.3608411e-06  -1.8888815e-06  -1.3706562e-06  -1.2195474e-06  -9.4248605e-07  -6.2112110e-07  -5.0304709e-07  -3.9059071e-07  -2.7787939e-07  -2.1719033e-07  -9.2067744e-08  -1.2278139e-07  -9.0937128e-08
   0.0000000e+00   0.0000000e+00  -3.3076969e-06  -5.7454954e-06  -6.9111252e-06  -6.7885139e-06  -7.4794766e-06  -6.5295985e-06  -4.7523827e-06  -3.1821269e-06  -2.4132448e-06  -1.8114094e-06  -1.4894553e-06  -1.0997217e-06  -9.7636041e-07  -6.6892960e-07  -4.8492342e-07  -3.6723600e-07  -3.1388498e-07  -1.4501671e-07  -1.7811681e-07  -9.2551176e-08  -4.1568008e-08
   0.0000000e+00   0.0000000e+00  -3.4067298e-06  -5.7130678e-06  -6.8838026e-06  -6.7660822e-06  -7.5700550e-06  -6.5402442e-06  -4.6683194e-06  -3.2668117e-06  -2.3235161e-06  -1.8206861e-06  -1.5341500e-06  -1.1369439e-06  -9.0688582e-07  -7.0769028e-07  -4.4685777e-07  -4.0626156e-07  -2.6027547e-07  -2.1836752e-07  -1.9436872e-07  -1.2671568e-08  -7.4744484e-08
   0.0000000e+00   0.0000000e+00  -3.4297116e-06  -5.7341599e-06  -6.8742715e-06  -6.6470348e-06  -7.5864027e-06  -6.6702310e-06  -4.6272316e-06  -3.1962520e-06  -2.4054593e-06  -1.8823090e-06  -1.4219074e-06  -1.1932353e-06  -9.0753906e-07  -6.4407209e-07  -5.4488805e-07  -3.5368845e-07  -3.1716633e-07  -1.6466456e-07  -1.2616293e-07  -1.2059834e-07  -9.8635645e-08
   0.0000000e+00   0.0000000e+00  -3.3415054e-06  -5.7217558e-06  -6.9342013e-06  -6.8527206e-06  -7.2602284e-06  -6.7421647e-06  -4.6568612e-06  -3.1604834e-06  -2.5459328e-06  -1.8022448e-06  -1.3828723e-06  -1.2453484e-06  -8.9838903e-07  -7.1461722e-07  -4.7828087e-07  -3.2511562e-07  -2.7045363e-07  -2.5477692e-07  -1.7085598e-07  -6.1763906e-08  -1.1262618e-08
   0.0000000e+00   0.0000000e+00  -3.3683532e-06  -5.7176176e-06  -6.8590134e-06  -6.7836700e-06  -7.6516226e-06  -6.4743726e-06  -4.6723831e-06  -3.2863561e-06  -2.2964568e-06  -1.8898123e-06  -1.5503750e-06  -1.1763790e-06  -8.4268260e-07  -6.7507131e-07  -5.0240016e-07  -3.9937424e-07  -2.8903659e-07  -1.3881485e-07  -2.0939289e-07  -4.3914795e-08  -1.1765304e-07
   0.0000000e+00   0.0000000e+00  -3.3253316e-06  -5.7861666e-06  -6.7533697e-06  -6.7548117e-06  -7.5076414e-06  -6.6542298e-06  -4.6896293e-06  -3.2390212e-06  -2.3738792e-06  -1.9063999e-06  -1.3974220e-06  -1.1749495e-06  -9.6957513e-07  -7.0760302e-07  -4.3268605e-07  -3.4413841e-07  -2.9820077e-07  -2.3069883e-07  -1.0276657e-07  -1.3623318e-07  -1.0457257e-09
   0.0000000e+00   0.0000000e+00  -3.4856562e-06  -5.6705185e-06  -7.0425658e-06  -6.5868708e-06  -7.5658872e-06  -6.5707636e-06  -4.6714663e-06  -3.1951502e-06  -2.5136437e-06  -1.7592806e-06  -1.5612629e-06  -1.1258940e-06  -9.3918891e-07  -6.4099413e-07  -5.0265294e-07  -4.0554210e-07  -2.5691136e-07  -1.5861859e-07  -1.7765541e-07  -1.0136787e-07  -5.9046631e-08
   0.0000000e+00   0.0000000e+00  -3.2369342e-06  -5.7312423e-06  -6.8835711e-06  -6.8743866e-06  -7.4087366e-06  -6.6797093e-06  -4.6664636e-06  -3.2322512e-06  -2.3213288e-06  -1.9305992e-06  -1.4047262e-06  -1.2363947e-06  -9.1630073e-07  -6.1253110e-07  -5.4465096e-07  -3.7374417e-07  -2.0431028e-07  -3.2119144e-07  -1.0898005e-07  -2.8997693e-08  -1.1716872e-07
   0.0000000e+00   0.0000000e+00  -3.4703417e-06  -5.6888448e-06  -6.7684791e-06  -6.7753331e-06  -7.5312882e-06  -6.5931526e-06  -4.6670407e-06  -3.2436583e-06  -2.4684414e-06  -1.8071826e-06  -1.4616606e-06  -1.1674808e-06  -8.6898029e-07  -7.5817178e-07  -4.6656061e-07  -3.0794288e-07  -3.7394338e-07  -1.2471885e-07  -1.9443391e-07  -1.2129773e-07   2.1154805e-09
   0.0000000e+00   0.0000000e+00  -3.3415304e-06  -5.8132341e-06  -6.8502941e-06  -6.6959315e-06  -7.5672333e-06  -6.6260168e-06  -4.5839106e-06  -3.3203842e-06  -2.3005362e-06  -1.9467041e-06  -1.4069831e-06  -1.1642913e-06  -9.4801163e-07  -6.4653813e-07  -4.3382892e-07  -4.7580531e-07  -2.1418161e-07  -2.4803035e-07  -9.5046069e-08  -1.3264619e-07  -7.3167172e-08
   0.0000000e+00   0.0000000e+00  -3.3516387e-06  -5.6402728e-06  -7.0410388e-06  -6.6855205e-06  -7.4657610e-06  -6.6455937e-06  -4.7296776e-06  -3.1718137e-06  -2.4498454e-06  -1.8078490e-06  -1.4552725e-06  -1.2020101e-06  -8.2680282e-07  -7.0813803e-07  -4.7454648e-07  -3.4779879e-07  -3.1553984e-07  -1.2615095e-07  -2.7133240e-07  -1.4615885e-08   6.8418093e-09
   0.0000000e+00   0.0000000e+00  -3.3497367e-06  -5.7761258e-06  -6.7255323e-06  -6.8767722e-06  -7.4232630e-06  -6.6700745e-06  -4.6017240e-06  -3.2583412e-06  -2.3910040e-06  -1.8344725e-06  -1.4691628e-06  -1.1552378e-06  -8.8834611e-07  -6.3261729e-07  -5.2502713e-07  -3.4591534e-07  -2.3994272e-07  -2.1908650e-07  -1.2682565e-07  -1.0422571e-07  -4.9687241e-08
   0.0000000e+00   0.0000000e+00  -3.4288164e-06  -5.7063494e-06  -6.9020757e-06  -6.6810844e-06  -7.6708529e-06  -6.4687465e-06  -4.7645240e-06  -3.1873408e-06  -2.4241051e-06  -1.8220940e-06  -1.4348127e-06  -1.1008392e-06  -9.6694748e-07  -6.1498855e-07  -5.0826310e-07  -3.0213735e-07  -2.7424915e-07  -2.5175683e-07  -4.5372566e-08  -1.0445505e-07  -9.0229143e-08
   0.0000000e+00   0.0000000e+00  -3.3281951e-06  -5.7588618e-06  -6.8457762e-06  -6.7735918e-06  -7.4108520e-06  -6.7395308e-06  -4.5476290e-06  -3.2911814e-06  -2.3721125e-06  -1.8392008e-06  -1.4666261e-06  -1.1731825e-06  -8.2407189e-07  -6.5073897e-07  -4.8638543e-07  -3.4834713e-07  -2.9724171e-07  -9.1806868e-08  -1.9349530e-07  -9.2844353e-08   3.5666488e-08
   0.0000000e+00   0.0000000e+00  -3.4225568e-06  -5.5894975e-06  -7.0332339e-06  -6.6473021e-06  -7.5527546e-06  -6.5458376e-06  -4.7392869e-06  -3.1753386e-06  -2.3474436e-06  -1.8501770e-06  -1.4230747e-06  -1.0582111e-06  -1.0769108e-06  -5.2121715e-07  -5.0978394e-07  -3.2415358e-07  -2.3932444e-07  -2.1061747e-07  -1.1906683e-07  -5.5556551e-08  -6.0096596e-08
   0.0000000e+00   0.0000000e+00  -3.3112290e-06  -5.8798878e-06  -6.7315345e-06  -6.8899762e-06  -7.4043687e-06  -6.6989751e-06  -4.6036557e-06  -3.2116654e-06  -2.4631750e-06  -1.7621580e-06  -1.4727683e-06  -1.2242683e-06  -7.0576078e-07  -7.9904515e-07  -3.7895447e-07  -3.4720921e-07  -3.3339464e-07  -8.3386681e-08  -9.2902752e-08  -1.9724550e-07   8.6764501e-08
   0.0000000e+00   0.0000000e+00  -3.4184425e-06  -5.7005213e-06  -6.8398922e-06  -6.7439532e-06  -7.5911803e-06  -6.5167724e-06  -4.7169779e-06  -3.2006492e-06  -2.3309253e-06  -1.8940493e-06  -1.3887933e-06  -1.1228223e-06  -9.3334597e-07  -6.5338446e-07  -5.2375799e-07  -2.5732362e-07  -2.0120724e-07  -2.7566810e-07  -9.6726232e-08   3.3207883e-08  -1.4337290e-07
   0.0000000e+00   0.0000000e+00  -3.3013855e-06  -5.7195016e-06  -6.9699227e-06  -6.6602079e-06  -7.5100770e-06  -6.6443531e-06  -4.5555489e-06  -3.2889216e-06  -2.3559567e-06  -1.7969601e-06  -1.5061987e-06  -1.2104646e-06  -8.1947962e-07  -6.4870710e-07  -4.4545610e-07  -4.4482249e-07  -2.2149703e-07  -9.2224639e-08  -1.3190957e-07  -1.2959774e-07   7.1283900e-08
   0.0000000e+00   0.0000000e+00  -3.4880520e-06  -5.6557983e-06  -6.9370362e-06  -6.7912542e-06  -7.4804893e-06  -6.6093980e-06  -4.7348258e-06  -3.1558511e-06  -2.4372421e-06  -1.7814117e-06  -1.3978237e-06  -1.1414584e-06  -9.8703663e-07  -6.7455409e-07  -4.4889634e-07  -3.3596015e-07  -1.8487212e-07  -2.9276620e-07  -6.4770568e-08  -3.0596055e-08  -5.2304383e-08
   0.0000000e+00   0.0000000e+00  -3.3247293e-06  -5.8362230e-06  -6.7871269e-06  -6.7859473e-06  -7.5137023e-06  -6.6722328e-06  -4.5158072e-06  -3.2815769e-06  -2.3242715e-06  -1.8775199e-06  -1.5356464e-06  -1.1123904e-06  -8.8039099e-07  -6.9029329e-07  -4.1875347e-07  -4.7833930e-07  -2.0992921e-07  -1.5079080e-07  -6.5350811e-08  -1.0247631e-07  -9.8759145e-08
   0.0000000e+00   0.0000000e+00  -3.3633357e-06  -5.7334028e-06  -6.9243956e-06  -6.7320875e-06  -7.5404200e-06  -6.5385238e-06  -4.8012689e-06  -3.0865099e-06  -2.5119862e-06  -1.7227833e-06  -1.4276133e-06  -1.1929918e-06  -9.3396261e-07  -6.8296845e-07  -5.5405286e-07  -2.1312206e-07  -3.0750121e-07  -2.5490755e-07  -4.0866322e-08  -8.6854534e-08   3.1819656e-08
   0.0000000e+00   0.0000000e+00  -3.3648535e-06  -5.7625530e-06  -6.8890390e-06  -6.8250552e-06  -7.4657855e-06  -6.6570165e-06  -4.5945244e-06  -3.2714408e-06  -2.2887095e-06  -1.9569250e-06  -1.4378860e-06  -1.1933854e-06  -8.6504565e-07  -6.9071450e-07  -4.7574707e-07  -4.5755564e-07  -1.7068810e-07  -2.1096571e-07  -1.0436898e-07  -8.0740428e-08  -3.4429057e-08
   0.0000000e+00   0.0000000e+00  -3.4677553e-06  -5.6582012e-06  -6.9762627e-06  -6.7168939e-06  -7.5660673e-06  -6.6210459e-06  -4.6660657e-06  -3.2158728e-06  -2.4051749e-06  -1.7645159e-06  -1.4500469e-06  -1.1867501e-06  -9.5694043e-07  -6.5991929e-07  -5.1901384e-07  -3.0635618e-07  -3.3024727e-07  -1.5175269e-07  -1.0802351e-07  -1.3343295e-07   7.5275075e-08
   0.0000000e+00   0.0000000e+00  -3.3667216e-06  -5.8721671e-06  -6.7443875e-06  -6.8857375e-06  -7.4853378e-06  -6.5694094e-06  -4.6381379e-06  -3.2987007e-06  -2.3543253e-06  -1.8839702e-06  -1.4505617e-06  -1.1861932e-06  -8.4545138e-07  -7.3417073e-07  -4.7850136e-07  -3.6910438e-07  -2.6579906e-07  -1.8926528e-07  -9.3828930e-08  -1.1138346e-07  -3.4369844e-08
   0.0000000e+00   0.0000000e+00  -3.3398464e-06  -5.7041593e-06  -7.0729693e-06  -6.6562066e-06  -7.5813559e-06  -6.7056708e-06  -4.6230684e-06  -3.1145732e-06  -2.4755027e-06  -1.7401493e-06  -1.4731096e-06  -1.1953510e-06  -9.2597793e-07  -6.3340167e-07  -5.1780881e-07  -3.5478973e-07  -2.3249677e-07  -1.9511522e-07  -1.2648624e-07  -9.2464745e-08   2.0321762e-08
   0.0000000e+00   0.0000000e+00  -3.3939787e-06  -5.7189091e-06  -6.8693703e-06  -6.8081372e-06  -7.5211187e-06  -6.6205735e-06  -4.7119306e-06  -3.1999643e-06  -2.3818313e-06  -1.9207771e-06  -1.3743194e-06  -1.2046746e-06  -8.7369403e-07  -7.1956583e-07  -4.4641837e-07  -3.5938297e-07  -2.6117701e-07  -1.9909507e-07  -7.2546342e-08  -1.2030519e-07  -7.1000259e-09
   0.0000000e+00   0.0000000e+00  -3.4862296e-06  -5.7656071e-06  -6.9200696e-06  -6.7738770e-06  -7.5312614e-06  -6.5652962e-06  -4.6973164e-06  -3.2341500e-06  -2.3900639e-06  -1.7931374e-06  -1.5216325e-06  -1.0400878e-06  -1.0184639e-06  -6.1494859e-07  -5.3212955e-07  -2.9286986e-07  -2.7213903e-07  -2.0645712e-07  -9.7379925e-08  -7.5638816e-08  -3.2598827e-08
   0.0000000e+00   0.0000000e+00  -3.2893413e-06  -5.7833877e-06  -6.8511995e-06  -6.8997024e-06  -7.4727118e-06  -6.6852926e-06  -4.5925021e-06  -3.3539172e-06  -2.1938179e-06  -1.9411443e-06  -1.4606456e-06  -1.2191397e-06  -8.3569768e-07  -6.7819195e-07  -4.4736720e-07  -4.4226860e-07  -2.1894458e-07  -1.5959623e-07  -1.0710936e-07  -9.6398196e-08  -4.5334069e-08
   0.0000000e+00   0.0000000e+00  -3.4176903e-06  -5.7731272e-06  -6.9078219e-06  -6.6762891e-06  -7.6209722e-06  -6.5932240e-06  -4.6816876e-06  -3.1655079e-06  -2.5326603e-06  -1.7673873e-06  -1.4247156e-06  -1.1308838e-06  -9.7654822e-07  -6.4821245e-07  -5.4389062e-07  -2.5449137e-07  -3.1465962e-07  -1.7679685e-07  -1.3249526e-07  -1.0600750e-07   8.1383028e-08
   0.0000000e+00   0.0000000e+00  -3.3626920e-06  -5.7078009e-06  -6.9609473e-06  -6.8279210e-06  -7.4315126e-06  -6.7287524e-06  -4.6297328e-06  -3.1710376e-06  -2.4249205e-06  -1.8591307e-06  -1.4586166e-06  -1.1866908e-06  -8.9823993e-07  -6.5551950e-07  -4.7731658e-07  -4.0542503e-07  -2.5440775e-07  -1.6013732e-07  -1.4486820e-07  -8.6590646e-08  -4.0507427e-08
   0.0000000e+00   0.0000000e+00  -3.4529207e-06  -5.7534053e-06  -6.9412677e-06  -6.6836760e-06  -7.6694751e-06  -6.4965629e-06  -4.7576018e-06  -3.2237235e-06  -2.3875177e-06  -1.7874773e-06  -1.4811336e-06  -1.2067896e-06  -8.8798311e-07  -6.9339148e-07  -5.2382802e-07  -2.8320389e-07  -3.4259398e-07  -1.5272471e-07  -1.5541772e-07  -1.1587722e-07   2.8328145e-08
   0.0000000e+00   0.0000000e+00  -3.2920068e-06  -5.7896000e-06  -6.8279992e-06  -6.9242565e-06  -7.3783262e-06  -6.7027718e-06  -4.6016921e-06  -3.2487303e-06  -2.3462062e-06  -1.9140803e-06  -1.4248482e-06  -1.1668624e-06  -9.5488633e-07  -6.3212445e-07  -5.3317376e-07  -3.7754924e-07  -2.3852556e-07  -2.0424115e-07  -1.4328504e-07  -1.2871011e-07  -1.9849203e-08
   0.0000000e+00   0.0000000e+00  -3.4690875e-06  -5.7232501e-06  -6.9303355e-06  -6.7256597e-06  -7.5791559e-06  -6.6506891e-06  -4.6334317e-06  -3.2441355e-06  -2.3680179e-06  -1.8029127e-06  -1.4945509e-06  -1.1639360e-06  -9.5335105e-07  -6.4904981e-07  -4.6798465e-07  -3.8591119e-07  -3.2041467e-07  -1.6629335e-07  -1.3054635e-07  -1.1696836e-07  -8.5093866e-08
   0.0000000e+00   0.0000000e+00  -3.3488668e-06  -5.7887296e-06  -6.8451536e-06  -6.8375430e-06  -7.5154517e-06  -6.5229351e-06  -4.7075027e-06  -3.2108367e-06  -2.3579043e-06  -1.9321058e-06  -1.3446153e-06  -1.2042842e-06  -8.8888953e-07  -7.3944102e-07  -5.1727778e-07  -2.8420251e-07  -2.6681769e-07  -2.6498219e-07  -1.6832453e-07  -4.3110646e-08  -9.0493856e-08
   0.0000000e+00   0.0000000e+00  -3.3805743e-06  -5.7237830e-06  -6.9948237e-06  -6.6404455e-06  -7.6183237e-06  -6.6339112e-06  -4.6382802e-06  -3.0821075e-06  -2.4982362e-06  -1.6489178e-06  -1.6172610e-06  -1.1022402e-06  -8.9619493e-07  -6.9858652e-07  -4.7199455e-07  -3.8055978e-07  -2.7944674e-07  -1.9699485e-07  -1.3597383e-07  -9.9267609e-08  -1.0601880e-07
   0.0000000e+00   0.0000000e+00  -3.3443116e-06  -5.8148662e-06  -6.8462550e-06  -6.8388090e-06  -7.4339428e-06  -6.6490902e-06  -4.6355067e-06  -3.2963553e-06  -2.3040327e-06  -1.8500627e-06  -1.3707281e-06  -1.2230739e-06  -8.8294109e-07  -6.4651425e-07  -5.0328390e-07  -3.7921043e-07  -2.4140215e-07  -2.0148319e-07  -1.5745519e-07  -7.9169176e-08  -4.7972261e-08
   0.0000000e+00   0.0000000e+00  -3.4590823e-06  -5.6325825e-06  -7.0091687e-06  -6.7500646e-06  -7.5232033e-06  -6.5936047e-06  -4.6219157e-06  -3.1689233e-06  -2.3829489e-06  -1.7926473e-06  -1.4371312e-06  -1.1483243e-06  -9.0034365e-07  -6.6712107e-07  -4.6823993e-07  -3.7332566e-07  -2.8677243e-07  -1.1757896e-07  -2.0133052e-07  -6.8198268e-08  -2.1780119e-08
   0.0000000e+00   0.0000000e+00  -3.3715830e-06  -5.7990592e-06  -6.8113318e-06  -6.8121440e-06  -7.5242820e-06  -6.6480893e-06  -4.5998813e-06  -3.2250030e-06  -2.2998518e-06  -1.8583821e-06  -1.4152263e-06  -1.0856073e-06  -9.4733934e-07  -6.2528136e-07  -5.0459130e-07  -3.0691271e-07  -2.9773190e-07  -2.0954668e-07  -9.3121187e-08  -9.1990273e-08  -4.6978325e-08
   0.0000000e+00   0.0000000e+00  -3.4172804e-06  -5.7480356e-06  -6.9285520e-06  -6.7370815e-06  -7.5802668e-06  -6.5176946e-06  -4.7646245e-06  -3.1058155e-06  -2.4027095e-06  -1.7908412e-06  -1.3745852e-06  -1.2057919e-06  -8.1837806e-07  -7.0028398e-07  -5.0302691e-07  -2.4746481e-07  -3.3424058e-07  -1.7944586e-07  -1.2230745e-07  -6.8712644e-08  -8.3038735e-08
   0.0000000e+00   0.0000000e+00  -3.2913090e-06  -5.8451019e-06  -6.8851664e-06  -6.7991773e-06  -7.4844979e-06  -6.6608923e-06  -4.5644761e-06  -3.2224946e-06  -2.3830139e-06  -1.7479983e-06  -1.4977732e-06  -1.1063063e-06  -8.5968287e-07  -6.1048860e-07  -5.1674539e-07  -3.6668987e-07  -2.3869947e-07  -1.6040893e-07  -1.6769242e-07  -8.5163869e-08  -2.9120287e-08
   0.0000000e+00   0.0000000e+00  -3.4610525e-06  -5.6404911e-06  -6.9909588e-06  -6.7271267e-06  -7.5229509e-06  -6.6217299e-06  -4.7100616e-06  -3.1906075e-06  -2.3445218e-06  -1.8132434e-06  -1.3904847e-06  -1.1148866e-06  -9.7730765e-07  -5.8910967e-07  -4.4001794e-07  -3.4957577e-07  -2.6384339e-07  -1.5419059e-07  -1.9244577e-07  -5.2751254e-08  -5.2321905e-08
   0.0000000e+00   0.0000000e+00  -3.3803094e-06  -5.7716929e-06  -6.8650793e-06  -6.8141017e-06  -7.5160315e-06  -6.6874959e-06  -4.4974604e-06  -3.3041977e-06  -2.3382252e-06  -1.8387132e-06  -1.4298192e-06  -1.1522302e-06  -8.2555800e-07  -7.0523134e-07  -3.7458284e-07  -4.1597863e-07  -2.3674596e-07  -1.4493733e-07  -1.4856556e-07  -1.0778867e-07  -1.6364497e-08
   0.0000000e+00   0.0000000e+00  -3.4156467e-06  -5.7534248e-06  -6.9209873e-06  -6.7508636e-06  -7.5996509e-06  -6.5391464e-06  -4.7270451e-06  -3.2069513e-06  -2.3788766e-06  -1.7927143e-06  -1.4322695e-06  -1.1270981e-06  -8.9728525e-07  -6.1018920e-07  -5.1051950e-07  -3.0288783e-07  -1.5103673e-07  -2.7579398e-07  -1.7412765e-07   5.5584557e-08  -1.6175963e-07
   0.0000000e+00   0.0000000e+00  -3.3152962e-06  -5.7980496e-06  -6.9012599e-06  -6.7820579e-06  -7.4500063e-06  -6.7104106e-06  -4.6521877e-06  -3.1597137e-06  -2.4079434e-06  -1.8559934e-06  -1.3981438e-06  -1.2345683e-06  -7.8744705e-07  -6.6215370e-07  -4.2709053e-07  -3.5680003e-07  -2.5261861e-07  -1.2947322e-07  -9.7233148e-08  -9.7906536e-08  -8.2051145e-08
   0.0000000e+00   0.0000000e+00  -3.4229920e-06  -5.7188622e-06  -6.9060548e-06  -6.7812748e-06  -7.5531243e-06  -6.5655959e-06  -4.7249619e-06  -3.2184867e-06  -2.3658333e-06  -1.8248189e-06  -1.4235612e-06  -1.1013208e-06  -9.4301697e-07  -6.7293610e-07  -3.6050281e-07  -3.5637342e-07  -2.1944999e-07  -1.8106812e-07  -1.1309661e-07  -2.0501004e-08  -6.8083132e-08
   0.0000000e+00   0.0000000e+00  -3.3741992e-06  -5.7784432e-06  -6.8803270e-06  -6.8112681e-06  -7.5202220e-06  -6.6437583e-06  -4.5955626e-06  -3.2902165e-06  -2.3751368e-06  -1.8528904e-06  -1.4718524e-06  -1.1347012e-06  -8.4936619e-07  -6.5544839e-07  -4.5271406e-07  -3.0067707e-07  -2.4578856e-07  -8.2421948e-08  -1.6694598e-07  -1.8425451e-08  -5.1829581e-08
   0.0000000e+00   0.0000000e+00  -3.4200189e-06  -5.6737267e-06  -6.9429702e-06  -6.7236583e-06  -7.5597777e-06  -6.6140901e-06  -4.6441805e-06  -3.2744199e-06  -2.3549401e-06  -1.8003338e-06  -1.4942144e-06  -1.1272380e-06  -9.2895925e-07  -5.7577205e-07  -4.8971123e-07  -3.0728106e-07  -2.3648118e-07  -1.1996289e-07  -1.2578779e-07  -1.1948176e-08  -2.5933096e-08
