   0.0000000e+00   0.0000000e+00  -1.5370509e-06  -2.6920429e-06  -3.2895475e-06  -3.2819730e-06  -3.7062355e-06  -3.3319955e-06  -2.3402729e-06  -1.6041660e-06  -1.2504332e-06  -9.4882961e-07  -7.0763218e-07  -6.2286290e-07  -4.2123281e-07  -3.6641063e-07  -2.3010789e-07  -1.2956312e-07  -1.3566512e-07  -7.0440997e-08  -5.3321777e-08  -3.3782232e-08  -6.1749446e-09
   0.0000000e+00   0.0000000e+00  -1.5170530e-06  -2.6633236e-06  -3.3006345e-06  -3.3105550e-06  -3.7221776e-06  -3.2795861e-06  -2.3913399e-06  -1.5879057e-06  -1.2210187e-06  -9.3881874e-07  -7.5339756e-07  -6.0558096e-07  -4.6769816e-07  -2.6951810e-07  -3.1792010e-07  -1.1282985e-07  -1.5802692e-07  -5.3773189e-08  -5.0579331e-08  -4.0063281e-08  -1.6973855e-08
   0.0000000e+00   0.0000000e+00  -1.5107365e-06  -2.6929806e-06  -3.2569540e-06  -3.2972805e-06  -3.7366394e-06  -3.2828425e-06  -2.3190837e-06  -1.6911923e-06  -1.2127473e-06  -9.2447823e-07  -7.4152604e-07  -5.7779425e-07  -4.8715088e-07  -3.3702366e-07  -2.3163319e-07  -1.5394620e-07  -1.4997565e-07  -6.8402024e-08  -7.8645968e-08  -1.9574323e-08   6.3856178e-09
   0.0000000e+00   0.0000000e+00  -1.5643116e-06  -2.6445787e-06  -3.3093643e-06  -3.2867026e-06  -3.7237464e-06  -3.3298552e-06  -2.3096379e-06  -1.6188930e-06  -1.2082407e-06  -9.6965005e-07  -7.6534866e-07  -5.7546436e-07  -4.9161667e-07  -3.0292469e-07  -2.6163335e-07  -1.6821568e-07  -1.5852501e-07  -3.2469245e-08  -8.2397996e-08  -5.1002214e-08  -3.0647112e-08
   0.0000000e+00   0.0000000e+00  -1.5422361e-06  -2.6732657e-06  -3.2891301e-06  -3.2749458e-06  -3.7211917e-06  -3.3338836e-06  -2.3471184e-06  -1.6322360e-06  -1.2178488e-06  -9.2280919e-07  -7.4030061e-07  -5.8189659e-07  -4.9294817e-07  -3.5448872e-07  -2.2874336e-07  -1.6953244e-07  -1.3760939e-07  -1.1266286e-07  -5.5125607e-08  -2.3657078e-08  -1.0950572e-08
   0.0000000e+00   0.0000000e+00  -1.5234704e-06  -2.6656721e-06  -3.2944688e-06  -3.2961318e-06  -3.6934994e-06  -3.2569387e-06  -2.3692467e-06  -1.6108402e-06  -1.2474337e-06  -9.4006094e-07  -7.7238650e-07  -6.1251069e-07  -4.0866186e-07  -3.5052955e-07  -2.8003694e-07  -1.5213188e-07  -1.4862395e-07  -7.6728654e-08  -6.9745958e-08  -3.6294626e-08  -6.3968400e-08
   0.0000000e+00   0.0000000e+00  -1.5117829e-06  -2.6840739e-06  -3.2898292e-06  -3.2923238e-06  -3.7677362e-06  -3.2963546e-06  -2.3263729e-06  -1.6524677e-06  -1.1653198e-06  -9.4457528e-07  -7.1644615e-07  -6.4346773e-07  -4.5075902e-07  -3.6858381e-07  -2.1620347e-07  -2.0308981e-07  -9.7136301e-08  -1.3263983e-07  -6.6632097e-08  -6.9517641e-09  -3.0213936e-08
   0.0000000e+00   0.0000000e+00  -1.5409220e-06  -2.6521395e-06  -3.2901439e-06  -3.2727728e-06  -3.7037823e-06  -3.3307754e-06  -2.3184118e-06  -1.6297568e-06  -1.2529250e-06  -9.4008902e-07  -7.5099717e-07  -5.6664783e-07  -4.7370230e-07  -3.3570868e-07  -2.3724293e-07  -2.2215575e-07  -9.7219854e-08  -9.2255867e-08  -7.9031608e-08  -4.2185231e-08   4.5835227e-10
   0.0000000e+00   0.0000000e+00  -1.5493381e-06  -2.6637076e-06  -3.2638759e-06  -3.3390920e-06  -3.6715605e-06  -3.3141303e-06  -2.3364732e-06  -1.6243456e-06  -1.1771403e-06  -9.5609789e-07  -7.1108099e-07  -6.3354730e-07  -4.7126335e-07  -3.3064347e-07  -2.1652079e-07  -2.0872187e-07  -1.4829197e-07  -5.1746866e-08  -8.5719890e-08  -2.1718520e-08  -6.0195411e-08
   0.0000000e+00   0.0000000e+00  -1.5362677e-06  -2.6849043e-06  -3.2878404e-06  -3.2639468e-06  -3.7621910e-06  -3.2675418e-06  -2.3546327e-06  -1.6483290e-06  -1.2191322e-06  -9.0035905e-07  -7.9597538e-07  -5.4247511e-07  -4.6774105e-07  -3.5691798e-07  -2.5379956e-07  -1.7093771e-07  -1.2255664e-07  -1.2154327e-07  -6.4384942e-08  -2.2282979e-08  -7.3331008e-09
   0.0000000e+00   0.0000000e+00  -1.5018030e-06  -2.6558171e-06  -3.3124611e-06  -3.2806611e-06  -3.7068185e-06  -3.2997341e-06  -2.3489765e-06  -1.5617989e-06  -1.2427852e-06  -9.5703854e-07  -7.0526812e-07  -6.2227662e-07  -4.5300879e-07  -3.2145883e-07  -2.8227075e-07  -1.6047890e-07  -1.4368386e-07  -1.0149196e-07  -5.4534357e-08  -7.3390652e-08   5.1958162e-09
   0.0000000e+00   0.0000000e+00  -1.5469458e-06  -2.6542571e-06  -3.3058864e-06  -3.2553157e-06  -3.7486734e-06  -3.3238464e-06  -2.3032069e-06  -1.6740834e-06  -1.1807717e-06  -9.3682416e-07  -7.1835359e-07  -6.1176348e-07  -4.7636527e-07  -3.2347566e-07  -2.6081707e-07  -1.6652980e-07  -1.8220253e-07  -7.1790623e-08  -8.3702126e-08  -4.0192493e-08  -2.8098775e-08
   0.0000000e+00   0.0000000e+00  -1.5450772e-06  -2.6680395e-06  -3.2585770e-06  -3.3184035e-06  -3.6691613e-06  -3.3060564e-06  -2.3154869e-06  -1.6489123e-06  -1.1972484e-06  -9.5416851e-07  -7.6916245e-07  -5.5683489e-07  -4.6515359e-07  -3.4562933e-07  -2.6469669e-07  -1.8835321e-07  -1.1394044e-07  -1.2547605e-07  -6.3863041e-08  -6.9286372e-08   1.1537927e-08
   0.0000000e+00   0.0000000e+00  -1.5207032e-06  -2.7164767e-06  -3.2512921e-06  -3.3166743e-06  -3.7385826e-06  -3.2781675e-06  -2.3388109e-06  -1.6270722e-06  -1.1832775e-06  -9.0863625e-07  -7.5490476e-07  -6.0978442e-07  -4.6586399e-07  -3.5731023e-07  -2.2207315e-07  -1.9482842e-07  -1.6263063e-07  -9.0375678e-08  -7.1885971e-08  -5.4422500e-08  -2.1108187e-08
   0.0000000e+00   0.0000000e+00  -1.4927537e-06  -2.6448333e-06  -3.3117055e-06  -3.2744110e-06  -3.7086611e-06  -3.2918088e-06  -2.3384373e-06  -1.6083440e-06  -1.2717131e-06  -9.2510209e-07  -7.3029543e-07  -5.9447638e-07  -4.6974051e-07  -3.3592076e-07  -2.5462026e-07  -2.1346293e-07  -1.1594406e-07  -1.2464746e-07  -4.6967198e-08  -6.3268210e-08  -3.7753310e-08
   0.0000000e+00   0.0000000e+00  -1.5789768e-06  -2.6298903e-06  -3.3125232e-06  -3.2622511e-06  -3.7146131e-06  -3.3151741e-06  -2.3594519e-06  -1.5327468e-06  -1.2296840e-06  -9.2601044e-07  -7.3969619e-07  -6.1703201e-07  -4.3039077e-07  -3.8963955e-07  -2.5390526e-07  -1.6219586e-07  -1.2713214e-07  -1.3524294e-07  -1.0427229e-07  -1.1545173e-09  -2.2832738e-08
   0.0000000e+00   0.0000000e+00  -1.5234700e-06  -2.6967787e-06  -3.2618871e-06  -3.3200517e-06  -3.6899758e-06  -3.2819992e-06  -2.3188277e-06  -1.6811443e-06  -1.1472689e-06  -9.6718486e-07  -7.5429199e-07  -5.7794801e-07  -4.7159580e-07  -3.2837505e-07  -2.6746287e-07  -2.1451467e-07  -1.4005280e-07  -1.1662325e-07  -1.1898318e-08  -1.1276502e-07  -1.8663179e-08
   0.0000000e+00   0.0000000e+00  -1.5241761e-06  -2.6786734e-06  -3.2837881e-06  -3.2770047e-06  -3.7288153e-06  -3.2828736e-06  -2.3142770e-06  -1.6484428e-06  -1.2068846e-06  -8.9832417e-07  -7.1313434e-07  -6.1960628e-07  -4.9095632e-07  -3.3532248e-07  -2.6612346e-07  -1.4813843e-07  -1.9297339e-07  -9.6304525e-08  -8.4581188e-08  -4.7654943e-08   3.7524572e-10
   0.0000000e+00   0.0000000e+00  -1.5147725e-06  -2.6841956e-06  -3.2719590e-06  -3.2839903e-06  -3.7350076e-06  -3.2938117e-06  -2.3080531e-06  -1.5674300e-06  -1.2342399e-06  -9.3942458e-07  -7.7456417e-07  -5.6687196e-07  -4.5416601e-07  -3.2903239e-07  -2.7821727e-07  -2.2174750e-07  -1.2884760e-07  -1.0349014e-07  -7.1019080e-08  -9.0342908e-08   6.0389866e-09
   0.0000000e+00   0.0000000e+00  -1.5851449e-06  -2.6029063e-06  -3.3353442e-06  -3.2704279e-06  -3.6928468e-06  -3.2786886e-06  -2.3910345e-06  -1.5803466e-06  -1.2219299e-06  -9.0554892e-07  -6.9797181e-07  -6.2082296e-07  -4.6720552e-07  -3.6088613e-07  -2.6007589e-07  -1.5614853e-07  -1.6402424e-07  -1.4456513e-07  -5.2610559e-08  -8.4752109e-08   1.9452580e-08
   0.0000000e+00   0.0000000e+00  -1.5138229e-06  -2.7237811e-06  -3.2454006e-06  -3.3207132e-06  -3.6884217e-06  -3.2885719e-06  -2.3085563e-06  -1.6132932e-06  -1.1997257e-06  -9.2648003e-07  -7.8834319e-07  -5.6908897e-07  -4.4729015e-07  -3.5159530e-07  -2.5198085e-07  -2.0186921e-07  -1.5329130e-07  -1.2193492e-07  -6.1078083e-08  -6.7045754e-08  -5.9753127e-08
   0.0000000e+00   0.0000000e+00  -1.5048918e-06  -2.6900614e-06  -3.2868784e-06  -3.2835460e-06  -3.7265334e-06  -3.3121046e-06  -2.3023620e-06  -1.6327074e-06  -1.1723333e-06  -9.5122471e-07  -7.0500352e-07  -6.0222408e-07  -4.7844378e-07  -3.4437400e-07  -2.5947631e-07  -1.9815671e-07  -1.1732960e-07  -1.3564423e-07  -1.2119793e-07  -1.5174798e-08  -1.2116637e-08
   0.0000000e+00   0.0000000e+00  -1.5554103e-06  -2.6551320e-06  -3.2949652e-06  -3.2825828e-06  -3.6970023e-06  -3.2876355e-06  -2.3058590e-06  -1.6666463e-06  -1.1828618e-06  -9.4586323e-07  -7.1891469e-07  -6.0078088e-07  -4.8894202e-07  -3.2399558e-07  -2.2525167e-07  -2.7608380e-07  -1.0532752e-07  -1.1275804e-07  -6.6423709e-08  -8.2197978e-08  -4.8991421e-08
   0.0000000e+00   0.0000000e+00  -1.5598755e-06  -2.6421587e-06  -3.3108677e-06  -3.2693436e-06  -3.7526797e-06  -3.2703219e-06  -2.3467037e-06  -1.5595812e-06  -1.2404878e-06  -9.1431048e-07  -7.6429103e-07  -5.8337361e-07  -4.5312245e-07  -3.9324206e-07  -2.3279055e-07  -1.8171482e-07  -1.6241800e-07  -1.1847499e-07  -9.7661349e-08  -1.7200012e-08  -3.1348314e-08
   0.0000000e+00   0.0000000e+00  -1.4986798e-06  -2.6963437e-06  -3.2714231e-06  -3.2966254e-06  -3.7028819e-06  -3.3067263e-06  -2.3457023e-06  -1.6057344e-06  -1.2102200e-06  -9.3108792e-07  -7.5524804e-07  -6.1159756e-07  -4.5094731e-07  -3.5296225e-07  -2.7753950e-07  -1.8797746e-07  -1.4285213e-07  -1.1910517e-07  -7.6398138e-08  -3.9130516e-08  -4.6885830e-08
   0.0000000e+00   0.0000000e+00  -1.5436266e-06  -2.7047704e-06  -3.2772693e-06  -3.2829053e-06  -3.6921206e-06  -3.2937880e-06  -2.3254756e-06  -1.6386244e-06  -1.2074145e-06  -9.2507429e-07  -7.2989758e-07  -6.0909440e-07  -4.9047674e-07  -3.4200656e-07  -2.5979571e-07  -1.9753882e-07  -1.6499840e-07  -9.6764040e-08  -6.8656654e-08  -7.3363488e-08   1.1816285e-08
   0.0000000e+00   0.0000000e+00  -1.5455136e-06  -2.6281837e-06  -3.3073190e-06  -3.3263616e-06  -3.6904516e-06  -3.2984817e-06  -2.3243206e-06  -1.6082339e-06  -1.1902420e-06  -9.9431861e-07  -7.1470714e-07  -6.0850374e-07  -4.8580876e-07  -3.2166071e-07  -2.9471605e-07  -1.9924325e-07  -1.3299649e-07  -9.2688012e-08  -1.1826353e-07  -2.5001180e-08  -8.1744327e-09
   0.0000000e+00   0.0000000e+00  -1.5564410e-06  -2.6510943e-06  -3.2861137e-06  -3.2621590e-06  -3.7638717e-06  -3.2904095e-06  -2.3057814e-06  -1.6540076e-06  -1.1963754e-06  -9.1670705e-07  -7.5936106e-07  -5.9252392e-07  -4.9483270e-07  -3.4862094e-07  -2.6501201e-07  -1.6924450e-07  -1.9439805e-07  -9.0099839e-08  -6.1561821e-08  -7.7060129e-08  -4.1664148e-09
   0.0000000e+00   0.0000000e+00  -1.5006906e-06  -2.7090293e-06  -3.2739883e-06  -3.2850269e-06  -3.6921540e-06  -3.2852427e-06  -2.3571963e-06  -1.5738086e-06  -1.2531649e-06  -9.0943109e-07  -7.4464322e-07  -6.2449755e-07  -4.4455911e-07  -3.6691395e-07  -2.6376566e-07  -1.8976992e-07  -1.4984997e-07  -1.2445160e-07  -5.7801131e-08  -4.6715563e-08  -5.8589720e-08
   0.0000000e+00   0.0000000e+00  -1.5189420e-06  -2.7087849e-06  -3.2839241e-06  -3.2796968e-06  -3.7203870e-06  -3.2925734e-06  -2.3431139e-06  -1.6023645e-06  -1.2209154e-06  -8.9273385e-07  -7.9064279e-07  -5.6958243e-07  -4.7257652e-07  -3.6533191e-07  -2.7518931e-07  -1.6906760e-07  -1.5063880e-07  -1.0537300e-07  -1.0015292e-07  -4.2815124e-08   3.1793828e-09
   0.0000000e+00   0.0000000e+00  -1.5734030e-06  -2.5896361e-06  -3.3202255e-06  -3.3066292e-06  -3.6862616e-06  -3.2976909e-06  -2.3157497e-06  -1.6348201e-06  -1.1731196e-06  -9.9496788e-07  -7.1124640e-07  -5.9668213e-07  -5.0180370e-07  -3.2025940e-07  -2.4540981e-07  -2.3837606e-07  -1.2087051e-07  -1.0583752e-07  -8.8101473e-08  -2.5628685e-08  -7.2246493e-08
   0.0000000e+00   0.0000000e+00  -1.5308024e-06  -2.6886073e-06  -3.2737501e-06  -3.2810706e-06  -3.7425502e-06  -3.3007695e-06  -2.3005416e-06  -1.6520415e-06  -1.1792035e-06  -9.2658502e-07  -7.3580679e-07  -6.0887777e-07  -4.7450658e-07  -3.7995270e-07  -2.2181041e-07  -1.9853540e-07  -1.5870138e-07  -9.1633638e-08  -8.5659636e-08  -5.2015832e-08  -1.9852777e-09
   0.0000000e+00   0.0000000e+00  -1.5265219e-06  -2.7061028e-06  -3.2673399e-06  -3.2736157e-06  -3.7207938e-06  -3.2771661e-06  -2.3481987e-06  -1.6083303e-06  -1.2149760e-06  -9.6807082e-07  -7.3236134e-07  -6.1487106e-07  -4.3650149e-07  -3.5875954e-07  -2.9361595e-07  -1.8715897e-07  -1.1492504e-07  -1.3180633e-07  -7.2340967e-08  -4.3536591e-08  -4.1457358e-08
   0.0000000e+00   0.0000000e+00  -1.5180213e-06  -2.6825569e-06  -3.2895944e-06  -3.3100387e-06  -3.6899933e-06  -3.3099172e-06  -2.3333612e-06  -1.5979529e-06  -1.2357341e-06  -8.8508472e-07  -7.5115088e-07  -6.4391753e-07  -4.6613980e-07  -3.5996729e-07  -2.4844749e-07  -1.7983099e-07  -1.9522513e-07  -6.2591354e-08  -1.1276952e-07  -3.2400127e-08  -1.9489271e-08
   0.0000000e+00   0.0000000e+00  -1.5514072e-06  -2.6332857e-06  -3.3235824e-06  -3.2954244e-06  -3.7107682e-06  -3.2788198e-06  -2.3561693e-06  -1.6036716e-06  -1.2241619e-06  -9.7637451e-07  -7.3362719e-07  -5.8905118e-07  -4.8769425e-07  -3.6558768e-07  -2.4364402e-07  -2.3050261e-07  -1.4423516e-07  -9.1099366e-08  -7.7835146e-08  -7.0162052e-08  -2.3706853e-08
   0.0000000e+00   0.0000000e+00  -1.5481952e-06  -2.6690877e-06  -3.2925311e-06  -3.2712232e-06  -3.7292079e-06  -3.3278400e-06  -2.2919489e-06  -1.6576001e-06  -1.1810841e-06  -9.3371909e-07  -7.8946084e-07  -5.4677463e-07  -5.2969745e-07  -3.4362739e-07  -3.0081031e-07  -1.5429613e-07  -1.5894365e-07  -1.2075868e-07  -1.0961394e-07  -1.1235234e-08  -3.2610266e-08
   0.0000000e+00   0.0000000e+00  -1.5279376e-06  -2.6979540e-06  -3.2616465e-06  -3.2972664e-06  -3.7548496e-06  -3.2585299e-06  -2.3283940e-06  -1.6589204e-06  -1.1946203e-06  -9.4873945e-07  -7.5536258e-07  -6.5214152e-07  -4.5067000e-07  -3.4081137e-07  -2.8550718e-07  -2.1559887e-07  -1.6308162e-07  -9.4394935e-08  -7.5904467e-08  -3.1382200e-08  -9.7922864e-08
   0.0000000e+00   0.0000000e+00  -1.5249155e-06  -2.6772457e-06  -3.2912233e-06  -3.3109602e-06  -3.6860349e-06  -3.3007975e-06  -2.3685332e-06  -1.5808668e-06  -1.2607737e-06  -9.1769738e-07  -7.3015480e-07  -6.1536218e-07  -5.0786593e-07  -3.6205569e-07  -2.7273907e-07  -1.9137379e-07  -1.4732674e-07  -1.3199441e-07  -9.8078836e-08  -2.5900981e-08  -7.2985915e-09
   0.0000000e+00   0.0000000e+00  -1.5540739e-06  -2.6583557e-06  -3.3246438e-06  -3.2724574e-06  -3.7059958e-06  -3.3392221e-06  -2.3276127e-06  -1.5833303e-06  -1.2340184e-06  -9.6100052e-07  -7.5396315e-07  -6.2221790e-07  -4.4693834e-07  -3.9140619e-07  -2.5741386e-07  -2.2782000e-07  -1.6519586e-07  -7.9450430e-08  -9.6794935e-08  -6.6837806e-08  -3.3283076e-08
   0.0000000e+00   0.0000000e+00  -1.4956187e-06  -2.6861569e-06  -3.2696601e-06  -3.2869552e-06  -3.7512295e-06  -3.2522455e-06  -2.3605949e-06  -1.6408788e-06  -1.2237909e-06  -9.1368912e-07  -7.5828865e-07  -6.3599094e-07  -4.6213563e-07  -4.0638810e-07  -2.3124083e-07  -2.1612951e-07  -1.7520064e-07  -1.1322383e-07  -9.3042402e-08  -2.9076826e-08  -5.9784227e-08
   0.0000000e+00   0.0000000e+00  -1.5529544e-06  -2.6569878e-06  -3.2867131e-06  -3.2773330e-06  -3.7395630e-06  -3.2917912e-06  -2.2864469e-06  -1.6658096e-06  -1.1931893e-06  -9.5200033e-07  -7.6545035e-07  -6.0108005e-07  -4.7341948e-07  -3.8546739e-07  -2.7613126e-07  -1.9982352e-07  -1.5252780e-07  -1.2594607e-07  -8.9336503e-08  -5.2789932e-08  -2.1363174e-08
   0.0000000e+00   0.0000000e+00  -1.5549340e-06  -2.6714151e-06  -3.2810185e-06  -3.3235212e-06  -3.6711735e-06  -3.3196206e-06  -2.3733669e-06  -1.5722669e-06  -1.2270269e-06  -9.5427663e-07  -7.5751512e-07  -6.0422292e-07  -5.0348376e-07  -3.2554595e-07  -3.0713468e-07  -1.9188066e-07  -1.4542601e-07  -1.4686343e-07  -5.4479209e-08  -6.1642695e-08  -4.3519741e-08
   0.0000000e+00   0.0000000e+00  -1.5072335e-06  -2.6734190e-06  -3.3124638e-06  -3.2407374e-06  -3.7253751e-06  -3.2924909e-06  -2.3436098e-06  -1.6195472e-06  -1.2329513e-06  -9.2998778e-07  -7.4051781e-07  -6.1519694e-07  -4.9922647e-07  -3.4363214e-07  -2.9466150e-07  -1.8201958e-07  -1.6725950e-07  -9.9416667e-08  -1.0133957e-07  -3.2782083e-08  -4.3833378e-08
   0.0000000e+00   0.0000000e+00  -1.5263932e-06  -2.6488731e-06  -3.2826563e-06  -3.2999044e-06  -3.7250632e-06  -3.2865973e-06  -2.2802735e-06  -1.6507124e-06  -1.2124334e-06  -8.9834720e-07  -8.1706600e-07  -5.7983630e-07  -4.8073645e-07  -3.4065565e-07  -2.8225659e-07  -2.0874980e-07  -1.4160400e-07  -1.2841286e-07  -5.8246101e-08  -6.9380711e-08  -7.0647634e-09
   0.0000000e+00   0.0000000e+00  -1.5345095e-06  -2.6920918e-06  -3.2505670e-06  -3.3036972e-06  -3.7076466e-06  -3.2922248e-06  -2.3583775e-06  -1.6033542e-06  -1.2271878e-06  -9.3967526e-07  -7.1686463e-07  -6.1855673e-07  -4.7412664e-07  -3.7877390e-07  -2.4238014e-07  -1.7925856e-07  -1.8634984e-07  -7.7704101e-08  -9.7627883e-08  -6.6601764e-08   2.3349916e-08
   0.0000000e+00   0.0000000e+00  -1.5551964e-06  -2.6504295e-06  -3.3174865e-06  -3.2655460e-06  -3.6761705e-06  -3.3239749e-06  -2.3286707e-06  -1.6003041e-06  -1.1819868e-06  -1.0018948e-06  -6.8870560e-07  -6.1227297e-07  -4.8724166e-07  -3.4115544e-07  -2.4323293e-07  -2.2287347e-07  -1.3412915e-07  -9.4371345e-08  -9.5344419e-08  -3.9214889e-08  -3.7113541e-08
   0.0000000e+00   0.0000000e+00  -1.5324347e-06  -2.6575083e-06  -3.2723635e-06  -3.3101944e-06  -3.7185814e-06  -3.2633204e-06  -2.3381567e-06  -1.6204507e-06  -1.1943271e-06  -9.3691546e-07  -7.3834525e-07  -6.1591101e-07  -4.1274549e-07  -3.6865902e-07  -2.5889543e-07  -2.0365607e-07  -1.0461675e-07  -1.2784122e-07  -8.4871040e-08  -5.4412478e-08   2.1331211e-08
   0.0000000e+00   0.0000000e+00  -1.5097731e-06  -2.6825198e-06  -3.2751334e-06  -3.2580372e-06  -3.7540478e-06  -3.2757414e-06  -2.3183798e-06  -1.6665421e-06  -1.1678069e-06  -9.1072570e-07  -7.4913663e-07  -6.0900715e-07  -4.5645365e-07  -3.3229622e-07  -2.4135079e-07  -1.9882269e-07  -1.3323647e-07  -1.2023987e-07  -6.2996151e-08  -3.4207652e-08  -7.7577944e-08
   0.0000000e+00   0.0000000e+00  -1.5311796e-06  -2.6731921e-06  -3.3029683e-06  -3.2860976e-06  -3.6768668e-06  -3.3275367e-06  -2.2978556e-06  -1.6046112e-06  -1.2447724e-06  -9.0694533e-07  -7.5559785e-07  -5.2420808e-07  -5.1136158e-07  -3.3999507e-07  -2.1278879e-07  -2.2771982e-07  -1.0351158e-07  -1.2293721e-07  -7.0572426e-08  -4.4244178e-08  -3.3917267e-08
   0.0000000e+00   0.0000000e+00  -1.5425345e-06  -2.6749403e-06  -3.2726909e-06  -3.3100312e-06  -3.7130112e-06  -3.2839152e-06  -2.3641594e-06  -1.5735274e-06  -1.2181018e-06  -9.6064718e-07  -6.9767077e-07  -5.9395103e-07  -4.7083273e-07  -3.2065063e-07  -2.3924980e-07  -2.1070642e-07  -1.1358633e-07  -1.0692406e-07  -9.9116583e-08  -2.1898282e-08  -1.8245613e-08
   0.0000000e+00   0.0000000e+00  -1.5363213e-06  -2.6558196e-06  -3.2774533e-06  -3.2846813e-06  -3.7357995e-06  -3.2788500e-06  -2.3370760e-06  -1.6495835e-06  -1.1738907e-06  -9.1806555e-07  -7.5066941e-07  -5.9742865e-07  -4.6163851e-07  -3.1277256e-07  -2.7735103e-07  -1.6248946e-07  -1.4972338e-07  -1.1021471e-07  -4.4270987e-08  -7.2348563e-08  -2.8827539e-08
   0.0000000e+00   0.0000000e+00  -1.5486000e-06  -2.6791836e-06  -3.2997825e-06  -3.2843379e-06  -3.7049590e-06  -3.3194071e-06  -2.3233131e-06  -1.6112685e-06  -1.2194308e-06  -9.3574585e-07  -7.3410280e-07  -6.0803825e-07  -4.0148862e-07  -3.9736187e-07  -2.6563785e-07  -1.2671873e-07  -1.8726365e-07  -9.4740876e-08  -6.5068242e-08  -5.7701985e-08  -1.2839788e-08
   0.0000000e+00   0.0000000e+00  -1.4865053e-06  -2.6803873e-06  -3.2913815e-06  -3.3071763e-06  -3.7098011e-06  -3.2966132e-06  -2.3358332e-06  -1.6350529e-06  -1.1979131e-06  -9.3872092e-07  -7.4282929e-07  -5.9437843e-07  -4.7159887e-07  -3.2663348e-07  -2.6440429e-07  -1.6843936e-07  -1.8425035e-07  -8.0381383e-08  -7.1343237e-08  -8.9115765e-08   3.7364469e-08
   0.0000000e+00   0.0000000e+00  -1.5821298e-06  -2.6360678e-06  -3.2987282e-06  -3.2810724e-06  -3.7243244e-06  -3.2963255e-06  -2.3305174e-06  -1.6227336e-06  -1.2263935e-06  -9.2311001e-07  -7.1911921e-07  -6.2328991e-07  -4.8117249e-07  -3.3943675e-07  -2.4250295e-07  -1.9628024e-07  -1.6156943e-07  -7.2795984e-08  -1.1175588e-07  -5.4888670e-08  -1.0631453e-08
   0.0000000e+00   0.0000000e+00  -1.5215102e-06  -2.7020888e-06  -3.2635357e-06  -3.3007873e-06  -3.7448581e-06  -3.2749635e-06  -2.3489351e-06  -1.6079371e-06  -1.2093769e-06  -9.3694820e-07  -7.9214072e-07  -5.4611866e-07  -4.8817566e-07  -3.4534870e-07  -2.8604029e-07  -1.7012557e-07  -1.4677377e-07  -1.2109713e-07  -5.0322932e-08  -8.0586510e-08  -2.7711826e-08
   0.0000000e+00   0.0000000e+00  -1.5037175e-06  -2.6757580e-06  -3.3283759e-06  -3.2371945e-06  -3.7215368e-06  -3.3321719e-06  -2.3264504e-06  -1.6211869e-06  -1.2414341e-06  -8.9795077e-07  -7.7068739e-07  -6.2185529e-07  -4.5792740e-07  -3.4185655e-07  -2.7897030e-07  -1.8191481e-07  -1.3682246e-07  -1.5298858e-07  -2.6132954e-08  -4.2284373e-08  -8.6719460e-08
   0.0000000e+00   0.0000000e+00  -1.5684240e-06  -2.6247299e-06  -3.2733665e-06  -3.3595693e-06  -3.6525159e-06  -3.2998096e-06  -2.3350019e-06  -1.6221051e-06  -1.2121164e-06  -9.5369967e-07  -7.3439742e-07  -5.9297099e-07  -5.2222737e-07  -3.3700471e-07  -2.6202628e-07  -2.1177539e-07  -9.5988511e-08  -1.4191093e-07  -7.4681644e-08  -2.1026441e-08  -4.2242924e-08
   0.0000000e+00   0.0000000e+00  -1.5318632e-06  -2.6936787e-06  -3.2796527e-06  -3.2792314e-06  -3.7507994e-06  -3.2873504e-06  -2.3206048e-06  -1.6189263e-06  -1.2044150e-06  -9.6590043e-07  -7.2943124e-07  -6.3196273e-07  -4.4869682e-07  -3.8416835e-07  -2.4503962e-07  -2.2307295e-07  -1.3383448e-07  -6.4864963e-08  -1.3546946e-07  -1.0568808e-08   5.7173013e-09
   0.0000000e+00   0.0000000e+00  -1.5216526e-06  -2.6920759e-06  -3.2815376e-06  -3.2610631e-06  -3.7302627e-06  -3.2853832e-06  -2.3488453e-06  -1.6423083e-06  -1.1893031e-06  -9.3611584e-07  -7.7125571e-07  -6.1447702e-07  -4.6841802e-07  -3.7676199e-07  -2.0640847e-07  -2.5764885e-07  -1.3997280e-07  -7.6858406e-08  -7.1990016e-08  -4.3297135e-08  -4.7162811e-08
   0.0000000e+00   0.0000000e+00  -1.5080756e-06  -2.6784205e-06  -3.3049487e-06  -3.2570517e-06  -3.7177319e-06  -3.3086355e-06  -2.2869635e-06  -1.6319074e-06  -1.2303827e-06  -9.2712742e-07  -7.4426305e-07  -6.2596456e-07  -4.5297003e-07  -4.0658173e-07  -2.6527769e-07  -1.2674093e-07  -2.0333306e-07  -8.6158771e-08  -4.8379668e-08  -7.0148658e-08   1.0373501e-09
   0.0000000e+00   0.0000000e+00  -1.5529293e-06  -2.6159908e-06  -3.2980029e-06  -3.3440774e-06  -3.6898712e-06  -3.2830355e-06  -2.3565951e-06  -1.5926436e-06  -1.2121261e-06  -9.6198335e-07  -7.4178854e-07  -6.0742286e-07  -4.7791605e-07  -3.3246522e-07  -2.9629888e-07  -1.9116126e-07  -1.0823268e-07  -1.3611341e-07  -7.2820143e-08  -5.0985140e-11  -4.8251284e-08
   0.0000000e+00   0.0000000e+00  -1.5792224e-06  -2.6869020e-06  -3.2819003e-06  -3.2697365e-06  -3.7123700e-06  -3.3119459e-06  -2.3074247e-06  -1.6608908e-06  -1.1917973e-06  -9.3535147e-07  -7.5700660e-07  -6.0059898e-07  -5.2045033e-07  -3.1433606e-07  -2.6485364e-07  -1.9742755e-07  -1.3787304e-07  -8.4529233e-08  -8.4736072e-08  -5.9983719e-08   3.5845421e-08
   0.0000000e+00   0.0000000e+00  -1.4633383e-06  -2.7058479e-06  -3.2851938e-06  -3.2799978e-06  -3.7381428e-06  -3.2636381e-06  -2.3473160e-06  -1.6004490e-06  -1.1802604e-06  -9.9072531e-07  -7.5151365e-07  -5.7333102e-07  -5.1379544e-07  -3.2967264e-07  -2.6682594e-07  -2.0109090e-07  -1.3000988e-07  -9.0412513e-08  -5.8077397e-08  -4.9557496e-08  -5.3756665e-08
   0.0000000e+00   0.0000000e+00  -1.5602926e-06  -2.6600251e-06  -3.2771402e-06  -3.2814730e-06  -3.7413488e-06  -3.3096576e-06  -2.3180903e-06  -1.6350879e-06  -1.2325919e-06  -8.6453986e-07  -8.0202221e-07  -5.9606037e-07  -4.6361029e-07  -3.8098676e-07  -2.3594296e-07  -1.8413103e-07  -1.4168140e-07  -1.2458585e-07  -5.2291050e-08  -1.6690580e-08  -5.0851714e-08
   0.0000000e+00   0.0000000e+00  -1.5574097e-06  -2.6458749e-06  -3.3175500e-06  -3.3192177e-06  -3.6384110e-06  -3.3279052e-06  -2.3142043e-06  -1.6051562e-06  -1.2698310e-06  -9.3286491e-07  -6.9537907e-07  -6.9576822e-07  -4.1791046e-07  -3.6290467e-07  -2.6526342e-07  -1.7080968e-07  -1.6204933e-07  -7.2347859e-08  -8.7837890e-08  -5.3988568e-08   7.4005753e-09
   0.0000000e+00   0.0000000e+00  -1.5025739e-06  -2.7045073e-06  -3.2888645e-06  -3.2784731e-06  -3.7621928e-06  -3.2745938e-06  -2.3450184e-06  -1.6000589e-06  -1.1870217e-06  -9.6824272e-07  -7.5764206e-07  -5.7351696e-07  -4.9893674e-07  -3.6248943e-07  -2.3939455e-07  -2.1570185e-07  -1.0335037e-07  -1.1812954e-07  -7.6655368e-08  -3.4620022e-08  -3.0514375e-08
   0.0000000e+00   0.0000000e+00  -1.5542694e-06  -2.6405066e-06  -3.2988000e-06  -3.2610201e-06  -3.7396405e-06  -3.2816124e-06  -2.3591817e-06  -1.6269544e-06  -1.1824192e-06  -9.8032683e-07  -7.3159663e-07  -6.0865085e-07  -4.4722776e-07  -3.8622773e-07  -2.2901189e-07  -1.9503707e-07  -1.4507327e-07  -1.0594156e-07  -6.1764034e-08  -3.9754557e-08  -4.0715776e-08
   0.0000000e+00   0.0000000e+00  -1.5304780e-06  -2.6855953e-06  -3.3038305e-06  -3.3000242e-06  -3.7017212e-06  -3.2765358e-06  -2.3205257e-06  -1.6639235e-06  -1.1860838e-06  -8.9528777e-07  -7.9528672e-07  -6.0174597e-07  -4.8348363e-07  -3.1866799e-07  -2.7611060e-07  -1.7829265e-07  -1.3322591e-07  -1.1829921e-07  -3.9726149e-08  -6.6142917e-08  -4.0608779e-09
   0.0000000e+00   0.0000000e+00  -1.5421748e-06  -2.6864980e-06  -3.2646135e-06  -3.3209808e-06  -3.7174643e-06  -3.3371430e-06  -2.2874819e-06  -1.5984687e-06  -1.2828202e-06  -8.9673017e-07  -7.4209265e-07  -5.9892767e-07  -4.7548087e-07  -3.5268036e-07  -2.3931358e-07  -2.0619289e-07  -1.1525768e-07  -1.0874724e-07  -7.7406206e-08  -2.4765878e-08  -2.6840450e-08
   0.0000000e+00   0.0000000e+00  -1.5210361e-06  -2.6467244e-06  -3.2948603e-06  -3.2891944e-06  -3.6839765e-06  -3.3302229e-06  -2.3510754e-06  -1.5671003e-06  -1.2417972e-06  -9.5375526e-07  -7.1542865e-07  -5.9335474e-07  -4.8687292e-07  -3.3431127e-07  -2.5189826e-07  -1.8914724e-07  -1.5371515e-07  -6.7454465e-08  -8.5355865e-08  -4.0998650e-08  -2.1744761e-08
   0.0000000e+00   0.0000000e+00  -1.5083407e-06  -2.7057349e-06  -3.2935884e-06  -3.2699218e-06  -3.7551240e-06  -3.2346370e-06  -2.3475829e-06  -1.6907218e-06  -1.1066776e-06  -9.6223891e-07  -7.6598070e-07  -6.0706128e-07  -4.3861755e-07  -3.6833401e-07  -2.3851294e-07  -1.8666537e-07  -1.5372919e-07  -9.3489128e-08  -6.2539314e-08  -4.8663342e-08  -2.0393831e-08
   0.0000000e+00   0.0000000e+00  -1.6038026e-06  -2.6082132e-06  -3.3076135e-06  -3.3022300e-06  -3.6976860e-06  -3.3164583e-06  -2.3418643e-06  -1.5888965e-06  -1.2638424e-06  -9.0494689e-07  -7.4408274e-07  -5.9312401e-07  -4.4736035e-07  -3.6252101e-07  -2.6868565e-07  -1.6849263e-07  -1.3056234e-07  -1.0747685e-07  -1.1293483e-07   1.2123914e-09  -3.0631455e-08
   0.0000000e+00   0.0000000e+00  -1.4962791e-06  -2.7164024e-06  -3.2538383e-06  -3.2756134e-06  -3.7322727e-06  -3.3321871e-06  -2.2873417e-06  -1.6331085e-06  -1.2021876e-06  -9.6518681e-07  -7.0192687e-07  -6.2451289e-07  -4.8043756e-07  -3.1876939e-07  -2.5631408e-07  -2.0099660e-07  -1.3914745e-07  -1.1294699e-07  -4.4974630e-08  -6.2866015e-08  -4.5144816e-08
   0.0000000e+00   0.0000000e+00  -1.4925475e-06  -2.6699124e-06  -3.2949147e-06  -3.3034617e-06  -3.7008090e-06  -3.2604437e-06  -2.3866023e-06  -1.6102626e-06  -1.2259683e-06  -9.2722888e-07  -7.6247994e-07  -5.6219841e-07  -4.9991417e-07  -3.4044777e-07  -2.5048476e-07  -1.8440340e-07  -1.6379497e-07  -7.0939159e-08  -9.2703026e-08  -4.7082967e-08  -1.9810470e-08
   0.0000000e+00   0.0000000e+00  -1.5451866e-06  -2.6512218e-06  -3.2832802e-06  -3.2906744e-06  -3.7478419e-06  -3.2648645e-06  -2.3449202e-06  -1.6503316e-06  -1.1841121e-06  -9.2874910e-07  -7.8458504e-07  -5.8286003e-07  -4.6245012e-07  -3.6343911e-07  -2.2745860e-07  -2.0908344e-07  -1.3075061e-07  -1.1266829e-07  -9.8028480e-08  -7.0714865e-09  -3.9081534e-08
   0.0000000e+00   0.0000000e+00  -1.5546206e-06  -2.6637695e-06  -3.2770220e-06  -3.2337914e-06  -3.7555767e-06  -3.3291030e-06  -2.3254288e-06  -1.6152956e-06  -1.2218010e-06  -9.6166389e-07  -7.2744945e-07  -6.0957763e-07  -4.6575133e-07  -3.2841635e-07  -2.8098225e-07  -1.7913537e-07  -1.6186884e-07  -8.3003286e-08  -6.4776700e-08  -6.0705347e-08  -4.9986340e-08
   0.0000000e+00   0.0000000e+00  -1.5108375e-06  -2.6573839e-06  -3.3073811e-06  -3.3346132e-06  -3.5929215e-06  -3.3674735e-06  -2.3373059e-06  -1.5990706e-06  -1.2921829e-06  -9.1984202e-07  -7.0791430e-07  -6.3649651e-07  -4.5856308e-07  -3.6821569e-07  -2.4390530e-07  -1.6789477e-07  -1.3760004e-07  -1.2841448e-07  -8.5807230e-08  -3.1839079e-08  -4.9717404e-09
   0.0000000e+00   0.0000000e+00  -1.5262067e-06  -2.6535999e-06  -3.2714502e-06  -3.3012766e-06  -3.7884047e-06  -3.2310325e-06  -2.3494358e-06  -1.6581428e-06  -1.1687188e-06  -9.6295344e-07  -7.9218751e-07  -6.0003492e-07  -4.3330374e-07  -3.4477830e-07  -2.5938544e-07  -2.0430402e-07  -1.4709644e-07  -6.9778380e-08  -1.0804018e-07  -1.8788532e-08  -6.2262366e-08
   0.0000000e+00   0.0000000e+00  -1.5005336e-06  -2.6911571e-06  -3.2159785e-06  -3.2872429e-06  -3.7166096e-06  -3.3238800e-06  -2.3537043e-06  -1.6390482e-06  -1.2045772e-06  -9.7404313e-07  -7.1221257e-07  -6.0226984e-07  -4.9312956e-07  -3.6429523e-07  -2.2176526e-07  -1.7832448e-07  -1.5074433e-07  -1.1942396e-07  -4.9097533e-08  -7.2231188e-08   2.6110594e-09
   0.0000000e+00   0.0000000e+00  -1.5869254e-06  -2.6290261e-06  -3.3627391e-06  -3.2018736e-06  -3.7468119e-06  -3.2794931e-06  -2.3485252e-06  -1.6134097e-06  -1.2789382e-06  -8.9548803e-07  -7.9992759e-07  -5.7332448e-07  -4.8150463e-07  -3.2682945e-07  -2.6038251e-07  -2.0532462e-07  -1.3394255e-07  -7.9347608e-08  -9.1678800e-08  -5.0572972e-08  -3.0196304e-08
   0.0000000e+00   0.0000000e+00  -1.4545508e-06  -2.6648988e-06  -3.2811258e-06  -3.3479948e-06  -3.6651979e-06  -3.3366307e-06  -2.3430562e-06  -1.6355445e-06  -1.1779157e-06  -9.8814246e-07  -7.1586174e-07  -6.3330583e-07  -4.6691565e-07  -3.1662003e-07  -2.7502327e-07  -1.9519555e-07  -1.0097617e-07  -1.6594754e-07  -5.2827481e-08  -1.7193468e-08  -5.7729174e-08
   0.0000000e+00   0.0000000e+00  -1.5805439e-06  -2.6371883e-06  -3.2270921e-06  -3.2942910e-06  -3.7311854e-06  -3.2891296e-06  -2.3467019e-06  -1.6368182e-06  -1.2574405e-06  -9.1946924e-07  -7.5066282e-07  -5.9550757e-07  -4.4691916e-07  -3.8475028e-07  -2.4250252e-07  -1.5355211e-07  -1.9270989e-07  -6.1063979e-08  -9.9077461e-08  -6.1160684e-08   1.3298586e-09
   0.0000000e+00   0.0000000e+00  -1.5067046e-06  -2.7061205e-06  -3.2627083e-06  -3.2602622e-06  -3.7424461e-06  -3.3111592e-06  -2.2993872e-06  -1.6809466e-06  -1.1657941e-06  -9.9675071e-07  -7.1778186e-07  -5.9844615e-07  -4.8358737e-07  -3.3315641e-07  -2.1993749e-07  -2.4515148e-07  -1.0492892e-07  -1.2757189e-07  -4.6756263e-08  -6.7169296e-08  -3.6432859e-08
   0.0000000e+00   0.0000000e+00  -1.5204031e-06  -2.6135133e-06  -3.3640090e-06  -3.2488488e-06  -3.6986326e-06  -3.3136762e-06  -2.3793496e-06  -1.5985238e-06  -1.2493001e-06  -9.1919981e-07  -7.4787988e-07  -6.1355240e-07  -4.2583051e-07  -3.6180285e-07  -2.4448008e-07  -1.7442160e-07  -1.6336455e-07  -6.1403128e-08  -1.3799152e-07  -6.7782118e-09   2.0879463e-09
   0.0000000e+00   0.0000000e+00  -1.5119617e-06  -2.6867169e-06  -3.2015364e-06  -3.3498295e-06  -3.6713589e-06  -3.3328231e-06  -2.3071311e-06  -1.6512462e-06  -1.2092382e-06  -9.4123016e-07  -7.4917193e-07  -5.9386485e-07  -4.5447086e-07  -3.2505073e-07  -2.6799046e-07  -1.7779992e-07  -1.2122385e-07  -1.1198340e-07  -6.5108551e-08  -5.2140418e-08  -2.6337752e-08
   0.0000000e+00   0.0000000e+00  -1.5578008e-06  -2.6479338e-06  -3.2926851e-06  -3.2486100e-06  -3.7985574e-06  -3.2266812e-06  -2.3961725e-06  -1.6052195e-06  -1.2379977e-06  -9.2564187e-07  -7.3822429e-07  -5.6227532e-07  -4.9661998e-07  -3.1444023e-07  -2.6043529e-07  -1.5559752e-07  -1.3925450e-07  -1.2804260e-07  -2.4351422e-08  -5.3329479e-08  -4.5699498e-08
   0.0000000e+00   0.0000000e+00  -1.5033038e-06  -2.6765044e-06  -3.2639932e-06  -3.2959417e-06  -3.6682054e-06  -3.3652052e-06  -2.2818208e-06  -1.6673373e-06  -1.2003203e-06  -9.4414258e-07  -7.4706452e-07  -6.0436406e-07  -4.1975804e-07  -3.3642797e-07  -2.4772956e-07  -1.7773581e-07  -1.5302184e-07  -4.6304670e-08  -9.8197241e-08  -4.7783583e-08   1.7859387e-08
   0.0000000e+00   0.0000000e+00  -1.5519769e-06  -2.5919355e-06  -3.3560070e-06  -3.2341152e-06  -3.7373209e-06  -3.2675434e-06  -2.3816244e-06  -1.6020369e-06  -1.1968998e-06  -9.4194212e-07  -7.3278210e-07  -5.3868854e-07  -5.5389654e-07  -2.6480191e-07  -2.6431326e-07  -1.6460163e-07  -1.2277876e-07  -1.0720800e-07  -6.1687409e-08  -2.7293595e-08  -3.2263113e-08
   0.0000000e+00   0.0000000e+00  -1.4965808e-06  -2.7346493e-06  -3.2087246e-06  -3.3524871e-06  -3.6658878e-06  -3.3445215e-06  -2.3115524e-06  -1.6251267e-06  -1.2505926e-06  -9.0253445e-07  -7.5010678e-07  -6.3097093e-07  -3.5836726e-07  -4.1252721e-07  -1.9214875e-07  -1.7978275e-07  -1.6925424e-07  -4.4525251e-08  -4.7192131e-08  -1.0146773e-07   4.4352365e-08
   0.0000000e+00   0.0000000e+00  -1.5493648e-06  -2.6482846e-06  -3.2583757e-06  -3.2830405e-06  -3.7574061e-06  -3.2528458e-06  -2.3709558e-06  -1.6166741e-06  -1.1863610e-06  -9.6624194e-07  -7.1402707e-07  -5.7026023e-07  -4.8248836e-07  -3.2949353e-07  -2.7127109e-07  -1.3214954e-07  -1.0396374e-07  -1.3987066e-07  -5.3167778e-08   1.7685680e-08  -7.5698111e-08
   0.0000000e+00   0.0000000e+00  -1.4912243e-06  -2.6546054e-06  -3.3265665e-06  -3.2376815e-06  -3.7177394e-06  -3.3177619e-06  -2.2880245e-06  -1.6640575e-06  -1.1984235e-06  -9.1783397e-07  -7.6964841e-07  -6.2075657e-07  -4.1537692e-07  -3.3734503e-07  -2.2421570e-07  -2.2820670e-07  -1.1431094e-07  -4.9978606e-08  -6.6830978e-08  -6.9751849e-08   3.7155733e-08
   0.0000000e+00   0.0000000e+00  -1.5843597e-06  -2.6240100e-06  -3.3081487e-06  -3.3048989e-06  -3.7025266e-06  -3.2997389e-06  -2.3794219e-06  -1.5956919e-06  -1.2391905e-06  -9.1226963e-07  -7.1447056e-07  -5.8382381e-07  -5.0580968e-07  -3.3994320e-07  -2.3423142e-07  -1.6981794e-07  -9.6260841e-08  -1.4951533e-07  -3.5703255e-08  -1.7131324e-08  -2.8606124e-08
   0.0000000e+00   0.0000000e+00  -1.5028235e-06  -2.7143215e-06  -3.2330538e-06  -3.3018287e-06  -3.7187208e-06  -3.3316501e-06  -2.2692088e-06  -1.6597902e-06  -1.1833548e-06  -9.5800431e-07  -7.8591660e-07  -5.6931776e-07  -4.4803605e-07  -3.5570793e-07  -2.1082127e-07  -2.4591020e-07  -1.0656775e-07  -7.8822715e-08  -3.5430002e-08  -5.4370219e-08  -5.0107207e-08
   0.0000000e+00   0.0000000e+00  -1.5211452e-06  -2.6615755e-06  -3.3024307e-06  -3.2731302e-06  -3.7329107e-06  -3.2632352e-06  -2.4127678e-06  -1.5611050e-06  -1.2770084e-06  -8.8214017e-07  -7.3064746e-07  -6.0891568e-07  -4.7798949e-07  -3.4602954e-07  -2.8531866e-07  -1.0760136e-07  -1.5844168e-07  -1.2972070e-07  -2.2571244e-08  -4.7129330e-08   1.4533434e-08
   0.0000000e+00   0.0000000e+00  -1.5238084e-06  -2.6766106e-06  -3.2834239e-06  -3.3215283e-06  -3.6935644e-06  -3.3245201e-06  -2.3085049e-06  -1.6546024e-06  -1.1645236e-06  -9.9835734e-07  -7.3629792e-07  -6.0971968e-07  -4.4136752e-07  -3.5362544e-07  -2.4033287e-07  -2.3530518e-07  -8.5572218e-08  -1.0925125e-07  -5.4260081e-08  -4.3307949e-08  -1.8413123e-08
   0.0000000e+00   0.0000000e+00  -1.5716176e-06  -2.6259031e-06  -3.3268134e-06  -3.2653124e-06  -3.7451712e-06  -3.3044892e-06  -2.3441473e-06  -1.6257789e-06  -1.2241546e-06  -9.0137911e-07  -7.4265608e-07  -6.0571460e-07  -4.8838046e-07  -3.3573957e-07  -2.6569586e-07  -1.5501915e-07  -1.6869519e-07  -7.7612953e-08  -5.6008020e-08  -6.8948715e-08   3.6809830e-08
   0.0000000e+00   0.0000000e+00  -1.5269035e-06  -2.7283936e-06  -3.2128169e-06  -3.3506653e-06  -3.7034119e-06  -3.2796979e-06  -2.3310370e-06  -1.6681643e-06  -1.1960715e-06  -9.6451674e-07  -7.3935178e-07  -6.0890682e-07  -4.3060058e-07  -3.7542108e-07  -2.4290003e-07  -1.8914474e-07  -1.3492361e-07  -9.7750025e-08  -4.8198796e-08  -5.6945535e-08  -1.8812674e-08
   0.0000000e+00   0.0000000e+00  -1.5061623e-06  -2.6506486e-06  -3.3734646e-06  -3.2360608e-06  -3.7521479e-06  -3.3475967e-06  -2.3224804e-06  -1.5753824e-06  -1.2599745e-06  -8.8735294e-07  -7.5749108e-07  -6.0744202e-07  -4.7553110e-07  -3.2247596e-07  -2.6527334e-07  -1.8115411e-07  -1.1998949e-07  -9.8949037e-08  -6.6962251e-08  -4.6380226e-08   9.2129930e-09
   0.0000000e+00   0.0000000e+00  -1.5408837e-06  -2.6516170e-06  -3.2763073e-06  -3.3106869e-06  -3.7229033e-06  -3.3043948e-06  -2.3682855e-06  -1.6179877e-06  -1.2113638e-06  -9.8208591e-07  -7.0150338e-07  -6.1922481e-07  -4.4396739e-07  -3.7033291e-07  -2.2663296e-07  -1.8551700e-07  -1.3326688e-07  -1.0309302e-07  -3.6965083e-08  -6.2938199e-08  -3.1347691e-09
   0.0000000e+00   0.0000000e+00  -1.5807411e-06  -2.6808432e-06  -3.2967603e-06  -3.2958201e-06  -3.7256427e-06  -3.2790886e-06  -2.3589380e-06  -1.6362862e-06  -1.2154914e-06  -9.1625287e-07  -7.7995776e-07  -5.3070028e-07  -5.2332774e-07  -3.1090968e-07  -2.7660352e-07  -1.4711621e-07  -1.4145465e-07  -1.0497106e-07  -5.1220947e-08  -3.9265796e-08  -1.8238802e-08
   0.0000000e+00   0.0000000e+00  -1.4869811e-06  -2.6849973e-06  -3.2670318e-06  -3.3561896e-06  -3.6993906e-06  -3.3355996e-06  -2.3090545e-06  -1.6939902e-06  -1.1182764e-06  -9.9079125e-07  -7.4703956e-07  -6.2515937e-07  -4.2546264e-07  -3.5062499e-07  -2.2576839e-07  -2.2865198e-07  -1.1031442e-07  -8.3055994e-08  -5.6202154e-08  -5.0703690e-08  -2.2970658e-08
   0.0000000e+00   0.0000000e+00  -1.5483575e-06  -2.6832638e-06  -3.2910293e-06  -3.2472797e-06  -3.7705147e-06  -3.2927524e-06  -2.3508596e-06  -1.6020130e-06  -1.2855681e-06  -9.0516380e-07  -7.2889623e-07  -5.7874519e-07  -5.0079097e-07  -3.2948751e-07  -2.8064196e-07  -1.2849141e-07  -1.6254285e-07  -8.9721759e-08  -6.8236467e-08  -5.5504284e-08   3.9568242e-08
   0.0000000e+00   0.0000000e+00  -1.5210164e-06  -2.6490088e-06  -3.3207687e-06  -3.3197055e-06  -3.6786207e-06  -3.3578297e-06  -2.3268392e-06  -1.6023952e-06  -1.2346693e-06  -9.4715551e-07  -7.4826022e-07  -6.0628929e-07  -4.5824271e-07  -3.3802829e-07  -2.4206864e-07  -2.1012110e-07  -1.2652849e-07  -8.4494928e-08  -7.4267390e-08  -4.3387498e-08  -2.2413014e-08
   0.0000000e+00   0.0000000e+00  -1.5692876e-06  -2.6709736e-06  -3.3094498e-06  -3.2504786e-06  -3.7951252e-06  -3.2435698e-06  -2.3900154e-06  -1.6301547e-06  -1.2129921e-06  -9.1490904e-07  -7.5553004e-07  -6.1708005e-07  -4.5409973e-07  -3.5347514e-07  -2.6956616e-07  -1.4362116e-07  -1.7775648e-07  -7.5869963e-08  -7.9707334e-08  -5.8836399e-08   1.4505940e-08
   0.0000000e+00   0.0000000e+00  -1.4826637e-06  -2.6925222e-06  -3.2521814e-06  -3.3696881e-06  -3.6508964e-06  -3.3460387e-06  -2.3114987e-06  -1.6432400e-06  -1.1934126e-06  -9.7666737e-07  -7.2919539e-07  -5.9501144e-07  -4.8684052e-07  -3.2442645e-07  -2.7101245e-07  -1.9600942e-07  -1.2027490e-07  -1.0606481e-07  -7.1848895e-08  -6.5542224e-08  -8.1223996e-09
   0.0000000e+00   0.0000000e+00  -1.5790679e-06  -2.6535390e-06  -3.3064782e-06  -3.2694643e-06  -3.7519771e-06  -3.3197582e-06  -2.3291561e-06  -1.6398600e-06  -1.2055788e-06  -9.2021128e-07  -7.6365842e-07  -5.9489929e-07  -4.8565266e-07  -3.3055517e-07  -2.4230775e-07  -1.9557596e-07  -1.6513893e-07  -8.4729407e-08  -6.5847757e-08  -5.6967682e-08  -4.4943441e-08
   0.0000000e+00   0.0000000e+00  -1.5103653e-06  -2.6934840e-06  -3.2591845e-06  -3.3286237e-06  -3.7186699e-06  -3.2571495e-06  -2.3649964e-06  -1.6253338e-06  -1.1987800e-06  -9.8753105e-07  -6.8797783e-07  -6.1401056e-07  -4.5398033e-07  -3.7738835e-07  -2.6411254e-07  -1.4747337e-07  -1.3628519e-07  -1.3369871e-07  -8.4028073e-08  -2.1712845e-08  -4.2327862e-08
   0.0000000e+00   0.0000000e+00  -1.5339198e-06  -2.6539467e-06  -3.3390877e-06  -3.2265191e-06  -3.7715406e-06  -3.3114695e-06  -2.3320972e-06  -1.5587841e-06  -1.2728351e-06  -8.4190236e-07  -8.2733561e-07  -5.6271369e-07  -4.5775215e-07  -3.5679199e-07  -2.4140530e-07  -1.9481604e-07  -1.4407225e-07  -9.8042420e-08  -6.9336267e-08  -4.7799016e-08  -5.3438335e-08
   0.0000000e+00   0.0000000e+00  -1.5099688e-06  -2.7050355e-06  -3.2603941e-06  -3.3283281e-06  -3.6788169e-06  -3.3200517e-06  -2.3289863e-06  -1.6695539e-06  -1.1711483e-06  -9.4899724e-07  -6.9961402e-07  -6.2639873e-07  -4.4983830e-07  -3.3036227e-07  -2.5800819e-07  -1.9418997e-07  -1.2233788e-07  -1.0479468e-07  -7.8314876e-08  -3.9778101e-08  -2.3672641e-08
   0.0000000e+00   0.0000000e+00  -1.5709794e-06  -2.6102698e-06  -3.3456381e-06  -3.2817034e-06  -3.7229092e-06  -3.2917453e-06  -2.3240339e-06  -1.6023204e-06  -1.2162612e-06  -9.1435982e-07  -7.3901509e-07  -5.8565900e-07  -4.6082835e-07  -3.4102251e-07  -2.3901683e-07  -1.9068359e-07  -1.4809589e-07  -6.0047860e-08  -1.0315338e-07  -3.4279434e-08  -1.2265390e-08
   0.0000000e+00   0.0000000e+00  -1.5250185e-06  -2.6957875e-06  -3.2430412e-06  -3.3154645e-06  -3.7231978e-06  -3.3189706e-06  -2.3112405e-06  -1.6335514e-06  -1.1698432e-06  -9.5374537e-07  -7.2280000e-07  -5.5833169e-07  -4.8334181e-07  -3.1998437e-07  -2.5806980e-07  -1.5799421e-07  -1.5117079e-07  -1.0783202e-07  -4.8353314e-08  -4.8051785e-08  -2.2503478e-08
   0.0000000e+00   0.0000000e+00  -1.5501264e-06  -2.6682760e-06  -3.3060637e-06  -3.2738751e-06  -3.7533709e-06  -3.2528851e-06  -2.3946434e-06  -1.5714282e-06  -1.2246765e-06  -9.1471475e-07  -7.0770426e-07  -6.1502749e-07  -4.2056828e-07  -3.5756716e-07  -2.5836448e-07  -1.2604418e-07  -1.7146004e-07  -9.1024972e-08  -6.3135417e-08  -3.4662271e-08  -4.4024990e-08
   0.0000000e+00   0.0000000e+00  -1.4838446e-06  -2.7200435e-06  -3.2793121e-06  -3.3105287e-06  -3.7008717e-06  -3.3262550e-06  -2.2934973e-06  -1.6299889e-06  -1.2138181e-06  -8.9485462e-07  -7.6580363e-07  -5.6808926e-07  -4.3945431e-07  -3.1452134e-07  -2.6319387e-07  -1.8929777e-07  -1.2062256e-07  -8.2247922e-08  -8.4314600e-08  -4.4843013e-08  -1.2138996e-08
   0.0000000e+00   0.0000000e+00  -1.5727604e-06  -2.6140062e-06  -3.3373681e-06  -3.2680782e-06  -3.7263055e-06  -3.3035396e-06  -2.3667844e-06  -1.6146521e-06  -1.1921943e-06  -9.2864411e-07  -7.1255903e-07  -5.7010874e-07  -5.0032656e-07  -3.0192703e-07  -2.2776587e-07  -1.7821120e-07  -1.3560089e-07  -7.8337578e-08  -9.7147712e-08  -2.4391394e-08  -2.9581896e-08
   0.0000000e+00   0.0000000e+00  -1.5284168e-06  -2.6826747e-06  -3.2701953e-06  -3.3179408e-06  -3.7161808e-06  -3.3399926e-06  -2.2591892e-06  -1.6705511e-06  -1.1906611e-06  -9.3940560e-07  -7.3196702e-07  -5.9066099e-07  -4.2143131e-07  -3.6304638e-07  -1.9206222e-07  -2.1512938e-07  -1.1984800e-07  -7.5395924e-08  -7.3497766e-08  -5.6046851e-08  -3.9616967e-09
   0.0000000e+00   0.0000000e+00  -1.5497072e-06  -2.6711668e-06  -3.3012150e-06  -3.2814180e-06  -3.7636221e-06  -3.2619560e-06  -2.3755122e-06  -1.6208566e-06  -1.2105737e-06  -9.1627021e-07  -7.3371342e-07  -5.7609753e-07  -4.6076713e-07  -3.1118583e-07  -2.6425025e-07  -1.5482783e-07  -8.0265529e-08  -1.3911824e-07  -8.8968065e-08   3.0162258e-08  -8.4728789e-08
   0.0000000e+00   0.0000000e+00  -1.4963063e-06  -2.6955183e-06  -3.2898079e-06  -3.3000047e-06  -3.6851418e-06  -3.3512970e-06  -2.3357311e-06  -1.5983150e-06  -1.2238852e-06  -9.4828886e-07  -7.1574800e-07  -6.3127203e-07  -4.0269180e-07  -3.4149244e-07  -2.1813234e-07  -1.8524901e-07  -1.2838709e-07  -6.7726482e-08  -4.9102443e-08  -5.1199670e-08  -3.8611681e-08
   0.0000000e+00   0.0000000e+00  -1.5527672e-06  -2.6544319e-06  -3.2925627e-06  -3.2989219e-06  -3.7389807e-06  -3.2757587e-06  -2.3745913e-06  -1.6257160e-06  -1.2035425e-06  -9.3126096e-07  -7.2944044e-07  -5.6298978e-07  -4.8303792e-07  -3.4350859e-07  -1.8856194e-07  -1.8116442e-07  -1.1525599e-07  -9.1666742e-08  -5.7724353e-08  -1.2541669e-08  -3.3516113e-08
   0.0000000e+00   0.0000000e+00  -1.5261650e-06  -2.6854764e-06  -3.2807129e-06  -3.3136782e-06  -3.7220811e-06  -3.3174454e-06  -2.3068264e-06  -1.6637819e-06  -1.2067846e-06  -9.4667251e-07  -7.5131220e-07  -5.8182798e-07  -4.3417438e-07  -3.3649616e-07  -2.3252673e-07  -1.5668695e-07  -1.2564131e-07  -4.4246974e-08  -8.6539039e-08  -1.0050382e-08  -2.8026529e-08
   0.0000000e+00   0.0000000e+00  -1.5506700e-06  -2.6324979e-06  -3.3105832e-06  -3.2717353e-06  -3.7417458e-06  -3.3013948e-06  -2.3340160e-06  -1.6533839e-06  -1.1975354e-06  -9.1951955e-07  -7.6448430e-07  -5.7484084e-07  -4.7669255e-07  -2.9386237e-07  -2.5370596e-07  -1.5709186e-07  -1.2292108e-07  -6.4098465e-08  -6.5175733e-08  -8.2475839e-09  -1.5206318e-08
