   0.0000000e+00   0.0000000e+00  -7.5944081e-07  -1.3343089e-06  -1.6346487e-06  -1.6359502e-06  -1.8519561e-06  -1.6685166e-06  -1.1738840e-06  -8.0675761e-07  -6.2854804e-07  -4.7786875e-07  -3.5564298e-07  -3.1425944e-07  -2.1093526e-07  -1.8540162e-07  -1.1473623e-07  -6.6695172e-08  -6.7302281e-08  -3.6512201e-08  -2.6283596e-08  -1.8076335e-08  -2.2632003e-09
   0.0000000e+00   0.0000000e+00  -7.5046211e-07  -1.3198915e-06  -1.6406323e-06  -1.6506435e-06  -1.8598361e-06  -1.6419733e-06  -1.2000987e-06  -7.9775185e-07  -6.1463112e-07  -4.7209983e-07  -3.8000226e-07  -3.0357151e-07  -2.3620160e-07  -1.3501004e-07  -1.6070665e-07  -5.6036310e-08  -8.0591242e-08  -2.6204486e-08  -2.6785159e-08  -1.9062892e-08  -9.8205009e-09
   0.0000000e+00   0.0000000e+00  -7.4645584e-07  -1.3344414e-06  -1.6186119e-06  -1.6434186e-06  -1.8671022e-06  -1.6439097e-06  -1.1637085e-06  -8.5008259e-07  -6.0963492e-07  -4.6594960e-07  -3.7232491e-07  -2.9183838e-07  -2.4398128e-07  -1.7038990e-07  -1.1588289e-07  -7.8520600e-08  -7.4541276e-08  -3.5435427e-08  -3.8592365e-08  -1.1181942e-08   4.3043906e-09
   0.0000000e+00   0.0000000e+00  -7.7379713e-07  -1.3104103e-06  -1.6447050e-06  -1.6387330e-06  -1.8606094e-06  -1.6672436e-06  -1.1593221e-06  -8.1342250e-07  -6.0833059e-07  -4.8735882e-07  -3.8594882e-07  -2.8853600e-07  -2.4811033e-07  -1.5169792e-07  -1.3266498e-07  -8.3606238e-08  -8.0727332e-08  -1.5561362e-08  -4.2572267e-08  -2.4323230e-08  -1.6974994e-08
   0.0000000e+00   0.0000000e+00  -7.6249705e-07  -1.3249036e-06  -1.6348652e-06  -1.6325639e-06  -1.8595097e-06  -1.6691986e-06  -1.1775132e-06  -8.2071790e-07  -6.1197875e-07  -4.6519793e-07  -3.7175670e-07  -2.9365810e-07  -2.4705716e-07  -1.7912203e-07  -1.1421825e-07  -8.6622457e-08  -6.7972366e-08  -5.7746899e-08  -2.6590506e-08  -1.3313485e-08  -4.1650217e-09
   0.0000000e+00   0.0000000e+00  -7.5350425e-07  -1.3206179e-06  -1.6371478e-06  -1.6427829e-06  -1.8454057e-06  -1.6308761e-06  -1.1894394e-06  -8.0925224e-07  -6.2832601e-07  -4.7225643e-07  -3.8953328e-07  -3.0713872e-07  -2.0653435e-07  -1.7546391e-07  -1.4190947e-07  -7.5489361e-08  -7.5917953e-08  -3.7412232e-08  -3.6194937e-08  -1.7173498e-08  -3.3106673e-08
   0.0000000e+00   0.0000000e+00  -7.4695538e-07  -1.3305504e-06  -1.6350015e-06  -1.6414514e-06  -1.8821609e-06  -1.6506065e-06  -1.1668741e-06  -8.3103947e-07  -5.8549563e-07  -4.7650332e-07  -3.5972127e-07  -3.2442239e-07  -2.2583852e-07  -1.8637223e-07  -1.0788377e-07  -1.0312559e-07  -4.8048527e-08  -6.7536014e-08  -3.2398138e-08  -4.6492397e-09  -1.4242247e-08
   0.0000000e+00   0.0000000e+00  -7.6244811e-07  -1.3140088e-06  -1.6354601e-06  -1.6312616e-06  -1.8512328e-06  -1.6675317e-06  -1.1644563e-06  -8.1842444e-07  -6.3137685e-07  -4.7213106e-07  -3.7898312e-07  -2.8434945e-07  -2.3903630e-07  -1.6787412e-07  -1.2060444e-07  -1.1072662e-07  -4.9824312e-08  -4.5576247e-08  -4.0638014e-08  -2.0514973e-08  -5.1824517e-10
   0.0000000e+00   0.0000000e+00  -7.6549924e-07  -1.3202258e-06  -1.6215901e-06  -1.6645007e-06  -1.8338753e-06  -1.6596869e-06  -1.1715304e-06  -8.1747396e-07  -5.9121436e-07  -4.8258136e-07  -3.5703530e-07  -3.1945791e-07  -2.3632381e-07  -1.6733289e-07  -1.0804208e-07  -1.0597063e-07  -7.3742846e-08  -2.7018174e-08  -4.2362437e-08  -1.1850329e-08  -2.9682699e-08
   0.0000000e+00   0.0000000e+00  -7.6050890e-07  -1.3302754e-06  -1.6343531e-06  -1.6270609e-06  -1.8802110e-06  -1.6357874e-06  -1.1826758e-06  -8.2742821e-07  -6.1447952e-07  -4.5241833e-07  -4.0155365e-07  -2.7244096e-07  -2.3595841e-07  -1.7877775e-07  -1.2867365e-07  -8.5146986e-08  -6.2485149e-08  -6.0253505e-08  -3.3522870e-08  -1.0241633e-08  -5.0084030e-09
   0.0000000e+00   0.0000000e+00  -7.4155531e-07  -1.3166289e-06  -1.6460883e-06  -1.6355194e-06  -1.8517794e-06  -1.6526172e-06  -1.1780492e-06  -7.8609531e-07  -6.2448930e-07  -4.8259915e-07  -3.5453408e-07  -3.1376572e-07  -2.2735993e-07  -1.6273512e-07  -1.4085950e-07  -8.1884387e-08  -7.1085474e-08  -5.2042562e-08  -2.6312984e-08  -3.8175234e-08   3.8248165e-09
   0.0000000e+00   0.0000000e+00  -7.6593415e-07  -1.3146096e-06  -1.6433405e-06  -1.6224362e-06  -1.8734256e-06  -1.6636935e-06  -1.1563438e-06  -8.4057160e-07  -5.9475155e-07  -4.7111695e-07  -3.6237364e-07  -3.0725727e-07  -2.4034708e-07  -1.6202070e-07  -1.3234909e-07  -8.2445908e-08  -9.2775856e-08  -3.4667131e-08  -4.3247049e-08  -1.9066791e-08  -1.5120186e-08
   0.0000000e+00   0.0000000e+00  -7.6297624e-07  -1.3227725e-06  -1.6190520e-06  -1.6546271e-06  -1.8330637e-06  -1.6560307e-06  -1.1619385e-06  -8.2922935e-07  -6.0204661e-07  -4.8078516e-07  -3.8655736e-07  -2.8095928e-07  -2.3336864e-07  -1.7480453e-07  -1.3221036e-07  -9.5846211e-08  -5.5960168e-08  -6.4331438e-08  -3.0723154e-08  -3.5848061e-08   6.7285448e-09
   0.0000000e+00   0.0000000e+00  -7.5301864e-07  -1.3456797e-06  -1.6161665e-06  -1.6530373e-06  -1.8679170e-06  -1.6407981e-06  -1.1737768e-06  -8.1736636e-07  -5.9565326e-07  -4.5724678e-07  -3.8041162e-07  -3.0615186e-07  -2.3522129e-07  -1.7876096e-07  -1.1298007e-07  -9.6912999e-08  -8.2821501e-08  -4.4192134e-08  -3.7288629e-08  -2.6120279e-08  -1.1698127e-08
   0.0000000e+00   0.0000000e+00  -7.3667218e-07  -1.3112596e-06  -1.6455695e-06  -1.6327731e-06  -1.8529562e-06  -1.6490784e-06  -1.1734293e-06  -8.0896638e-07  -6.3942531e-07  -4.6602750e-07  -3.6730492e-07  -2.9962862e-07  -2.3546988e-07  -1.7013637e-07  -1.2700669e-07  -1.0855184e-07  -5.7159493e-08  -6.3781712e-08  -2.2473781e-08  -3.2880568e-08  -1.7776514e-08
   0.0000000e+00   0.0000000e+00  -7.8218636e-07  -1.3022820e-06  -1.6467077e-06  -1.6258712e-06  -1.8565462e-06  -1.6592480e-06  -1.1842918e-06  -7.7003460e-07  -6.1905030e-07  -4.6581394e-07  -3.7276601e-07  -3.0989600e-07  -2.1716936e-07  -1.9511388e-07  -1.2871820e-07  -8.0554095e-08  -6.5214266e-08  -6.6563935e-08  -5.3578031e-08   4.9639043e-10  -1.2665421e-08
   0.0000000e+00   0.0000000e+00  -7.5198500e-07  -1.3372670e-06  -1.6206899e-06  -1.6553315e-06  -1.8431946e-06  -1.6441240e-06  -1.1633808e-06  -8.4556166e-07  -5.7681007e-07  -4.8739707e-07  -3.7913094e-07  -2.9132579e-07  -2.3653084e-07  -1.6605794e-07  -1.3356825e-07  -1.0887644e-07  -6.9070012e-08  -5.9780717e-08  -5.0066729e-09  -5.7604730e-08  -8.3261185e-09
   0.0000000e+00   0.0000000e+00  -7.5465482e-07  -1.3264589e-06  -1.6325854e-06  -1.6331966e-06  -1.8636142e-06  -1.6434783e-06  -1.1621988e-06  -8.2768173e-07  -6.0786755e-07  -4.5184657e-07  -3.5966414e-07  -3.1098210e-07  -2.4778197e-07  -1.6760372e-07  -1.3512204e-07  -7.3101297e-08  -9.8113546e-08  -4.7200562e-08  -4.3341554e-08  -2.3175247e-08  -6.9421507e-10
   0.0000000e+00   0.0000000e+00  -7.4740313e-07  -1.3312837e-06  -1.6253280e-06  -1.6375644e-06  -1.8659425e-06  -1.6496971e-06  -1.1578364e-06  -7.8884739e-07  -6.2040436e-07  -4.7354166e-07  -3.8913947e-07  -2.8614687e-07  -2.2751983e-07  -1.6683035e-07  -1.3850426e-07  -1.1280512e-07  -6.3223254e-08  -5.3094627e-08  -3.4576317e-08  -4.6246008e-08   3.9676631e-09
   0.0000000e+00   0.0000000e+00  -7.8548192e-07  -1.2883115e-06  -1.6588754e-06  -1.6295755e-06  -1.8457881e-06  -1.6417407e-06  -1.2002962e-06  -7.9394641e-07  -6.1532035e-07  -4.5540361e-07  -3.5228061e-07  -3.1143105e-07  -2.3603165e-07  -1.8065725e-07  -1.3188979e-07  -7.7564565e-08  -8.3111189e-08  -7.1690678e-08  -2.6881750e-08  -4.1852154e-08   9.1077732e-09
   0.0000000e+00   0.0000000e+00  -7.4670749e-07  -1.3511552e-06  -1.6117262e-06  -1.6560639e-06  -1.8424510e-06  -1.6470171e-06  -1.1584758e-06  -8.1141354e-07  -6.0337533e-07  -4.6703087e-07  -3.9595028e-07  -2.8734686e-07  -2.2422851e-07  -1.7797608e-07  -1.2582720e-07  -1.0259642e-07  -7.5874304e-08  -6.2094387e-08  -2.9471710e-08  -3.4460367e-08  -2.8967989e-08
   0.0000000e+00   0.0000000e+00  -7.4540191e-07  -1.3320052e-06  -1.6346555e-06  -1.6362620e-06  -1.8624576e-06  -1.6579762e-06  -1.1558046e-06  -8.2032705e-07  -5.9029219e-07  -4.7845845e-07  -3.5555766e-07  -3.0234392e-07  -2.4147508e-07  -1.7241284e-07  -1.3172425e-07  -9.8605014e-08  -6.0104298e-08  -6.6681459e-08  -6.1893203e-08  -6.4129333e-09  -6.9230635e-09
   0.0000000e+00   0.0000000e+00  -7.6769163e-07  -1.3168827e-06  -1.6367346e-06  -1.6367193e-06  -1.8469950e-06  -1.6470284e-06  -1.1570418e-06  -8.3812114e-07  -5.9488087e-07  -4.7654899e-07  -3.6146301e-07  -3.0290624e-07  -2.4516049e-07  -1.6419047e-07  -1.1235735e-07  -1.3977612e-07  -5.1865108e-08  -5.7741026e-08  -3.2096349e-08  -4.1933653e-08  -2.4015709e-08
   0.0000000e+00   0.0000000e+00  -7.7284159e-07  -1.3081185e-06  -1.6461042e-06  -1.6294459e-06  -1.8755085e-06  -1.6368311e-06  -1.1780403e-06  -7.8354066e-07  -6.2466682e-07  -4.5969603e-07  -3.8544823e-07  -2.9273247e-07  -2.2892765e-07  -1.9658238e-07  -1.1862537e-07  -9.0063189e-08  -8.2944041e-08  -5.7859104e-08  -5.0358267e-08  -7.6498381e-09  -1.6355855e-08
   0.0000000e+00   0.0000000e+00  -7.3963491e-07  -1.3372503e-06  -1.6256067e-06  -1.6437211e-06  -1.8500854e-06  -1.6563770e-06  -1.1766001e-06  -8.0784895e-07  -6.0809151e-07  -4.6974148e-07  -3.7907057e-07  -3.0856432e-07  -2.2592155e-07  -1.7872965e-07  -1.3843810e-07  -9.5597159e-08  -7.0707671e-08  -6.0911297e-08  -3.7200550e-08  -2.0644068e-08  -2.2834616e-08
   0.0000000e+00   0.0000000e+00  -7.6443342e-07  -1.3399608e-06  -1.6288459e-06  -1.6363788e-06  -1.8450754e-06  -1.6489354e-06  -1.1677390e-06  -8.2276460e-07  -6.0838698e-07  -4.6463262e-07  -3.6840629e-07  -3.0535733e-07  -2.4761184e-07  -1.7087488e-07  -1.3189516e-07  -9.8229016e-08  -8.3894690e-08  -4.7509378e-08  -3.5644252e-08  -3.5946325e-08   5.0737969e-09
   0.0000000e+00   0.0000000e+00  -7.6336784e-07  -1.3027239e-06  -1.6438273e-06  -1.6582063e-06  -1.8437488e-06  -1.6520547e-06  -1.1657619e-06  -8.0927487e-07  -5.9800925e-07  -5.0126971e-07  -3.5894990e-07  -3.0686053e-07  -2.4318953e-07  -1.6302360e-07  -1.4691010e-07  -1.0126075e-07  -6.5691594e-08  -4.7744418e-08  -5.8434267e-08  -1.3454954e-08  -3.6207939e-09
   0.0000000e+00   0.0000000e+00  -7.7036947e-07  -1.3132017e-06  -1.6333710e-06  -1.6264172e-06  -1.8809938e-06  -1.6470669e-06  -1.1579996e-06  -8.3047490e-07  -6.0281656e-07  -4.6080709e-07  -3.8286225e-07  -2.9736822e-07  -2.4960028e-07  -1.7434209e-07  -1.3412297e-07  -8.4212552e-08  -9.8448488e-08  -4.4313119e-08  -3.1879676e-08  -3.7925115e-08  -2.9763851e-09
   0.0000000e+00   0.0000000e+00  -7.4118753e-07  -1.3431068e-06  -1.6270641e-06  -1.6374878e-06  -1.8448110e-06  -1.6456996e-06  -1.1822284e-06  -7.9201368e-07  -6.2973334e-07  -4.5873057e-07  -3.7418008e-07  -3.1475463e-07  -2.2282070e-07  -1.8536504e-07  -1.3175219e-07  -9.6302948e-08  -7.4170693e-08  -6.3402098e-08  -2.8115473e-08  -2.4391021e-08  -2.8345271e-08
   0.0000000e+00   0.0000000e+00  -7.5142708e-07  -1.3423847e-06  -1.6321353e-06  -1.6348691e-06  -1.8591089e-06  -1.6483106e-06  -1.1764948e-06  -8.0474905e-07  -6.1499162e-07  -4.4896424e-07  -3.9855010e-07  -2.8596858e-07  -2.3845627e-07  -1.8277279e-07  -1.3944424e-07  -8.3900318e-08  -7.6875530e-08  -5.1782074e-08  -5.1012304e-08  -2.0627148e-08   7.3147138e-10
   0.0000000e+00   0.0000000e+00  -7.7758716e-07  -1.2830991e-06  -1.6505006e-06  -1.6484169e-06  -1.8420669e-06  -1.6517249e-06  -1.1618545e-06  -8.2246839e-07  -5.8983022e-07  -5.0143979e-07  -3.5761343e-07  -3.0086451e-07  -2.5146574e-07  -1.6227330e-07  -1.2235597e-07  -1.2113902e-07  -5.9531857e-08  -5.4284801e-08  -4.3307853e-08  -1.3545350e-08  -3.5398450e-08
   0.0000000e+00   0.0000000e+00  -7.5712194e-07  -1.3323471e-06  -1.6269342e-06  -1.6357080e-06  -1.8698795e-06  -1.6525127e-06  -1.1550696e-06  -8.2962714e-07  -5.9402396e-07  -4.6612226e-07  -3.7106909e-07  -3.0566275e-07  -2.3953604e-07  -1.8995495e-07  -1.1307748e-07  -9.8599308e-08  -8.1116823e-08  -4.4963340e-08  -4.3906923e-08  -2.5321773e-08  -1.7085288e-09
   0.0000000e+00   0.0000000e+00  -7.5455972e-07  -1.3411536e-06  -1.6239435e-06  -1.6317955e-06  -1.8595272e-06  -1.6414566e-06  -1.1781880e-06  -8.0914009e-07  -6.1093561e-07  -4.8771324e-07  -3.6816951e-07  -3.0991797e-07  -2.1885447e-07  -1.8149005e-07  -1.4647421e-07  -9.5547385e-08  -5.6560115e-08  -6.7522706e-08  -3.5077594e-08  -2.3092067e-08  -1.9550866e-08
   0.0000000e+00   0.0000000e+00  -7.5038236e-07  -1.3293296e-06  -1.6345870e-06  -1.6501380e-06  -1.8437363e-06  -1.6569381e-06  -1.1712625e-06  -8.0274970e-07  -6.2206885e-07  -4.4532476e-07  -3.7865112e-07  -3.2314441e-07  -2.3517778e-07  -1.8009482e-07  -1.2623319e-07  -8.9189953e-08  -9.9339047e-08  -3.0330440e-08  -5.7665687e-08  -1.5172901e-08  -1.0874082e-08
   0.0000000e+00   0.0000000e+00  -7.6710046e-07  -1.3048840e-06  -1.6521210e-06  -1.6427349e-06  -1.8540130e-06  -1.6423595e-06  -1.1822357e-06  -8.0686408e-07  -6.1533933e-07  -4.9193858e-07  -3.6863429e-07  -2.9707502e-07  -2.4430551e-07  -1.8487565e-07  -1.2136476e-07  -1.1714444e-07  -7.1157835e-08  -4.6995098e-08  -3.8004924e-08  -3.6101309e-08  -1.0938471e-08
   0.0000000e+00   0.0000000e+00  -7.6569580e-07  -1.3225020e-06  -1.6363372e-06  -1.6306656e-06  -1.8636571e-06  -1.6658004e-06  -1.1508930e-06  -8.3227451e-07  -5.9502275e-07  -4.6935369e-07  -3.9801500e-07  -2.7430013e-07  -2.6711601e-07  -1.7178847e-07  -1.5223485e-07  -7.6611698e-08  -8.1024922e-08  -5.9324005e-08  -5.6322982e-08  -4.3713309e-09  -1.7555751e-08
   0.0000000e+00   0.0000000e+00  -7.5519131e-07  -1.3368358e-06  -1.6208579e-06  -1.6437085e-06  -1.8757589e-06  -1.6320723e-06  -1.1680961e-06  -8.3453938e-07  -6.0040196e-07  -4.7841087e-07  -3.7936931e-07  -3.2877836e-07  -2.2575250e-07  -1.7226709e-07  -1.4271356e-07  -1.0905617e-07  -8.1125080e-08  -4.8402473e-08  -3.7207279e-08  -1.6709160e-08  -4.8231311e-08
   0.0000000e+00   0.0000000e+00  -7.5391642e-07  -1.3268697e-06  -1.6356350e-06  -1.6505325e-06  -1.8420486e-06  -1.6525036e-06  -1.1891366e-06  -7.9415918e-07  -6.3483844e-07  -4.6132854e-07  -3.6854721e-07  -3.0862904e-07  -2.5612221e-07  -1.8118854e-07  -1.3797259e-07  -9.5232799e-08  -7.5120141e-08  -6.5052326e-08  -5.0466880e-08  -1.2026029e-08  -4.6825868e-09
   0.0000000e+00   0.0000000e+00  -7.6868139e-07  -1.3172055e-06  -1.6524043e-06  -1.6310925e-06  -1.8515922e-06  -1.6721583e-06  -1.1675813e-06  -7.9662186e-07  -6.2019893e-07  -4.8451625e-07  -3.7861548e-07  -3.1389050e-07  -2.2399702e-07  -1.9743791e-07  -1.2856599e-07  -1.1535793e-07  -8.1839943e-08  -4.1070116e-08  -4.7427086e-08  -3.4642397e-08  -1.5637202e-08
   0.0000000e+00   0.0000000e+00  -7.3913139e-07  -1.3312122e-06  -1.6248770e-06  -1.6388277e-06  -1.8743931e-06  -1.6284288e-06  -1.1853441e-06  -8.2401300e-07  -6.1634972e-07  -4.5939780e-07  -3.8254970e-07  -3.1899853e-07  -2.3313207e-07  -2.0351531e-07  -1.1711754e-07  -1.0756894e-07  -8.8981636e-08  -5.5604751e-08  -4.7799478e-08  -1.3297822e-08  -3.1200472e-08
   0.0000000e+00   0.0000000e+00  -7.6773466e-07  -1.3165856e-06  -1.6335138e-06  -1.6335820e-06  -1.8685946e-06  -1.6483378e-06  -1.1470109e-06  -8.3792486e-07  -5.9970921e-07  -4.7987595e-07  -3.8452251e-07  -3.0314382e-07  -2.3737479e-07  -1.9448244e-07  -1.3795224e-07  -1.0143658e-07  -7.5464399e-08  -6.4324169e-08  -4.3484764e-08  -2.7719997e-08  -9.2793542e-09
   0.0000000e+00   0.0000000e+00  -7.6941006e-07  -1.3234680e-06  -1.6306768e-06  -1.6567728e-06  -1.8342620e-06  -1.6620819e-06  -1.1914510e-06  -7.8979457e-07  -6.1801359e-07  -4.7965761e-07  -3.8195020e-07  -3.0317346e-07  -2.5393484e-07  -1.6284079e-07  -1.5541177e-07  -9.5487323e-08  -7.3957267e-08  -7.2926774e-08  -2.8172389e-08  -2.9916755e-08  -2.2894945e-08
   0.0000000e+00   0.0000000e+00  -7.4429192e-07  -1.3254393e-06  -1.6460418e-06  -1.6156325e-06  -1.8617997e-06  -1.6490517e-06  -1.1758365e-06  -8.1457904e-07  -6.1956268e-07  -4.6889059e-07  -3.7207042e-07  -3.1009395e-07  -2.5008808e-07  -1.7396871e-07  -1.4690566e-07  -9.2636569e-08  -8.3186599e-08  -5.0625403e-08  -5.0099576e-08  -1.7454527e-08  -2.0858305e-08
   0.0000000e+00   0.0000000e+00  -7.5553851e-07  -1.3118640e-06  -1.6318179e-06  -1.6447832e-06  -1.8611285e-06  -1.6454240e-06  -1.1447981e-06  -8.2924640e-07  -6.1054794e-07  -4.5167522e-07  -4.1152032e-07  -2.9117564e-07  -2.4238042e-07  -1.7042275e-07  -1.4295334e-07  -1.0386393e-07  -7.2092448e-08  -6.3507201e-08  -3.0156908e-08  -3.3805406e-08  -4.6777342e-09
   0.0000000e+00   0.0000000e+00  -7.5756083e-07  -1.3349400e-06  -1.6151359e-06  -1.6472783e-06  -1.8527014e-06  -1.6489145e-06  -1.1833852e-06  -8.0626944e-07  -6.1684057e-07  -4.7364099e-07  -3.6024232e-07  -3.1167554e-07  -2.3759283e-07  -1.9136887e-07  -1.2093736e-07  -9.1154519e-08  -9.2453270e-08  -4.0143032e-08  -4.7780571e-08  -3.4592428e-08   1.2831523e-08
   0.0000000e+00   0.0000000e+00  -7.7028693e-07  -1.3125690e-06  -1.6493495e-06  -1.6275995e-06  -1.8372384e-06  -1.6642255e-06  -1.1688966e-06  -8.0418954e-07  -5.9528213e-07  -5.0355112e-07  -3.4756692e-07  -3.0705377e-07  -2.4615289e-07  -1.7039815e-07  -1.2353370e-07  -1.1094746e-07  -6.8405683e-08  -4.6356412e-08  -4.8986028e-08  -1.8370878e-08  -2.0056246e-08
   0.0000000e+00   0.0000000e+00  -7.5650979e-07  -1.3175552e-06  -1.6255838e-06  -1.6506663e-06  -1.8576101e-06  -1.6343129e-06  -1.1732194e-06  -8.1478385e-07  -6.0070050e-07  -4.7230151e-07  -3.7101282e-07  -3.1086384e-07  -2.0652656e-07  -1.8682006e-07  -1.2898452e-07  -1.0357027e-07  -5.1485721e-08  -6.5267145e-08  -4.1382382e-08  -2.8579565e-08   1.2055112e-08
   0.0000000e+00   0.0000000e+00  -7.4754973e-07  -1.3284499e-06  -1.6284556e-06  -1.6236878e-06  -1.8764155e-06  -1.6402872e-06  -1.1636670e-06  -8.3737734e-07  -5.8804699e-07  -4.5830549e-07  -3.7790034e-07  -3.0555370e-07  -2.3085246e-07  -1.6614187e-07  -1.2264832e-07  -9.8866863e-08  -6.8128628e-08  -5.9152885e-08  -3.2652210e-08  -1.6069341e-08  -3.9931173e-08
   0.0000000e+00   0.0000000e+00  -7.5581465e-07  -1.3257555e-06  -1.6408163e-06  -1.6384025e-06  -1.8368205e-06  -1.6659827e-06  -1.1532188e-06  -8.0669298e-07  -6.2609030e-07  -4.5721455e-07  -3.7984111e-07  -2.6494934e-07  -2.5632733e-07  -1.7214701e-07  -1.0643783e-07  -1.1540929e-07  -5.1008172e-08  -6.2909969e-08  -3.4169876e-08  -2.3304992e-08  -1.5879719e-08
   0.0000000e+00   0.0000000e+00  -7.6412300e-07  -1.3245561e-06  -1.6271964e-06  -1.6497123e-06  -1.8554892e-06  -1.6443894e-06  -1.1861010e-06  -7.9106121e-07  -6.1314557e-07  -4.8321721e-07  -3.5200122e-07  -2.9839586e-07  -2.3772121e-07  -1.6070919e-07  -1.2136849e-07  -1.0505040e-07  -5.8329853e-08  -5.2359528e-08  -5.0978905e-08  -9.9087627e-09  -1.0106417e-08
   0.0000000e+00   0.0000000e+00  -7.5835169e-07  -1.3168296e-06  -1.6282369e-06  -1.6380139e-06  -1.8664093e-06  -1.6417293e-06  -1.1729140e-06  -8.2902085e-07  -5.9043509e-07  -4.6265905e-07  -3.7757269e-07  -3.0107529e-07  -2.3185818e-07  -1.5812790e-07  -1.3888663e-07  -8.2669999e-08  -7.4252775e-08  -5.6465630e-08  -2.1250871e-08  -3.7097092e-08  -1.3724867e-08
   0.0000000e+00   0.0000000e+00  -7.6736040e-07  -1.3270651e-06  -1.6405359e-06  -1.6366818e-06  -1.8515293e-06  -1.6618537e-06  -1.1659221e-06  -8.0968960e-07  -6.1377852e-07  -4.7071038e-07  -3.6997039e-07  -3.0564030e-07  -2.0250907e-07  -1.9938953e-07  -1.3428948e-07  -6.3050670e-08  -9.5066731e-08  -4.6464532e-08  -3.3806391e-08  -2.7932670e-08  -7.4470736e-09
   0.0000000e+00   0.0000000e+00  -7.3337037e-07  -1.3291906e-06  -1.6354164e-06  -1.6491002e-06  -1.8531289e-06  -1.6509274e-06  -1.1720579e-06  -8.2207220e-07  -6.0235499e-07  -4.7296504e-07  -3.7352390e-07  -2.9948845e-07  -2.3675162e-07  -1.6504094e-07  -1.3210641e-07  -8.5879719e-08  -9.1288612e-08  -4.1522199e-08  -3.4564692e-08  -4.5939103e-08   1.9991157e-08
   0.0000000e+00   0.0000000e+00  -7.8380754e-07  -1.3053391e-06  -1.6400350e-06  -1.6351257e-06  -1.8615316e-06  -1.6501698e-06  -1.1698294e-06  -8.1533574e-07  -6.1725291e-07  -4.6436344e-07  -3.6244904e-07  -3.1299413e-07  -2.4262232e-07  -1.6993434e-07  -1.2311814e-07  -9.7726826e-08  -8.1961097e-08  -3.5718667e-08  -5.6874452e-08  -2.6245321e-08  -6.5952617e-09
   0.0000000e+00   0.0000000e+00  -7.5088315e-07  -1.3401703e-06  -1.6213618e-06  -1.6460260e-06  -1.8703237e-06  -1.6402572e-06  -1.1786399e-06  -8.0835758e-07  -6.0834486e-07  -4.7187831e-07  -3.9819975e-07  -2.7545812e-07  -2.4458834e-07  -1.7483188e-07  -1.4277008e-07  -8.6773554e-08  -7.2771925e-08  -6.1873166e-08  -2.3898476e-08  -4.1535525e-08  -1.2586128e-08
   0.0000000e+00   0.0000000e+00  -7.4472916e-07  -1.3251343e-06  -1.6548001e-06  -1.6129674e-06  -1.8605499e-06  -1.6681431e-06  -1.1678435e-06  -8.1508654e-07  -6.2447180e-07  -4.5210606e-07  -3.8822250e-07  -3.1196944e-07  -2.3122782e-07  -1.7093771e-07  -1.4132374e-07  -9.0651852e-08  -6.9936718e-08  -7.5572238e-08  -1.4453278e-08  -2.0092966e-08  -4.4169401e-08
   0.0000000e+00   0.0000000e+00  -7.7428183e-07  -1.3015235e-06  -1.6261463e-06  -1.6756120e-06  -1.8240698e-06  -1.6529685e-06  -1.1717125e-06  -8.1534125e-07  -6.0993978e-07  -4.8025169e-07  -3.6906144e-07  -2.9917004e-07  -2.6142516e-07  -1.7036670e-07  -1.3093380e-07  -1.0737671e-07  -4.7538819e-08  -7.2310819e-08  -3.6550272e-08  -1.1708275e-08  -2.0180416e-08
   0.0000000e+00   0.0000000e+00  -7.5875261e-07  -1.3341028e-06  -1.6307536e-06  -1.6339169e-06  -1.8748761e-06  -1.6451880e-06  -1.1651646e-06  -8.1375896e-07  -6.0617998e-07  -4.8580426e-07  -3.6787790e-07  -3.1676004e-07  -2.2662948e-07  -1.9207420e-07  -1.2435990e-07  -1.1081367e-07  -6.8594908e-08  -3.1696260e-08  -6.9121498e-08  -4.2981596e-09   1.4656671e-09
   0.0000000e+00   0.0000000e+00  -7.5114741e-07  -1.3352036e-06  -1.6302483e-06  -1.6264418e-06  -1.8633325e-06  -1.6461950e-06  -1.1783906e-06  -8.2579885e-07  -5.9837333e-07  -4.7161646e-07  -3.8737639e-07  -3.0984796e-07  -2.3454338e-07  -1.9029093e-07  -1.0277474e-07  -1.3062672e-07  -6.9172650e-08  -3.9700527e-08  -3.5597832e-08  -2.2585571e-08  -2.2917755e-08
   0.0000000e+00   0.0000000e+00  -7.4657129e-07  -1.3266869e-06  -1.6429930e-06  -1.6229872e-06  -1.8584301e-06  -1.6558442e-06  -1.1485450e-06  -8.2021290e-07  -6.1932298e-07  -4.6637760e-07  -3.7518586e-07  -3.1385187e-07  -2.2874268e-07  -2.0326729e-07  -1.3423787e-07  -6.2908256e-08  -1.0307576e-07  -4.2377522e-08  -2.5332842e-08  -3.4642405e-08  -2.2138327e-10
   0.0000000e+00   0.0000000e+00  -7.6702003e-07  -1.2968394e-06  -1.6392486e-06  -1.6675037e-06  -1.8428422e-06  -1.6446306e-06  -1.1821734e-06  -8.0115615e-07  -6.0969012e-07  -4.8474237e-07  -3.7260281e-07  -3.0640879e-07  -2.3910965e-07  -1.6834137e-07  -1.4796052e-07  -9.6970254e-08  -5.3484101e-08  -6.9410525e-08  -3.5706989e-08  -9.6505326e-10  -2.3726685e-08
   0.0000000e+00   0.0000000e+00  -7.8258705e-07  -1.3311657e-06  -1.6311026e-06  -1.6298021e-06  -1.8557145e-06  -1.6578232e-06  -1.1587099e-06  -8.3446611e-07  -6.0023063e-07  -4.7038770e-07  -3.8167218e-07  -3.0124261e-07  -2.6254961e-07  -1.5710465e-07  -1.3441857e-07  -9.8151929e-08  -7.0437970e-08  -4.1550670e-08  -4.3449386e-08  -2.9522932e-08   1.7238998e-08
   0.0000000e+00   0.0000000e+00  -7.2206518e-07  -1.3416928e-06  -1.6325370e-06  -1.6350305e-06  -1.8673724e-06  -1.6347436e-06  -1.1776129e-06  -8.0504958e-07  -5.9374690e-07  -4.9913211e-07  -3.7761441e-07  -2.8902465e-07  -2.5752777e-07  -1.6689422e-07  -1.3316786e-07  -1.0241262e-07  -6.4363832e-08  -4.6406655e-08  -2.8579148e-08  -2.5787749e-08  -2.6106951e-08
   0.0000000e+00   0.0000000e+00  -7.7247745e-07  -1.3176975e-06  -1.6289225e-06  -1.6360435e-06  -1.8698538e-06  -1.6570361e-06  -1.1638740e-06  -8.2155475e-07  -6.2056785e-07  -4.3489712e-07  -4.0423606e-07  -2.9902057e-07  -2.3384365e-07  -1.9088056e-07  -1.1978672e-07  -9.1740475e-08  -7.2275292e-08  -6.1735804e-08  -2.7345585e-08  -7.4263071e-09  -2.6755238e-08
   0.0000000e+00   0.0000000e+00  -7.6968411e-07  -1.3116228e-06  -1.6488028e-06  -1.6542771e-06  -1.8179003e-06  -1.6667046e-06  -1.1612342e-06  -8.0755729e-07  -6.3807084e-07  -4.7046944e-07  -3.4896678e-07  -3.5061873e-07  -2.0950949e-07  -1.8319527e-07  -1.3290455e-07  -8.6786464e-08  -8.0560056e-08  -3.7429920e-08  -4.3074053e-08  -2.8236341e-08   4.7961928e-09
   0.0000000e+00   0.0000000e+00  -7.4317529e-07  -1.3402042e-06  -1.6344557e-06  -1.6343798e-06  -1.8797439e-06  -1.6394312e-06  -1.1771858e-06  -8.0362787e-07  -5.9820621e-07  -4.8625799e-07  -3.8219065e-07  -2.8757140e-07  -2.5145590e-07  -1.8182507e-07  -1.2110888e-07  -1.0778491e-07  -5.2885714e-08  -5.8232800e-08  -3.9593800e-08  -1.6198170e-08  -1.6447681e-08
   0.0000000e+00   0.0000000e+00  -7.6809903e-07  -1.3084090e-06  -1.6396488e-06  -1.6256672e-06  -1.8689623e-06  -1.6435536e-06  -1.1837010e-06  -8.1858070e-07  -5.9406887e-07  -4.9412182e-07  -3.6746772e-07  -3.0656759e-07  -2.2444590e-07  -1.9479516e-07  -1.1461591e-07  -9.9060770e-08  -7.1880422e-08  -5.4263769e-08  -2.9764758e-08  -2.1274840e-08  -1.9082520e-08
   0.0000000e+00   0.0000000e+00  -7.5699842e-07  -1.3308071e-06  -1.6418415e-06  -1.6447467e-06  -1.8492393e-06  -1.6406512e-06  -1.1650492e-06  -8.3550600e-07  -5.9769053e-07  -4.5008446e-07  -4.0063634e-07  -3.0209895e-07  -2.4358332e-07  -1.5966350e-07  -1.3993839e-07  -8.8620190e-08  -6.8063450e-08  -5.8477152e-08  -2.0878211e-08  -3.2380989e-08  -2.9890141e-09
   0.0000000e+00   0.0000000e+00  -7.6248006e-07  -1.3317906e-06  -1.6222056e-06  -1.6558043e-06  -1.8577585e-06  -1.6709400e-06  -1.1479921e-06  -8.0429072e-07  -6.4452161e-07  -4.5237161e-07  -3.7274407e-07  -3.0197756e-07  -2.3841426e-07  -1.7823480e-07  -1.1941505e-07  -1.0500341e-07  -5.6688663e-08  -5.5912651e-08  -3.7743000e-08  -1.3724006e-08  -1.2428178e-08
   0.0000000e+00   0.0000000e+00  -7.5210420e-07  -1.3112068e-06  -1.6380777e-06  -1.6395986e-06  -1.8408637e-06  -1.6677863e-06  -1.1799726e-06  -7.8762622e-07  -6.2539596e-07  -4.7939864e-07  -3.6110490e-07  -2.9774228e-07  -2.4553819e-07  -1.6747529e-07  -1.2785681e-07  -9.3890847e-08  -7.8570224e-08  -3.2804884e-08  -4.4106510e-08  -1.9592351e-08  -1.2184114e-08
   0.0000000e+00   0.0000000e+00  -7.4523570e-07  -1.3416162e-06  -1.6364348e-06  -1.6300412e-06  -1.8759565e-06  -1.6195625e-06  -1.1782541e-06  -8.4973368e-07  -5.5689299e-07  -4.8513260e-07  -3.8475591e-07  -3.0615371e-07  -2.2003832e-07  -1.8602566e-07  -1.1902608e-07  -9.5162306e-08  -7.6007453e-08  -4.8095263e-08  -3.0440713e-08  -2.5709442e-08  -9.1289785e-09
   0.0000000e+00   0.0000000e+00  -7.9397915e-07  -1.2919166e-06  -1.6444503e-06  -1.6461377e-06  -1.8477049e-06  -1.6609542e-06  -1.1751932e-06  -7.9880152e-07  -6.3617108e-07  -4.5515992e-07  -3.7540806e-07  -2.9772889e-07  -2.2573342e-07  -1.8164508e-07  -1.3603336e-07  -8.3716429e-08  -6.6790697e-08  -5.2724211e-08  -5.7965913e-08   1.9350577e-09  -1.6873344e-08
   0.0000000e+00   0.0000000e+00  -7.3921075e-07  -1.3466478e-06  -1.6169013e-06  -1.6328851e-06  -1.8650503e-06  -1.6680636e-06  -1.1480128e-06  -8.2097444e-07  -6.0468790e-07  -4.8644404e-07  -3.5283330e-07  -3.1504828e-07  -2.4083306e-07  -1.6121791e-07  -1.2814351e-07  -1.0206188e-07  -6.8756826e-08  -5.7935292e-08  -2.1468956e-08  -3.2510044e-08  -2.1711152e-08
   0.0000000e+00   0.0000000e+00  -7.3794922e-07  -1.3231310e-06  -1.6377587e-06  -1.6465991e-06  -1.8489276e-06  -1.6328877e-06  -1.1976347e-06  -8.0937059e-07  -6.1691986e-07  -4.6658420e-07  -3.8451421e-07  -2.8210249e-07  -2.5237685e-07  -1.7034178e-07  -1.2711777e-07  -9.1468209e-08  -8.3752809e-08  -3.4274823e-08  -4.7746955e-08  -2.2858810e-08  -1.0473999e-08
   0.0000000e+00   0.0000000e+00  -7.6387698e-07  -1.3139528e-06  -1.6318108e-06  -1.6404052e-06  -1.8726734e-06  -1.6348909e-06  -1.1766010e-06  -8.2939579e-07  -5.9585471e-07  -4.6782330e-07  -3.9434991e-07  -2.9410484e-07  -2.3179223e-07  -1.8378699e-07  -1.1351696e-07  -1.0622349e-07  -6.4527548e-08  -5.7749102e-08  -4.8236604e-08  -4.3712896e-09  -1.9127464e-08
   0.0000000e+00   0.0000000e+00  -7.6946361e-07  -1.3197298e-06  -1.6289507e-06  -1.6120875e-06  -1.8771221e-06  -1.6665174e-06  -1.1672548e-06  -8.1161591e-07  -6.1487441e-07  -4.8374841e-07  -3.6667288e-07  -3.0614027e-07  -2.3510061e-07  -1.6446637e-07  -1.4239343e-07  -8.9092218e-08  -8.2224943e-08  -4.0755783e-08  -3.3455251e-08  -2.9635739e-08  -2.5778064e-08
   0.0000000e+00   0.0000000e+00  -7.4619220e-07  -1.3173940e-06  -1.6434958e-06  -1.6622104e-06  -1.7949375e-06  -1.6868331e-06  -1.1723888e-06  -8.0435410e-07  -6.4925075e-07  -4.6344735e-07  -3.5595588e-07  -3.2077119e-07  -2.3002735e-07  -1.8624688e-07  -1.2187432e-07  -8.5466056e-08  -6.8329236e-08  -6.5176266e-08  -4.2133717e-08  -1.6899211e-08  -1.6074025e-09
   0.0000000e+00   0.0000000e+00  -7.5572274e-07  -1.3143878e-06  -1.6267984e-06  -1.6455359e-06  -1.8931247e-06  -1.6173881e-06  -1.1796587e-06  -8.3247352e-07  -5.8862270e-07  -4.8404979e-07  -3.9922207e-07  -3.0110547e-07  -2.1894418e-07  -1.7270818e-07  -1.3160540e-07  -1.0190460e-07  -7.4775087e-08  -3.4070254e-08  -5.5410005e-08  -8.0180476e-09  -3.2523264e-08
   0.0000000e+00   0.0000000e+00  -7.4065576e-07  -1.3345051e-06  -1.5975090e-06  -1.6392883e-06  -1.8570006e-06  -1.6649974e-06  -1.1804514e-06  -8.2430370e-07  -6.0538355e-07  -4.9079392e-07  -3.5763114e-07  -3.0388281e-07  -2.4714183e-07  -1.8425322e-07  -1.1081639e-07  -9.0878679e-08  -7.4722685e-08  -6.1108992e-08  -2.3392186e-08  -3.7543725e-08   2.5511722e-09
   0.0000000e+00   0.0000000e+00  -7.8640767e-07  -1.3019167e-06  -1.6717621e-06  -1.5955610e-06  -1.8726759e-06  -1.6417422e-06  -1.1791000e-06  -8.1047290e-07  -6.4375911e-07  -4.5005859e-07  -4.0339319e-07  -2.8759339e-07  -2.4303577e-07  -1.6361871e-07  -1.3225781e-07  -1.0210237e-07  -6.8559750e-08  -3.8868354e-08  -4.7002178e-08  -2.4535156e-08  -1.5911983e-08
   0.0000000e+00   0.0000000e+00  -7.1742352e-07  -1.3218881e-06  -1.6307598e-06  -1.6695857e-06  -1.8309371e-06  -1.6710933e-06  -1.1753538e-06  -8.2245396e-07  -5.9196555e-07  -4.9820909e-07  -3.5948574e-07  -3.1940397e-07  -2.3404968e-07  -1.6050697e-07  -1.3703969e-07  -9.9602950e-08  -4.9480267e-08  -8.4472013e-08  -2.5445779e-08  -9.7247161e-09  -2.7995902e-08
   0.0000000e+00   0.0000000e+00  -7.8343942e-07  -1.3057191e-06  -1.6042897e-06  -1.6418529e-06  -1.8650012e-06  -1.6465174e-06  -1.1782062e-06  -8.2194180e-07  -6.3329293e-07  -4.6187122e-07  -3.7883382e-07  -2.9881977e-07  -2.2586792e-07  -1.9239376e-07  -1.2336662e-07  -7.5870894e-08  -9.7948728e-08  -2.9653910e-08  -5.0502145e-08  -2.9893656e-08  -1.2885093e-10
   0.0000000e+00   0.0000000e+00  -7.4345019e-07  -1.3420895e-06  -1.6207123e-06  -1.6260831e-06  -1.8694160e-06  -1.6583634e-06  -1.1532566e-06  -8.4545906e-07  -5.8555588e-07  -5.0265010e-07  -3.6050648e-07  -3.0212516e-07  -2.4241785e-07  -1.6867672e-07  -1.0961630e-07  -1.2442145e-07  -5.1361425e-08  -6.5038513e-08  -2.2589752e-08  -3.4449894e-08  -1.7416898e-08
   0.0000000e+00   0.0000000e+00  -7.5293229e-07  -1.2942081e-06  -1.6731866e-06  -1.6188294e-06  -1.8488638e-06  -1.6587557e-06  -1.1946528e-06  -8.0250231e-07  -6.2951085e-07  -4.6166303e-07  -3.7747327e-07  -3.0794260e-07  -2.1526434e-07  -1.8131333e-07  -1.2394284e-07  -8.6503718e-08  -8.3336701e-08  -2.9590598e-08  -7.0135840e-08  -2.6143603e-09   1.9284165e-10
   0.0000000e+00   0.0000000e+00  -7.4618742e-07  -1.3321090e-06  -1.5904333e-06  -1.6709037e-06  -1.8339202e-06  -1.6693371e-06  -1.1570676e-06  -8.3095080e-07  -6.0698130e-07  -4.7502724e-07  -3.7624952e-07  -2.9977866e-07  -2.2804034e-07  -1.6432878e-07  -1.3418632e-07  -9.0220276e-08  -5.9981410e-08  -5.7213470e-08  -3.1934011e-08  -2.6768324e-08  -1.2789554e-08
   0.0000000e+00   0.0000000e+00  -7.7156704e-07  -1.3113132e-06  -1.6369145e-06  -1.6190189e-06  -1.8981621e-06  -1.6152657e-06  -1.2030135e-06  -8.0560301e-07  -6.2418917e-07  -4.6472675e-07  -3.7274111e-07  -2.8224392e-07  -2.5075451e-07  -1.5759257e-07  -1.3165777e-07  -7.7844390e-08  -7.0598041e-08  -6.3527985e-08  -1.3185062e-08  -2.6091239e-08  -2.3548246e-08
   0.0000000e+00   0.0000000e+00  -7.4222754e-07  -1.3271144e-06  -1.6219952e-06  -1.6435707e-06  -1.8330047e-06  -1.6853724e-06  -1.1447618e-06  -8.3899948e-07  -6.0257463e-07  -4.7658904e-07  -3.7508008e-07  -3.0523034e-07  -2.1028224e-07  -1.7045721e-07  -1.2389117e-07  -9.0002629e-08  -7.6410984e-08  -2.3947660e-08  -4.8566246e-08  -2.4762334e-08   9.5646238e-09
   0.0000000e+00   0.0000000e+00  -7.6783414e-07  -1.2836852e-06  -1.6683421e-06  -1.6120295e-06  -1.8671219e-06  -1.6359015e-06  -1.1953706e-06  -8.0435660e-07  -6.0321116e-07  -4.7324758e-07  -3.7001641e-07  -2.7012874e-07  -2.7976097e-07  -1.3235532e-07  -1.3411898e-07  -8.1979039e-08  -6.2590210e-08  -5.3034537e-08  -3.1922784e-08  -1.2922301e-08  -1.6995973e-08
   0.0000000e+00   0.0000000e+00  -7.3928618e-07  -1.3555745e-06  -1.5946681e-06  -1.6713593e-06  -1.8319406e-06  -1.6750024e-06  -1.1597999e-06  -8.1755365e-07  -6.2843498e-07  -4.5524408e-07  -3.7664768e-07  -3.1867461e-07  -1.7928029e-07  -2.0874450e-07  -9.5860074e-08  -9.1414194e-08  -8.4161179e-08  -2.3576053e-08  -2.2786034e-08  -5.1842527e-08   2.2882398e-08
   0.0000000e+00   0.0000000e+00  -7.6670824e-07  -1.3122982e-06  -1.6193574e-06  -1.6370332e-06  -1.8773871e-06  -1.6285416e-06  -1.1901003e-06  -8.1195623e-07  -5.9753813e-07  -4.8573418e-07  -3.6043608e-07  -2.8580911e-07  -2.4413134e-07  -1.6450595e-07  -1.3754757e-07  -6.5898909e-08  -5.3197411e-08  -6.9306878e-08  -2.8141740e-08   9.8254525e-09  -3.9033935e-08
   0.0000000e+00   0.0000000e+00  -7.3641962e-07  -1.3155163e-06  -1.6531530e-06  -1.6136917e-06  -1.8574904e-06  -1.6614310e-06  -1.1480747e-06  -8.3695579e-07  -6.0262380e-07  -4.6258361e-07  -3.8681617e-07  -3.1314403e-07  -2.0787452e-07  -1.7111645e-07  -1.1169873e-07  -1.1557231e-07  -5.6882033e-08  -2.6333677e-08  -3.2625934e-08  -3.6339628e-08   1.9487869e-08
   0.0000000e+00   0.0000000e+00  -7.8433123e-07  -1.2998546e-06  -1.6444747e-06  -1.6475217e-06  -1.8501348e-06  -1.6522109e-06  -1.1941685e-06  -8.0184827e-07  -6.2369355e-07  -4.5917352e-07  -3.6006708e-07  -2.9328820e-07  -2.5520012e-07  -1.6976917e-07  -1.1914730e-07  -8.4444494e-08  -4.9400168e-08  -7.4368764e-08  -1.9076731e-08  -8.0668858e-09  -1.5248549e-08
   0.0000000e+00   0.0000000e+00  -7.4248629e-07  -1.3457245e-06  -1.6065235e-06  -1.6462999e-06  -1.8580188e-06  -1.6681888e-06  -1.1388822e-06  -8.3455240e-07  -5.9536200e-07  -4.8264229e-07  -3.9516888e-07  -2.8705566e-07  -2.2455848e-07  -1.7998264e-07  -1.0491932e-07  -1.2465901e-07  -5.2715542e-08  -4.0639442e-08  -1.7338564e-08  -2.8240940e-08  -2.4528962e-08
   0.0000000e+00   0.0000000e+00  -7.5229354e-07  -1.3184490e-06  -1.6414097e-06  -1.6312329e-06  -1.8651987e-06  -1.6338013e-06  -1.2107760e-06  -7.8463142e-07  -6.4259223e-07  -4.4396367e-07  -3.6836857e-07  -3.0572028e-07  -2.4115263e-07  -1.7300589e-07  -1.4450417e-07  -5.3210563e-08  -8.0615322e-08  -6.4461425e-08  -1.2232960e-08  -2.3348303e-08   6.4375927e-09
   0.0000000e+00   0.0000000e+00  -7.5308037e-07  -1.3267995e-06  -1.6316425e-06  -1.6562095e-06  -1.8454380e-06  -1.6649386e-06  -1.1586134e-06  -8.3185699e-07  -5.8572175e-07  -5.0290737e-07  -3.7027843e-07  -3.0720551e-07  -2.2134046e-07  -1.7869299e-07  -1.1980666e-07  -1.1928118e-07  -4.2116422e-08  -5.5817466e-08  -2.6688205e-08  -2.2787884e-08  -8.5354115e-09
   0.0000000e+00   0.0000000e+00  -7.7742436e-07  -1.3010039e-06  -1.6536243e-06  -1.6273040e-06  -1.8713023e-06  -1.6542587e-06  -1.1762342e-06  -8.1690138e-07  -6.1622234e-07  -4.5341508e-07  -3.7442854e-07  -3.0411923e-07  -2.4621335e-07  -1.6800560e-07  -1.3447558e-07  -7.7051482e-08  -8.5510813e-08  -3.8421753e-08  -2.8900443e-08  -3.4071068e-08   1.7603371e-08
   0.0000000e+00   0.0000000e+00  -7.5510297e-07  -1.3517903e-06  -1.5964132e-06  -1.6707394e-06  -1.8501743e-06  -1.6424683e-06  -1.1700956e-06  -8.3870566e-07  -6.0132317e-07  -4.8631483e-07  -3.7131912e-07  -3.0728364e-07  -2.1580783e-07  -1.8954502e-07  -1.2136647e-07  -9.5900241e-08  -6.7030555e-08  -5.0028980e-08  -2.3498908e-08  -2.9398119e-08  -8.9025782e-09
   0.0000000e+00   0.0000000e+00  -7.4431631e-07  -1.3138035e-06  -1.6767150e-06  -1.6127707e-06  -1.8751051e-06  -1.6760248e-06  -1.1653733e-06  -7.9171645e-07  -6.3436926e-07  -4.4606611e-07  -3.8245125e-07  -3.0449328e-07  -2.4015711e-07  -1.6151712e-07  -1.3407093e-07  -9.0521269e-08  -6.1179378e-08  -4.8875194e-08  -3.4776438e-08  -2.2449747e-08   3.8071843e-09
   0.0000000e+00   0.0000000e+00  -7.6218271e-07  -1.3136053e-06  -1.6284296e-06  -1.6506393e-06  -1.8602332e-06  -1.6547614e-06  -1.1886326e-06  -8.1347309e-07  -6.0918143e-07  -4.9502364e-07  -3.5234714e-07  -3.1266796e-07  -2.2234018e-07  -1.8725854e-07  -1.1323738e-07  -9.4203564e-08  -6.6246258e-08  -5.2818407e-08  -1.7769711e-08  -3.2552190e-08  -8.9785562e-10
   0.0000000e+00   0.0000000e+00  -7.8232824e-07  -1.3286096e-06  -1.6381316e-06  -1.6426084e-06  -1.8615549e-06  -1.6422027e-06  -1.1837099e-06  -8.2238881e-07  -6.1180384e-07  -4.6095295e-07  -3.9329987e-07  -2.6626694e-07  -2.6433329e-07  -1.5529653e-07  -1.4043067e-07  -7.2958713e-08  -7.2229987e-08  -5.1898962e-08  -2.6754199e-08  -1.9064233e-08  -1.0030222e-08
   0.0000000e+00   0.0000000e+00  -7.3485302e-07  -1.3307647e-06  -1.6238318e-06  -1.6733551e-06  -1.8484768e-06  -1.6699971e-06  -1.1590082e-06  -8.5118540e-07  -5.6282209e-07  -4.9908948e-07  -3.7560798e-07  -3.1533796e-07  -2.1311908e-07  -1.7765777e-07  -1.1251424e-07  -1.1602697e-07  -5.4569632e-08  -4.2745505e-08  -2.7603143e-08  -2.6500690e-08  -1.0713394e-08
   0.0000000e+00   0.0000000e+00  -7.6636900e-07  -1.3295369e-06  -1.6352867e-06  -1.6185267e-06  -1.8840618e-06  -1.6488956e-06  -1.1797373e-06  -8.0528150e-07  -6.4662430e-07  -4.5569169e-07  -3.6734343e-07  -2.9072007e-07  -2.5283884e-07  -1.6479346e-07  -1.4220451e-07  -6.3771978e-08  -8.2674127e-08  -4.4324565e-08  -3.5123378e-08  -2.7296279e-08   1.8893886e-08
   0.0000000e+00   0.0000000e+00  -7.5136063e-07  -1.3130459e-06  -1.6502842e-06  -1.6546039e-06  -1.8379374e-06  -1.6813065e-06  -1.1676955e-06  -8.0556447e-07  -6.2112235e-07  -4.7686405e-07  -3.7652512e-07  -3.0549623e-07  -2.2976890e-07  -1.7115251e-07  -1.2078348e-07  -1.0682989e-07  -6.2401938e-08  -4.3630720e-08  -3.6617777e-08  -2.2400570e-08  -1.0810234e-08
   0.0000000e+00   0.0000000e+00  -7.7765571e-07  -1.3230787e-06  -1.6450583e-06  -1.6200365e-06  -1.8964929e-06  -1.6242025e-06  -1.1995368e-06  -8.1915266e-07  -6.1041715e-07  -4.6048416e-07  -3.8050860e-07  -3.0996554e-07  -2.2907004e-07  -1.7699013e-07  -1.3660461e-07  -7.1276915e-08  -9.0565656e-08  -3.7041708e-08  -4.0936040e-08  -2.8802125e-08   6.5993810e-09
   0.0000000e+00   0.0000000e+00  -7.3160322e-07  -1.3352019e-06  -1.6155828e-06  -1.6799511e-06  -1.8237816e-06  -1.6755401e-06  -1.1599167e-06  -8.2626519e-07  -6.0019897e-07  -4.9198434e-07  -3.6663221e-07  -2.9972171e-07  -2.4420376e-07  -1.6409203e-07  -1.3535578e-07  -9.9737903e-08  -5.9511223e-08  -5.4308430e-08  -3.5177418e-08  -3.3726550e-08  -3.0918352e-09
   0.0000000e+00   0.0000000e+00  -7.8242761e-07  -1.3137479e-06  -1.6439960e-06  -1.6292898e-06  -1.8752573e-06  -1.6620070e-06  -1.1692908e-06  -8.2402266e-07  -6.0699261e-07  -4.6277302e-07  -3.8482230e-07  -2.9885396e-07  -2.4463674e-07  -1.6549971e-07  -1.2305927e-07  -9.7386092e-08  -8.3919602e-08  -4.1865274e-08  -3.3756184e-08  -2.7523356e-08  -2.3597154e-08
   0.0000000e+00   0.0000000e+00  -7.4545085e-07  -1.3359826e-06  -1.6188267e-06  -1.6601035e-06  -1.8576147e-06  -1.6315068e-06  -1.1867734e-06  -8.1741337e-07  -6.0286152e-07  -4.9757574e-07  -3.4591741e-07  -3.0923579e-07  -2.2785568e-07  -1.9042034e-07  -1.3208067e-07  -7.5199857e-08  -6.7790772e-08  -6.7756986e-08  -4.1271441e-08  -1.1685207e-08  -2.0028319e-08
   0.0000000e+00   0.0000000e+00  -7.5952664e-07  -1.3140548e-06  -1.6601994e-06  -1.6075733e-06  -1.8849618e-06  -1.6576054e-06  -1.1706394e-06  -7.8342339e-07  -6.4090585e-07  -4.2343180e-07  -4.1700608e-07  -2.8250889e-07  -2.3086523e-07  -1.7880136e-07  -1.2217640e-07  -9.7278750e-08  -7.3394439e-08  -4.8146664e-08  -3.5696086e-08  -2.2914756e-08  -2.7526012e-08
   0.0000000e+00   0.0000000e+00  -7.4546216e-07  -1.3412563e-06  -1.6196166e-06  -1.6597129e-06  -1.8379383e-06  -1.6628339e-06  -1.1687946e-06  -8.3968132e-07  -5.8883097e-07  -4.7868667e-07  -3.5145050e-07  -3.1592950e-07  -2.2545720e-07  -1.6691763e-07  -1.2917988e-07  -9.8445824e-08  -6.0583467e-08  -5.3783058e-08  -3.8299614e-08  -2.0661913e-08  -1.1148672e-08
   0.0000000e+00   0.0000000e+00  -7.7778469e-07  -1.2926728e-06  -1.6635371e-06  -1.6352487e-06  -1.8601437e-06  -1.6480495e-06  -1.1666224e-06  -8.0513945e-07  -6.1284669e-07  -4.5968750e-07  -3.7304895e-07  -2.9390415e-07  -2.3257813e-07  -1.7089253e-07  -1.2093345e-07  -9.5165639e-08  -7.5440362e-08  -2.9355721e-08  -5.2714633e-08  -1.6414637e-08  -7.0139707e-09
   0.0000000e+00   0.0000000e+00  -7.5318576e-07  -1.3363264e-06  -1.6109237e-06  -1.6533155e-06  -1.8600936e-06  -1.6618453e-06  -1.1597832e-06  -8.2173477e-07  -5.8822053e-07  -4.8124508e-07  -3.6307861e-07  -2.8197780e-07  -2.4239006e-07  -1.6171724e-07  -1.2914343e-07  -8.0396831e-08  -7.5097375e-08  -5.5086520e-08  -2.3664825e-08  -2.5008651e-08  -1.0408970e-08
   0.0000000e+00   0.0000000e+00  -7.6736256e-07  -1.3217242e-06  -1.6438985e-06  -1.6314843e-06  -1.8758340e-06  -1.6286954e-06  -1.2019076e-06  -7.8976723e-07  -6.1693208e-07  -4.5987892e-07  -3.5750000e-07  -3.0855290e-07  -2.1253661e-07  -1.7916258e-07  -1.3087018e-07  -6.2505677e-08  -8.7211347e-08  -4.4841862e-08  -3.2597605e-08  -1.6627695e-08  -2.3077385e-08
   0.0000000e+00   0.0000000e+00  -7.3222407e-07  -1.3490906e-06  -1.6290261e-06  -1.6508609e-06  -1.8484203e-06  -1.6655438e-06  -1.1509611e-06  -8.1971280e-07  -6.1048894e-07  -4.5131446e-07  -3.8475665e-07  -2.8677729e-07  -2.2043434e-07  -1.5919197e-07  -1.3157330e-07  -9.6248144e-08  -5.9648542e-08  -4.2263750e-08  -4.1407421e-08  -2.3523572e-08  -4.9562128e-09
   0.0000000e+00   0.0000000e+00  -7.7885812e-07  -1.2944217e-06  -1.6592990e-06  -1.6283121e-06  -1.8625534e-06  -1.6538141e-06  -1.1879630e-06  -8.1146572e-07  -6.0022592e-07  -4.6735585e-07  -3.5937427e-07  -2.8626772e-07  -2.5243190e-07  -1.5131700e-07  -1.1562950e-07  -8.8857512e-08  -6.9049158e-08  -3.8538072e-08  -4.9579775e-08  -1.1064327e-08  -1.6135292e-08
   0.0000000e+00   0.0000000e+00  -7.5459258e-07  -1.3298887e-06  -1.6247129e-06  -1.6546861e-06  -1.8559550e-06  -1.6723610e-06  -1.1336423e-06  -8.3998276e-07  -5.9885826e-07  -4.7337269e-07  -3.6804164e-07  -2.9797289e-07  -2.1122810e-07  -1.8372702e-07  -9.5885675e-08  -1.0931208e-07  -5.9329658e-08  -3.8892335e-08  -3.5815436e-08  -2.9232099e-08  -5.5512978e-10
   0.0000000e+00   0.0000000e+00  -7.6733613e-07  -1.3230501e-06  -1.6410969e-06  -1.6352469e-06  -1.8806958e-06  -1.6328609e-06  -1.1923707e-06  -8.1420728e-07  -6.0951686e-07  -4.6088110e-07  -3.6998938e-07  -2.8925851e-07  -2.3272361e-07  -1.5567225e-07  -1.3424780e-07  -7.6915782e-08  -4.1656641e-08  -6.8842219e-08  -4.5628948e-08   1.6279657e-08  -4.3775323e-08
   0.0000000e+00   0.0000000e+00  -7.3869506e-07  -1.3366089e-06  -1.6345899e-06  -1.6451897e-06  -1.8409542e-06  -1.6783239e-06  -1.1716721e-06  -8.0387457e-07  -6.1525958e-07  -4.7794504e-07  -3.5979795e-07  -3.1811234e-07  -2.0205313e-07  -1.7287260e-07  -1.0884668e-07  -9.4458464e-08  -6.3556620e-08  -3.5112475e-08  -2.3771731e-08  -2.6757794e-08  -1.8148830e-08
   0.0000000e+00   0.0000000e+00  -7.6849875e-07  -1.3147736e-06  -1.6366071e-06  -1.6443189e-06  -1.8683163e-06  -1.6396566e-06  -1.1919327e-06  -8.1649614e-07  -6.0597847e-07  -4.6817223e-07  -3.6791207e-07  -2.8269446e-07  -2.4370505e-07  -1.7205323e-07  -9.6233229e-08  -9.0099519e-08  -5.9237721e-08  -4.5132687e-08  -2.9890415e-08  -5.6934666e-09  -1.7559794e-08
   0.0000000e+00   0.0000000e+00  -7.5381496e-07  -1.3315896e-06  -1.6303204e-06  -1.6521358e-06  -1.8595275e-06  -1.6613468e-06  -1.1571195e-06  -8.3663230e-07  -6.0664718e-07  -4.7708045e-07  -3.7741088e-07  -2.9357784e-07  -2.1773471e-07  -1.7022552e-07  -1.1627728e-07  -8.0073001e-08  -6.2308573e-08  -2.3366725e-08  -4.2825377e-08  -6.0048180e-09  -1.3396248e-08
   0.0000000e+00   0.0000000e+00  -7.6738934e-07  -1.3038641e-06  -1.6457402e-06  -1.6309740e-06  -1.8697334e-06  -1.6527624e-06  -1.1717008e-06  -8.3025458e-07  -6.0287630e-07  -4.6251341e-07  -3.8535413e-07  -2.8836442e-07  -2.4075160e-07  -1.4702050e-07  -1.2890862e-07  -7.8082529e-08  -6.3013886e-08  -3.1693563e-08  -3.3728249e-08  -3.5234855e-09  -8.7876257e-09
