   0.0000000e+00   0.0000000e+00  -2.0087361e-08  -2.7389376e-08  -2.0242227e-08  -1.5862542e-08  -8.7798817e-09  -8.3720346e-09  -6.1325180e-09  -5.4882534e-09  -1.5906459e-09  -2.6322367e-09   3.8840628e-10  -2.0624238e-09   1.2035581e-09  -1.8832569e-09   1.6160935e-09  -2.0579172e-09   1.9307156e-09  -2.0490929e-09   1.9257034e-09  -1.9157431e-09   1.8376896e-09
   0.0000000e+00   0.0000000e+00  -2.2579986e-08  -2.6296052e-08  -2.2867523e-08  -1.4822401e-08  -9.7630926e-09  -7.2092945e-09  -7.4433131e-09  -3.6836378e-09  -3.6989680e-09  -4.1747408e-10  -2.3905038e-09   9.1429625e-10  -1.8294977e-09   1.4279473e-09  -1.9889905e-09   1.8004427e-09  -2.0632143e-09   1.9610198e-09  -2.0377551e-09   1.9052833e-09  -1.8265958e-09
   0.0000000e+00   0.0000000e+00  -1.9818952e-08  -2.7525454e-08  -2.0234626e-08  -1.5843744e-08  -8.3556877e-09  -8.4442142e-09  -6.5877894e-09  -5.3030385e-09  -1.4791324e-09  -2.8414966e-09   4.0238518e-10  -1.9756570e-09   1.1724446e-09  -1.9175528e-09   1.6819730e-09  -2.0542315e-09   1.9100552e-09  -2.0763573e-09   2.0053768e-09  -1.9601112e-09   1.7965300e-09
   0.0000000e+00   0.0000000e+00  -2.2454786e-08  -2.5652193e-08  -2.2542540e-08  -1.4781516e-08  -9.9627284e-09  -7.2173840e-09  -7.7805407e-09  -3.7412753e-09  -3.8386165e-09  -3.5238057e-10  -2.2783178e-09   8.4766333e-10  -1.8654926e-09   1.4796561e-09  -2.0177091e-09   1.8632478e-09  -2.0453133e-09   1.9891524e-09  -2.0528297e-09   1.9103015e-09  -1.8430253e-09
   0.0000000e+00   0.0000000e+00  -2.0310749e-08  -2.8157643e-08  -2.0827576e-08  -1.6234372e-08  -8.7983976e-09  -8.1248102e-09  -5.9984209e-09  -5.3980265e-09  -1.3691087e-09  -2.6988549e-09   3.1958888e-10  -2.0768112e-09   1.2221913e-09  -1.9206241e-09   1.6372831e-09  -2.0756266e-09   1.9960067e-09  -2.0957294e-09   1.9649293e-09  -1.9385267e-09   1.8441816e-09
   0.0000000e+00   0.0000000e+00  -2.2503885e-08  -2.5347815e-08  -2.1880931e-08  -1.4134690e-08  -9.4013615e-09  -7.6910007e-09  -8.1549061e-09  -3.8667292e-09  -3.8231871e-09  -4.2190884e-10  -2.2587394e-09   9.5626107e-10  -1.9381667e-09   1.4061743e-09  -1.9839104e-09   1.8762680e-09  -2.1304789e-09   2.0232909e-09  -2.0313500e-09   1.9178570e-09  -1.8521670e-09
   0.0000000e+00   0.0000000e+00  -1.9988109e-08  -2.8200727e-08  -2.0922705e-08  -1.6132677e-08  -8.2500833e-09  -7.9873059e-09  -6.0978036e-09  -5.1292548e-09  -1.4911888e-09  -2.8228186e-09   3.0901809e-10  -2.0543656e-09   1.2004566e-09  -1.9384498e-09   1.7041238e-09  -2.1003030e-09   1.9745963e-09  -2.0853754e-09   2.0040762e-09  -1.9714479e-09   1.8412634e-09
   0.0000000e+00   0.0000000e+00  -2.2600071e-08  -2.6050087e-08  -2.2497577e-08  -1.4746742e-08  -1.0493337e-08  -7.8222797e-09  -8.2229388e-09  -3.9580006e-09  -3.8197467e-09  -4.0011389e-10  -2.2654099e-09   8.6231716e-10  -1.9274815e-09   1.4865704e-09  -2.0758457e-09   1.8925961e-09  -2.0640905e-09   2.0111044e-09  -2.0851139e-09   1.9576269e-09  -1.8483287e-09
   0.0000000e+00   0.0000000e+00  -1.9861265e-08  -2.7572785e-08  -2.0241522e-08  -1.5503380e-08  -7.8805007e-09  -8.0847400e-09  -6.0572947e-09  -5.3485527e-09  -1.5362812e-09  -2.8286848e-09   2.9508002e-10  -2.0963409e-09   1.2415474e-09  -1.9999815e-09   1.6737618e-09  -2.0799991e-09   2.0102633e-09  -2.1020214e-09   1.9999293e-09  -1.9788402e-09   1.8479839e-09
   0.0000000e+00   0.0000000e+00  -2.2963595e-08  -2.6071678e-08  -2.2450394e-08  -1.5113391e-08  -1.0129787e-08  -7.6211881e-09  -8.2234441e-09  -3.7146402e-09  -3.6801426e-09  -4.9777155e-10  -2.2445290e-09   9.2762109e-10  -2.0311133e-09   1.4742145e-09  -2.0077247e-09   1.8869810e-09  -2.1234292e-09   2.0349677e-09  -2.0266882e-09   1.9223694e-09  -1.9069981e-09
   0.0000000e+00   0.0000000e+00  -1.9922817e-08  -2.7990961e-08  -2.0771999e-08  -1.5808011e-08  -8.4871452e-09  -8.4810177e-09  -6.2687762e-09  -5.5899960e-09  -1.7276391e-09  -2.8136167e-09   3.4810790e-10  -2.1112760e-09   1.2315098e-09  -2.0223316e-09   1.7008146e-09  -2.0604971e-09   2.0055098e-09  -2.0928297e-09   1.9835351e-09  -1.9609565e-09   1.8991599e-09
   0.0000000e+00   0.0000000e+00  -2.2730976e-08  -2.5744823e-08  -2.2156522e-08  -1.4752565e-08  -9.8258210e-09  -6.8507178e-09  -7.6989055e-09  -3.4769247e-09  -3.6376977e-09  -3.4873332e-10  -2.3547262e-09   9.0124835e-10  -1.9848654e-09   1.5187995e-09  -2.0416118e-09   1.8664810e-09  -2.0521267e-09   2.0180602e-09  -2.0712678e-09   1.9553430e-09  -1.8766586e-09
   0.0000000e+00   0.0000000e+00  -1.9841838e-08  -2.7714115e-08  -2.0882620e-08  -1.6022117e-08  -8.7501508e-09  -9.1424317e-09  -6.7900268e-09  -5.6133018e-09  -1.7254289e-09  -2.8810889e-09   4.7901849e-10  -2.0564257e-09   1.2409764e-09  -2.0255864e-09   1.7476178e-09  -2.0154740e-09   1.9556423e-09  -2.1054714e-09   2.0155981e-09  -1.9833450e-09   1.8807829e-09
   0.0000000e+00   0.0000000e+00  -2.2976449e-08  -2.5924766e-08  -2.2218677e-08  -1.4596529e-08  -8.8801011e-09  -6.5640102e-09  -7.2628632e-09  -3.4096255e-09  -3.6263106e-09  -4.4580287e-10  -2.3646198e-09   9.4257568e-10  -2.0011865e-09   1.5364782e-09  -2.0155118e-09   1.8535745e-09  -2.0625308e-09   2.0220265e-09  -2.0506439e-09   1.9499178e-09  -1.9107071e-09
   0.0000000e+00   0.0000000e+00  -1.9680225e-08  -2.7948714e-08  -2.0867477e-08  -1.6371745e-08  -8.9186054e-09  -9.1434078e-09  -6.8729040e-09  -5.7739555e-09  -1.6997936e-09  -2.8486768e-09   4.1571532e-10  -2.1337272e-09   1.3036334e-09  -1.9861173e-09   1.6489515e-09  -2.0447430e-09   1.9952273e-09  -2.0913891e-09   1.9909789e-09  -1.9848065e-09   1.8983772e-09
   0.0000000e+00   0.0000000e+00  -2.2993433e-08  -2.5748070e-08  -2.2161695e-08  -1.4622084e-08  -9.9864241e-09  -6.7035391e-09  -6.9841208e-09  -3.4766701e-09  -3.5892420e-09  -3.9927736e-10  -2.3993838e-09   1.0031505e-09  -2.0082422e-09   1.5051493e-09  -1.9856683e-09   1.8751971e-09  -2.0864439e-09   2.0261532e-09  -2.0117452e-09   1.9283959e-09  -1.9220274e-09
   0.0000000e+00   0.0000000e+00  -1.9867089e-08  -2.7924205e-08  -2.1019334e-08  -1.5865217e-08  -8.0592093e-09  -8.7676986e-09  -6.7375825e-09  -5.3395626e-09  -1.6420190e-09  -2.9159564e-09   4.7148413e-10  -2.0308391e-09   1.2727561e-09  -2.0347071e-09   1.6852391e-09  -2.0185946e-09   1.9859066e-09  -2.0740358e-09   2.0193860e-09  -1.9997453e-09   1.8737776e-09
   0.0000000e+00   0.0000000e+00  -2.2405544e-08  -2.5806093e-08  -2.2419242e-08  -1.4630367e-08  -9.9059774e-09  -7.2863995e-09  -7.7211979e-09  -3.4048977e-09  -3.4923977e-09  -3.5755598e-10  -2.4170845e-09   9.0608060e-10  -1.9977402e-09   1.4965384e-09  -1.9952697e-09   1.8641924e-09  -2.0730762e-09   2.0187925e-09  -2.0603206e-09   1.9451185e-09  -1.8835620e-09
   0.0000000e+00   0.0000000e+00  -1.9919877e-08  -2.7988312e-08  -2.0775131e-08  -1.6135639e-08  -8.5607548e-09  -8.2402689e-09  -6.1246213e-09  -5.4981362e-09  -1.7808816e-09  -2.8994638e-09   5.3284382e-10  -2.0983748e-09   1.2409067e-09  -2.0147082e-09   1.6781141e-09  -2.0080819e-09   1.9697322e-09  -2.1073057e-09   2.0162847e-09  -1.9691113e-09   1.8671038e-09
   0.0000000e+00   0.0000000e+00  -2.2590779e-08  -2.5888456e-08  -2.2812488e-08  -1.4422358e-08  -1.0117258e-08  -7.8050615e-09  -7.5674258e-09  -3.4969077e-09  -3.4802929e-09  -2.5266270e-10  -2.3334739e-09   8.7508617e-10  -2.0428630e-09   1.4436817e-09  -1.9799720e-09   1.8699096e-09  -2.0952142e-09   2.0177853e-09  -2.0483077e-09   1.9574486e-09  -1.8825164e-09
   0.0000000e+00   0.0000000e+00  -1.9954546e-08  -2.7706610e-08  -2.0663126e-08  -1.6080481e-08  -8.3182270e-09  -8.3085165e-09  -6.4161614e-09  -5.4533253e-09  -1.6029016e-09  -2.8927385e-09   4.9650301e-10  -2.1089235e-09   1.2265245e-09  -1.9729893e-09   1.6684764e-09  -2.0706918e-09   1.9753221e-09  -2.0844206e-09   1.9998214e-09  -1.9705899e-09   1.8876356e-09
   0.0000000e+00   0.0000000e+00  -2.2405530e-08  -2.6273510e-08  -2.2722148e-08  -1.4748906e-08  -9.8235224e-09  -6.9826709e-09  -7.4481918e-09  -3.4869361e-09  -3.6463448e-09  -1.7408958e-10  -2.3141176e-09   9.3027192e-10  -1.9914554e-09   1.4827457e-09  -1.9615427e-09   1.8738122e-09  -2.0842892e-09   2.0054547e-09  -2.0420579e-09   1.9427249e-09  -1.8839532e-09
   0.0000000e+00   0.0000000e+00  -2.0201725e-08  -2.7979654e-08  -2.0716229e-08  -1.5870057e-08  -8.8134238e-09  -9.0648218e-09  -6.7237580e-09  -5.4367342e-09  -1.4828947e-09  -2.7912033e-09   4.0263989e-10  -2.0871060e-09   1.2947354e-09  -1.9685766e-09   1.6567799e-09  -2.0399420e-09   1.9647661e-09  -2.0816910e-09   2.0046060e-09  -1.9822282e-09   1.8594360e-09
   0.0000000e+00   0.0000000e+00  -2.2775421e-08  -2.5779478e-08  -2.2309111e-08  -1.4809493e-08  -9.9100106e-09  -6.7966566e-09  -7.2491750e-09  -3.6510073e-09  -3.7121908e-09  -3.2324007e-10  -2.3323998e-09   9.5617170e-10  -1.9831394e-09   1.4836622e-09  -1.9838831e-09   1.8581702e-09  -2.0933351e-09   2.0222028e-09  -2.0310558e-09   1.9356874e-09  -1.8828439e-09
   0.0000000e+00   0.0000000e+00  -1.9936524e-08  -2.8260379e-08  -2.1207331e-08  -1.6299587e-08  -8.9434398e-09  -8.7720782e-09  -6.2605205e-09  -5.4431792e-09  -1.5511137e-09  -2.8820206e-09   4.3014572e-10  -2.0087811e-09   1.2475011e-09  -1.9986206e-09   1.7130960e-09  -2.0399367e-09   1.9720330e-09  -2.0669315e-09   1.9902353e-09  -1.9673423e-09   1.8639723e-09
   0.0000000e+00   0.0000000e+00  -2.3122126e-08  -2.5984445e-08  -2.2034895e-08  -1.4611966e-08  -9.9104911e-09  -7.3598225e-09  -7.8812068e-09  -3.5592829e-09  -3.5636742e-09  -3.0144970e-10  -2.2729640e-09   9.3657038e-10  -1.9340736e-09   1.5270538e-09  -2.0199185e-09   1.8595290e-09  -2.0751667e-09   2.0142901e-09  -2.0340387e-09   1.9405784e-09  -1.8850763e-09
   0.0000000e+00   0.0000000e+00  -1.9785109e-08  -2.8069090e-08  -2.1205825e-08  -1.5962142e-08  -8.3290184e-09  -8.4936920e-09  -6.1761423e-09  -5.5083262e-09  -1.6417964e-09  -2.7633980e-09   3.8394121e-10  -2.0258366e-09   1.2774279e-09  -1.9942148e-09   1.7097068e-09  -2.0362165e-09   1.9750841e-09  -2.0870456e-09   1.9940121e-09  -1.9482567e-09   1.8579699e-09
   0.0000000e+00   0.0000000e+00  -2.2720043e-08  -2.5690680e-08  -2.2525883e-08  -1.5168521e-08  -1.0192498e-08  -7.0318924e-09  -7.8677678e-09  -3.5517438e-09  -3.6590344e-09  -4.2235246e-10  -2.2868536e-09   8.5461277e-10  -2.0064508e-09   1.5330203e-09  -2.0349322e-09   1.8581027e-09  -2.0695352e-09   2.0093383e-09  -2.0330777e-09   1.9379156e-09  -1.8805213e-09
   0.0000000e+00   0.0000000e+00  -1.9858524e-08  -2.8212899e-08  -2.0985549e-08  -1.5819735e-08  -8.7265351e-09  -8.9478700e-09  -6.1912053e-09  -5.5631073e-09  -1.6503149e-09  -2.7655300e-09   3.1921440e-10  -1.9991639e-09   1.2603534e-09  -2.0522297e-09   1.7121987e-09  -2.0569337e-09   1.9586344e-09  -2.0660849e-09   1.9896806e-09  -1.9478243e-09   1.8826094e-09
   0.0000000e+00   0.0000000e+00  -2.2698217e-08  -2.6211145e-08  -2.2235479e-08  -1.4673818e-08  -9.8702424e-09  -7.1287189e-09  -7.6856246e-09  -3.4560927e-09  -3.5481811e-09  -4.4785164e-10  -2.2657416e-09   9.6036601e-10  -2.0187079e-09   1.5181647e-09  -2.0274196e-09   1.8748212e-09  -2.0866679e-09   1.9985282e-09  -2.0192243e-09   1.9502042e-09  -1.8900943e-09
   0.0000000e+00   0.0000000e+00  -1.9598872e-08  -2.7902798e-08  -2.1431367e-08  -1.6192276e-08  -8.9359791e-09  -8.9169383e-09  -6.4562817e-09  -5.5179350e-09  -1.7054880e-09  -2.7588571e-09   3.9790549e-10  -2.0948727e-09   1.2929124e-09  -2.0360060e-09   1.6760544e-09  -2.0607367e-09   1.9495781e-09  -2.0589090e-09   1.9878454e-09  -1.9578148e-09   1.9035660e-09
   0.0000000e+00   0.0000000e+00  -2.2617110e-08  -2.5880784e-08  -2.2516312e-08  -1.4671465e-08  -9.5327115e-09  -6.8861801e-09  -7.6964506e-09  -3.3752938e-09  -3.5593402e-09  -4.8269472e-10  -2.3795488e-09   9.4196617e-10  -2.0291253e-09   1.5442646e-09  -2.0759203e-09   1.8455548e-09  -2.0496655e-09   1.9886559e-09  -2.0406974e-09   1.9645034e-09  -1.8970574e-09
   0.0000000e+00   0.0000000e+00  -2.0018090e-08  -2.8038221e-08  -2.0814110e-08  -1.6264616e-08  -9.2645402e-09  -9.0483434e-09  -6.3734422e-09  -5.6001319e-09  -1.6970488e-09  -2.7437734e-09   4.6893578e-10  -2.0179634e-09   1.2795497e-09  -2.0591577e-09   1.7278234e-09  -2.0131641e-09   1.9343216e-09  -2.0770345e-09   1.9888595e-09  -1.9812285e-09   1.9074542e-09
   0.0000000e+00   0.0000000e+00  -2.2312983e-08  -2.5618313e-08  -2.2136732e-08  -1.4629958e-08  -9.6100798e-09  -6.7498620e-09  -7.4282434e-09  -3.4904259e-09  -3.5205878e-09  -3.2573214e-10  -2.3716493e-09   9.4215868e-10  -2.0298085e-09   1.5543252e-09  -2.0067881e-09   1.8543430e-09  -2.0537259e-09   1.9892172e-09  -2.0547730e-09   1.9573243e-09  -1.9109665e-09
   0.0000000e+00   0.0000000e+00  -2.0036456e-08  -2.8445697e-08  -2.1129926e-08  -1.6040566e-08  -8.6682856e-09  -8.9042471e-09  -6.6247399e-09  -5.6671872e-09  -1.6314804e-09  -2.7573797e-09   3.9790995e-10  -2.0436719e-09   1.2934177e-09  -2.0191557e-09   1.7096099e-09  -2.0312736e-09   1.9914428e-09  -2.0940878e-09   1.9885160e-09  -1.9810680e-09   1.9083874e-09
   0.0000000e+00   0.0000000e+00  -2.2793049e-08  -2.5573023e-08  -2.2484853e-08  -1.4870897e-08  -9.8669233e-09  -6.9731758e-09  -7.8423747e-09  -3.3128573e-09  -3.5246746e-09  -4.2482348e-10  -2.2790232e-09   9.6940178e-10  -2.0200441e-09   1.5133484e-09  -2.0340782e-09   1.8868564e-09  -2.1148898e-09   2.0106601e-09  -2.0352680e-09   1.9496700e-09  -1.9319639e-09
   0.0000000e+00   0.0000000e+00  -1.9776351e-08  -2.7605420e-08  -2.0648127e-08  -1.5997937e-08  -8.3021909e-09  -8.3909395e-09  -6.3630234e-09  -5.5829670e-09  -1.6042957e-09  -2.8268434e-09   3.1637223e-10  -2.0193425e-09   1.3323656e-09  -2.0443660e-09   1.7154346e-09  -2.0803068e-09   2.0102640e-09  -2.1078257e-09   2.0293280e-09  -1.9908044e-09   1.8884567e-09
   0.0000000e+00   0.0000000e+00  -2.2611381e-08  -2.6095082e-08  -2.2531081e-08  -1.4728415e-08  -9.9498347e-09  -7.4107542e-09  -7.8474010e-09  -3.6371757e-09  -3.5704126e-09  -3.6594508e-10  -2.3062952e-09   8.9187652e-10  -1.9972588e-09   1.5118614e-09  -2.0887625e-09   1.9252877e-09  -2.1178108e-09   2.0393480e-09  -2.0735245e-09   1.9711723e-09  -1.8885631e-09
   0.0000000e+00   0.0000000e+00  -2.0391662e-08  -2.8163145e-08  -2.0511420e-08  -1.5824385e-08  -8.4369267e-09  -8.2128802e-09  -6.0741443e-09  -5.4767462e-09  -1.5825591e-09  -2.8107776e-09   3.6208692e-10  -1.9797650e-09   1.3143554e-09  -2.0445101e-09   1.7705314e-09  -2.1171269e-09   2.0329709e-09  -2.1087430e-09   2.0126081e-09  -1.9932478e-09   1.9018054e-09
   0.0000000e+00   0.0000000e+00  -2.2417408e-08  -2.5767932e-08  -2.2614509e-08  -1.5081044e-08  -9.8269695e-09  -7.5319253e-09  -8.1218952e-09  -3.5923939e-09  -3.6043266e-09  -4.0318593e-10  -2.3207576e-09   9.3234798e-10  -2.0019846e-09   1.5850355e-09  -2.0824382e-09   1.9107005e-09  -2.1414206e-09   2.0661868e-09  -2.0659046e-09   1.9659248e-09  -1.9199344e-09
   0.0000000e+00   0.0000000e+00  -2.0013422e-08  -2.7967969e-08  -2.0809381e-08  -1.5870389e-08  -8.6223091e-09  -8.1649807e-09  -6.2627090e-09  -5.4596994e-09  -1.5544175e-09  -2.8042737e-09   3.8722828e-10  -2.0700373e-09   1.3057712e-09  -2.0569926e-09   1.7559566e-09  -2.1021140e-09   2.0278705e-09  -2.1601896e-09   2.0614059e-09  -2.0047548e-09   1.8900124e-09
   0.0000000e+00   0.0000000e+00  -2.2711168e-08  -2.5636638e-08  -2.2396517e-08  -1.4501786e-08  -9.5595185e-09  -7.3401938e-09  -7.7334184e-09  -3.6626839e-09  -3.7265457e-09  -3.8220918e-10  -2.3055369e-09   9.8273101e-10  -1.9929376e-09   1.5408558e-09  -2.1082032e-09   1.9287596e-09  -2.1343729e-09   2.0514179e-09  -2.0991113e-09   2.0023083e-09  -1.9389763e-09
   0.0000000e+00   0.0000000e+00  -1.9937884e-08  -2.8363564e-08  -2.0481018e-08  -1.6284737e-08  -9.2422310e-09  -8.9346743e-09  -6.3309482e-09  -5.5147877e-09  -1.5272312e-09  -2.7834128e-09   4.0384568e-10  -2.1421720e-09   1.3106799e-09  -2.0697781e-09   1.7897511e-09  -2.1260771e-09   2.0293855e-09  -2.1355075e-09   2.0674178e-09  -2.0357778e-09   1.9350612e-09
   0.0000000e+00   0.0000000e+00  -2.2462020e-08  -2.5635439e-08  -2.2527759e-08  -1.4335230e-08  -9.2419326e-09  -6.8750650e-09  -7.8719617e-09  -3.5768859e-09  -3.6277139e-09  -4.0815798e-10  -2.3790330e-09   1.0222895e-09  -2.0231039e-09   1.5315347e-09  -2.0816988e-09   1.9391526e-09  -2.1443094e-09   2.1061946e-09  -2.1149686e-09   2.0073838e-09  -1.9451365e-09
   0.0000000e+00   0.0000000e+00  -1.9840746e-08  -2.8035254e-08  -2.0961082e-08  -1.6242103e-08  -8.8799830e-09  -8.8933749e-09  -6.3524688e-09  -5.4336833e-09  -1.4928442e-09  -2.8243130e-09   5.0818955e-10  -2.1360125e-09   1.2985056e-09  -2.0214093e-09   1.8101590e-09  -2.1244684e-09   2.0365427e-09  -2.1439068e-09   2.0739237e-09  -2.0345499e-09   1.9458701e-09
   0.0000000e+00   0.0000000e+00  -2.2712074e-08  -2.5896126e-08  -2.2256950e-08  -1.4729148e-08  -1.0048432e-08  -7.1655544e-09  -7.6141600e-09  -3.5975880e-09  -3.7863588e-09  -3.0369091e-10  -2.4070133e-09   9.4369590e-10  -2.0637188e-09   1.5853407e-09  -2.1098632e-09   1.9267477e-09  -2.1489681e-09   2.0919291e-09  -2.1253188e-09   2.0227824e-09  -1.9615676e-09
   0.0000000e+00   0.0000000e+00  -2.0031338e-08  -2.7466845e-08  -2.0479657e-08  -1.6059483e-08  -8.1450766e-09  -8.4602689e-09  -6.2391483e-09  -5.4327161e-09  -1.5072892e-09  -2.9222595e-09   4.6061238e-10  -2.1252993e-09   1.2942651e-09  -2.1148134e-09   1.7592644e-09  -2.0965678e-09   2.0446880e-09  -2.1970354e-09   2.0963431e-09  -2.0290971e-09   1.9534843e-09
   0.0000000e+00   0.0000000e+00  -2.2553905e-08  -2.5853607e-08  -2.2484238e-08  -1.4852006e-08  -1.0314928e-08  -7.5038624e-09  -7.8067046e-09  -3.3948804e-09  -3.7397148e-09  -3.9565251e-10  -2.4290450e-09   1.0233147e-09  -2.0723234e-09   1.5647637e-09  -2.0860860e-09   1.9358926e-09  -2.1851359e-09   2.1238251e-09  -2.1318050e-09   2.0276461e-09  -1.9607154e-09
   0.0000000e+00   0.0000000e+00  -1.9955836e-08  -2.7999864e-08  -2.0598629e-08  -1.5488189e-08  -8.3731004e-09  -8.1299509e-09  -6.0544783e-09  -5.5669993e-09  -1.5501170e-09  -2.7940723e-09   5.4112992e-10  -2.2021291e-09   1.2659337e-09  -2.0597450e-09   1.7689652e-09  -2.1757427e-09   2.0582842e-09  -2.1854085e-09   2.0843176e-09  -2.0695172e-09   1.9715320e-09
   0.0000000e+00   0.0000000e+00  -2.2936410e-08  -2.5740677e-08  -2.2443613e-08  -1.4950553e-08  -9.8049773e-09  -7.1957089e-09  -7.5557178e-09  -3.7053671e-09  -3.7997054e-09  -2.1842096e-10  -2.4022646e-09   9.9736730e-10  -2.0323581e-09   1.5762288e-09  -2.1125282e-09   1.9689905e-09  -2.1741973e-09   2.1115252e-09  -2.1622912e-09   2.0439050e-09  -1.9605919e-09
   0.0000000e+00   0.0000000e+00  -1.9904567e-08  -2.7726523e-08  -2.0785860e-08  -1.6311132e-08  -8.6118153e-09  -8.5205611e-09  -6.3615890e-09  -5.2613651e-09  -1.3994227e-09  -2.8699094e-09   4.6426429e-10  -2.1118671e-09   1.3943635e-09  -2.0642064e-09   1.8081240e-09  -2.1626332e-09   2.0507196e-09  -2.2044555e-09   2.1297228e-09  -2.0830158e-09   1.9464494e-09
   0.0000000e+00   0.0000000e+00  -2.3410262e-08  -2.6186422e-08  -2.2421462e-08  -1.4529452e-08  -9.8185895e-09  -7.1305766e-09  -7.6454274e-09  -3.6884571e-09  -3.7414836e-09  -2.8193484e-10  -2.3467044e-09   1.0391835e-09  -2.0701194e-09   1.5850687e-09  -2.0883446e-09   1.9526176e-09  -2.2128170e-09   2.1263014e-09  -2.1509834e-09   2.0355948e-09  -1.9835267e-09
   0.0000000e+00   0.0000000e+00  -1.9684943e-08  -2.8237226e-08  -2.0944000e-08  -1.6030866e-08  -8.4685947e-09  -8.5159879e-09  -6.4509060e-09  -5.5008136e-09  -1.5228278e-09  -2.8772591e-09   4.5260115e-10  -2.1624504e-09   1.4371052e-09  -2.0599729e-09   1.7481424e-09  -2.1583906e-09   2.1271862e-09  -2.2153424e-09   2.0939102e-09  -2.0525612e-09   1.9727149e-09
   0.0000000e+00   0.0000000e+00  -2.2781835e-08  -2.5807246e-08  -2.2558025e-08  -1.4793622e-08  -1.0043548e-08  -7.3405011e-09  -7.8518205e-09  -3.5974892e-09  -3.5758263e-09  -2.2591984e-10  -2.4367910e-09   1.0525821e-09  -2.0552653e-09   1.5614954e-09  -2.1165778e-09   1.9687718e-09  -2.1935112e-09   2.1340945e-09  -2.1449860e-09   2.0375190e-09  -1.9913984e-09
   0.0000000e+00   0.0000000e+00  -1.9943748e-08  -2.8191939e-08  -2.0926386e-08  -1.6060671e-08  -8.1148395e-09  -8.4327763e-09  -6.3078489e-09  -5.3852909e-09  -1.5920856e-09  -2.9100691e-09   6.1186956e-10  -2.1725601e-09   1.2940662e-09  -2.0979973e-09   1.7874500e-09  -2.1678475e-09   2.0608608e-09  -2.1900175e-09   2.1267057e-09  -2.0909892e-09   1.9584159e-09
   0.0000000e+00   0.0000000e+00  -2.2639613e-08  -2.6235154e-08  -2.2014602e-08  -1.4698103e-08  -1.0497938e-08  -7.5904367e-09  -8.0203852e-09  -3.7487027e-09  -3.6426477e-09  -2.9718580e-10  -2.5270583e-09   1.0575704e-09  -2.0181905e-09   1.5488093e-09  -2.1273117e-09   1.9497983e-09  -2.1511535e-09   2.1375515e-09  -2.1909738e-09   2.0673019e-09  -1.9532844e-09
   0.0000000e+00   0.0000000e+00  -2.0054044e-08  -2.7816453e-08  -2.1101776e-08  -1.6087201e-08  -8.2522220e-09  -8.5293443e-09  -6.4237309e-09  -5.4566276e-09  -1.4589860e-09  -2.8396632e-09   5.1419252e-10  -2.1542885e-09   1.3479056e-09  -2.0689521e-09   1.7637489e-09  -2.1211408e-09   2.0714235e-09  -2.2014461e-09   2.1170836e-09  -2.0845479e-09   1.9658415e-09
   0.0000000e+00   0.0000000e+00  -2.2648715e-08  -2.6247362e-08  -2.2421899e-08  -1.4720035e-08  -9.6898125e-09  -6.9849562e-09  -7.7334201e-09  -3.6894716e-09  -3.7499026e-09  -3.0335798e-10  -2.3691946e-09   1.0372703e-09  -2.0890154e-09   1.5483628e-09  -2.0987270e-09   1.9521558e-09  -2.1858371e-09   2.1069217e-09  -2.1363886e-09   2.0319177e-09  -2.0010731e-09
   0.0000000e+00   0.0000000e+00  -2.0075714e-08  -2.8226046e-08  -2.0833312e-08  -1.6386499e-08  -9.0169809e-09  -9.0816812e-09  -6.6197403e-09  -5.4361400e-09  -1.5516288e-09  -2.8547753e-09   5.4544430e-10  -2.1499764e-09   1.3704042e-09  -2.0211419e-09   1.7604128e-09  -2.1621736e-09   2.0642030e-09  -2.1798787e-09   2.0806334e-09  -2.0696551e-09   1.9820956e-09
   0.0000000e+00   0.0000000e+00  -2.2631887e-08  -2.5911010e-08  -2.2217982e-08  -1.4589889e-08  -9.9687218e-09  -7.0135493e-09  -7.9293185e-09  -3.8995189e-09  -3.7604400e-09  -2.1482069e-10  -2.4262103e-09   9.8458819e-10  -2.0402164e-09   1.6000273e-09  -2.0437083e-09   1.9358026e-09  -2.1875832e-09   2.1022704e-09  -2.1472841e-09   2.0311515e-09  -1.9792272e-09
   0.0000000e+00   0.0000000e+00  -2.0057378e-08  -2.8292009e-08  -2.1535444e-08  -1.6033994e-08  -8.2496223e-09  -8.4890157e-09  -6.2839352e-09  -5.6245937e-09  -1.6032038e-09  -2.8295819e-09   4.4311671e-10  -2.0874535e-09   1.3134689e-09  -2.0989324e-09   1.7945573e-09  -2.1155995e-09   2.0235147e-09  -2.1723183e-09   2.1093001e-09  -2.0611206e-09   1.9319768e-09
   0.0000000e+00   0.0000000e+00  -2.3819547e-08  -2.5924059e-08  -2.2106860e-08  -1.4913494e-08  -1.0266890e-08  -7.3227961e-09  -7.9760962e-09  -3.5752334e-09  -3.6574836e-09  -3.4370753e-10  -2.3748057e-09   9.1804897e-10  -2.0404900e-09   1.5500221e-09  -2.1340354e-09   1.9356212e-09  -2.1426396e-09   2.0811375e-09  -2.1186688e-09   2.0295172e-09  -1.9585067e-09
   0.0000000e+00   0.0000000e+00  -1.9584668e-08  -2.8373773e-08  -2.0688761e-08  -1.5729757e-08  -8.3020550e-09  -8.6708267e-09  -6.1776753e-09  -5.5409837e-09  -1.6764384e-09  -2.8350733e-09   4.8094112e-10  -2.1004296e-09   1.2769689e-09  -2.0700417e-09   1.7405969e-09  -2.1423017e-09   2.0616091e-09  -2.1529638e-09   2.0418740e-09  -2.0181006e-09   1.9438107e-09
   0.0000000e+00   0.0000000e+00  -2.2836627e-08  -2.5862285e-08  -2.2606688e-08  -1.5296539e-08  -1.0369167e-08  -7.2552084e-09  -7.9735463e-09  -3.5773013e-09  -3.5613454e-09  -3.8443282e-10  -2.3476769e-09   9.1398755e-10  -2.0583817e-09   1.5136501e-09  -2.1156268e-09   1.9539366e-09  -2.1596263e-09   2.0665134e-09  -2.0900646e-09   1.9719451e-09  -1.9321071e-09
   0.0000000e+00   0.0000000e+00  -2.0370653e-08  -2.8460333e-08  -2.0868129e-08  -1.5331047e-08  -8.5421039e-09  -8.7607841e-09  -6.3434755e-09  -5.6416765e-09  -1.4618193e-09  -2.6264475e-09   3.6540984e-10  -1.9979760e-09   1.2206968e-09  -2.1129216e-09   1.7556632e-09  -2.1074349e-09   2.0374729e-09  -2.1496476e-09   2.0311228e-09  -2.0019311e-09   1.8878119e-09
   0.0000000e+00   0.0000000e+00  -2.2556861e-08  -2.6162567e-08  -2.2281597e-08  -1.4791254e-08  -9.5710870e-09  -6.9586479e-09  -7.5119084e-09  -3.3979608e-09  -3.6898247e-09  -3.5095166e-10  -2.1770252e-09   8.5258262e-10  -2.0529920e-09   1.5262579e-09  -2.0925139e-09   1.9354154e-09  -2.1163107e-09   2.0455881e-09  -2.0865503e-09   1.9529049e-09  -1.8781630e-09
   0.0000000e+00   0.0000000e+00  -1.9768938e-08  -2.7699029e-08  -2.1176071e-08  -1.6592832e-08  -9.2275521e-09  -8.8496304e-09  -6.4086061e-09  -5.4444507e-09  -1.4462453e-09  -2.7269338e-09   3.5792677e-10  -2.0239426e-09   1.2054375e-09  -2.0204809e-09   1.7120673e-09  -2.1362470e-09   2.0136788e-09  -2.1041471e-09   2.0076847e-09  -1.9714084e-09   1.8625558e-09
   0.0000000e+00   0.0000000e+00  -2.2759950e-08  -2.6242740e-08  -2.1970527e-08  -1.4012707e-08  -9.3081924e-09  -7.1733663e-09  -7.8592004e-09  -3.3618015e-09  -3.5696248e-09  -4.9206289e-10  -2.2830564e-09   8.7692087e-10  -1.9227464e-09   1.4481676e-09  -2.0440334e-09   1.9198729e-09  -2.1187152e-09   2.0052349e-09  -2.0307780e-09   1.9329351e-09  -1.8760560e-09
   0.0000000e+00   0.0000000e+00  -2.0426763e-08  -2.8294640e-08  -2.0954719e-08  -1.6520714e-08  -9.0315595e-09  -8.3826279e-09  -6.3413883e-09  -5.7072267e-09  -1.6166322e-09  -2.7471247e-09   2.9233768e-10  -2.0621971e-09   1.2095532e-09  -1.9912896e-09   1.6749025e-09  -2.0670290e-09   1.9731408e-09  -2.0736846e-09   1.9934303e-09  -1.9506590e-09   1.8345351e-09
   0.0000000e+00   0.0000000e+00  -2.2166672e-08  -2.6006420e-08  -2.2883723e-08  -1.5075486e-08  -1.0057833e-08  -7.7343190e-09  -7.6407733e-09  -3.6502548e-09  -3.7730192e-09  -4.2421097e-10  -2.3437658e-09   8.1197687e-10  -1.9636519e-09   1.4324730e-09  -2.0263891e-09   1.8081996e-09  -2.0532918e-09   1.9950321e-09  -2.0472168e-09   1.9025268e-09  -1.8244586e-09
   0.0000000e+00   0.0000000e+00  -2.0083283e-08  -2.8563834e-08  -2.0474971e-08  -1.5727251e-08  -7.9923410e-09  -8.3482563e-09  -6.4410197e-09  -5.1317386e-09  -1.6738790e-09  -2.9499534e-09   3.6744394e-10  -2.0028523e-09   1.1781391e-09  -1.9251263e-09   1.6314878e-09  -2.0010642e-09   1.9309465e-09  -2.0348867e-09   1.9434805e-09  -1.9218596e-09   1.8235866e-09
   0.0000000e+00   0.0000000e+00  -2.2861176e-08  -2.5761333e-08  -2.2957522e-08  -1.4882450e-08  -1.0215543e-08  -7.6939894e-09  -7.7518711e-09  -3.8741508e-09  -3.6799832e-09  -3.5998196e-10  -2.3535640e-09   8.4799689e-10  -1.9253068e-09   1.4175093e-09  -1.9508204e-09   1.7920350e-09  -2.0198048e-09   1.9484989e-09  -1.9541855e-09   1.8619576e-09  -1.8373698e-09
   0.0000000e+00   0.0000000e+00  -1.9974193e-08  -2.8014025e-08  -2.0692651e-08  -1.6053438e-08  -8.7448635e-09  -8.1071416e-09  -6.2794494e-09  -5.4320983e-09  -1.6304046e-09  -2.7926363e-09   2.7738092e-10  -2.0894682e-09   1.2179336e-09  -1.9165673e-09   1.5476657e-09  -1.9549551e-09   1.8736885e-09  -1.9964692e-09   1.9266488e-09  -1.8879678e-09   1.7841818e-09
   0.0000000e+00   0.0000000e+00  -2.2219067e-08  -2.6192057e-08  -2.2460959e-08  -1.4109651e-08  -9.5965387e-09  -7.8391578e-09  -7.8083788e-09  -3.7703689e-09  -3.6150056e-09  -4.7239473e-10  -2.3223168e-09   8.8750440e-10  -1.9312687e-09   1.3439276e-09  -1.8819679e-09   1.7603209e-09  -1.9782753e-09   1.8998036e-09  -1.9417434e-09   1.8518133e-09  -1.7942596e-09
   0.0000000e+00   0.0000000e+00  -2.0318952e-08  -2.7752076e-08  -2.0856996e-08  -1.6037884e-08  -8.5507841e-09  -8.5259941e-09  -6.5398771e-09  -5.1692437e-09  -1.6855792e-09  -2.8783256e-09   3.6866638e-10  -1.9981914e-09   1.1386596e-09  -1.8433014e-09   1.5521099e-09  -1.9346149e-09   1.8488714e-09  -1.9479967e-09   1.8781294e-09  -1.8570496e-09   1.7559743e-09
   0.0000000e+00   0.0000000e+00  -2.2760602e-08  -2.5875016e-08  -2.2348614e-08  -1.4888870e-08  -1.0769769e-08  -7.0726922e-09  -7.5056237e-09  -3.9698862e-09  -3.7675232e-09  -3.7943976e-10  -2.2946942e-09   7.3785134e-10  -1.8448306e-09   1.3318540e-09  -1.8821140e-09   1.7144776e-09  -1.9251629e-09   1.8637851e-09  -1.9239501e-09   1.8156937e-09  -1.7377617e-09
   0.0000000e+00   0.0000000e+00  -1.9991305e-08  -2.7617412e-08  -2.0756577e-08  -1.5059229e-08  -8.3487270e-09  -9.1320826e-09  -6.6214598e-09  -5.4534874e-09  -1.5018263e-09  -2.6817177e-09   1.7360531e-10  -2.0129740e-09   1.1341637e-09  -1.8672899e-09   1.5062599e-09  -1.8777526e-09   1.8083204e-09  -1.9417634e-09   1.8503764e-09  -1.8098535e-09   1.6939792e-09
   0.0000000e+00   0.0000000e+00  -2.2884517e-08  -2.6189047e-08  -2.2853891e-08  -1.4812983e-08  -9.4075832e-09  -7.2757489e-09  -7.6502342e-09  -3.6795944e-09  -3.6571151e-09  -6.3723449e-10  -2.2138693e-09   8.3150753e-10  -1.8838215e-09   1.2818999e-09  -1.8469895e-09   1.6918351e-09  -1.9113677e-09   1.8274589e-09  -1.8669637e-09   1.7695966e-09  -1.6990395e-09
   0.0000000e+00   0.0000000e+00  -1.9900057e-08  -2.7526482e-08  -2.0459979e-08  -1.6299424e-08  -9.0009458e-09  -8.7977128e-09  -6.3504775e-09  -5.2692646e-09  -1.6758152e-09  -2.6706857e-09   3.2563324e-10  -2.0199102e-09   1.0456906e-09  -1.7167822e-09   1.4855899e-09  -1.9141793e-09   1.7948403e-09  -1.8626031e-09   1.7745994e-09  -1.7774936e-09   1.6729341e-09
   0.0000000e+00   0.0000000e+00  -2.2932641e-08  -2.5960238e-08  -2.1609862e-08  -1.4222713e-08  -9.9593693e-09  -7.3985125e-09  -7.7988656e-09  -3.9550199e-09  -3.5574685e-09  -5.1392202e-10  -2.2996534e-09   7.4058037e-10  -1.7762594e-09   1.2468930e-09  -1.8595382e-09   1.6903130e-09  -1.8615558e-09   1.7678220e-09  -1.8459765e-09   1.7192678e-09  -1.6716993e-09
   0.0000000e+00   0.0000000e+00  -1.9932443e-08  -2.8525273e-08  -2.1752399e-08  -1.6099317e-08  -8.5074845e-09  -8.3282155e-09  -6.4198962e-09  -5.1960649e-09  -1.7161147e-09  -2.8015796e-09   1.6264907e-10  -1.9276356e-09   1.0519480e-09  -1.8074923e-09   1.4874401e-09  -1.7670619e-09   1.7044228e-09  -1.8567696e-09   1.7686813e-09  -1.7625877e-09   1.6274946e-09
   0.0000000e+00   0.0000000e+00  -2.3032072e-08  -2.5505461e-08  -2.2102597e-08  -1.4834599e-08  -9.9246193e-09  -7.6181639e-09  -7.7429609e-09  -3.8614254e-09  -3.4661656e-09  -4.6047219e-10  -2.2360680e-09   7.4491502e-10  -1.8169668e-09   1.3010071e-09  -1.7218830e-09   1.5843605e-09  -1.8312905e-09   1.7729901e-09  -1.8260977e-09   1.6716459e-09  -1.6420445e-09
   0.0000000e+00   0.0000000e+00  -1.9920419e-08  -2.7498617e-08  -2.0403535e-08  -1.6397498e-08  -8.6992307e-09  -8.0078921e-09  -6.5197105e-09  -5.2546132e-09  -1.7405061e-09  -2.7559584e-09   2.4088134e-10  -1.9574278e-09   1.0550685e-09  -1.6663609e-09   1.3860681e-09  -1.7842121e-09   1.7420255e-09  -1.8320649e-09   1.6964690e-09  -1.7095986e-09   1.6383357e-09
   0.0000000e+00   0.0000000e+00  -2.2206635e-08  -2.6264363e-08  -2.2804990e-08  -1.4396511e-08  -1.0180411e-08  -7.9324618e-09  -7.6309652e-09  -3.9687027e-09  -3.5836625e-09  -4.9839510e-10  -2.2563118e-09   7.2099582e-10  -1.7045195e-09   1.1838365e-09  -1.7290342e-09   1.6193248e-09  -1.8083459e-09   1.7266977e-09  -1.7513978e-09   1.6461671e-09  -1.6308086e-09
   0.0000000e+00   0.0000000e+00  -1.9936726e-08  -2.6936917e-08  -2.0849473e-08  -1.6688549e-08  -8.5597742e-09  -8.4561105e-09  -6.7210220e-09  -5.5036162e-09  -1.7528330e-09  -2.7938254e-09   2.2761973e-10  -1.8651929e-09   9.6346042e-10  -1.6781003e-09   1.4226365e-09  -1.7627486e-09   1.6739214e-09  -1.8098095e-09   1.7387248e-09  -1.6977647e-09   1.5445373e-09
   0.0000000e+00   0.0000000e+00  -2.2432806e-08  -2.5723347e-08  -2.1949861e-08  -1.4520119e-08  -9.3917860e-09  -7.5478974e-09  -7.6182989e-09  -3.8968251e-09  -3.6390639e-09  -5.1781085e-10  -2.2381039e-09   6.4057276e-10  -1.6757002e-09   1.1700690e-09  -1.7218912e-09   1.5597671e-09  -1.7938090e-09   1.7458006e-09  -1.7813148e-09   1.6234861e-09  -1.5396527e-09
   0.0000000e+00   0.0000000e+00  -1.9929155e-08  -2.7755457e-08  -2.0873440e-08  -1.6595413e-08  -9.1507228e-09  -8.8009831e-09  -7.0494210e-09  -5.5057927e-09  -1.8228795e-09  -2.8444511e-09   1.8808032e-10  -1.7557709e-09   9.2201863e-10  -1.7098483e-09   1.3477837e-09  -1.7863502e-09   1.7128335e-09  -1.7927199e-09   1.6854381e-09  -1.6490568e-09   1.5195081e-09
   0.0000000e+00   0.0000000e+00  -2.1769122e-08  -2.5579229e-08  -2.2250360e-08  -1.4207450e-08  -9.2354568e-09  -7.2461961e-09  -7.3737252e-09  -3.8173065e-09  -3.6834484e-09  -4.9906884e-10  -2.1585134e-09   6.0945848e-10  -1.6575518e-09   1.0680640e-09  -1.7274792e-09   1.5683403e-09  -1.8388401e-09   1.7023785e-09  -1.7093952e-09   1.5885659e-09  -1.5411211e-09
   0.0000000e+00   0.0000000e+00  -1.9951370e-08  -2.7407172e-08  -2.0796275e-08  -1.6214871e-08  -8.9223713e-09  -8.9464836e-09  -6.9378374e-09  -5.5405938e-09  -1.8132494e-09  -2.8141804e-09   1.6318545e-10  -1.6644591e-09   9.0689561e-10  -1.6990904e-09   1.3200447e-09  -1.7935451e-09   1.6930873e-09  -1.8061739e-09   1.6730327e-09  -1.6051350e-09   1.4812601e-09
   0.0000000e+00   0.0000000e+00  -2.2564665e-08  -2.6024187e-08  -2.2364453e-08  -1.5145853e-08  -9.5466808e-09  -7.3071242e-09  -7.3570559e-09  -3.8512167e-09  -3.6228338e-09  -4.1901282e-10  -2.1319093e-09   5.8193345e-10  -1.6596930e-09   1.1159361e-09  -1.6702706e-09   1.5572544e-09  -1.7911370e-09   1.6687612e-09  -1.7174582e-09   1.6086757e-09  -1.5098972e-09
   0.0000000e+00   0.0000000e+00  -1.9616444e-08  -2.7424138e-08  -2.0041313e-08  -1.5557879e-08  -8.4445793e-09  -8.3105673e-09  -6.7994459e-09  -5.5314211e-09  -1.8262895e-09  -2.8119360e-09   1.4299395e-10  -1.7730564e-09   9.2617491e-10  -1.6175334e-09   1.3491634e-09  -1.7656793e-09   1.6580609e-09  -1.7613243e-09   1.6372899e-09  -1.6136669e-09   1.4908307e-09
   0.0000000e+00   0.0000000e+00  -2.2711072e-08  -2.5846331e-08  -2.2566301e-08  -1.4683809e-08  -9.7869757e-09  -7.6084197e-09  -7.4382132e-09  -3.9123198e-09  -3.4657452e-09  -5.3428839e-10  -2.1791864e-09   5.7055510e-10  -1.6836365e-09   1.1493591e-09  -1.6595804e-09   1.5414802e-09  -1.7665297e-09   1.6492750e-09  -1.7191933e-09   1.5773243e-09  -1.5102926e-09
   0.0000000e+00   0.0000000e+00  -2.0300684e-08  -2.7776370e-08  -2.0934834e-08  -1.6414845e-08  -8.7010825e-09  -8.0137665e-09  -6.7006374e-09  -5.4774532e-09  -1.9961688e-09  -2.8939433e-09   1.7319329e-10  -1.8244689e-09   9.5036334e-10  -1.6421913e-09   1.3449145e-09  -1.7096297e-09   1.6098155e-09  -1.7488021e-09   1.6259383e-09  -1.6318671e-09   1.5140509e-09
   0.0000000e+00   0.0000000e+00  -2.2024540e-08  -2.5800512e-08  -2.1875589e-08  -1.4312992e-08  -9.4682981e-09  -7.5040889e-09  -7.3505175e-09  -3.9465529e-09  -3.3090595e-09  -5.3931032e-10  -2.2499966e-09   6.0814492e-10  -1.7067303e-09   1.1808889e-09  -1.5836085e-09   1.4943137e-09  -1.7986546e-09   1.6655832e-09  -1.6996358e-09   1.5645081e-09  -1.5361831e-09
   0.0000000e+00   0.0000000e+00  -2.0086805e-08  -2.7910533e-08  -2.0968804e-08  -1.6495898e-08  -8.9618402e-09  -8.6171710e-09  -6.8843931e-09  -5.2747424e-09  -1.8250925e-09  -2.8755833e-09   1.9133448e-10  -1.7666565e-09   9.3190688e-10  -1.6585059e-09   1.3098119e-09  -1.6792897e-09   1.6363764e-09  -1.7646485e-09   1.6275804e-09  -1.6147528e-09   1.5240379e-09
   0.0000000e+00   0.0000000e+00  -2.2570214e-08  -2.5989223e-08  -2.2371278e-08  -1.4418113e-08  -9.4931796e-09  -7.0325865e-09  -7.2336466e-09  -3.6909258e-09  -3.3123129e-09  -5.4154548e-10  -2.2377231e-09   6.4394751e-10  -1.6758477e-09   1.1571869e-09  -1.6443911e-09   1.5018010e-09  -1.7442157e-09   1.6585070e-09  -1.7083022e-09   1.6052152e-09  -1.5263519e-09
   0.0000000e+00   0.0000000e+00  -2.0231781e-08  -2.6930914e-08  -2.0645199e-08  -1.6534866e-08  -8.6439753e-09  -8.8440499e-09  -7.0307977e-09  -5.5236380e-09  -1.8341154e-09  -2.7079712e-09   1.7230208e-10  -1.8849664e-09   8.9875324e-10  -1.6388197e-09   1.2983399e-09  -1.7528178e-09   1.6272561e-09  -1.7490885e-09   1.6641195e-09  -1.6288468e-09   1.5120818e-09
   0.0000000e+00   0.0000000e+00  -2.2360688e-08  -2.6317762e-08  -2.2269916e-08  -1.4575233e-08  -1.0200349e-08  -7.2583384e-09  -7.2505735e-09  -3.7290393e-09  -3.5019776e-09  -6.0451610e-10  -2.2457201e-09   6.2724720e-10  -1.6634887e-09   1.0840523e-09  -1.6801672e-09   1.5321839e-09  -1.7940909e-09   1.6692242e-09  -1.7160192e-09   1.6131104e-09  -1.5205113e-09
   0.0000000e+00   0.0000000e+00  -2.0311777e-08  -2.7421930e-08  -2.1112424e-08  -1.6415477e-08  -9.0795735e-09  -8.9856318e-09  -6.7470061e-09  -5.4067524e-09  -1.8594725e-09  -2.7678297e-09   1.9949428e-10  -1.8555080e-09   8.8158225e-10  -1.6405071e-09   1.3228216e-09  -1.7697689e-09   1.6406544e-09  -1.7519937e-09   1.6664885e-09  -1.6460142e-09   1.5137243e-09
   0.0000000e+00   0.0000000e+00  -2.3442997e-08  -2.5961281e-08  -2.1690401e-08  -1.4321568e-08  -9.8753850e-09  -7.7623437e-09  -7.7157667e-09  -3.7856722e-09  -3.5771317e-09  -5.4267590e-10  -2.1636837e-09   6.3020283e-10  -1.7188796e-09   1.1037389e-09  -1.7051113e-09   1.5394218e-09  -1.8016695e-09   1.6838753e-09  -1.7382540e-09   1.6135442e-09  -1.5356409e-09
   0.0000000e+00   0.0000000e+00  -2.0181471e-08  -2.7974238e-08  -2.1345922e-08  -1.6435168e-08  -8.8792866e-09  -8.4593079e-09  -6.6080337e-09  -5.1026925e-09  -1.7536977e-09  -2.9280454e-09   1.1184858e-10  -1.7761798e-09   9.1858637e-10  -1.7039462e-09   1.3415589e-09  -1.7282349e-09   1.6495197e-09  -1.8028232e-09   1.6777789e-09  -1.6474059e-09   1.5366323e-09
   0.0000000e+00   0.0000000e+00  -2.3111909e-08  -2.5883475e-08  -2.1543652e-08  -1.4636208e-08  -1.0075142e-08  -7.6112512e-09  -7.7943199e-09  -3.9176338e-09  -3.4612715e-09  -5.1190147e-10  -2.2022504e-09   6.2437400e-10  -1.7725673e-09   1.1727501e-09  -1.6647644e-09   1.5387078e-09  -1.8369610e-09   1.7111533e-09  -1.7359587e-09   1.6285974e-09  -1.5792565e-09
   0.0000000e+00   0.0000000e+00  -2.0099366e-08  -2.7838002e-08  -2.0862720e-08  -1.5425899e-08  -8.5606979e-09  -8.6177456e-09  -6.5476145e-09  -5.3833964e-09  -1.8237313e-09  -2.7672742e-09   2.2065275e-10  -1.8601358e-09   9.7676078e-10  -1.6875497e-09   1.3661091e-09  -1.7645807e-09   1.6932119e-09  -1.8043469e-09   1.6722496e-09  -1.6534898e-09   1.5912059e-09
   0.0000000e+00   0.0000000e+00  -2.3665214e-08  -2.6187955e-08  -2.2056437e-08  -1.4701435e-08  -1.0207521e-08  -7.7714031e-09  -7.7980582e-09  -3.8388666e-09  -3.5130390e-09  -5.6158406e-10  -2.2312636e-09   7.4479434e-10  -1.7020190e-09   1.2030422e-09  -1.7277580e-09   1.5891918e-09  -1.8101084e-09   1.7174849e-09  -1.7632954e-09   1.6646501e-09  -1.6050554e-09
   0.0000000e+00   0.0000000e+00  -1.9972894e-08  -2.7635641e-08  -2.0864563e-08  -1.5536735e-08  -8.3393301e-09  -8.3610425e-09  -6.7835586e-09  -5.4539830e-09  -1.8011823e-09  -2.7278644e-09   1.9373483e-10  -1.9020974e-09   9.6372743e-10  -1.7614721e-09   1.4519552e-09  -1.7843387e-09   1.6731420e-09  -1.8175025e-09   1.7409394e-09  -1.6996882e-09   1.5816324e-09
   0.0000000e+00   0.0000000e+00  -2.2715897e-08  -2.5756155e-08  -2.2065056e-08  -1.4882285e-08  -1.0256069e-08  -7.5749771e-09  -7.8071265e-09  -3.9287125e-09  -3.5589829e-09  -5.6450572e-10  -2.2531785e-09   6.8347816e-10  -1.7540964e-09   1.2452024e-09  -1.8162514e-09   1.5976017e-09  -1.8094981e-09   1.7633347e-09  -1.7943129e-09   1.6780044e-09  -1.6207170e-09
   0.0000000e+00   0.0000000e+00  -2.0161501e-08  -2.7820420e-08  -2.0852047e-08  -1.6371272e-08  -8.5418161e-09  -8.8941787e-09  -6.9114265e-09  -5.5037477e-09  -1.7870900e-09  -2.5974520e-09   1.5124738e-10  -1.9782960e-09   1.0130777e-09  -1.7928917e-09   1.4737892e-09  -1.8193698e-09   1.7191839e-09  -1.8480477e-09   1.7602955e-09  -1.7188646e-09   1.6194062e-09
   0.0000000e+00   0.0000000e+00  -2.2444873e-08  -2.5838377e-08  -2.1771559e-08  -1.4419689e-08  -1.0133705e-08  -6.9016330e-09  -7.3659683e-09  -3.8948786e-09  -3.5649856e-09  -5.5436306e-10  -2.2763040e-09   6.9911987e-10  -1.8274203e-09   1.2534435e-09  -1.8129918e-09   1.6342406e-09  -1.8738198e-09   1.7975751e-09  -1.8032786e-09   1.7003292e-09  -1.6517107e-09
   0.0000000e+00   0.0000000e+00  -1.9853186e-08  -2.7391451e-08  -2.0882643e-08  -1.6159071e-08  -8.6747409e-09  -8.9339132e-09  -6.9278241e-09  -5.2818421e-09  -1.7009014e-09  -2.6544833e-09   2.3236174e-10  -1.9504658e-09   1.0576059e-09  -1.7858388e-09   1.4768035e-09  -1.8569227e-09   1.7718883e-09  -1.8833020e-09   1.7675361e-09  -1.7353327e-09   1.6659003e-09
   0.0000000e+00   0.0000000e+00  -2.2586745e-08  -2.6024043e-08  -2.2383180e-08  -1.4329043e-08  -9.4871986e-09  -7.1285862e-09  -7.5293007e-09  -3.8600847e-09  -3.6214720e-09  -5.0568860e-10  -2.2845983e-09   7.5190082e-10  -1.8225788e-09   1.2710150e-09  -1.8502971e-09   1.6518400e-09  -1.8826667e-09   1.8131383e-09  -1.8578858e-09   1.7417900e-09  -1.6838571e-09
   0.0000000e+00   0.0000000e+00  -1.9959625e-08  -2.7282182e-08  -2.0529503e-08  -1.6254006e-08  -8.7184109e-09  -8.2684561e-09  -6.4456165e-09  -5.4378746e-09  -1.7394161e-09  -2.8169331e-09   3.3192088e-10  -1.9734774e-09   1.0859890e-09  -1.8122963e-09   1.4727044e-09  -1.8778628e-09   1.7803974e-09  -1.9130766e-09   1.8250282e-09  -1.7889886e-09   1.6767496e-09
   0.0000000e+00   0.0000000e+00  -2.2388459e-08  -2.6032838e-08  -2.2674330e-08  -1.4965586e-08  -9.9209139e-09  -7.6118587e-09  -7.6773565e-09  -3.8713845e-09  -3.5999930e-09  -4.0682366e-10  -2.2938724e-09   8.0634471e-10  -1.8125655e-09   1.2808430e-09  -1.8028526e-09   1.6866786e-09  -1.9405892e-09   1.8617622e-09  -1.8942108e-09   1.7659949e-09  -1.7077233e-09
   0.0000000e+00   0.0000000e+00  -1.9631063e-08  -2.8282903e-08  -2.0617147e-08  -1.5912587e-08  -8.3698044e-09  -7.9232469e-09  -6.6988912e-09  -5.5035061e-09  -1.6343136e-09  -2.8136062e-09   4.3343582e-10  -1.8745003e-09   1.0557399e-09  -1.8270411e-09   1.5447035e-09  -1.9019786e-09   1.8083697e-09  -1.9547399e-09   1.8592594e-09  -1.8172862e-09   1.7090286e-09
   0.0000000e+00   0.0000000e+00  -2.2437035e-08  -2.5888170e-08  -2.2083285e-08  -1.4499485e-08  -1.0040849e-08  -7.6843731e-09  -7.6593185e-09  -3.8261554e-09  -3.7105150e-09  -3.8383274e-10  -2.2746187e-09   7.9440293e-10  -1.8089509e-09   1.3411930e-09  -1.8871495e-09   1.7272599e-09  -1.9519459e-09   1.8865904e-09  -1.9241428e-09   1.7984145e-09  -1.7376991e-09
   0.0000000e+00   0.0000000e+00  -1.9821591e-08  -2.7290760e-08  -2.0850761e-08  -1.6344293e-08  -8.1004119e-09  -7.6843545e-09  -6.6129475e-09  -5.5282872e-09  -1.6494452e-09  -2.7787259e-09   3.2850012e-10  -1.9578832e-09   1.1542240e-09  -1.8013967e-09   1.5306714e-09  -1.9483117e-09   1.8863884e-09  -1.9865325e-09   1.8773008e-09  -1.8348204e-09   1.7226925e-09
   0.0000000e+00   0.0000000e+00  -2.2622778e-08  -2.5732216e-08  -2.2257474e-08  -1.4537312e-08  -9.3218642e-09  -7.3530928e-09  -7.6576629e-09  -3.6325851e-09  -3.4613550e-09  -4.5870505e-10  -2.2957263e-09   8.8520219e-10  -1.8577099e-09   1.3461126e-09  -1.8980557e-09   1.7904312e-09  -1.9971815e-09   1.9253148e-09  -1.9132353e-09   1.8249878e-09  -1.7736403e-09
   0.0000000e+00   0.0000000e+00  -1.9904695e-08  -2.8112225e-08  -2.0488061e-08  -1.5782225e-08  -8.6834770e-09  -8.3760785e-09  -6.3938947e-09  -5.4480092e-09  -1.7606171e-09  -2.7594378e-09   3.8103237e-10  -1.9276458e-09   1.1768998e-09  -1.8815571e-09   1.6255670e-09  -1.9747528e-09   1.9075761e-09  -1.9751327e-09   1.8971917e-09  -1.8687749e-09   1.7723820e-09
   0.0000000e+00   0.0000000e+00  -2.2154145e-08  -2.5807790e-08  -2.2229068e-08  -1.4592554e-08  -9.5254702e-09  -7.1318751e-09  -7.4703115e-09  -3.6533956e-09  -3.5315026e-09  -3.5892009e-10  -2.2646298e-09   8.3774321e-10  -1.9074140e-09   1.4511344e-09  -1.9553037e-09   1.7754610e-09  -1.9883888e-09   1.9423045e-09  -1.9705990e-09   1.8556514e-09  -1.7828667e-09
   0.0000000e+00   0.0000000e+00  -2.0059787e-08  -2.8096075e-08  -2.0798288e-08  -1.6320229e-08  -8.4597662e-09  -8.2754177e-09  -6.4847967e-09  -5.3847091e-09  -1.6792078e-09  -2.8042009e-09   3.6649328e-10  -1.9706823e-09   1.2136404e-09  -1.9389632e-09   1.6067921e-09  -1.9798052e-09   1.9127937e-09  -2.0307049e-09   1.9315289e-09  -1.8979598e-09   1.7794815e-09
   0.0000000e+00   0.0000000e+00  -2.2278106e-08  -2.5820080e-08  -2.2587455e-08  -1.4702811e-08  -9.8011315e-09  -7.3672668e-09  -7.6548501e-09  -3.5224124e-09  -3.6353103e-09  -4.4337459e-10  -2.2579125e-09   9.0958441e-10  -1.8901216e-09   1.4184834e-09  -1.9499518e-09   1.7993304e-09  -2.0542197e-09   1.9507700e-09  -1.9730200e-09   1.8755342e-09  -1.8415416e-09
