   0.0000000e+00   0.0000000e+00   7.1831562e-07   1.2788705e-06   1.5937973e-06   1.6040135e-06   1.8346453e-06   1.6517728e-06   1.1620273e-06   7.9579161e-07   6.2558553e-07   4.7259229e-07   3.5649188e-07   3.1016276e-07   2.1332541e-07   1.8170664e-07   1.1789113e-07   6.2692145e-08   7.1042379e-08   3.2549167e-08   3.0005804e-08   1.4367182e-08   5.8305010e-09
   0.0000000e+00   0.0000000e+00   7.0480979e-07   1.2663734e-06   1.5945078e-06   1.6209947e-06   1.8402218e-06   1.6279449e-06   1.1852439e-06   7.9070463e-07   6.0722334e-07   4.7140321e-07   3.7522722e-07   3.0542151e-07   2.3259105e-07   1.3781720e-07   1.5682224e-07   5.9533665e-08   7.6592734e-08   2.9996240e-08   2.2843683e-08   2.2751523e-08   6.2752408e-09
   0.0000000e+00   0.0000000e+00   7.0587515e-07   1.2787348e-06   1.5777703e-06   1.6115167e-06   1.8506400e-06   1.6270297e-06   1.1509427e-06   8.3948089e-07   6.0689462e-07   4.6025767e-07   3.7320359e-07   2.8791172e-07   2.4631078e-07   1.6662756e-07   1.1916675e-07   7.4525722e-08   7.8239324e-08   3.1418615e-08   4.2471196e-08   7.3857618e-09  -8.1861923e-10
   0.0000000e+00   0.0000000e+00   7.2840032e-07   1.2581833e-06   1.5992472e-06   1.6091651e-06   1.8405891e-06   1.6532008e-06   1.1438019e-06   8.0625711e-07   6.0064571e-07   4.8679300e-07   3.8139390e-07   2.9025691e-07   2.4442909e-07   1.5460733e-07   1.2872410e-07   8.7226717e-08   7.6765311e-08   1.9407494e-08   3.8600820e-08   2.8021455e-08   1.3397908e-08
   0.0000000e+00   0.0000000e+00   7.2092155e-07   1.2679160e-06   1.5928265e-06   1.5998766e-06   1.8421657e-06   1.6529501e-06   1.1659201e-06   8.0993186e-07   6.0945786e-07   4.5978646e-07   3.7247256e-07   2.8953107e-07   2.4948591e-07   1.7535417e-07   1.1741356e-07   8.2585920e-08   7.1839224e-08   5.3692233e-08   3.0389387e-08   9.5601083e-09   7.7439131e-09
   0.0000000e+00   0.0000000e+00   7.0802167e-07   1.2690089e-06   1.5930140e-06   1.6145170e-06   1.8265099e-06   1.6158916e-06   1.1731711e-06   8.0183997e-07   6.2067136e-07   4.7155530e-07   3.8501568e-07   3.0907390e-07   2.0271045e-07   1.7822816e-07   1.3803530e-07   7.9135042e-08   7.1788037e-08   4.1325602e-08   3.2266847e-08   2.0885881e-08   2.9512115e-08
   0.0000000e+00   0.0000000e+00   7.0603255e-07   1.2734807e-06   1.5927800e-06   1.6089634e-06   1.8659102e-06   1.6346326e-06   1.1550874e-06   8.2078014e-07   5.8273571e-07   4.7084620e-07   3.6041558e-07   3.2034023e-07   2.2822488e-07   1.8256870e-07   1.1121108e-07   9.9040321e-08   5.1872984e-08   6.3502760e-08   3.6273001e-08   8.3211033e-10   1.7815605e-08
   0.0000000e+00   0.0000000e+00   7.1674782e-07   1.2609815e-06   1.5900808e-06   1.6017651e-06   1.8301521e-06   1.6522905e-06   1.1480487e-06   8.1083101e-07   6.2372658e-07   4.7147270e-07   3.7445372e-07   2.8609875e-07   2.3523307e-07   1.7079716e-07   1.1654910e-07   1.1440417e-07   4.5825590e-08   4.9464997e-08   3.6605012e-08   2.4304965e-08  -3.0683673e-09
   0.0000000e+00   0.0000000e+00   7.2483510e-07   1.2644233e-06   1.5807329e-06   1.6332781e-06   1.8183674e-06   1.6435098e-06   1.1598290e-06   8.0677847e-07   5.8836486e-07   4.7691083e-07   3.5770097e-07   3.1529444e-07   2.3878994e-07   1.6340843e-07   1.1130894e-07   1.0192554e-07   7.7637033e-08   2.2951888e-08   4.6229321e-08   8.0191001e-09   3.3267675e-08
   0.0000000e+00   0.0000000e+00   7.1408726e-07   1.2772153e-06   1.5890738e-06   1.5968271e-06   1.8598562e-06   1.6209531e-06   1.1662607e-06   8.2032443e-07   6.0710460e-07   4.5156511e-07   3.9706680e-07   2.7431861e-07   2.3195176e-07   1.8167555e-07   1.2475340e-07   8.8813344e-08   5.8368908e-08   6.4189713e-08   2.9604578e-08   1.3961745e-08   1.3074565e-09
   0.0000000e+00   0.0000000e+00   7.0076476e-07   1.2599681e-06   1.6041735e-06   1.6036798e-06   1.8350599e-06   1.6356480e-06   1.1659283e-06   7.7492126e-07   6.2125878e-07   4.7695949e-07   3.5530425e-07   3.0957381e-07   2.2980484e-07   1.5876715e-07   1.4417975e-07   7.7877942e-08   7.4970828e-08   4.7994650e-08   3.0147088e-08   3.4379525e-08  -1.3846511e-10
   0.0000000e+00   0.0000000e+00   7.1999193e-07   1.2622053e-06   1.5986400e-06   1.5929309e-06   1.8536700e-06   1.6503953e-06   1.1409741e-06   8.3394013e-07   5.8746332e-07   4.7055900e-07   3.5767084e-07   3.0908055e-07   2.3643325e-07   1.6500607e-07   1.2836168e-07   8.6072475e-08   8.8800292e-08   3.8569596e-08   3.9241488e-08   2.2852300e-08   1.1478299e-08
   0.0000000e+00   0.0000000e+00   7.2234258e-07   1.2666848e-06   1.5769160e-06   1.6223603e-06   1.8158203e-06   1.6377427e-06   1.1487826e-06   8.1800687e-07   5.9882223e-07   4.7501462e-07   3.8758571e-07   2.7687739e-07   2.3583192e-07   1.7083102e-07   1.3562293e-07   9.1928257e-08   5.9747421e-08   6.0258209e-08   3.4620751e-08   3.2008092e-08  -3.0784910e-09
   0.0000000e+00   0.0000000e+00   7.0658717e-07   1.2929230e-06   1.5713483e-06   1.6238498e-06   1.8500431e-06   1.6280712e-06   1.1592699e-06   8.1086870e-07   5.8838850e-07   4.5649668e-07   3.7568941e-07   3.0805646e-07   2.3127492e-07   1.8178162e-07   1.0904463e-07   1.0051367e-07   7.8825295e-08   4.8103157e-08   3.3322848e-08   2.9894927e-08   7.9896409e-09
   0.0000000e+00   0.0000000e+00   6.9637377e-07   1.2546885e-06   1.6034666e-06   1.5998077e-06   1.8353824e-06   1.6307870e-06   1.1601069e-06   7.9742506e-07   6.3625259e-07   4.6032284e-07   3.6820714e-07   2.9539359e-07   2.3805688e-07   1.6624008e-07   1.3022482e-07   1.0457584e-07   6.1025140e-08   5.9735967e-08   2.6322919e-08   2.9037404e-08   2.1461288e-08
   0.0000000e+00   0.0000000e+00   7.3573682e-07   1.2498838e-06   1.6020023e-06   1.5966316e-06   1.8364681e-06   1.6462410e-06   1.1703332e-06   7.6341115e-07   6.1185841e-07   4.6515538e-07   3.6797493e-07   3.1192076e-07   2.1320901e-07   1.9807294e-07   1.2484126e-07   8.4198376e-08   6.1170411e-08   7.0482656e-08   4.9689358e-08   3.2358021e-09   8.9340126e-09
   0.0000000e+00   0.0000000e+00   7.1128773e-07   1.2807601e-06   1.5782850e-06   1.6233793e-06   1.8273381e-06   1.6265791e-06   1.1503265e-06   8.3488203e-07   5.7375240e-07   4.8155749e-07   3.8014403e-07   2.8729428e-07   2.3905770e-07   1.6206511e-07   1.3685863e-07   1.0495189e-07   7.2917629e-08   5.5768812e-08   8.9114378e-09   5.3732435e-08   1.1962896e-08
   0.0000000e+00   0.0000000e+00   7.0937318e-07   1.2739374e-06   1.5873717e-06   1.6039445e-06   1.8437032e-06   1.6293145e-06   1.1467772e-06   8.2119442e-07   6.0086575e-07   4.5127030e-07   3.5483714e-07   3.1281533e-07   2.4384107e-07   1.7054704e-07   1.3122484e-07   7.6723353e-08   9.4096542e-08   5.1105218e-08   3.9356500e-08   2.6940512e-08  -2.9608844e-09
   0.0000000e+00   0.0000000e+00   7.0659735e-07   1.2746443e-06   1.5834258e-06   1.6050686e-06   1.8490882e-06   1.6332010e-06   1.1460083e-06   7.7785307e-07   6.1706839e-07   4.6773400e-07   3.9027353e-07   2.8198195e-07   2.2998476e-07   1.6287547e-07   1.4178073e-07   1.0890086e-07   6.7038918e-08   4.9017313e-08   3.8475793e-08   4.2434163e-08  -3.4542791e-10
   0.0000000e+00   0.0000000e+00   7.3983176e-07   1.2356253e-06   1.6128754e-06   1.6007486e-06   1.8254524e-06   1.6265387e-06   1.1851822e-06   7.8727629e-07   6.0834373e-07   4.5503432e-07   3.4761879e-07   3.1320371e-07   2.3200082e-07   1.8349586e-07   1.2802251e-07   8.1198678e-08   7.9049599e-08   7.5593100e-08   2.2921128e-08   4.5641031e-08  -1.2760720e-08
   0.0000000e+00   0.0000000e+00   7.0580541e-07   1.2950745e-06   1.5700455e-06   1.6236896e-06   1.8260810e-06   1.6303860e-06   1.1460642e-06   8.0051001e-07   6.0039162e-07   4.6123614e-07   3.9701277e-07   2.8316023e-07   2.2666489e-07   1.7410366e-07   1.2908511e-07   9.8568165e-08   7.9700925e-08   5.8062419e-08   3.3337457e-08   3.0645833e-08   3.2631668e-08
   0.0000000e+00   0.0000000e+00   7.0011811e-07   1.2785332e-06   1.5888328e-06   1.6067769e-06   1.8427061e-06   1.6444194e-06   1.1409330e-06   8.1367307e-07   5.8298878e-07   4.7824290e-07   3.5093547e-07   3.0422527e-07   2.3754605e-07   1.7532909e-07   1.2789360e-07   1.0224687e-07   5.6064522e-08   7.0559437e-08   5.7944721e-08   1.0172878e-08   3.2667329e-09
   0.0000000e+00   0.0000000e+00   7.2630968e-07   1.2602557e-06   1.5949418e-06   1.6047558e-06   1.8296359e-06   1.6288966e-06   1.1440155e-06   8.2724983e-07   5.9213573e-07   4.7095648e-07   3.6233948e-07   2.9876168e-07   2.4773121e-07   1.6032682e-07   1.1559111e-07   1.3580934e-07   5.5671570e-08   5.3714054e-08   3.5972246e-08   3.8096051e-08   2.7622775e-08
   0.0000000e+00   0.0000000e+00   7.2683400e-07   1.2556560e-06   1.6011038e-06   1.5998363e-06   1.8555877e-06   1.6236415e-06   1.1635602e-06   7.7656478e-07   6.1723108e-07   4.5918614e-07   3.8078880e-07   2.9466480e-07   2.2501453e-07   1.9949971e-07   1.1475066e-07   9.3673293e-08   7.8887069e-08   6.1770706e-08   4.6430891e-08   1.1396077e-08   1.2702277e-08
   0.0000000e+00   0.0000000e+00   6.9881162e-07   1.2800656e-06   1.5828266e-06   1.6109014e-06   1.8324645e-06   1.6388260e-06   1.1644966e-06   7.9696605e-07   6.0521199e-07   4.6396818e-07   3.8000223e-07   3.0457440e-07   2.2839808e-07   1.7480738e-07   1.4178376e-07   9.1630383e-08   7.4527392e-08   5.6914043e-08   4.1048185e-08   1.6835225e-08   2.6451612e-08
   0.0000000e+00   0.0000000e+00   7.1770614e-07   1.2870876e-06   1.5844078e-06   1.6071681e-06   1.8251516e-06   1.6346233e-06   1.1520067e-06   8.1596875e-07   6.0124262e-07   4.6417031e-07   3.6386342e-07   3.0725158e-07   2.4379671e-07   1.7387775e-07   1.2794965e-07   1.0184198e-07   7.9873274e-08   5.1404662e-08   3.1711092e-08   3.9702837e-08  -8.7322913e-09
   0.0000000e+00   0.0000000e+00   7.2285462e-07   1.2459217e-06   1.6010530e-06   1.6260658e-06   1.8273507e-06   1.6350619e-06   1.1538264e-06   7.9826049e-07   5.9495079e-07   4.9572816e-07   3.5979343e-07   3.0283630e-07   2.4572631e-07   1.5911054e-07   1.5024796e-07   9.7301808e-08   6.9517263e-08   4.3706688e-08   6.2289828e-08   9.6840163e-09   7.2264092e-09
   0.0000000e+00   0.0000000e+00   7.2445226e-07   1.2609149e-06   1.5879427e-06   1.5960876e-06   1.8605149e-06   1.6334086e-06   1.1422941e-06   8.2369382e-07   5.9548199e-07   4.6010584e-07   3.7828966e-07   2.9910200e-07   2.4564045e-07   1.7735611e-07   1.3014912e-07   8.7821732e-08   9.4437702e-08   4.8199471e-08   2.7947761e-08   4.1676461e-08  -6.7280415e-10
   0.0000000e+00   0.0000000e+00   7.0052340e-07   1.2860316e-06   1.5847385e-06   1.6056257e-06   1.8276207e-06   1.6278035e-06   1.1702613e-06   7.8089153e-07   6.2665941e-07   4.5318302e-07   3.7489619e-07   3.1078218e-07   2.2532417e-07   1.8133706e-07   1.3509482e-07   9.2302606e-08   7.7964664e-08   5.9405611e-08   3.1962124e-08   2.0620437e-08   3.1999686e-08
   0.0000000e+00   0.0000000e+00   7.0552738e-07   1.2890539e-06   1.5873029e-06   1.6055347e-06   1.8392719e-06   1.6344517e-06   1.1611513e-06   7.9816101e-07   6.0787494e-07   4.4821425e-07   3.9401911e-07   2.8791200e-07   2.3447303e-07   1.8575791e-07   1.3548370e-07   8.7544478e-08   7.2830460e-08   5.5646961e-08   4.7108497e-08   2.4402508e-08  -4.4009036e-09
   0.0000000e+00   0.0000000e+00   7.3744928e-07   1.2266369e-06   1.6072752e-06   1.6158190e-06   1.8244581e-06   1.6338905e-06   1.1493606e-06   8.1143509e-07   5.8664693e-07   4.9590534e-07   3.5848595e-07   2.9670252e-07   2.5403344e-07   1.5827669e-07   1.2562766e-07   1.1713024e-07   6.3308910e-08   5.0302226e-08   4.7151183e-08   9.7547996e-09   3.9093820e-08
   0.0000000e+00   0.0000000e+00   7.1139272e-07   1.2796751e-06   1.5815345e-06   1.6063714e-06   1.8507128e-06   1.6391368e-06   1.1397105e-06   8.2319599e-07   5.8688664e-07   4.6530238e-07   3.6631201e-07   3.0756974e-07   2.3553055e-07   1.9299227e-07   1.0902061e-07   1.0218484e-07   7.7144584e-08   4.8809952e-08   3.9960014e-08   2.9125196e-08  -1.9734558e-09
   0.0000000e+00   0.0000000e+00   7.1357351e-07   1.2844237e-06   1.5819498e-06   1.5990432e-06   1.8412626e-06   1.6233644e-06   1.1658550e-06   7.9794603e-07   6.0777018e-07   4.8221068e-07   3.6918237e-07   3.0590809e-07   2.2139629e-07   1.7744698e-07   1.4984924e-07   9.1632522e-08   6.0306597e-08   6.3504430e-08   3.8923812e-08   1.9255721e-08   2.3253447e-08
   0.0000000e+00   0.0000000e+00   7.0527039e-07   1.2771727e-06   1.5899409e-06   1.6208894e-06   1.8244151e-06   1.6438304e-06   1.1564343e-06   7.9609293e-07   6.1500953e-07   4.4481592e-07   3.7390993e-07   3.2505193e-07   2.3117234e-07   1.8315234e-07   1.2231253e-07   9.2793393e-08   9.5359546e-08   3.4177191e-08   5.3691590e-08   1.8962739e-08   7.1645556e-09
   0.0000000e+00   0.0000000e+00   7.2608202e-07   1.2473313e-06   1.6094860e-06   1.6104324e-06   1.8369343e-06   1.6245530e-06   1.1694037e-06   7.9553729e-07   6.1230395e-07   4.8640692e-07   3.6950701e-07   2.9301444e-07   2.4687455e-07   1.8091238e-07   1.2470394e-07   1.1319456e-07   7.5016906e-08   4.2943689e-08   4.1849631e-08   3.2265401e-08   1.4642874e-08
   0.0000000e+00   0.0000000e+00   7.1961415e-07   1.2704306e-06   1.5909968e-06   1.6009288e-06   1.8438193e-06   1.6522516e-06   1.1352441e-06   8.2596961e-07   5.8795331e-07   4.6864972e-07   3.9345613e-07   2.7626149e-07   2.6313006e-07   1.7476447e-07   1.4826183e-07   8.0278937e-08   7.6925097e-08   6.3212070e-08   5.2387360e-08   8.1453777e-09   1.3804736e-08
   0.0000000e+00   0.0000000e+00   7.1469816e-07   1.2809747e-06   1.5791904e-06   1.6114843e-06   1.8594169e-06   1.6152894e-06   1.1557855e-06   8.2337669e-07   5.9742297e-07   4.7274074e-07   3.8008051e-07   3.2476478e-07   2.2839870e-07   1.6825541e-07   1.4606276e-07   1.0501070e-07   8.5019828e-08   4.4324597e-08   4.1131290e-08   1.2854279e-08   5.1896230e-08
   0.0000000e+00   0.0000000e+00   7.0822063e-07   1.2737586e-06   1.5901867e-06   1.6210834e-06   1.8220495e-06   1.6380822e-06   1.1734716e-06   7.8721285e-07   6.2767759e-07   4.6074393e-07   3.6393376e-07   3.1043621e-07   2.5218088e-07   1.8416057e-07   1.3389288e-07   9.8974375e-08   7.1014853e-08   6.8996421e-08   4.6457252e-08   1.5841756e-08   1.0171179e-09
   0.0000000e+00   0.0000000e+00   7.2696076e-07   1.2602285e-06   1.6110083e-06   1.5992246e-06   1.8349741e-06   1.6557267e-06   1.1558527e-06   7.8566950e-07   6.1726229e-07   4.7887812e-07   3.7941803e-07   3.0995633e-07   2.2660691e-07   1.9342602e-07   1.3202354e-07   1.1124074e-07   8.5778510e-08   3.6991391e-08   5.1317937e-08   3.0783450e-08   1.9327924e-08
   0.0000000e+00   0.0000000e+00   6.9382065e-07   1.2787560e-06   1.5792635e-06   1.6086700e-06   1.8546427e-06   1.6137720e-06   1.1691336e-06   8.1715490e-07   6.0912197e-07   4.5873864e-07   3.7790767e-07   3.2088647e-07   2.2918233e-07   2.0663123e-07   1.1305053e-07   1.1128125e-07   8.4831612e-08   5.9601216e-08   4.3804878e-08   1.7103053e-08   2.7474238e-08
   0.0000000e+00   0.0000000e+00   7.2676664e-07   1.2599893e-06   1.5915216e-06   1.6016106e-06   1.8516117e-06   1.6320040e-06   1.1349027e-06   8.2700427e-07   5.9683089e-07   4.7424984e-07   3.8537428e-07   2.9903120e-07   2.3996697e-07   1.9044577e-07   1.4138078e-07   9.7348753e-08   7.9392436e-08   6.0144842e-08   4.7471083e-08   2.3839300e-08   1.2946686e-08
   0.0000000e+00   0.0000000e+00   7.2350707e-07   1.2712762e-06   1.5854996e-06   1.6277820e-06   1.8150408e-06   1.6478039e-06   1.1760110e-06   7.8280101e-07   6.1054260e-07   4.7903967e-07   3.7733921e-07   3.0516091e-07   2.5000276e-07   1.6586922e-07   1.5129382e-07   9.9235137e-08   6.9820331e-08   7.6892981e-08   2.4113872e-08   3.3792951e-08   1.9131742e-08
   0.0000000e+00   0.0000000e+00   7.0345112e-07   1.2680424e-06   1.6047052e-06   1.5828366e-06   1.8435821e-06   1.6311828e-06   1.1635937e-06   8.0354943e-07   6.1673779e-07   4.6330624e-07   3.7295476e-07   3.0583789e-07   2.5268992e-07   1.6990734e-07   1.5040064e-07   8.8501025e-08   8.7117478e-08   4.6495384e-08   5.4096489e-08   1.3513444e-08   2.4614256e-08
   0.0000000e+00   0.0000000e+00   7.1016194e-07   1.2596748e-06   1.5863772e-06   1.6161151e-06   1.8425377e-06   1.6320763e-06   1.1290822e-06   8.2241974e-07   6.0327261e-07   4.5100458e-07   4.0676551e-07   2.9324113e-07   2.3838869e-07   1.7343341e-07   1.3888749e-07   1.0763213e-07   6.7936853e-08   6.7581382e-08   2.6067292e-08   3.7691237e-08   9.0283603e-10
   0.0000000e+00   0.0000000e+00   7.1691119e-07   1.2782140e-06   1.5728427e-06   1.6145619e-06   1.8352099e-06   1.6311201e-06   1.1711006e-06   7.9540064e-07   6.1408201e-07   4.6797641e-07   3.6133284e-07   3.0743328e-07   2.4017126e-07   1.8740288e-07   1.2447295e-07   8.7022919e-08   9.6397571e-08   3.5996901e-08   5.1791275e-08   3.0653318e-08  -9.0554026e-09
   0.0000000e+00   0.0000000e+00   7.2438888e-07   1.2598429e-06   1.6044559e-06   1.5981583e-06   1.8170325e-06   1.6502994e-06   1.1536914e-06   7.9732501e-07   5.8769103e-07   5.0308660e-07   3.4275718e-07   3.0896297e-07   2.4208117e-07   1.7351520e-07   1.1941231e-07   1.1469070e-07   6.4241682e-08   5.0402001e-08   4.4875673e-08   2.2286921e-08   1.6249022e-08
   0.0000000e+00   0.0000000e+00   7.1549135e-07   1.2619656e-06   1.5842569e-06   1.6183213e-06   1.8415867e-06   1.6173798e-06   1.1611631e-06   8.0391436e-07   5.9791199e-07   4.6644291e-07   3.7200817e-07   3.0664194e-07   2.0909623e-07   1.8266974e-07   1.3241925e-07   9.9493903e-08   5.5445788e-08   6.1016394e-08   4.5436337e-08   2.4651332e-08  -8.2637541e-09
   0.0000000e+00   0.0000000e+00   7.0198558e-07   1.2758400e-06   1.5831063e-06   1.5939838e-06   1.8556791e-06   1.6257000e-06   1.1480729e-06   8.3091044e-07   5.8055156e-07   4.5765802e-07   3.7304522e-07   3.0762112e-07   2.2676416e-07   1.6921793e-07   1.1857477e-07   1.0262799e-07   6.3893118e-08   6.3260885e-08   2.8529657e-08   1.9994269e-08   3.6125979e-08
   0.0000000e+00   0.0000000e+00   7.1493531e-07   1.2690878e-06   1.5992640e-06   1.6071951e-06   1.8203441e-06   1.6497019e-06   1.1415332e-06   7.9555610e-07   6.2321652e-07   4.5161090e-07   3.8099506e-07   2.6057597e-07   2.5884091e-07   1.6810661e-07   1.0989120e-07   1.1117730e-07   5.4994782e-08   5.8682190e-08   3.8199381e-08   1.9297879e-08   1.9706206e-08
   0.0000000e+00   0.0000000e+00   7.1778982e-07   1.2721622e-06   1.5819186e-06   1.6198303e-06   1.8357679e-06   1.6304095e-06   1.1710092e-06   7.8398006e-07   6.0552765e-07   4.8291940e-07   3.4720136e-07   3.0041022e-07   2.3371210e-07   1.6380822e-07   1.1724300e-07   1.0887651e-07   5.4117052e-08   5.6442794e-08   4.6797219e-08   1.3865407e-08   6.3015593e-09
   0.0000000e+00   0.0000000e+00   7.1760411e-07   1.2607281e-06   1.5863073e-06   1.6051581e-06   1.8494599e-06   1.6246737e-06   1.1606168e-06   8.1849061e-07   5.8785952e-07   4.5690570e-07   3.7857333e-07   2.9688232e-07   2.3462486e-07   1.5407772e-07   1.4241748e-07   7.8465369e-08   7.8224090e-08   5.2200974e-08   2.5369761e-08   3.3064151e-08   1.7501307e-08
   0.0000000e+00   0.0000000e+00   7.2008731e-07   1.2737833e-06   1.5953065e-06   1.6076425e-06   1.8317763e-06   1.6480075e-06   1.1506497e-06   8.0264408e-07   6.0627815e-07   4.7028598e-07   3.6528155e-07   3.0773595e-07   1.9842489e-07   2.0250559e-07   1.3021290e-07   6.6844123e-08   9.0777910e-08   5.0576975e-08   2.9646841e-08   3.1872514e-08   3.5979844e-09
   0.0000000e+00   0.0000000e+00   6.9303786e-07   1.2720534e-06   1.5931731e-06   1.6168078e-06   1.8364684e-06   1.6338770e-06   1.1595838e-06   8.1106606e-07   5.9953487e-07   4.6719899e-07   3.7450010e-07   2.9519521e-07   2.3960160e-07   1.6100029e-07   1.3551883e-07   8.1682245e-08   9.5410591e-08   3.7237022e-08   3.8612100e-08   4.1966100e-08  -1.6162483e-08
   0.0000000e+00   0.0000000e+00   7.3779370e-07   1.2528222e-06   1.5945326e-06   1.6055602e-06   1.8413365e-06   1.6359106e-06   1.1541429e-06   8.0847195e-07   6.1008222e-07   4.6404926e-07   3.5758214e-07   3.1511564e-07   2.3857058e-07   1.7300327e-07   1.1898358e-07   1.0155300e-07   7.7710247e-08   3.9845194e-08   5.2727813e-08   3.0189003e-08   2.7295113e-09
   0.0000000e+00   0.0000000e+00   7.1001381e-07   1.2831281e-06   1.5791449e-06   1.6136727e-06   1.8543750e-06   1.6233737e-06   1.1664503e-06   7.9758291e-07   6.0538821e-07   4.6604634e-07   3.9948767e-07   2.7114743e-07   2.4715652e-07   1.7071466e-07   1.4625992e-07   8.2557769e-08   7.6762703e-08   5.7637227e-08   2.8010991e-08   3.7486725e-08   1.6386149e-08
   0.0000000e+00   0.0000000e+00   6.9899266e-07   1.2717328e-06   1.6103837e-06   1.5835931e-06   1.8394501e-06   1.6533891e-06   1.1518262e-06   8.0792069e-07   6.1716969e-07   4.5164930e-07   3.8317563e-07   3.1410116e-07   2.2724731e-07   1.7398202e-07   1.3716929e-07   9.4439237e-08   6.5769498e-08   7.9706950e-08   1.0214438e-08   2.4095623e-08   4.0380478e-08
   0.0000000e+00   0.0000000e+00   7.3320626e-07   1.2452286e-06   1.5835641e-06   1.6432149e-06   1.8078450e-06   1.6358891e-06   1.1592955e-06   8.0442834e-07   6.0724517e-07   4.7456129e-07   3.7015900e-07   2.9489209e-07   2.6409950e-07   1.6630825e-07   1.3437629e-07   1.0325395e-07   5.1551019e-08   6.8051598e-08   4.0644739e-08   7.6720923e-09   2.3994925e-08
   0.0000000e+00   0.0000000e+00   7.1299064e-07   1.2806933e-06   1.5855244e-06   1.6044929e-06   1.8553867e-06   1.6316416e-06   1.1497158e-06   8.0670873e-07   5.9866505e-07   4.8533764e-07   3.6314353e-07   3.1885170e-07   2.2250950e-07   1.9511633e-07   1.2026126e-07   1.1460694e-07   6.4358673e-08   3.5769997e-08   6.4991156e-08   8.2316403e-09  -5.3507585e-09
   0.0000000e+00   0.0000000e+00   7.1001557e-07   1.2780832e-06   1.5882163e-06   1.5934377e-06   1.8455783e-06   1.6280239e-06   1.1655808e-06   8.1492288e-07   5.9549654e-07   4.6589417e-07   3.8853781e-07   3.0557894e-07   2.3726189e-07   1.8632652e-07   1.0621066e-07   1.2642137e-07   7.3171535e-08   3.5484621e-08   3.9619351e-08   1.8578449e-08   2.6766054e-08
   0.0000000e+00   0.0000000e+00   7.0084678e-07   1.2739516e-06   1.5981839e-06   1.5938234e-06   1.8383828e-06   1.6422352e-06   1.1327083e-06   8.1274561e-07   6.1178758e-07   4.6608719e-07   3.7033811e-07   3.1584136e-07   2.2471805e-07   2.0641201e-07   1.3024867e-07   6.6668647e-08   9.8836047e-08   4.6442977e-08   2.1180009e-08   3.8574175e-08  -3.6202492e-09
   0.0000000e+00   0.0000000e+00   7.2597601e-07   1.2395997e-06   1.5958082e-06   1.6352103e-06   1.8266194e-06   1.6276359e-06   1.1700276e-06   7.8991030e-07   6.0671033e-07   4.7906912e-07   3.7356367e-07   3.0226209e-07   2.4171686e-07   1.6422244e-07   1.5146348e-07   9.2858045e-08   5.7402083e-08   6.5208233e-08   3.9786269e-08  -3.0259857e-09   2.7475457e-08
   0.0000000e+00   0.0000000e+00   7.3446950e-07   1.2784094e-06   1.5865105e-06   1.5999943e-06   1.8350795e-06   1.6435927e-06   1.1427868e-06   8.2764052e-07   5.9289960e-07   4.6984417e-07   3.7692530e-07   3.0310142e-07   2.5852336e-07   1.6015127e-07   1.3025053e-07   1.0191186e-07   6.6286731e-08   4.5574957e-08   3.9351903e-08   3.3451702e-08  -2.1040142e-08
   0.0000000e+00   0.0000000e+00   6.8195158e-07   1.2842847e-06   1.5908037e-06   1.6033491e-06   1.8510329e-06   1.6173979e-06   1.1656741e-06   7.9397017e-07   5.9062228e-07   4.9344732e-07   3.7865249e-07   2.8485258e-07   2.6006285e-07   1.6283302e-07   1.3656536e-07   9.8246574e-08   6.8357423e-08   4.2242739e-08   3.2526124e-08   2.1880535e-08   2.9879640e-08
   0.0000000e+00   0.0000000e+00   7.2633640e-07   1.2650695e-06   1.5833290e-06   1.6054623e-06   1.8490131e-06   1.6429308e-06   1.1479597e-06   8.1472217e-07   6.1342610e-07   4.3427326e-07   3.9954105e-07   3.0087335e-07   2.2978284e-07   1.9385493e-07   1.1565586e-07   9.5537160e-08   6.8089768e-08   6.5731790e-08   2.3304608e-08   1.1242873e-08   2.3005173e-08
   0.0000000e+00   0.0000000e+00   7.2799918e-07   1.2540403e-06   1.6067020e-06   1.6233982e-06   1.8010787e-06   1.6491845e-06   1.1489620e-06   7.9628126e-07   6.3537072e-07   4.6519614e-07   3.4977600e-07   3.4664782e-07   2.1193539e-07   1.7904974e-07   1.3633093e-07   8.2689212e-08   8.4507022e-08   3.3271359e-08   4.7000920e-08   2.4360691e-08  -1.1325981e-09
   0.0000000e+00   0.0000000e+00   6.9756516e-07   1.2869715e-06   1.5895293e-06   1.6048048e-06   1.8605083e-06   1.6259141e-06   1.1621926e-06   7.9715488e-07   5.9081191e-07   4.8569933e-07   3.7783283e-07   2.8930305e-07   2.4740623e-07   1.8482412e-07   1.1702281e-07   1.1154530e-07   4.8785378e-08   6.2188619e-08   3.5558578e-08   1.9978483e-08   1.2802976e-08
   0.0000000e+00   0.0000000e+00   7.2762492e-07   1.2523554e-06   1.5969333e-06   1.5922631e-06   1.8507710e-06   1.6258613e-06   1.1712982e-06   8.0769780e-07   5.9139802e-07   4.8865132e-07   3.6826174e-07   3.0254677e-07   2.2684070e-07   1.9083087e-07   1.1795734e-07   9.4905829e-08   7.5781116e-08   5.0193744e-08   3.3646138e-08   1.7458269e-08   2.2697419e-08
   0.0000000e+00   0.0000000e+00   7.1098850e-07   1.2774107e-06   1.5975299e-06   1.6167299e-06   1.8305283e-06   1.6267019e-06   1.1493686e-06   8.2909958e-07   5.9053656e-07   4.4924550e-07   3.9607193e-07   3.0387744e-07   2.3979112e-07   1.6250979e-07   1.3594683e-07   9.2351208e-08   6.3956946e-08   6.2354552e-08   1.6951315e-08   3.6122671e-08  -6.5218120e-10
   0.0000000e+00   0.0000000e+00   7.2068963e-07   1.2745518e-06   1.5799225e-06   1.6225487e-06   1.8399537e-06   1.6541807e-06   1.1357221e-06   7.9288770e-07   6.4151112e-07   4.4686595e-07   3.7340578e-07   2.9788188e-07   2.4081697e-07   1.7432738e-07   1.2268481e-07   1.0098371e-07   6.0510629e-08   5.1901552e-08   4.1597833e-08   9.9472235e-09   1.5987997e-08
   0.0000000e+00   0.0000000e+00   7.0730215e-07   1.2582838e-06   1.5919412e-06   1.6094515e-06   1.8206518e-06   1.6527171e-06   1.1647318e-06   7.8064340e-07   6.1784061e-07   4.7869105e-07   3.5642418e-07   2.9939002e-07   2.4166374e-07   1.7029161e-07   1.2389808e-07   9.7403159e-08   7.4591100e-08   3.6663380e-08   4.0146226e-08   2.3275252e-08   8.6436627e-09
   0.0000000e+00   0.0000000e+00   7.0411858e-07   1.2838238e-06   1.5951208e-06   1.5983711e-06   1.8602221e-06   1.6028785e-06   1.1657777e-06   8.3947674e-07   5.5376921e-07   4.7922799e-07   3.8556408e-07   3.0217791e-07   2.2237907e-07   1.8224824e-07   1.2221240e-07   9.1270550e-08   7.9747871e-08   4.4159556e-08   3.4198251e-08   2.1988471e-08   1.2668098e-08
   0.0000000e+00   0.0000000e+00   7.4778075e-07   1.2394864e-06   1.5981564e-06   1.6163716e-06   1.8271895e-06   1.6459616e-06   1.1597343e-06   7.9137124e-07   6.2880457e-07   4.5457585e-07   3.7070956e-07   2.9944769e-07   2.2193561e-07   1.8443272e-07   1.3222225e-07   8.7199304e-08   6.2875770e-08   5.6492503e-08   5.4187666e-08   1.6693236e-09   1.3306876e-08
   0.0000000e+00   0.0000000e+00   6.9831964e-07   1.2899700e-06   1.5751501e-06   1.6005619e-06   1.8478086e-06   1.6518575e-06   1.1358610e-06   8.1012479e-07   6.0164325e-07   4.8085332e-07   3.5346051e-07   3.1090030e-07   2.4325294e-07   1.5745621e-07   1.3116481e-07   9.8259335e-08   7.2386356e-08   5.4072949e-08   2.5194634e-08   2.8855116e-08   2.5173971e-08
   0.0000000e+00   0.0000000e+00   6.9302740e-07   1.2698363e-06   1.5924701e-06   1.6183735e-06   1.8296513e-06   1.6176042e-06   1.1820646e-06   8.0214261e-07   6.0968478e-07   4.6577566e-07   3.7987886e-07   2.8389860e-07   2.4856553e-07   1.7298606e-07   1.2344155e-07   9.4889252e-08   7.9917861e-08   3.7949270e-08   4.3991577e-08   2.6444168e-08   6.9915438e-09
   0.0000000e+00   0.0000000e+00   7.2231393e-07   1.2577804e-06   1.5897185e-06   1.6081248e-06   1.8558227e-06   1.6178564e-06   1.1639297e-06   8.1906740e-07   5.9270030e-07   4.6206497e-07   3.9515723e-07   2.9013808e-07   2.3405615e-07   1.8016854e-07   1.1654850e-07   1.0246080e-07   6.8109401e-08   5.3980685e-08   5.1868451e-08   7.7563983e-10   2.2535453e-08
   0.0000000e+00   0.0000000e+00   7.2344483e-07   1.2670869e-06   1.5838818e-06   1.5822858e-06   1.8555122e-06   1.6527623e-06   1.1522881e-06   8.0399565e-07   6.0733862e-07   4.8312211e-07   3.6209227e-07   3.0764099e-07   2.3146087e-07   1.6708663e-07   1.3871575e-07   9.2424358e-08   7.8493805e-08   4.4360629e-08   2.9733283e-08   3.3151199e-08   2.2405549e-08
   0.0000000e+00   0.0000000e+00   7.0529711e-07   1.2614845e-06   1.6016218e-06   1.6318985e-06   1.7784753e-06   1.6685890e-06   1.1595625e-06   7.9346302e-07   6.4645917e-07   4.5807954e-07   3.5637808e-07   3.1677524e-07   2.3228155e-07   1.8258126e-07   1.2481652e-07   8.1813745e-08   7.1832396e-08   6.1418902e-08   4.5712422e-08   1.3394772e-08   4.8944098e-09
   0.0000000e+00   0.0000000e+00   7.0947516e-07   1.2611175e-06   1.5807150e-06   1.6158929e-06   1.8742332e-06   1.6032385e-06   1.1643996e-06   8.2542766e-07   5.8130723e-07   4.8291213e-07   3.9480187e-07   3.0279250e-07   2.1522756e-07   1.7522940e-07   1.2799704e-07   1.0519290e-07   7.1069820e-08   3.7604465e-08   5.1798764e-08   1.1444277e-08   2.9225820e-08
   0.0000000e+00   0.0000000e+00   6.9995104e-07   1.2788053e-06   1.5562262e-06   1.6064923e-06   1.8392446e-06   1.6474223e-06   1.1681591e-06   8.1377931e-07   6.0224647e-07   4.8544848e-07   3.5835279e-07   2.9987416e-07   2.4922198e-07   1.8088498e-07   1.1371778e-07   8.7154170e-08   7.8200515e-08   5.7505709e-08   2.6822844e-08   3.4101749e-08   6.9581774e-10
   0.0000000e+00   0.0000000e+00   7.4007187e-07   1.2491181e-06   1.6281859e-06   1.5671128e-06   1.8526875e-06   1.6273401e-06   1.1635516e-06   8.0287595e-07   6.3664129e-07   4.4916433e-07   3.9880570e-07   2.8909872e-07   2.3953109e-07   1.6607166e-07   1.2862445e-07   1.0538825e-07   6.4951195e-08   4.2286949e-08   4.3430941e-08   2.7863438e-08   1.2667294e-08
   0.0000000e+00   0.0000000e+00   6.7664280e-07   1.2641578e-06   1.5868803e-06   1.6371995e-06   1.8141637e-06   1.6544511e-06   1.1629201e-06   8.1207980e-07   5.8874298e-07   4.9260768e-07   3.5988282e-07   3.1557749e-07   2.3614177e-07   1.5695939e-07   1.3994533e-07   9.6166382e-08   5.2781090e-08   8.0879666e-08   2.8867042e-08   6.3110783e-09   3.1153771e-08
   0.0000000e+00   0.0000000e+00   7.3690290e-07   1.2538410e-06   1.5597204e-06   1.6121805e-06   1.8450836e-06   1.6316734e-06   1.1627698e-06   8.1452913e-07   6.2636093e-07   4.6108110e-07   3.7437459e-07   3.0033169e-07   2.2228316e-07   1.9495459e-07   1.2000214e-07   7.8948567e-08   9.4399148e-08   3.3084333e-08   4.6968765e-08   3.3129322e-08  -3.0573561e-09
   0.0000000e+00   0.0000000e+00   7.0268004e-07   1.2864292e-06   1.5795504e-06   1.5930973e-06   1.8522644e-06   1.6423629e-06   1.1406227e-06   8.3497110e-07   5.8228534e-07   4.9714299e-07   3.6105646e-07   2.9824096e-07   2.4451643e-07   1.6540608e-07   1.1232282e-07   1.2095002e-07   5.4737885e-08   6.1493445e-08   2.5869358e-08   3.1140033e-08   2.0597154e-08
   0.0000000e+00   0.0000000e+00   7.0801462e-07   1.2407544e-06   1.6272228e-06   1.5900436e-06   1.8284380e-06   1.6432808e-06   1.1794422e-06   7.9487785e-07   6.2235034e-07   4.6079572e-07   3.7297389e-07   3.0940743e-07   2.1190081e-07   1.8364327e-07   1.2056404e-07   8.9652289e-08   7.9830158e-08   3.2929794e-08   6.6749884e-08   5.8009646e-09  -3.3592011e-09
   0.0000000e+00   0.0000000e+00   7.0538107e-07   1.2775564e-06   1.5483632e-06   1.6373476e-06   1.8170388e-06   1.6524468e-06   1.1440311e-06   8.1997638e-07   6.0368592e-07   4.6944544e-07   3.7677268e-07   2.9607472e-07   2.2995953e-07   1.6103500e-07   1.3696568e-07   8.6790671e-08   6.3224803e-08   5.3711183e-08   3.5296939e-08   2.3480643e-08   1.5786839e-08
   0.0000000e+00   0.0000000e+00   7.2620190e-07   1.2589745e-06   1.5926452e-06   1.5899627e-06   1.8793137e-06   1.6005644e-06   1.1878309e-06   7.9812168e-07   6.1692128e-07   4.6382081e-07   3.6827674e-07   2.8355066e-07   2.4744659e-07   1.5989731e-07   1.2829362e-07   8.0876013e-08   6.7119629e-08   6.6906289e-08   9.7382760e-09   2.9233815e-08   2.0561131e-08
   0.0000000e+00   0.0000000e+00   7.0143273e-07   1.2709168e-06   1.5798739e-06   1.6101936e-06   1.8149353e-06   1.6678010e-06   1.1310701e-06   8.2802177e-07   5.9913975e-07   4.7090700e-07   3.7552599e-07   3.0174050e-07   2.1212118e-07   1.6710045e-07   1.2652448e-07   8.6527336e-08   7.9730206e-08   2.0478133e-08   5.1826884e-08   2.1569246e-08  -6.6171228e-09
   0.0000000e+00   0.0000000e+00   7.2378424e-07   1.2316276e-06   1.6234802e-06   1.5836038e-06   1.8485810e-06   1.6217850e-06   1.1806766e-06   7.9703165e-07   5.9585477e-07   4.7237813e-07   3.6570765e-07   2.7137156e-07   2.7648807e-07   1.3446241e-07   1.3074327e-07   8.5028347e-08   5.9023684e-08   5.6327767e-08   2.8616661e-08   1.5997193e-08   1.4004692e-08
   0.0000000e+00   0.0000000e+00   6.9845896e-07   1.3000893e-06   1.5527002e-06   1.6387413e-06   1.8143284e-06   1.6571414e-06   1.1463226e-06   8.0650551e-07   6.2501670e-07   4.4962181e-07   3.7704353e-07   3.1536280e-07   1.8108872e-07   2.0540834e-07   9.8441085e-08   8.7923361e-08   8.7442679e-08   2.0080092e-08   2.6021045e-08   4.8734520e-08  -2.0007468e-08
   0.0000000e+00   0.0000000e+00   7.2106366e-07   1.2593588e-06   1.5742531e-06   1.6067219e-06   1.8582327e-06   1.6143016e-06   1.1754396e-06   8.0456027e-07   5.9030310e-07   4.8502204e-07   3.5617936e-07   2.8700001e-07   2.4085355e-07   1.6670504e-07   1.3428418e-07   6.8926909e-08   4.9723280e-08   7.2534590e-08   2.4818773e-08  -6.7108008e-09   3.6103241e-08
   0.0000000e+00   0.0000000e+00   6.9628038e-07   1.2599875e-06   1.6127073e-06   1.5823960e-06   1.8408235e-06   1.6448400e-06   1.1348717e-06   8.2592533e-07   5.9917892e-07   4.5696595e-07   3.8717272e-07   3.0961996e-07   2.0972266e-07   1.6794003e-07   1.1433372e-07   1.1213658e-07   6.0095850e-08   2.2924038e-08   3.5791828e-08   3.3214402e-08  -1.6594633e-08
   0.0000000e+00   0.0000000e+00   7.3839414e-07   1.2472672e-06   1.5989712e-06   1.6181377e-06   1.8304999e-06   1.6373664e-06   1.1793489e-06   7.9432783e-07   6.1676968e-07   4.5823310e-07   3.5571901e-07   2.9445735e-07   2.5187509e-07   1.7203406e-07   1.1590399e-07   8.7440505e-08   4.5974300e-08   7.7559676e-08   1.5749986e-08   1.1120444e-08   1.2317327e-08
   0.0000000e+00   0.0000000e+00   7.0095649e-07   1.2894974e-06   1.5642779e-06   1.6132818e-06   1.8408400e-06   1.6521888e-06   1.1258710e-06   8.2363175e-07   5.9157964e-07   4.7686285e-07   3.9558407e-07   2.8343334e-07   2.2645243e-07   1.7675642e-07   1.0754677e-07   1.2133309e-07   5.5834828e-08   3.7255106e-08   2.0482924e-08   2.5080043e-08   2.7467905e-08
   0.0000000e+00   0.0000000e+00   7.0773297e-07   1.2659599e-06   1.5973005e-06   1.6025891e-06   1.8462021e-06   1.6191609e-06   1.1961287e-06   7.7704397e-07   6.3597787e-07   4.4301331e-07   3.6388218e-07   3.0696341e-07   2.3778307e-07   1.7533216e-07   1.4140917e-07   5.6115095e-08   7.7126721e-08   6.7684198e-08   8.9448617e-09   2.6376723e-08  -9.4197308e-09
   0.0000000e+00   0.0000000e+00   7.1198826e-07   1.2702928e-06   1.5893202e-06   1.6230364e-06   1.8277383e-06   1.6477379e-06   1.1452364e-06   8.2133920e-07   5.8227505e-07   4.9716704e-07   3.7073059e-07   3.0369765e-07   2.2319749e-07   1.7543577e-07   1.2236484e-07   1.1601391e-07   4.5288790e-08   5.2401781e-08   2.9835306e-08   1.9661169e-08   1.1493531e-08
   0.0000000e+00   0.0000000e+00   7.3176096e-07   1.2481227e-06   1.6085172e-06   1.5984497e-06   1.8522572e-06   1.6405630e-06   1.1618265e-06   8.0981687e-07   6.0960292e-07   4.5246000e-07   3.6996690e-07   3.0543265e-07   2.4290622e-07   1.7028539e-07   1.3126191e-07   7.9970718e-08   8.2128679e-08   4.1630102e-08   2.5595796e-08   3.7178772e-08  -2.0565727e-08
   0.0000000e+00   0.0000000e+00   7.1373319e-07   1.2972674e-06   1.5547466e-06   1.6374908e-06   1.8331187e-06   1.6248165e-06   1.1564250e-06   8.2769509e-07   5.9786134e-07   4.8090499e-07   3.7173203e-07   3.0354249e-07   2.1759938e-07   1.8632620e-07   1.2390329e-07   9.2488769e-08   7.0183646e-08   4.6644171e-08   2.6717268e-08   2.6244011e-08   1.1836734e-08
   0.0000000e+00   0.0000000e+00   6.9906292e-07   1.2602469e-06   1.6318155e-06   1.5836013e-06   1.8546436e-06   1.6618762e-06   1.1509350e-06   7.8455469e-07   6.2737217e-07   4.4498574e-07   3.7797457e-07   3.0577363e-07   2.3687326e-07   1.6365334e-07   1.3078750e-07   9.3499644e-08   5.7699850e-08   5.2104188e-08   3.1456885e-08   2.5572858e-08  -6.7577113e-09
   0.0000000e+00   0.0000000e+00   7.2066547e-07   1.2580917e-06   1.5858218e-06   1.6176174e-06   1.8423069e-06   1.6368255e-06   1.1755268e-06   8.0269371e-07   6.0566566e-07   4.8949414e-07   3.5281434e-07   3.0898423e-07   2.2409897e-07   1.8403767e-07   1.1582235e-07   9.0760153e-08   6.9425191e-08   4.9428593e-08   2.0992601e-08   2.9364619e-08   3.8350998e-09
   0.0000000e+00   0.0000000e+00   7.3490821e-07   1.2757947e-06   1.5943886e-06   1.6139518e-06   1.8417468e-06   1.6270501e-06   1.1683411e-06   8.1511365e-07   6.0465982e-07   4.5999414e-07   3.8898270e-07   2.6755254e-07   2.6094125e-07   1.5747122e-07   1.3709827e-07   7.5951988e-08   6.8736384e-08   5.5155873e-08   2.3391948e-08   2.2187940e-08   7.0499677e-09
   0.0000000e+00   0.0000000e+00   6.9359385e-07   1.2741376e-06   1.5807558e-06   1.6402983e-06   1.8309521e-06   1.6531102e-06   1.1461805e-06   8.4100844e-07   5.5951818e-07   4.9324240e-07   3.7590212e-07   3.1180957e-07   2.1494965e-07   1.7431255e-07   1.1513480e-07   1.1266534e-07   5.7766265e-08   3.9256555e-08   3.0847257e-08   2.3311109e-08   1.3695510e-08
   0.0000000e+00   0.0000000e+00   7.1963086e-07   1.2768835e-06   1.5918426e-06   1.5892329e-06   1.8638516e-06   1.6340524e-06   1.1642151e-06   7.9774668e-07   6.3970805e-07   4.5479595e-07   3.6295046e-07   2.9199362e-07   2.4934036e-07   1.6710234e-07   1.3895162e-07   6.6762524e-08   7.9111537e-08   4.7634959e-08   3.1765627e-08   3.0448874e-08  -2.1959364e-08
   0.0000000e+00   0.0000000e+00   7.1027279e-07   1.2567020e-06   1.6081880e-06   1.6235646e-06   1.8210465e-06   1.6641050e-06   1.1549959e-06   7.9482908e-07   6.1768372e-07   4.7133369e-07   3.7703464e-07   3.0180368e-07   2.3171403e-07   1.6783919e-07   1.2345050e-07   1.0339767e-07   6.5683743e-08   4.0138712e-08   3.9850558e-08   1.9199627e-08   1.3898473e-08
   0.0000000e+00   0.0000000e+00   7.2983198e-07   1.2698115e-06   1.6005754e-06   1.5906030e-06   1.8760260e-06   1.6090493e-06   1.1839990e-06   8.1178052e-07   6.0339732e-07   4.5949173e-07   3.7605838e-07   3.1147866e-07   2.2571133e-07   1.7935766e-07   1.3322968e-07   7.4365445e-08   8.7055902e-08   4.0364490e-08   3.7525503e-08   3.2024566e-08  -9.7144914e-09
   0.0000000e+00   0.0000000e+00   6.9075656e-07   1.2792640e-06   1.5734799e-06   1.6486896e-06   1.8073371e-06   1.6588438e-06   1.1467530e-06   8.1538616e-07   5.9680696e-07   4.8652959e-07   3.6709145e-07   2.9594509e-07   2.4612177e-07   1.6063505e-07   1.3819182e-07   9.6266461e-08   6.2752456e-08   5.0791886e-08   3.8544357e-08   3.0435679e-08   6.1607404e-09
   0.0000000e+00   0.0000000e+00   7.3651165e-07   1.2613509e-06   1.5995009e-06   1.5995097e-06   1.8546821e-06   1.6472434e-06   1.1537322e-06   8.1647408e-07   5.9987724e-07   4.6177752e-07   3.8032746e-07   3.0024617e-07   2.4117645e-07   1.6794978e-07   1.1950951e-07   1.0049108e-07   8.0412782e-08   4.5276014e-08   3.0285833e-08   3.0771886e-08   2.0451301e-08
   0.0000000e+00   0.0000000e+00   7.0419566e-07   1.2796736e-06   1.5767367e-06   1.6271697e-06   1.8407767e-06   1.6137452e-06   1.1733533e-06   8.0643002e-07   5.9949895e-07   4.9237696e-07   3.4629485e-07   3.0531075e-07   2.2987111e-07   1.8690099e-07   1.3495976e-07   7.1661226e-08   7.1120510e-08   6.4181670e-08   4.4676113e-08   8.3568938e-09   2.3170895e-08
   0.0000000e+00   0.0000000e+00   7.1414729e-07   1.2614843e-06   1.6162934e-06   1.5787241e-06   1.8646274e-06   1.6441847e-06   1.1559555e-06   7.7594183e-07   6.3377462e-07   4.2245767e-07   4.1246588e-07   2.8393367e-07   2.2726037e-07   1.8126697e-07   1.1863465e-07   1.0045395e-07   6.9762351e-08   5.1624454e-08   3.2208266e-08   2.6206274e-08   2.4321034e-08
   0.0000000e+00   0.0000000e+00   7.0482417e-07   1.2858048e-06   1.5774871e-06   1.6272097e-06   1.8208339e-06   1.6449874e-06   1.1553441e-06   8.2913328e-07   5.8564194e-07   4.7337448e-07   3.5198684e-07   3.1205838e-07   2.2756105e-07   1.6341356e-07   1.3206311e-07   9.4834057e-08   6.4017051e-08   5.0138798e-08   4.1717218e-08   1.7302629e-08   1.4381981e-08
   0.0000000e+00   0.0000000e+00   7.3210987e-07   1.2397064e-06   1.6184036e-06   1.6065910e-06   1.8410950e-06   1.6341808e-06   1.1516089e-06   7.9773110e-07   6.0560484e-07   4.5880870e-07   3.6849053e-07   2.9543094e-07   2.2898247e-07   1.7339175e-07   1.1731881e-07   9.8375530e-08   7.1790730e-08   3.2862658e-08   4.9121397e-08   1.9786530e-08   3.7454444e-09
   0.0000000e+00   0.0000000e+00   7.1234217e-07   1.2811001e-06   1.5694994e-06   1.6206150e-06   1.8429035e-06   1.6453204e-06   1.1472956e-06   8.1087870e-07   5.8495522e-07   4.7561051e-07   3.6381104e-07   2.7806118e-07   2.4454840e-07   1.5816060e-07   1.3201864e-07   7.6744193e-08   7.8546378e-08   5.1385314e-08   2.7193940e-08   2.1544611e-08   1.3663401e-08
   0.0000000e+00   0.0000000e+00   7.2209298e-07   1.2687599e-06   1.5981803e-06   1.6015499e-06   1.8559106e-06   1.6138642e-06   1.1865947e-06   7.8234075e-07   6.0973065e-07   4.5919643e-07   3.5292376e-07   3.1018649e-07   2.0896076e-07   1.8168188e-07   1.2734949e-07   6.5783105e-08   8.3449549e-08   4.8443400e-08   2.8933334e-08   2.0046279e-08   1.9762979e-08
   0.0000000e+00   0.0000000e+00   6.9201297e-07   1.2918522e-06   1.5874322e-06   1.6188314e-06   1.8319256e-06   1.6497015e-06   1.1379736e-06   8.0872536e-07   6.0743236e-07   4.4568787e-07   3.8569016e-07   2.8305553e-07   2.2253388e-07   1.5560663e-07   1.3458965e-07   9.2549307e-08   6.3151269e-08   3.8481375e-08   4.5003343e-08   2.0004663e-08   8.2724547e-09
   0.0000000e+00   0.0000000e+00   7.3350157e-07   1.2417538e-06   1.6147613e-06   1.5993152e-06   1.8423890e-06   1.6388395e-06   1.1726821e-06   8.0413054e-07   5.9280512e-07   4.6671900e-07   3.5483507e-07   2.8787755e-07   2.4886302e-07   1.5395558e-07   1.1194317e-07   9.2213945e-08   6.5266384e-08   4.2187079e-08   4.5858144e-08   1.4545455e-08   1.2762423e-08
   0.0000000e+00   0.0000000e+00   7.1401752e-07   1.2746389e-06   1.5826477e-06   1.6217945e-06   1.8399944e-06   1.6569893e-06   1.1208327e-06   8.2894445e-07   5.9577462e-07   4.6781156e-07   3.6876773e-07   2.9408622e-07   2.1352116e-07   1.8019260e-07   9.8874004e-08   1.0552260e-07   6.2985137e-08   3.5049400e-08   3.9444565e-08   2.5679984e-08   3.8981756e-09
   0.0000000e+00   0.0000000e+00   7.2159798e-07   1.2706838e-06   1.5962061e-06   1.6061675e-06   1.8619604e-06   1.6185513e-06   1.1770921e-06   8.0725965e-07   6.0258697e-07   4.6009879e-07   3.6540715e-07   2.9104834e-07   2.2905868e-07   1.5831866e-07   1.3054085e-07   8.0395687e-08   3.7785608e-08   7.2565882e-08   4.1929919e-08  -1.2747481e-08   4.0333159e-08
   0.0000000e+00   0.0000000e+00   6.9793936e-07   1.2797091e-06   1.5932475e-06   1.6134148e-06   1.8238303e-06   1.6615738e-06   1.1592983e-06   7.9299076e-07   6.1195846e-07   4.7242062e-07   3.6062872e-07   3.1428468e-07   2.0439143e-07   1.6918072e-07   1.1202063e-07   9.0618705e-08   6.7252394e-08   3.1292416e-08   2.7439556e-08   2.3139878e-08   2.1588081e-08
   0.0000000e+00   0.0000000e+00   7.2370233e-07   1.2622714e-06   1.5917703e-06   1.6151282e-06   1.8491731e-06   1.6257858e-06   1.1770225e-06   8.0950986e-07   5.9890630e-07   4.6758890e-07   3.6338949e-07   2.8439104e-07   2.3994230e-07   1.7490672e-07   9.2414567e-08   9.3548508e-08   5.5385197e-08   4.8889330e-08   2.6079686e-08   9.2850279e-09   1.4100471e-08
   0.0000000e+00   0.0000000e+00   7.1273996e-07   1.2747201e-06   1.5883491e-06   1.6192874e-06   1.8428511e-06   1.6447989e-06   1.1445633e-06   8.2586939e-07   6.0350953e-07   4.7146440e-07   3.7821468e-07   2.8966448e-07   2.2014427e-07   1.6642129e-07   1.1941378e-07   7.6223380e-08   6.6013577e-08   1.9438350e-08   4.6560054e-08   2.3306617e-09   1.6849041e-08
   0.0000000e+00   0.0000000e+00   7.2234508e-07   1.2513059e-06   1.6001889e-06   1.6015626e-06   1.8500394e-06   1.6384225e-06   1.1564251e-06   8.2352528e-07   5.9559710e-07   4.6176518e-07   3.8084255e-07   2.9020393e-07   2.3702351e-07   1.4980937e-07   1.2510066e-07   8.1578705e-08   5.9032434e-08   3.5465842e-08   2.9913494e-08   7.1537185e-09   5.2129177e-09
