   0.0000000e+00   0.0000000e+00   1.4931691e-06   2.6345022e-06   3.2476771e-06   3.2494347e-06   3.6896486e-06   3.3153271e-06   2.3295654e-06   1.5932983e-06   1.2480697e-06   9.4355971e-07   7.0866781e-07   6.1886419e-07   4.2356692e-07   3.6292786e-07   2.3303554e-07   1.2588987e-07   1.3905540e-07   6.6863599e-08   5.6678431e-08   3.0418455e-08   9.4370991e-09
   0.0000000e+00   0.0000000e+00   1.4697594e-06   2.6071059e-06   3.2533185e-06   3.2809278e-06   3.7023597e-06   3.2666696e-06   2.3766556e-06   1.5817470e-06   1.2136366e-06   9.3849394e-07   7.4866909e-07   6.0747857e-07   4.6423594e-07   2.7218002e-07   3.1431134e-07   1.1602565e-07   1.5439768e-07   5.7193336e-08   4.7017746e-08   4.3407837e-08   1.3733160e-08
   0.0000000e+00   0.0000000e+00   1.4674187e-06   2.6351809e-06   3.2150801e-06   3.2647686e-06   3.7209024e-06   3.2660605e-06   2.3074731e-06   1.6806702e-06   1.2106034e-06   9.1880270e-07   7.4259589e-07   5.7395579e-07   4.8942866e-07   3.3347700e-07   2.3468192e-07   1.5028307e-07   1.5332182e-07   6.4773324e-08   8.2151026e-08   1.6128471e-08  -3.2022596e-09
   0.0000000e+00   0.0000000e+00   1.5172898e-06   2.5896652e-06   3.2627629e-06   3.2571563e-06   3.7035027e-06   3.3169299e-06   2.2943138e-06   1.6126078e-06   1.2005885e-06   9.6945701e-07   7.6082830e-07   5.7724452e-07   4.8808766e-07   3.0568569e-07   2.5797095e-07   1.7152703e-07   1.5493428e-07   3.5938189e-08   7.8807034e-08   5.4355180e-08   2.7377506e-08
   0.0000000e+00   0.0000000e+00   1.4978879e-06   2.6141333e-06   3.2460248e-06   3.2416349e-06   3.7045843e-06   3.3177109e-06   2.3366624e-06   1.6215469e-06   1.2159213e-06   9.1740054e-07   7.4121562e-07   5.7786360e-07   4.9532429e-07   3.5093848e-07   2.3170581e-07   1.6583122e-07   1.4111504e-07   1.0899881e-07   5.8553734e-08   2.0252804e-08   1.4220626e-08
   0.0000000e+00   0.0000000e+00   1.4764000e-06   2.6114080e-06   3.2491914e-06   3.2679118e-06   3.6743843e-06   3.2430887e-06   2.3531770e-06   1.6043197e-06   1.2398104e-06   9.3974336e-07   7.6789814e-07   6.1449657e-07   4.0499822e-07   3.5315048e-07   2.7643895e-07   1.5546587e-07   1.4487252e-07   8.0261842e-08   6.6199313e-08   3.9659074e-08   6.0683547e-08
   0.0000000e+00   0.0000000e+00   1.4681148e-06   2.6248717e-06   3.2465639e-06   3.2592002e-06   3.7522113e-06   3.2804569e-06   2.3157370e-06   1.6422746e-06   1.1631683e-06   9.3892731e-07   7.1733854e-07   6.3947959e-07   4.5309571e-07   3.6499836e-07   2.1929270e-07   1.9934141e-07   1.0060121e-07   1.2899919e-07   7.0129289e-08   3.4897634e-09   3.3479733e-08
   0.0000000e+00   0.0000000e+00   1.4935549e-06   2.5964127e-06   3.2435858e-06   3.2433022e-06   3.6824813e-06   3.3166837e-06   2.3021951e-06   1.6230588e-06   1.2452992e-06   9.3981231e-07   7.4650114e-07   5.6845380e-07   4.7005764e-07   3.3848212e-07   2.3347171e-07   2.2551963e-07   9.3594629e-08   9.5763745e-08   7.5387845e-08   4.5621757e-08  -3.7349599e-09
   0.0000000e+00   0.0000000e+00   1.5059491e-06   2.6058090e-06   3.2219784e-06   3.3072540e-06   3.6567883e-06   3.2980063e-06   2.3259329e-06   1.6137251e-06   1.1749012e-06   9.5043174e-07   7.1194290e-07   6.2948527e-07   4.7367283e-07   3.2694334e-07   2.1955043e-07   2.0501255e-07   1.5182179e-07   4.8074021e-08   8.9210182e-08   1.8244133e-08   6.3467652e-08
   0.0000000e+00   0.0000000e+00   1.4881928e-06   2.6291739e-06   3.2414002e-06   3.2337257e-06   3.7416132e-06   3.2538692e-06   2.3383914e-06   1.6421276e-06   1.2117710e-06   8.9988924e-07   7.9152403e-07   5.4440324e-07   4.6390366e-07   3.5966517e-07   2.5016004e-07   1.7429014e-07   1.1881769e-07   1.2509805e-07   6.0849025e-08   2.5651781e-08   3.9510106e-09
   0.0000000e+00   0.0000000e+00   1.4582811e-06   2.5969955e-06   3.2695145e-06   3.2481846e-06   3.6908384e-06   3.2828204e-06   2.3380253e-06   1.5507126e-06   1.2401703e-06   9.5140530e-07   7.0623025e-07   6.1819003e-07   4.5539423e-07   3.1771827e-07   2.8535175e-07   1.5680723e-07   1.4720683e-07   9.7837081e-08   5.7992320e-08   6.9951035e-08  -1.8254666e-09
   0.0000000e+00   0.0000000e+00   1.4993842e-06   2.5991862e-06   3.2600008e-06   3.2258415e-06   3.7286702e-06   3.3116924e-06   2.2879999e-06   1.6683446e-06   1.1735023e-06   9.3664124e-07   7.1369897e-07   6.1363295e-07   4.7262139e-07   3.2630572e-07   2.5711188e-07   1.6984643e-07   1.7859833e-07   7.5311803e-08   8.0084675e-08   4.3624919e-08   2.4771088e-08
   0.0000000e+00   0.0000000e+00   1.5016980e-06   2.6098503e-06   3.2154087e-06   3.2855053e-06   3.6526621e-06   3.2878377e-06   2.3035250e-06   1.6377712e-06   1.1946451e-06   9.4841579e-07   7.7037214e-07   5.5285903e-07   4.6755576e-07   3.4188599e-07   2.6786643e-07   1.8476506e-07   1.1737048e-07   1.2179595e-07   6.7382196e-08   6.5804031e-08  -8.2022753e-09
   0.0000000e+00   0.0000000e+00   1.4726519e-06   2.6610751e-06   3.2053085e-06   3.2875332e-06   3.7204327e-06   3.2665789e-06   2.3244381e-06   1.6214664e-06   1.1760327e-06   9.0826705e-07   7.5023189e-07   6.1173114e-07   4.6208791e-07   3.6017531e-07   2.1841925e-07   1.9811895e-07   1.5900622e-07   9.3907303e-08   6.8304018e-08   5.7843973e-08   1.7718380e-08
   0.0000000e+00   0.0000000e+00   1.4497465e-06   2.5861166e-06   3.2685768e-06   3.2408168e-06   3.6918500e-06   3.2735836e-06   2.3263071e-06   1.5968913e-06   1.2691625e-06   9.1941837e-07   7.3138034e-07   5.9035193e-07   4.7226141e-07   3.3224961e-07   2.5760409e-07   2.0981847e-07   1.1944995e-07   1.2099262e-07   5.0440644e-08   5.9781826e-08   4.1121961e-08
   0.0000000e+00   0.0000000e+00   1.5309614e-06   2.5748629e-06   3.2666494e-06   3.2330536e-06   3.6942861e-06   3.3033016e-06   2.3456009e-06   1.5270394e-06   1.2225081e-06   9.2572839e-07   7.3495687e-07   6.1909560e-07   4.2660136e-07   3.9244600e-07   2.5030650e-07   1.6553084e-07   1.2346052e-07   1.3878083e-07   1.0076532e-07   4.5353556e-09   1.9419206e-08
   0.0000000e+00   0.0000000e+00   1.4799841e-06   2.6381701e-06   3.2184614e-06   3.2874718e-06   3.6748754e-06   3.2645055e-06   2.3069581e-06   1.6705319e-06   1.1448315e-06   9.6136546e-07   7.5548564e-07   5.7402076e-07   4.7406095e-07   3.2460966e-07   2.7051786e-07   2.1091897e-07   1.4354234e-07   1.1299996e-07   1.5423597e-08   1.0925176e-07   2.1987702e-08
   0.0000000e+00   0.0000000e+00   1.4773103e-06   2.6235009e-06   3.2374251e-06   3.2478056e-06   3.7086743e-06   3.2698722e-06   2.2989962e-06   1.6428493e-06   1.1998889e-06   8.9812085e-07   7.0835762e-07   6.2148581e-07   4.8718243e-07   3.3811719e-07   2.6250149e-07   1.5145072e-07   1.8932899e-07   9.9829919e-08   8.0980186e-08   5.1067911e-08  -3.7145835e-09
   0.0000000e+00   0.0000000e+00   1.4711759e-06   2.6254434e-06   3.2290759e-06   3.2508583e-06   3.7189252e-06   3.2773480e-06   2.2974100e-06   1.5565099e-06   1.2315228e-06   9.3363406e-07   7.7587322e-07   5.6281652e-07   4.5657430e-07   3.2529923e-07   2.8125905e-07   2.1817033e-07   1.3230628e-07   9.9804616e-08   7.4541894e-08   8.6887482e-08  -2.7323577e-09
   0.0000000e+00   0.0000000e+00   1.5379161e-06   2.5475706e-06   3.2881949e-06   3.2416806e-06   3.6722749e-06   3.2646476e-06   2.3760599e-06   1.5745746e-06   1.2149616e-06   9.0554425e-07   6.9335408e-07   6.2264633e-07   4.6334247e-07   3.6357906e-07   2.5648228e-07   1.5947408e-07   1.6033458e-07   1.4808812e-07   4.9034714e-08   8.8185729e-08  -2.2789466e-08
   0.0000000e+00   0.0000000e+00   1.4700584e-06   2.6655778e-06   3.2027317e-06   3.2877358e-06   3.6728211e-06   3.2719772e-06   2.2973293e-06   1.6024669e-06   1.1973500e-06   9.2070059e-07   7.8958391e-07   5.6500983e-07   4.4967086e-07   3.4794155e-07   2.5500606e-07   1.9817172e-07   1.5676039e-07   1.1829321e-07   6.4565121e-08   6.3588388e-08   6.3102178e-08
   0.0000000e+00   0.0000000e+00   1.4580105e-06   2.6338935e-06   3.2398993e-06   3.2541261e-06   3.7065352e-06   3.2997086e-06   2.2876418e-06   1.6269404e-06   1.1650537e-06   9.5136386e-07   7.0042785e-07   6.0415113e-07   4.7467938e-07   3.4714344e-07   2.5591817e-07   2.0149022e-07   1.1366130e-07   1.3914340e-07   1.1763343e-07   1.8580872e-08   8.7747134e-09
   0.0000000e+00   0.0000000e+00   1.5112098e-06   2.5963820e-06   3.2521673e-06   3.2499877e-06   3.6804176e-06   3.2695764e-06   2.2940196e-06   1.6558496e-06   1.1807202e-06   9.4028320e-07   7.1997528e-07   5.9673891e-07   4.9145069e-07   3.2035047e-07   2.2825094e-07   2.7244704e-07   1.0877963e-07   1.0912022e-07   6.9922180e-08   7.8718188e-08   5.2283731e-08
   0.0000000e+00   0.0000000e+00   1.5123192e-06   2.5870629e-06   3.2647001e-06   3.2397900e-06   3.7325233e-06   3.2582780e-06   2.3323569e-06   1.5535104e-06   1.2330739e-06   9.1416752e-07   7.5967580e-07   5.8534954e-07   4.4937173e-07   3.9600994e-07   2.2919038e-07   1.8501578e-07   1.5873482e-07   1.2200810e-07   9.4115563e-08   2.0593481e-08   2.8010552e-08
   0.0000000e+00   0.0000000e+00   1.4551132e-06   2.6370451e-06   3.2276230e-06   3.2631822e-06   3.6860313e-06   3.2892340e-06   2.3347725e-06   1.5949309e-06   1.2079499e-06   9.2532986e-07   7.5636461e-07   6.0770373e-07   4.5336267e-07   3.4926299e-07   2.8064818e-07   1.8434068e-07   1.4631409e-07   1.1549730e-07   7.9869913e-08   3.5676710e-08   5.0190224e-08
   0.0000000e+00   0.0000000e+00   1.4952752e-06   2.6492621e-06   3.2317046e-06   3.2537630e-06   3.6719541e-06   3.2806333e-06   2.3099124e-06   1.6327227e-06   1.2002763e-06   9.2498999e-07   7.2539200e-07   6.1103572e-07   4.8682347e-07   3.4485626e-07   2.5612843e-07   2.0084290e-07   1.6134851e-07   1.0027956e-07   6.5105425e-08   7.6768607e-08  -1.5160072e-08
   0.0000000e+00   0.0000000e+00   1.5022732e-06   2.5692650e-06   3.2635348e-06   3.2936091e-06   3.6748063e-06   3.2815508e-06   2.3135556e-06   1.5972963e-06   1.1878000e-06   9.8877649e-07   7.1574738e-07   6.0457558e-07   4.8828554e-07   3.1797163e-07   2.9781418e-07   1.9561563e-07   1.3646361e-07   8.9039204e-08   1.2174438e-07   2.1584347e-08   1.1469135e-08
   0.0000000e+00   0.0000000e+00   1.5089286e-06   2.5961708e-06   3.2395337e-06   3.2318824e-06   3.7431760e-06   3.2779028e-06   2.2902448e-06   1.6481196e-06   1.1890490e-06   9.1639191e-07   7.5482114e-07   5.9431403e-07   4.9103534e-07   3.5147971e-07   2.6132116e-07   1.7254182e-07   1.9075728e-07   9.3609117e-08   5.8009871e-08   8.0460595e-08   8.3259877e-10
   0.0000000e+00   0.0000000e+00   1.4572819e-06   2.6498806e-06   3.2306784e-06   3.2525320e-06   3.6757256e-06   3.2674236e-06   2.3463954e-06   1.5627683e-06   1.2507118e-06   9.0387846e-07   7.4556152e-07   6.2061730e-07   4.4700448e-07   3.6311371e-07   2.6686757e-07   1.8610132e-07   1.5328862e-07   1.2084197e-07   6.1272367e-08   4.3297717e-08   6.1931594e-08
   0.0000000e+00   0.0000000e+00   1.4713700e-06   2.6528094e-06   3.2379819e-06   3.2504329e-06   3.7003238e-06   3.2798464e-06   2.3279320e-06   1.5966748e-06   1.2137954e-06   8.9237619e-07   7.8614283e-07   5.7157621e-07   4.6875979e-07   3.6816346e-07   2.7150747e-07   1.7240393e-07   1.4696393e-07   1.0886120e-07   9.6630146e-08   4.6237744e-08  -6.5361903e-09
   0.0000000e+00   0.0000000e+00   1.5305403e-06   2.5310756e-06   3.2759924e-06   3.2734251e-06   3.6694171e-06   3.2799321e-06   2.3044347e-06   1.6238637e-06   1.1705597e-06   9.8942769e-07   7.1231761e-07   5.9261856e-07   5.0431004e-07   3.1648796e-07   2.4844419e-07   2.3469715e-07   1.2429548e-07   1.0224065e-07   9.1570385e-08   2.2191150e-08   7.5626332e-08
   0.0000000e+00   0.0000000e+00   1.4834280e-06   2.6332862e-06   3.2272210e-06   3.2517860e-06   3.7231416e-06   3.2885214e-06   2.2853610e-06   1.6464949e-06   1.1720678e-06   9.2615653e-07   7.3108635e-07   6.1083551e-07   4.7066385e-07   3.8283596e-07   2.1803464e-07   2.0181270e-07   1.5509607e-07   9.5107694e-08   8.2093479e-08   5.5464980e-08  -1.3802051e-09
   0.0000000e+00   0.0000000e+00   1.4827748e-06   2.6472819e-06   3.2243333e-06   3.2402274e-06   3.7032985e-06   3.2591633e-06   2.3370308e-06   1.5972233e-06   1.2124370e-06   9.6256770e-07   7.3356756e-07   6.1095506e-07   4.3898405e-07   3.5494122e-07   2.9675303e-07   1.8357028e-07   1.1831921e-07   1.2817560e-07   7.5815088e-08   4.0056129e-08   4.4842878e-08
   0.0000000e+00   0.0000000e+00   1.4712906e-06   2.6277239e-06   3.2438008e-06   3.2808582e-06   3.6704300e-06   3.2979237e-06   2.3186951e-06   1.5921947e-06   1.2286775e-06   8.8495881e-07   7.4644640e-07   6.4587630e-07   4.6230136e-07   3.6287096e-07   2.4480175e-07   1.8312727e-07   1.9161499e-07   6.6062569e-08   1.0917905e-07   3.5837882e-08   1.6096974e-08
   0.0000000e+00   0.0000000e+00   1.5076474e-06   2.5736181e-06   3.2799067e-06   3.2624885e-06   3.6944391e-06   3.2610949e-06   2.3445136e-06   1.5924369e-06   1.2217489e-06   9.7083694e-07   7.3469931e-07   5.8508590e-07   4.9020304e-07   3.6184855e-07   2.4674688e-07   2.2688235e-07   1.4773718e-07   8.7438245e-08   8.1305409e-08   6.6682439e-08   2.7094080e-08
   0.0000000e+00   0.0000000e+00   1.5004628e-06   2.6143259e-06   3.2460482e-06   3.2415369e-06   3.7091195e-06   3.3154229e-06   2.2764852e-06   1.6521831e-06   1.1740129e-06   9.3340674e-07   7.8492963e-07   5.4878592e-07   5.2587762e-07   3.4645137e-07   2.9711853e-07   1.5765265e-07   1.5521888e-07   1.2426678e-07   1.0606043e-07   1.4655799e-08   2.9178032e-08
   0.0000000e+00   0.0000000e+00   1.4847179e-06   2.6400110e-06   3.2189510e-06   3.2643879e-06   3.7392708e-06   3.2418202e-06   2.3172518e-06   1.6478372e-06   1.1922696e-06   9.4306529e-07   7.5627747e-07   6.4821796e-07   4.5325447e-07   3.3702901e-07   2.8861567e-07   2.1189007e-07   1.6661376e-07   9.0710230e-08   7.9447211e-08   2.7884942e-08   1.0127204e-07
   0.0000000e+00   0.0000000e+00   1.4776349e-06   2.6214555e-06   3.2445860e-06   3.2815697e-06   3.6657984e-06   3.2875153e-06   2.3530354e-06   1.5748301e-06   1.2536112e-06   9.1750900e-07   7.2556895e-07   6.1722199e-07   5.0408755e-07   3.6487327e-07   2.6894816e-07   1.9479732e-07   1.4359762e-07   1.3555469e-07   9.4458542e-08   2.9359610e-08   3.9477324e-09
   0.0000000e+00   0.0000000e+00   1.5096304e-06   2.5992931e-06   3.2822136e-06   3.2399616e-06   3.6901206e-06   3.3228484e-06   2.3170646e-06   1.5724517e-06   1.2317066e-06   9.5535779e-07   7.5496934e-07   6.1837454e-07   4.4948555e-07   3.8762371e-07   2.6062554e-07   2.2404488e-07   1.6876722e-07   7.5767531e-08   1.0030566e-07   6.3338661e-08   3.6655557e-08
   0.0000000e+00   0.0000000e+00   1.4487172e-06   2.6310245e-06   3.2228627e-06   3.2568453e-06   3.7312504e-06   3.2387484e-06   2.3445625e-06   1.6349253e-06   1.2165643e-06   9.1342605e-07   7.5367507e-07   6.3793095e-07   4.5835202e-07   4.0934231e-07   2.2746251e-07   2.1952370e-07   1.7143387e-07   1.1683287e-07   8.9436170e-08   3.2525151e-08   5.6378504e-08
   0.0000000e+00   0.0000000e+00   1.5092570e-06   2.5982790e-06   3.2436869e-06   3.2447006e-06   3.7233413e-06   3.2755206e-06   2.2755119e-06   1.6549561e-06   1.1909411e-06   9.4636727e-07   7.6650224e-07   5.9706446e-07   4.7594759e-07   3.8166047e-07   2.7931438e-07   1.9607586e-07   1.5608767e-07   1.2216920e-07   9.2936624e-08   4.9272625e-08   2.4712833e-08
   0.0000000e+00   0.0000000e+00   1.5074195e-06   2.6165542e-06   3.2346595e-06   3.2946036e-06   3.6517076e-06   3.3064873e-06   2.3580856e-06   1.5661932e-06   1.2195613e-06   9.5405176e-07   7.5293485e-07   6.0625871e-07   4.9971624e-07   3.2841552e-07   3.0330719e-07   1.9530846e-07   1.4166945e-07   1.5044033e-07   5.0816070e-08   6.5156748e-08   4.0080305e-08
   0.0000000e+00   0.0000000e+00   1.4636024e-06   2.6138835e-06   3.2700893e-06   3.2072944e-06   3.7079344e-06   3.2747005e-06   2.3325456e-06   1.6085884e-06   1.2307534e-06   9.2439672e-07   7.4160022e-07   6.1104066e-07   5.0176374e-07   3.3980331e-07   2.9790758e-07   1.7822482e-07   1.7082189e-07   9.5688698e-08   1.0494630e-07   2.9209103e-08   4.7267232e-08
   0.0000000e+00   0.0000000e+00   1.4794839e-06   2.5940153e-06   3.2360319e-06   3.2712771e-06   3.7062136e-06   3.2743933e-06   2.2647207e-06   1.6447908e-06   1.2051577e-06   8.9806747e-07   8.1235112e-07   5.8194689e-07   4.7691168e-07   3.4350953e-07   2.7847864e-07   2.1219705e-07   1.3783210e-07   1.3209302e-07   5.4553833e-08   7.2902886e-08   3.6153294e-09
   0.0000000e+00   0.0000000e+00   1.4910673e-06   2.6332714e-06   3.2072439e-06   3.2703181e-06   3.6909348e-06   3.2744861e-06   2.3472746e-06   1.5925523e-06   1.2250491e-06   9.3400837e-07   7.1814588e-07   6.1441841e-07   4.7664298e-07   3.7503668e-07   2.4566620e-07   1.7546965e-07   1.8992309e-07   7.3962212e-08   1.0125046e-07   6.3029582e-08  -1.9899892e-08
   0.0000000e+00   0.0000000e+00   1.5076944e-06   2.5949851e-06   3.2714283e-06   3.2361877e-06   3.6557021e-06   3.3111992e-06   2.3136149e-06   1.5943554e-06   1.1743997e-06   1.0018128e-06   6.8393865e-07   6.1422986e-07   4.8334067e-07   3.4411227e-07   2.3940152e-07   2.2629537e-07   1.3035155e-07   9.8022646e-08   9.1631378e-08   4.2765674e-08   3.3633317e-08
   0.0000000e+00   0.0000000e+00   1.4886609e-06   2.5998247e-06   3.2300154e-06   3.2772073e-06   3.7033299e-06   3.2464293e-06   2.3272864e-06   1.6096403e-06   1.1921554e-06   9.3106036e-07   7.3953100e-07   6.1178980e-07   4.1525283e-07   3.6474410e-07   2.6208363e-07   1.9992086e-07   1.0820396e-07   1.2399963e-07   8.8532353e-08   5.0850968e-08  -1.7866057e-08
   0.0000000e+00   0.0000000e+00   1.4626596e-06   2.6272858e-06   3.2286187e-06   3.2283638e-06   3.7330594e-06   3.2623495e-06   2.3029243e-06   1.6609685e-06   1.1603225e-06   9.1046343e-07   7.4432108e-07   6.1111928e-07   4.5253714e-07   3.3521326e-07   2.3756790e-07   2.0226099e-07   1.2939013e-07   1.2394953e-07   5.9273013e-08   3.7764906e-08   7.4100726e-08
   0.0000000e+00   0.0000000e+00   1.4875051e-06   2.6143928e-06   3.2604314e-06   3.2542346e-06   3.6611696e-06   3.3112731e-06   2.2873601e-06   1.5935370e-06   1.2425174e-06   9.0134057e-07   7.5693515e-07   5.1994186e-07   5.1381471e-07   3.3618915e-07   2.1599372e-07   2.2383689e-07   1.0712343e-07   1.1911772e-07   7.4208060e-08   4.0609329e-08   3.7415017e-08
   0.0000000e+00   0.0000000e+00   1.4946319e-06   2.6198895e-06   3.2262183e-06   3.2802345e-06   3.6930242e-06   3.2711025e-06   2.3492062e-06   1.5673602e-06   1.2104874e-06   9.6072142e-07   6.9291485e-07   5.9600700e-07   4.6699336e-07   3.2359063e-07   2.3541749e-07   2.1420664e-07   1.0976476e-07   1.1060838e-07   9.5340077e-08   2.5484963e-08   1.4768466e-08
   0.0000000e+00   0.0000000e+00   1.4928654e-06   2.5976444e-06   3.2345304e-06   3.2511641e-06   3.7196412e-06   3.2618323e-06   2.3259752e-06   1.6391018e-06   1.1719253e-06   9.1231641e-07   7.5185534e-07   5.9334224e-07   4.6433362e-07   3.0895444e-07   2.8063096e-07   1.5863679e-07   1.5331959e-07   1.0636207e-07   4.7991545e-08   6.8691200e-08   3.2276247e-08
   0.0000000e+00   0.0000000e+00   1.4997775e-06   2.6232522e-06   3.2533694e-06   3.2553849e-06   3.6849285e-06   3.3067370e-06   2.3081770e-06   1.6051408e-06   1.2119372e-06   9.3569531e-07   7.2945659e-07   6.1016925e-07   3.9757552e-07   4.0031685e-07   2.6185586e-07   1.3018632e-07   1.8336976e-07   9.8453548e-08   6.1312015e-08   6.1271550e-08   9.3233297e-09
   0.0000000e+00   0.0000000e+00   1.4433971e-06   2.6211339e-06   3.2481507e-06   3.2742305e-06   3.6939384e-06   3.2795906e-06   2.3245605e-06   1.6241049e-06   1.1957087e-06   9.3296472e-07   7.4398838e-07   5.9019362e-07   4.7437132e-07   3.2282784e-07   2.6756993e-07   1.6459056e-07   1.8799052e-07   7.6511334e-08   7.4993494e-08   8.5515524e-08  -3.3865238e-08
   0.0000000e+00   0.0000000e+00   1.5345775e-06   2.5809247e-06   3.2520441e-06   3.2515989e-06   3.7038751e-06   3.2832629e-06   2.3149646e-06   1.6167864e-06   1.2192241e-06   9.2316486e-07   7.1430111e-07   6.2544439e-07   4.7729924e-07   3.4234472e-07   2.3865920e-07   1.9978152e-07   1.5771138e-07   7.6518717e-08   1.0801502e-07   5.8461914e-08   7.0960762e-09
   0.0000000e+00   0.0000000e+00   1.4778144e-06   2.6429486e-06   3.2203059e-06   3.2677767e-06   3.7297184e-06   3.2581097e-06   2.3379419e-06   1.5972215e-06   1.2070420e-06   9.3112527e-07   7.9359177e-07   5.4192458e-07   4.9067864e-07   3.4146515e-07   2.8928025e-07   1.6625985e-07   1.5038711e-07   1.1727250e-07   5.4036388e-08   7.6913643e-08   3.1182552e-08
   0.0000000e+00   0.0000000e+00   1.4564179e-06   2.6196458e-06   3.2827775e-06   3.2079136e-06   3.7001944e-06   3.3186295e-06   2.3105843e-06   1.6149394e-06   1.2341393e-06   8.9786255e-07   7.6569194e-07   6.2402017e-07   4.5411713e-07   3.4474260e-07   2.7511049e-07   1.8537554e-07   1.3304501e-07   1.5672238e-07   2.2300037e-08   4.5914820e-08   8.3262044e-08
   0.0000000e+00   0.0000000e+00   1.5245683e-06   2.5663276e-06   3.2297301e-06   3.3265428e-06   3.6370971e-06   3.2827509e-06   2.3237953e-06   1.6112634e-06   1.2100313e-06   9.4802044e-07   7.3567202e-07   5.8879880e-07   5.2483239e-07   3.3318145e-07   2.6521948e-07   2.0800150e-07   9.9623847e-08   1.3806209e-07   7.8380481e-08   1.7365517e-08   4.5727013e-08
   0.0000000e+00   0.0000000e+00   1.4845212e-06   2.6376092e-06   3.2332466e-06   3.2498838e-06   3.7310481e-06   3.2750052e-06   2.3052908e-06   1.6127865e-06   1.1969126e-06   9.6580914e-07   7.2473858e-07   6.3408902e-07   4.4475300e-07   3.8704874e-07   2.4123210e-07   2.2654221e-07   1.2998936e-07   6.8539151e-08   1.3174250e-07   1.4134527e-08  -9.2717229e-09
   0.0000000e+00   0.0000000e+00   1.4776912e-06   2.6328246e-06   3.2384894e-06   3.2274040e-06   3.7133170e-06   3.2672710e-06   2.3372443e-06   1.6314920e-06   1.1870454e-06   9.3040035e-07   7.7259779e-07   6.1031449e-07   4.7106462e-07   3.7302837e-07   2.0959476e-07   2.5379137e-07   1.4359826e-07   7.3052917e-08   7.5616185e-08   3.9663302e-08   5.0683731e-08
   0.0000000e+00   0.0000000e+00   1.4607920e-06   2.6230289e-06   3.2589971e-06   3.2279652e-06   3.6974207e-06   3.2962125e-06   2.2712741e-06   1.6253601e-06   1.2228614e-06   9.2720967e-07   7.3945915e-07   6.2799745e-07   4.4911556e-07   4.0956206e-07   2.6157747e-07   1.3017721e-07   1.9948436e-07   8.9827651e-08   4.4628568e-08   7.3712087e-08  -4.5491939e-09
   0.0000000e+00   0.0000000e+00   1.5092033e-06   2.5566565e-06   3.2535334e-06   3.3111446e-06   3.6744480e-06   3.2660714e-06   2.3456362e-06   1.5814786e-06   1.2097656e-06   9.5631276e-07   7.4294189e-07   6.0337550e-07   4.8045820e-07   3.2858051e-07   2.9954882e-07   1.8739607e-07   1.1177879e-07   1.3231781e-07   7.6504605e-08  -3.5695116e-09   5.1675354e-08
   0.0000000e+00   0.0000000e+00   1.5294949e-06   2.6315031e-06   3.2361493e-06   3.2400162e-06   3.6914964e-06   3.2988942e-06   2.2916695e-06   1.6549653e-06   1.1844759e-06   9.3519435e-07   7.5229809e-07   6.0250812e-07   5.1659168e-07   3.1722340e-07   2.6098016e-07   2.0086328e-07   1.3410856e-07   8.8159609e-08   8.1035111e-08   6.3544981e-08  -3.9319808e-08
   0.0000000e+00   0.0000000e+00   1.4204946e-06   2.6463313e-06   3.2424730e-06   3.2476860e-06   3.7225698e-06   3.2463590e-06   2.3365478e-06   1.5894475e-06   1.1777602e-06   9.8504142e-07   7.5274880e-07   5.6925978e-07   5.1626807e-07   3.2584572e-07   2.6997739e-07   1.9727125e-07   1.3362971e-07   8.6653834e-08   6.1637195e-08   4.6014353e-08   5.7205124e-08
   0.0000000e+00   0.0000000e+00   1.5125767e-06   2.6047669e-06   3.2303819e-06   3.2509595e-06   3.7202651e-06   3.2967041e-06   2.3023526e-06   1.6291471e-06   1.2254511e-06   8.6430538e-07   7.9735861e-07   5.9797009e-07   4.5972004e-07   3.8380375e-07   2.3210811e-07   1.8760335e-07   1.3788200e-07   1.2819108e-07   4.8644061e-08   2.0148034e-08   4.7423807e-08
   0.0000000e+00   0.0000000e+00   1.5129930e-06   2.5861798e-06   3.2744351e-06   3.2877219e-06   3.6223521e-06   3.3104659e-06   2.3030991e-06   1.5939712e-06   1.2677413e-06   9.2757625e-07   6.9639179e-07   6.9188678e-07   4.2028418e-07   3.5899740e-07   2.6844026e-07   1.6705611e-07   1.6562717e-07   6.8591142e-08   9.1381516e-08   5.0474696e-08  -4.0528381e-09
   0.0000000e+00   0.0000000e+00   1.4553062e-06   2.6486302e-06   3.2428225e-06   3.2489538e-06   3.7427383e-06   3.2622154e-06   2.3301941e-06   1.5944798e-06   1.1796412e-06   9.6806855e-07   7.5330342e-07   5.7531031e-07   4.9505860e-07   3.6533012e-07   2.3559990e-07   2.1914033e-07   9.9631947e-08   1.2169914e-07   7.3010916e-08   3.8046373e-08   2.7184360e-08
   0.0000000e+00   0.0000000e+00   1.5110833e-06   2.5823601e-06   3.2550761e-06   3.2269936e-06   3.7222183e-06   3.2640162e-06   2.3479447e-06   1.6161587e-06   1.1803536e-06   9.7485099e-07   7.3259395e-07   6.0472536e-07   4.4956863e-07   3.8249073e-07   2.3211071e-07   1.9122558e-07   1.4860872e-07   1.0226630e-07   6.5266001e-08   3.6294285e-08   4.4019991e-08
   0.0000000e+00   0.0000000e+00   1.4828331e-06   2.6295461e-06   3.2583796e-06   3.2720677e-06   3.6827862e-06   3.2637176e-06   2.3050343e-06   1.6583948e-06   1.1789432e-06   8.9484013e-07   7.9075664e-07   6.0358133e-07   4.7985395e-07   3.2136546e-07   2.7240335e-07   1.8170670e-07   1.2949744e-07   1.2179703e-07   3.6180676e-08   6.9534295e-08   7.3260070e-10
   0.0000000e+00   0.0000000e+00   1.4976625e-06   2.6271832e-06   3.2212924e-06   3.2871142e-06   3.7004122e-06   3.3204742e-06   2.2763747e-06   1.5871677e-06   1.2804194e-06   8.9123375e-07   7.4295531e-07   5.9493192e-07   4.7782873e-07   3.4899597e-07   2.4234814e-07   2.0250739e-07   1.1872101e-07   1.0512523e-07   8.0887148e-08   2.1340584e-08   3.0092263e-08
   0.0000000e+00   0.0000000e+00   1.4746624e-06   2.5911547e-06   3.2475898e-06   3.2590954e-06   3.6635370e-06   3.3162930e-06   2.3360290e-06   1.5609987e-06   1.2342700e-06   9.5342693e-07   7.1079654e-07   5.9505743e-07   4.8315979e-07   3.3698271e-07   2.4821679e-07   1.9235614e-07   1.5010404e-07   7.0937560e-08   8.1775703e-08   4.4337057e-08   1.8510084e-08
   0.0000000e+00   0.0000000e+00   1.4644660e-06   2.6458231e-06   3.2512687e-06   3.2376361e-06   3.7401194e-06   3.2180610e-06   2.3362497e-06   1.6805496e-06   1.1041685e-06   9.5636278e-07   7.6697921e-07   6.0318803e-07   4.4090652e-07   3.6477306e-07   2.4147340e-07   1.8309645e-07   1.5711936e-07   8.9936023e-08   6.5930607e-08   4.5288889e-08   2.3628054e-08
   0.0000000e+00   0.0000000e+00   1.5560078e-06   2.5531447e-06   3.2601567e-06   3.2724979e-06   3.6769782e-06   3.3025942e-06   2.3266100e-06   1.5823503e-06   1.2565110e-06   9.0472861e-07   7.3943767e-07   5.9489497e-07   4.4372385e-07   3.6516698e-07   2.6514195e-07   1.7168016e-07   1.2700734e-07   1.1087825e-07   1.0952500e-07   2.0548534e-09   2.7370579e-08
   0.0000000e+00   0.0000000e+00   1.4526510e-06   2.6576504e-06   3.2110756e-06   3.2426738e-06   3.7157533e-06   3.3160734e-06   2.2763404e-06   1.6223664e-06   1.1997357e-06   9.5962150e-07   7.0274240e-07   6.2047127e-07   4.8280356e-07   3.1522026e-07   2.5911737e-07   1.9750803e-07   1.4243714e-07   1.0945735e-07   4.8339050e-08   5.9552637e-08   4.8309943e-08
   0.0000000e+00   0.0000000e+00   1.4460113e-06   2.6139658e-06   3.2484998e-06   3.2752530e-06   3.6813417e-06   3.2462876e-06   2.3712421e-06   1.6039056e-06   1.2187705e-06   9.2678772e-07   7.5790024e-07   5.6404093e-07   4.9625999e-07   3.4296147e-07   2.4706733e-07   1.8753410e-07   1.6031120e-07   7.4256398e-08   8.9310745e-08   5.0334652e-08   1.6627089e-08
   0.0000000e+00   0.0000000e+00   1.5009363e-06   2.5929210e-06   3.2401347e-06   3.2578109e-06   3.7317232e-06   3.2479522e-06   2.3334023e-06   1.6400967e-06   1.1815536e-06   9.2302668e-07   7.8557326e-07   5.7899598e-07   4.6466738e-07   3.6002371e-07   2.3027629e-07   2.0563203e-07   1.3399831e-07   1.0926421e-07   1.0130788e-07   3.8101913e-09   4.2196543e-08
   0.0000000e+00   0.0000000e+00   1.5069476e-06   2.6085229e-06   3.2308135e-06   3.2039511e-06   3.7338159e-06   3.3164611e-06   2.3106666e-06   1.6085659e-06   1.2143157e-06   9.6139422e-07   7.2292210e-07   6.1113707e-07   4.6226461e-07   3.3090635e-07   2.7756022e-07   1.8218516e-07   1.5848160e-07   8.6258041e-08   6.1411818e-08   6.3893637e-08   4.6904219e-08
   0.0000000e+00   0.0000000e+00   1.4672968e-06   2.5993295e-06   3.2645007e-06   3.3037529e-06   3.5771436e-06   3.3493614e-06   2.3256562e-06   1.5882907e-06   1.2899727e-06   9.1450187e-07   7.0853298e-07   6.3260342e-07   4.6076926e-07   3.6475561e-07   2.4664007e-07   1.6454429e-07   1.4077601e-07   1.2501722e-07   8.9040320e-08   2.8660063e-08   7.9741662e-09
   0.0000000e+00   0.0000000e+00   1.4783596e-06   2.5977238e-06   3.2242167e-06   3.2716146e-06   3.7693442e-06   3.2180296e-06   2.3343716e-06   1.6519679e-06   1.1614516e-06   9.6218582e-07   7.8781653e-07   6.0177786e-07   4.2974321e-07   3.4717200e-07   2.5603012e-07   2.0731387e-07   1.4373029e-07   7.2968469e-08   1.0477654e-07   2.1896126e-08   5.9248681e-08
   0.0000000e+00   0.0000000e+00   1.4572043e-06   2.6333994e-06   3.1736797e-06   3.2538903e-06   3.6995700e-06   3.3064377e-06   2.3425648e-06   1.6286285e-06   1.2020304e-06   9.6872520e-07   7.1311712e-07   5.9836742e-07   4.9517030e-07   3.6112147e-07   2.2446089e-07   1.7490366e-07   1.5389975e-07   1.1616856e-07   5.2192725e-08   6.9108182e-08   3.5718378e-10
   0.0000000e+00   0.0000000e+00   1.5390108e-06   2.5736608e-06   3.3180718e-06   3.1734469e-06   3.7266745e-06   3.2662172e-06   2.3331947e-06   1.6066857e-06   1.2718623e-06   8.9495518e-07   7.9540138e-07   5.7488643e-07   4.7814655e-07   3.2916009e-07   2.5700220e-07   2.0833414e-07   1.3066470e-07   8.2432393e-08   8.8449646e-08   5.3590320e-08   2.7229964e-08
   0.0000000e+00   0.0000000e+00   1.4111080e-06   2.6050075e-06   3.2361954e-06   3.3150800e-06   3.6491281e-06   3.3201013e-06   2.3317698e-06   1.6252856e-06   1.1752699e-06   9.8258408e-07   7.1644718e-07   6.2957810e-07   4.6896628e-07   3.1327323e-07   2.7772498e-07   1.9204445e-07   1.0396553e-07   1.6270101e-07   5.5920232e-08   1.4094652e-08   6.0613310e-08
   0.0000000e+00   0.0000000e+00   1.5324267e-06   2.5827758e-06   3.1814093e-06   3.2646396e-06   3.7111224e-06   3.2754067e-06   2.3314826e-06   1.6302705e-06   1.2505591e-06   9.1903303e-07   7.4626678e-07   5.9707054e-07   4.4348496e-07   3.8718727e-07   2.3937284e-07   1.5636439e-07   1.8948634e-07   6.4164965e-08   9.5880480e-08   6.4093058e-08  -4.2398645e-09
   0.0000000e+00   0.0000000e+00   1.4632353e-06   2.6483553e-06   3.2205544e-06   3.2267374e-06   3.7260131e-06   3.2952742e-06   2.2879008e-06   1.6705820e-06   1.1631034e-06   9.9129488e-07   7.1851019e-07   5.9466589e-07   4.8564499e-07   3.3007137e-07   2.2245057e-07   2.4196382e-07   1.0799509e-07   1.2436631e-07   4.9715556e-08   6.4167963e-08   3.9340907e-08
   0.0000000e+00   0.0000000e+00   1.4738121e-06   2.5573506e-06   3.3169640e-06   3.2201131e-06   3.6780698e-06   3.2993173e-06   2.3643611e-06   1.5917733e-06   1.2422083e-06   9.1868287e-07   7.4344479e-07   6.1507029e-07   4.2260703e-07   3.6401917e-07   2.4133573e-07   1.7730727e-07   1.6017592e-07   6.4416760e-08   1.3493633e-07   9.6668673e-09  -4.9854880e-09
   0.0000000e+00   0.0000000e+00   1.4684465e-06   2.6300197e-06   3.1584239e-06   3.3157708e-06   3.6551701e-06   3.3160675e-06   2.2952440e-06   1.6404283e-06   1.2065219e-06   9.3570287e-07   7.4987213e-07   5.9025297e-07   4.5636057e-07   3.2194319e-07   2.7057547e-07   1.7465068e-07   1.2416608e-07   1.0881607e-07   6.8147109e-08   4.9157105e-08   2.9076679e-08
   0.0000000e+00   0.0000000e+00   1.5107806e-06   2.5929824e-06   3.2472897e-06   3.2195367e-06   3.7795724e-06   3.2131102e-06   2.3812181e-06   1.5986105e-06   1.2308085e-06   9.2508640e-07   7.3382085e-07   5.6364343e-07   4.9344607e-07   3.1663822e-07   2.5730637e-07   1.5837254e-07   1.3609161e-07   1.3109755e-07   2.1233006e-08   5.6177790e-08   4.2971891e-08
   0.0000000e+00   0.0000000e+00   1.4597859e-06   2.6181367e-06   3.2208191e-06   3.2620419e-06   3.6508136e-06   3.3477936e-06   2.2692843e-06   1.6565191e-06   1.1974662e-06   9.3851844e-07   7.4769332e-07   6.0095238e-07   4.2157504e-07   3.3325898e-07   2.5017883e-07   1.7454562e-07   1.5603409e-07   4.3166001e-08   1.0114594e-07   4.4886676e-08  -1.5169670e-08
   0.0000000e+00   0.0000000e+00   1.5062475e-06   2.5372444e-06   3.3100448e-06   3.2056873e-06   3.7186271e-06   3.2545040e-06   2.3671566e-06   1.5955765e-06   1.1896228e-06   9.4142115e-07   7.2852322e-07   5.3998832e-07   5.5075412e-07   2.6681991e-07   2.6117237e-07   1.6739580e-07   1.1953315e-07   1.1018327e-07   5.8700358e-08   3.0080198e-08   2.9528307e-08
   0.0000000e+00   0.0000000e+00   1.4530565e-06   2.6770435e-06   3.1657039e-06   3.3193382e-06   3.6489541e-06   3.3268241e-06   2.2992049e-06   1.6142349e-06   1.2477479e-06   8.9696749e-07   7.5068533e-07   6.2772398e-07   3.6015268e-07   4.0937678e-07   1.9455449e-07   1.7657374e-07   1.7223398e-07   4.1361574e-08   5.0112693e-08   9.8648222e-08  -4.1724054e-08
   0.0000000e+00   0.0000000e+00   1.5020315e-06   2.5927395e-06   3.2121284e-06   3.2527030e-06   3.7381237e-06   3.2396783e-06   2.3565208e-06   1.6101343e-06   1.1792052e-06   9.6587007e-07   7.0981685e-07   5.7151709e-07   4.7933958e-07   3.3159253e-07   2.6823628e-07   1.3492497e-07   1.0080167e-07   1.4278523e-07   5.0162431e-08  -1.4860881e-08   7.3018406e-08
   0.0000000e+00   0.0000000e+00   1.4484432e-06   2.5969232e-06   3.2851083e-06   3.2058776e-06   3.7017210e-06   3.3013266e-06   2.2759443e-06   1.6531808e-06   1.1955518e-06   9.1227190e-07   7.7019013e-07   6.1731203e-07   4.1720520e-07   3.3434432e-07   2.2666342e-07   2.2505078e-07   1.1722984e-07   4.6891646e-08   6.9689030e-08   6.6914993e-08  -3.4511544e-08
   0.0000000e+00   0.0000000e+00   1.5367345e-06   2.5688071e-06   3.2615137e-06   3.2755006e-06   3.6827632e-06   3.2859609e-06   2.3648361e-06   1.5890234e-06   1.2323358e-06   9.1167720e-07   7.1017860e-07   5.8506089e-07   5.0261582e-07   3.4210532e-07   2.3121277e-07   1.7256026e-07   9.3144337e-08   1.5239914e-07   3.2693276e-08   1.9899653e-08   2.5926676e-08
   0.0000000e+00   0.0000000e+00   1.4585853e-06   2.6559594e-06   3.1897584e-06   3.2682776e-06   3.7021946e-06   3.3157960e-06   2.2573047e-06   1.6490279e-06   1.1801537e-06   9.5228654e-07   7.8651203e-07   5.6578858e-07   4.4990247e-07   3.5265623e-07   2.1326451e-07   2.4285725e-07   1.0939769e-07   7.5761790e-08   3.8269903e-08   5.1499796e-08   5.2794817e-08
   0.0000000e+00   0.0000000e+00   1.4749049e-06   2.6064931e-06   3.2572286e-06   3.2444684e-06   3.7137879e-06   3.2496489e-06   2.3983441e-06   1.5543745e-06   1.2704518e-06   8.8153826e-07   7.2622652e-07   6.1022348e-07   4.7475595e-07   3.4824805e-07   2.8243787e-07   1.1026035e-07   1.5526713e-07   1.3263436e-07   1.9598032e-08   4.9874092e-08  -1.7260955e-08
   0.0000000e+00   0.0000000e+00   1.4800341e-06   2.6179316e-06   3.2400274e-06   3.2878434e-06   3.6765216e-06   3.3074834e-06   2.2962411e-06   1.6442352e-06   1.1616386e-06   9.9268607e-07   7.3693258e-07   6.0630043e-07   4.4319779e-07   3.5054728e-07   2.4270918e-07   2.3230558e-07   8.8454904e-08   1.0615979e-07   5.7101648e-08   4.0471299e-08   2.1117438e-08
   0.0000000e+00   0.0000000e+00   1.5242438e-06   2.5703830e-06   3.2805938e-06   3.2364410e-06   3.7260045e-06   3.2918526e-06   2.3299804e-06   1.6195262e-06   1.2175977e-06   9.0077134e-07   7.3825998e-07   6.0708959e-07   4.8521053e-07   3.3791449e-07   2.6270499e-07   1.5769163e-07   1.6562015e-07   8.0511789e-08   5.3020202e-08   7.1766763e-08  -3.9517392e-08
   0.0000000e+00   0.0000000e+00   1.4828861e-06   2.6717707e-06   3.1701009e-06   3.3169133e-06   3.6870383e-06   3.2622188e-06   2.3184766e-06   1.6573193e-06   1.1931801e-06   9.5916130e-07   7.3994386e-07   6.0526401e-07   4.3236790e-07   3.7237831e-07   2.4525971e-07   1.8600896e-07   1.3778430e-07   9.4688723e-08   5.1106245e-08   5.4083557e-08   2.1493298e-08
   0.0000000e+00   0.0000000e+00   1.4591777e-06   2.5943964e-06   3.3274664e-06   3.2068715e-06   3.7315588e-06   3.3345032e-06   2.3082919e-06   1.5690488e-06   1.2530447e-06   8.8662233e-07   7.5308253e-07   6.0878449e-07   4.7238044e-07   3.2451544e-07   2.6221747e-07   1.8388162e-07   1.1682358e-07   1.0186602e-07   6.3961338e-08   4.9212545e-08  -1.1908569e-08
   0.0000000e+00   0.0000000e+00   1.4967625e-06   2.5939785e-06   3.2326279e-06   3.2771247e-06   3.7056600e-06   3.2866292e-06   2.3562814e-06   1.6073666e-06   1.2084091e-06   9.7661132e-07   7.0214975e-07   6.1563509e-07   4.4570626e-07   3.6729190e-07   2.2903870e-07   1.8235458e-07   1.3615096e-07   1.0002886e-07   3.9876387e-08   6.0045444e-08   5.8179861e-09
   0.0000000e+00   0.0000000e+00   1.5315824e-06   2.6254229e-06   3.2519097e-06   3.2671576e-06   3.7057162e-06   3.2650037e-06   2.3438199e-06   1.6298391e-06   1.2084254e-06   9.1563726e-07   7.7569581e-07   5.3204678e-07   5.2007601e-07   3.1298501e-07   2.7350134e-07   1.4985974e-07   1.3827763e-07   1.0791226e-07   4.8182248e-08   4.2097991e-08   1.5515216e-08
   0.0000000e+00   0.0000000e+00   1.4431168e-06   2.6262219e-06   3.2228781e-06   3.3226042e-06   3.6825502e-06   3.3188717e-06   2.2973295e-06   1.6839545e-06   1.1155336e-06   9.8500811e-07   7.4751972e-07   6.2171534e-07   4.2726754e-07   3.4746671e-07   2.2820417e-07   2.2556759e-07   1.1321615e-07   7.9899912e-08   5.9131050e-08   4.7811000e-08   2.5695801e-08
   0.0000000e+00   0.0000000e+00   1.4999334e-06   2.6280222e-06   3.2464945e-06   3.2179553e-06   3.7501788e-06   3.2789969e-06   2.3356001e-06   1.5953181e-06   1.2787178e-06   9.0461560e-07   7.2456282e-07   5.8007839e-07   4.9743551e-07   3.3168624e-07   2.7761558e-07   1.3122849e-07   1.5930183e-07   9.2713172e-08   6.5201910e-08   5.8361941e-08  -4.2371262e-08
   0.0000000e+00   0.0000000e+00   1.4773473e-06   2.5905470e-06   3.2776354e-06   3.2881339e-06   3.6624035e-06   3.3407955e-06   2.3152618e-06   1.5918108e-06   1.2318067e-06   9.4167513e-07   7.4894837e-07   6.0269235e-07   4.6015666e-07   3.3489894e-07   2.4454397e-07   2.0697226e-07   1.2950845e-07   8.1336026e-08   7.7184289e-08   4.0485499e-08   2.5235769e-08
   0.0000000e+00   0.0000000e+00   1.5198260e-06   2.6151006e-06   3.2638372e-06   3.2209853e-06   3.7745579e-06   3.2295336e-06   2.3747177e-06   1.6236366e-06   1.2060389e-06   9.1427091e-07   7.5114218e-07   6.1864836e-07   4.5088004e-07   3.5572725e-07   2.6642920e-07   1.4644755e-07   1.7456571e-07   7.8872894e-08   7.6625341e-08   6.1757689e-08  -1.7353315e-08
   0.0000000e+00   0.0000000e+00   1.4392017e-06   2.6344690e-06   3.2090318e-06   3.3378926e-06   3.6351346e-06   3.3294859e-06   2.2994795e-06   1.6325059e-06   1.1906000e-06   9.7125348e-07   7.2984301e-07   5.9133009e-07   4.8872442e-07   3.2116608e-07   2.7364831e-07   1.9282237e-07   1.2321347e-07   1.0288626e-07   7.4890593e-08   6.2557454e-08   1.0925387e-08
   0.0000000e+00   0.0000000e+00   1.5315412e-06   2.5985587e-06   3.2608693e-06   3.2396683e-06   3.7312682e-06   3.3060994e-06   2.3138316e-06   1.6331741e-06   1.1985204e-06   9.1957736e-07   7.5922355e-07   5.9635192e-07   4.8233937e-07   3.3288387e-07   2.3900276e-07   1.9841791e-07   1.6195553e-07   8.7809845e-08   6.2712417e-08   5.9913035e-08   4.2067246e-08
   0.0000000e+00   0.0000000e+00   1.4664029e-06   2.6350542e-06   3.2160124e-06   3.2951477e-06   3.7025463e-06   3.2395362e-06   2.3527170e-06   1.6144821e-06   1.1960007e-06   9.8235910e-07   6.8855280e-07   6.1019273e-07   4.5595760e-07   3.7406733e-07   2.6678970e-07   1.4422720e-07   1.3930205e-07   1.3046804e-07   8.7104652e-08   1.8693280e-08   4.5199123e-08
   0.0000000e+00   0.0000000e+00   1.4869200e-06   2.5987672e-06   3.2940741e-06   3.1976697e-06   3.7510624e-06   3.2991402e-06   2.3176251e-06   1.5521626e-06   1.2657501e-06   8.4129283e-07   8.2285823e-07   5.6420220e-07   4.5430050e-07   3.5913388e-07   2.3811221e-07   1.9771933e-07   1.4077358e-07   1.0118541e-07   6.6184761e-08   5.0782880e-08   5.0510906e-08
   0.0000000e+00   0.0000000e+00   1.4666200e-06   2.6474634e-06   3.2172472e-06   3.2953030e-06   3.6624242e-06   3.3023389e-06   2.3166826e-06   1.6591132e-06   1.1685451e-06   9.4371461e-07   7.0033741e-07   6.2262961e-07   4.5190217e-07   3.2705944e-07   2.6068429e-07   1.9087646e-07   1.2545357e-07   1.0149982e-07   8.1399996e-08   3.6732942e-08   2.6628360e-08
   0.0000000e+00   0.0000000e+00   1.5236482e-06   2.5546212e-06   3.2993846e-06   3.2530752e-06   3.7036966e-06   3.2789853e-06   2.3092246e-06   1.5957814e-06   1.2090734e-06   9.1383907e-07   7.3451503e-07   5.8723901e-07   4.5738400e-07   3.4339382e-07   2.3565583e-07   1.9361993e-07   1.4478019e-07   6.3214387e-08   9.9907297e-08   3.7336381e-08   9.2766488e-09
   0.0000000e+00   0.0000000e+00   1.4814857e-06   2.6384614e-06   3.2005946e-06   3.2822218e-06   3.7067236e-06   3.3025526e-06   2.2998936e-06   1.6228164e-06   1.1671654e-06   9.4814789e-07   7.2371034e-07   5.5451841e-07   4.8545388e-07   3.1662978e-07   2.6073846e-07   1.5464286e-07   1.5429751e-07   1.0448733e-07   5.1540130e-08   4.4909338e-08   2.5478540e-08
   0.0000000e+00   0.0000000e+00   1.5032196e-06   2.6126847e-06   3.2592172e-06   3.2439600e-06   3.7332641e-06   3.2391740e-06   2.3795262e-06   1.5648837e-06   1.2175225e-06   9.1438545e-07   7.0318839e-07   6.1670841e-07   4.1714304e-07   3.5996007e-07   2.5509439e-07   1.2904191e-07   1.6804299e-07   9.4278533e-08   5.9822824e-08   3.7760984e-08   4.0995722e-08
   0.0000000e+00   0.0000000e+00   1.4408760e-06   2.6606710e-06   3.2367125e-06   3.2779224e-06   3.6850865e-06   3.3104977e-06   2.2816685e-06   1.6191234e-06   1.2113434e-06   8.8926970e-07   7.6690935e-07   5.6446186e-07   4.4151278e-07   3.1114001e-07   2.6599545e-07   1.8590607e-07   1.2379650e-07   7.8828471e-08   8.7563471e-08   4.1650512e-08   1.5168096e-08
   0.0000000e+00   0.0000000e+00   1.5257924e-06   2.5587315e-06   3.2916985e-06   3.2391163e-06   3.7059551e-06   3.2896880e-06   2.3516895e-06   1.6081995e-06   1.1848263e-06   9.2835955e-07   7.0807590e-07   5.7176641e-07   4.9690715e-07   3.0443516e-07   2.2433888e-07   1.8128165e-07   1.3216768e-07   8.1632415e-08   9.3784877e-08   2.7546186e-08   2.6498228e-08
   0.0000000e+00   0.0000000e+00   1.4851407e-06   2.6253042e-06   3.2271141e-06   3.2844760e-06   3.7009154e-06   3.3246858e-06   2.2475544e-06   1.6596318e-06   1.1881682e-06   9.3387359e-07   7.3287288e-07   5.8687374e-07   4.2367307e-07   3.5971516e-07   1.9483576e-07   2.1165292e-07   1.2316529e-07   7.1924411e-08   7.6771862e-08   5.2826369e-08   7.0161326e-09
   0.0000000e+00   0.0000000e+00   1.5023264e-06   2.6161658e-06   3.2551754e-06   3.2523542e-06   3.7446739e-06   3.2487758e-06   2.3604177e-06   1.6147914e-06   1.2036752e-06   9.1585270e-07   7.2918516e-07   5.7793017e-07   4.5725622e-07   3.1369581e-07   2.6080619e-07   1.5801328e-07   7.6750332e-08   1.4247989e-07   8.5629907e-08  -2.6962226e-08   8.1583181e-08
   0.0000000e+00   0.0000000e+00   1.4528049e-06   2.6364721e-06   3.2474443e-06   3.2676337e-06   3.6687231e-06   3.3346284e-06   2.3245234e-06   1.5875330e-06   1.2211883e-06   9.4278880e-07   7.1675663e-07   6.2753981e-07   4.0497861e-07   3.3801206e-07   2.2107945e-07   1.8172975e-07   1.3173869e-07   6.4277963e-08   5.2412013e-08   4.7919333e-08   4.1753513e-08
   0.0000000e+00   0.0000000e+00   1.5063455e-06   2.5993456e-06   3.2465671e-06   3.2697462e-06   3.7196230e-06   3.2630055e-06   2.3598473e-06   1.6196201e-06   1.1964967e-06   9.3103961e-07   7.2496516e-07   5.6473368e-07   4.7943394e-07   3.4621689e-07   1.8501413e-07   1.8431646e-07   1.1176205e-07   9.5058262e-08   5.4283262e-08   1.5795587e-08   3.0356745e-08
   0.0000000e+00   0.0000000e+00   1.4823175e-06   2.6264511e-06   3.2376963e-06   3.2802409e-06   3.7061104e-06   3.3009817e-06   2.2954346e-06   1.6531046e-06   1.2042525e-06   9.4107531e-07   7.5229957e-07   5.7801162e-07   4.3652562e-07   3.3291062e-07   2.3543663e-07   1.5315860e-07   1.2899875e-07   4.0698261e-08   8.9910387e-08   6.7197901e-09   3.1180114e-08
   0.0000000e+00   0.0000000e+00   1.5039992e-06   2.5772622e-06   3.2638782e-06   3.2423391e-06   3.7218383e-06   3.2881794e-06   2.3189182e-06   1.6475295e-06   1.1902852e-06   9.1914450e-07   7.6001317e-07   5.7672543e-07   4.7312349e-07   2.9650792e-07   2.5016908e-07   1.6028910e-07   1.1930612e-07   6.7502349e-08   6.1732628e-08   1.1536973e-08   1.1937649e-08
