   0.0000000e+00   0.0000000e+00   2.3480545e-06   4.0950172e-06   4.9841206e-06   4.9454306e-06   5.5661894e-06   4.9844916e-06   3.4945379e-06   2.3835162e-06   1.8611361e-06   1.4059144e-06   1.0528021e-06   9.2061077e-07   6.2992922e-07   5.3930358e-07   3.4611801e-07   1.8603411e-07   2.0477090e-07   1.0047329e-07   8.0794742e-08   4.5716249e-08   1.2364250e-08
   0.0000000e+00   0.0000000e+00   2.3158918e-06   4.0507707e-06   4.9972855e-06   4.9890145e-06   5.5872015e-06   4.9108116e-06   3.5650869e-06   2.3655055e-06   1.8112912e-06   1.3960574e-06   1.1138059e-06   9.0424322e-07   6.9030000e-07   4.0288919e-07   4.6880956e-07   1.7013112e-07   2.3064210e-07   8.2612701e-08   6.9758919e-08   6.3605533e-08   2.0079193e-08
   0.0000000e+00   0.0000000e+00   2.3080636e-06   4.0977420e-06   4.9341529e-06   4.9691853e-06   5.6122326e-06   4.9107193e-06   3.4609029e-06   2.5148202e-06   1.8048220e-06   1.3683567e-06   1.1048219e-06   8.5246978e-07   7.2845859e-07   4.9657194e-07   3.4670529e-07   2.2419964e-07   2.2601836e-07   9.7612165e-08   1.2057886e-07   2.3528132e-08  -5.2521720e-09
   0.0000000e+00   0.0000000e+00   2.3881171e-06   4.0234736e-06   5.0118219e-06   4.9533182e-06   5.5893706e-06   4.9857958e-06   3.4419654e-06   2.4112367e-06   1.7917671e-06   1.4429152e-06   1.1319311e-06   8.5903071e-07   7.2647236e-07   4.5283392e-07   3.8412421e-07   2.5367152e-07   2.3181276e-07   5.0973235e-08   1.1775202e-07   8.1260303e-08   3.8950404e-08
   0.0000000e+00   0.0000000e+00   2.3537630e-06   4.0664390e-06   4.9814839e-06   4.9340515e-06   5.5885043e-06   4.9883174e-06   3.5040784e-06   2.4257542e-06   1.8133564e-06   1.3656630e-06   1.1027632e-06   8.5964336e-07   7.3626387e-07   5.2315278e-07   3.4291853e-07   2.4646371e-07   2.0912756e-07   1.6329257e-07   8.6369354e-08   2.9273403e-08   2.1732411e-08
   0.0000000e+00   0.0000000e+00   2.3264151e-06   4.0567570e-06   4.9902023e-06   4.9707533e-06   5.5445935e-06   4.8758466e-06   3.5299504e-06   2.3998589e-06   1.8486961e-06   1.3999123e-06   1.1421047e-06   9.1448726e-07   6.0239040e-07   5.2430141e-07   4.1174448e-07   2.2982438e-07   2.1629725e-07   1.1854066e-07   9.9375349e-08   5.8107261e-08   9.1397403e-08
   0.0000000e+00   0.0000000e+00   2.3096841e-06   4.0815971e-06   4.9834630e-06   4.9593145e-06   5.6611852e-06   4.9314922e-06   3.4740569e-06   2.4550950e-06   1.7356276e-06   1.3962735e-06   1.0676149e-06   9.5184390e-07   6.7384957e-07   5.4326910e-07   3.2448122e-07   2.9784962e-07   1.4727421e-07   1.9408228e-07   1.0335570e-07   5.6685296e-09   4.8818254e-08
   0.0000000e+00   0.0000000e+00   2.3513187e-06   4.0354703e-06   4.9813884e-06   4.9346659e-06   5.5567507e-06   4.9877294e-06   3.4518473e-06   2.4294641e-06   1.8554423e-06   1.4005133e-06   1.1094488e-06   8.4496685e-07   7.0004052e-07   5.0294352e-07   3.4706369e-07   3.3400335e-07   1.4075034e-07   1.4008468e-07   1.1423700e-07   6.4973513e-08  -3.5366607e-09
   0.0000000e+00   0.0000000e+00   2.3670591e-06   4.0519658e-06   4.9465903e-06   5.0313529e-06   5.5178457e-06   4.9573068e-06   3.4908792e-06   2.4107590e-06   1.7542072e-06   1.4120506e-06   1.0592615e-06   9.3727374e-07   7.0331117e-07   4.8671939e-07   3.2505454e-07   3.0596289e-07   2.2368864e-07   7.2795835e-08   1.2994964e-07   2.8816816e-08   9.1264042e-08
   0.0000000e+00   0.0000000e+00   2.3427606e-06   4.0850764e-06   4.9778869e-06   4.9201599e-06   5.6456561e-06   4.8933753e-06   3.5058351e-06   2.4585665e-06   1.8046609e-06   1.3403686e-06   1.1763443e-06   8.0776903e-07   6.9154413e-07   5.3340011e-07   3.7282837e-07   2.5711097e-07   1.7868830e-07   1.8396449e-07   9.1181164e-08   3.6341120e-08   5.7589626e-09
   0.0000000e+00   0.0000000e+00   2.2962608e-06   4.0384211e-06   5.0183462e-06   4.9426199e-06   5.5691257e-06   4.9352184e-06   3.5082842e-06   2.3175232e-06   1.8507020e-06   1.4151653e-06   1.0490487e-06   9.2029001e-07   6.7523200e-07   4.7286946e-07   4.2390701e-07   2.3382387e-07   2.1804996e-07   1.4712130e-07   8.5154980e-08   1.0416270e-07  -3.0914313e-09
   0.0000000e+00   0.0000000e+00   2.3587270e-06   4.0406244e-06   5.0051676e-06   4.9086825e-06   5.6255499e-06   4.9790483e-06   3.4315372e-06   2.4960118e-06   1.7497007e-06   1.3930927e-06   1.0614409e-06   9.1095734e-07   7.0409487e-07   4.8333311e-07   3.8264403e-07   2.5258655e-07   2.6658779e-07   1.1230252e-07   1.1996576e-07   6.4422395e-08   3.7628713e-08
   0.0000000e+00   0.0000000e+00   2.3620285e-06   4.0569125e-06   4.9378659e-06   4.9981281e-06   5.5121327e-06   4.9431706e-06   3.4554291e-06   2.4499545e-06   1.7809117e-06   1.4127938e-06   1.1444633e-06   8.2279695e-07   6.9349448e-07   5.0925325e-07   3.9694720e-07   2.7539787e-07   1.7457043e-07   1.8180941e-07   1.0053031e-07   9.8943303e-08  -1.3261046e-08
   0.0000000e+00   0.0000000e+00   2.3184523e-06   4.1341927e-06   4.9228092e-06   5.0011813e-06   5.6124577e-06   4.9111186e-06   3.4861314e-06   2.4244819e-06   1.7549812e-06   1.3497984e-06   1.1175348e-06   9.0840530e-07   6.8801961e-07   5.3480932e-07   3.2438237e-07   2.9374300e-07   2.3763496e-07   1.3928502e-07   1.0241640e-07   8.5903011e-08   2.7030467e-08
   0.0000000e+00   0.0000000e+00   2.2843174e-06   4.0214845e-06   5.0178455e-06   4.9313330e-06   5.5708470e-06   4.9207647e-06   3.4900768e-06   2.3886025e-06   1.8921561e-06   1.3701938e-06   1.0853746e-06   8.7996011e-07   7.0132495e-07   4.9391991e-07   3.8251542e-07   3.1232298e-07   1.7667381e-07   1.8107689e-07   7.4063372e-08   9.0190994e-08   6.0751624e-08
   0.0000000e+00   0.0000000e+00   2.4058807e-06   4.0049599e-06   5.0148751e-06   4.9194850e-06   5.5734786e-06   4.9667678e-06   3.5160408e-06   2.2839718e-06   1.8236426e-06   1.3763380e-06   1.0949037e-06   9.1888819e-07   6.3606319e-07   5.8266454e-07   3.7298716e-07   2.4485627e-07   1.8384608e-07   2.0673153e-07   1.5063499e-07   5.6539697e-09   2.9386047e-08
   0.0000000e+00   0.0000000e+00   2.3304158e-06   4.0993564e-06   4.9431628e-06   5.0008784e-06   5.5449418e-06   4.9064060e-06   3.4616335e-06   2.4969959e-06   1.7071417e-06   1.4319543e-06   1.1221010e-06   8.5521185e-07   7.0379684e-07   4.8379076e-07   4.0124308e-07   3.1505891e-07   2.1342422e-07   1.6898719e-07   2.1287171e-08   1.6424987e-07   3.1878699e-08
   0.0000000e+00   0.0000000e+00   2.3243090e-06   4.0790542e-06   4.9705795e-06   4.9420837e-06   5.5948631e-06   4.9165174e-06   3.4460256e-06   2.4581961e-06   1.7885700e-06   1.3353009e-06   1.0542225e-06   9.2368668e-07   7.2537108e-07   5.0275742e-07   3.9012630e-07   2.2564680e-07   2.8284245e-07   1.4807837e-07   1.2259426e-07   7.3701479e-08  -3.8719881e-09
   0.0000000e+00   0.0000000e+00   2.3183295e-06   4.0791488e-06   4.9602254e-06   4.9454179e-06   5.6116050e-06   4.9254754e-06   3.4463362e-06   2.3258031e-06   1.8369936e-06   1.3901245e-06   1.1530664e-06   8.3714895e-07   6.7865466e-07   4.8298807e-07   4.1922462e-07   3.2444439e-07   1.9808813e-07   1.4951009e-07   1.1025077e-07   1.3135471e-07  -5.6898015e-09
   0.0000000e+00   0.0000000e+00   2.4144229e-06   3.9663969e-06   5.0456797e-06   4.9338441e-06   5.5399332e-06   4.9087785e-06   3.5623627e-06   2.3545308e-06   1.8114474e-06   1.3463650e-06   1.0307176e-06   9.2588823e-07   6.8948259e-07   5.3959388e-07   3.8192070e-07   2.3577766e-07   2.4146379e-07   2.1923471e-07   7.6708147e-08   1.2886606e-07  -3.1194546e-08
   0.0000000e+00   0.0000000e+00   2.3174214e-06   4.1384269e-06   4.9216405e-06   5.0001672e-06   5.5427299e-06   4.9177993e-06   3.4452460e-06   2.3963810e-06   1.7840729e-06   1.3709496e-06   1.1739526e-06   8.4016392e-07   6.6766643e-07   5.1718763e-07   3.7805003e-07   2.9555099e-07   2.3276283e-07   1.7840637e-07   9.5815210e-08   9.7217686e-08   9.2970524e-08
   0.0000000e+00   0.0000000e+00   2.2939414e-06   4.0961772e-06   4.9731052e-06   4.9526307e-06   5.5914888e-06   4.9611185e-06   3.4303544e-06   2.4319593e-06   1.7381881e-06   1.4138461e-06   1.0423380e-06   8.9722039e-07   7.0681307e-07   5.1509159e-07   3.8013559e-07   2.9856938e-07   1.7003458e-07   2.0780872e-07   1.7689442e-07   2.7275863e-08   1.5005206e-08
   0.0000000e+00   0.0000000e+00   2.3790294e-06   4.0351988e-06   4.9947848e-06   4.9443879e-06   5.5540827e-06   4.9145024e-06   3.4413417e-06   2.4763767e-06   1.7591132e-06   1.4007685e-06   1.0689234e-06   8.8879278e-07   7.2979367e-07   4.7579971e-07   3.3831881e-07   4.0662630e-07   1.6080010e-07   1.6372978e-07   1.0389599e-07   1.2017419e-07   7.5256011e-08
   0.0000000e+00   0.0000000e+00   2.3765576e-06   4.0243913e-06   5.0116319e-06   4.9298342e-06   5.6311237e-06   4.8993297e-06   3.4966922e-06   2.3234361e-06   1.8389720e-06   1.3599019e-06   1.1301271e-06   8.6975820e-07   6.6852408e-07   5.8929987e-07   3.3920313e-07   2.7544678e-07   2.3625169e-07   1.8317897e-07   1.4036351e-07   2.9480811e-08   4.4177337e-08
   0.0000000e+00   0.0000000e+00   2.2930701e-06   4.0978871e-06   4.9563778e-06   4.9656028e-06   5.5619407e-06   4.9442501e-06   3.5028631e-06   2.3840921e-06   1.8023478e-06   1.3760998e-06   1.1258260e-06   9.0409105e-07   6.7365897e-07   5.1924121e-07   4.1708410e-07   2.7486021e-07   2.1689711e-07   1.7320266e-07   1.1823385e-07   5.4317759e-08   7.2800241e-08
   0.0000000e+00   0.0000000e+00   2.3528551e-06   4.1159806e-06   4.9635314e-06   4.9494092e-06   5.5411197e-06   4.9326177e-06   3.4634761e-06   2.4433825e-06   1.7882766e-06   1.3780272e-06   1.0778941e-06   9.0950687e-07   7.2458329e-07   5.1288606e-07   3.8077278e-07   2.9813819e-07   2.4154104e-07   1.4831913e-07   9.7632849e-08   1.1283418e-07  -2.1355890e-08
   0.0000000e+00   0.0000000e+00   2.3622492e-06   3.9976085e-06   5.0089543e-06   5.0121607e-06   5.5438150e-06   4.9330210e-06   3.4712739e-06   2.3871985e-06   1.7727482e-06   1.4712215e-06   1.0647084e-06   8.9980205e-07   7.2705546e-07   4.7255844e-07   4.4332924e-07   2.9185711e-07   2.0236124e-07   1.3331530e-07   1.7965149e-07   3.3630641e-08   1.3961231e-08
   0.0000000e+00   0.0000000e+00   2.3741657e-06   4.0352256e-06   4.9761898e-06   4.9162013e-06   5.6485960e-06   4.9282935e-06   3.4336852e-06   2.4661420e-06   1.7719150e-06   1.3640454e-06   1.1229392e-06   8.8366022e-07   7.3176722e-07   5.2222987e-07   3.9045955e-07   2.5503277e-07   2.8643186e-07   1.3772052e-07   8.7943860e-08   1.1763210e-07   2.5810516e-09
   0.0000000e+00   0.0000000e+00   2.2941006e-06   4.1191252e-06   4.9595565e-06   4.9503387e-06   5.5453543e-06   4.9118926e-06   3.5203684e-06   2.3358027e-06   1.8659731e-06   1.3441427e-06   1.1083631e-06   9.2430059e-07   6.6399286e-07   5.4156436e-07   3.9571509e-07   2.7844922e-07   2.2762244e-07   1.8197710e-07   8.9421071e-08   6.6117636e-08   9.1530595e-08
   0.0000000e+00   0.0000000e+00   2.3183773e-06   4.1201747e-06   4.9736718e-06   4.9441978e-06   5.5839773e-06   4.9308892e-06   3.4902191e-06   2.3884577e-06   1.8089856e-06   1.3273767e-06   1.1698380e-06   8.4852161e-07   6.9865700e-07   5.4694232e-07   4.0448427e-07   2.5574565e-07   2.1947581e-07   1.6133191e-07   1.4683489e-07   6.6978991e-08  -7.9373130e-09
   0.0000000e+00   0.0000000e+00   2.4032213e-06   3.9412830e-06   5.0274625e-06   4.9820196e-06   5.5357391e-06   4.9311616e-06   3.4568902e-06   2.4273104e-06   1.7454367e-06   1.4726963e-06   1.0574663e-06   8.8274550e-07   7.4948622e-07   4.7067198e-07   3.6888142e-07   3.4906523e-07   1.8459836e-07   1.5300026e-07   1.3506546e-07   3.5556589e-08   1.1128513e-07
   0.0000000e+00   0.0000000e+00   2.3372679e-06   4.0899718e-06   4.9585637e-06   4.9457599e-06   5.6184322e-06   4.9429132e-06   3.4269424e-06   2.4627150e-06   1.7469675e-06   1.3771078e-06   1.0878464e-06   9.0715514e-07   7.0108865e-07   5.6937012e-07   3.2293926e-07   3.0001343e-07   2.3036264e-07   1.4067967e-07   1.2411758e-07   8.0453574e-08   4.2016784e-10
   0.0000000e+00   0.0000000e+00   2.3308392e-06   4.1165495e-06   4.9490709e-06   4.9326632e-06   5.5867968e-06   4.9004061e-06   3.5048499e-06   2.3881901e-06   1.8073509e-06   1.4336009e-06   1.0892649e-06   9.1018768e-07   6.5138892e-07   5.2840875e-07   4.4132349e-07   2.7195102e-07   1.7574369e-07   1.9084081e-07   1.1270404e-07   6.0068650e-08   6.6778156e-08
   0.0000000e+00   0.0000000e+00   2.3198356e-06   4.0810251e-06   4.9833693e-06   4.9897017e-06   5.5388705e-06   4.9572536e-06   3.4772825e-06   2.3807715e-06   1.8328051e-06   1.3152359e-06   1.1112229e-06   9.6004510e-07   6.8922964e-07   5.3891262e-07   3.6363519e-07   2.7219181e-07   2.8561277e-07   9.7332290e-08   1.6413848e-07   5.2444410e-08   2.4817592e-08
   0.0000000e+00   0.0000000e+00   2.3677687e-06   4.0064642e-06   5.0331214e-06   4.9652231e-06   5.5741298e-06   4.9025166e-06   3.5166493e-06   2.3808007e-06   1.8221274e-06   1.4457726e-06   1.0919662e-06   8.7105548e-07   7.2910905e-07   5.3874010e-07   3.6684204e-07   3.3768626e-07   2.1971067e-07   1.3090533e-07   1.1996003e-07   1.0145398e-07   3.9019344e-08
   0.0000000e+00   0.0000000e+00   2.3639288e-06   4.0611744e-06   4.9864389e-06   4.9316395e-06   5.5962155e-06   4.9846685e-06   3.4134214e-06   2.4717879e-06   1.7495777e-06   1.3893001e-06   1.1679301e-06   8.1562382e-07   7.8366185e-07   5.1519277e-07   4.4311869e-07   2.3293578e-07   2.3202956e-07   1.8502826e-07   1.5831048e-07   2.1748248e-08   4.3889454e-08
   0.0000000e+00   0.0000000e+00   2.3334242e-06   4.1056001e-06   4.9416881e-06   4.9676983e-06   5.6416379e-06   4.8729135e-06   3.4761615e-06   2.4634232e-06   1.7784977e-06   1.4031588e-06   1.1249384e-06   9.6497251e-07   6.7383309e-07   5.0256932e-07   4.2775693e-07   3.1819548e-07   2.4561211e-07   1.3671095e-07   1.1642209e-07   4.3034625e-08   1.4965595e-07
   0.0000000e+00   0.0000000e+00   2.3299117e-06   4.0720265e-06   4.9844948e-06   4.9913510e-06   5.5316350e-06   4.9428813e-06   3.5286598e-06   2.3554180e-06   1.8692134e-06   1.3653677e-06   1.0780713e-06   9.1824359e-07   7.5127912e-07   5.4197545e-07   4.0207499e-07   2.8826321e-07   2.1492433e-07   2.0149751e-07   1.4119233e-07   4.2365748e-08   6.6613746e-09
   0.0000000e+00   0.0000000e+00   2.3706134e-06   4.0452132e-06   5.0360918e-06   4.9314240e-06   5.5671826e-06   4.9951277e-06   3.4755744e-06   2.3507130e-06   1.8371476e-06   1.4215897e-06   1.1230851e-06   9.1979791e-07   6.6763744e-07   5.7903731e-07   3.8611532e-07   3.3574062e-07   2.5033475e-07   1.1365747e-07   1.4898414e-07   9.5060919e-08   5.4114125e-08
   0.0000000e+00   0.0000000e+00   2.2866445e-06   4.0860600e-06   4.9519153e-06   4.9540199e-06   5.6303825e-06   4.8694242e-06   3.5158569e-06   2.4461165e-06   1.8138052e-06   1.3589411e-06   1.1206777e-06   9.4885547e-07   6.8329064e-07   6.0774130e-07   3.4030211e-07   3.2549349e-07   2.5741718e-07   1.7345189e-07   1.3452039e-07   4.8711453e-08   8.4144226e-08
   0.0000000e+00   0.0000000e+00   2.3706134e-06   4.0428940e-06   4.9788005e-06   4.9382738e-06   5.6167455e-06   4.9242476e-06   3.4138623e-06   2.4741094e-06   1.7762580e-06   1.4087508e-06   1.1396525e-06   8.8886867e-07   7.0667920e-07   5.7005457e-07   4.1409638e-07   2.9329766e-07   2.3145479e-07   1.8363933e-07   1.3853710e-07   7.3953743e-08   3.7918909e-08
   0.0000000e+00   0.0000000e+00   2.3728987e-06   4.0654650e-06   4.9685314e-06   5.0105778e-06   5.5107366e-06   4.9706573e-06   3.5363205e-06   2.3428856e-06   1.8183822e-06   1.4201523e-06   1.1202538e-06   9.0113889e-07   7.4479595e-07   4.8743186e-07   4.5245253e-07   2.8918242e-07   2.1288321e-07   2.2176127e-07   7.8282625e-08   9.5724261e-08   6.0852095e-08
   0.0000000e+00   0.0000000e+00   2.3041978e-06   4.0647210e-06   5.0188805e-06   4.8818574e-06   5.5938381e-06   4.9236860e-06   3.4983209e-06   2.4057756e-06   1.8360168e-06   1.3756302e-06   1.1023819e-06   9.1043631e-07   7.4618839e-07   5.0565188e-07   4.4327868e-07   2.6576529e-07   2.5231648e-07   1.4543319e-07   1.5382263e-07   4.4985430e-08   6.9928646e-08
   0.0000000e+00   0.0000000e+00   2.3287935e-06   4.0328673e-06   4.9697046e-06   4.9756718e-06   5.5921769e-06   4.9216214e-06   3.3972940e-06   2.4593587e-06   1.7974596e-06   1.3361563e-06   1.2106537e-06   8.6375894e-07   7.1150583e-07   5.0996152e-07   4.1521307e-07   3.1482716e-07   2.0698761e-07   1.9493611e-07   8.3578193e-08   1.0716696e-07   6.0548659e-09
   0.0000000e+00   0.0000000e+00   2.3466287e-06   4.0924147e-06   4.9253936e-06   4.9758296e-06   5.5681289e-06   4.9233636e-06   3.5196670e-06   2.3824305e-06   1.8265467e-06   1.3907579e-06   1.0668811e-06   9.1594086e-07   7.0838206e-07   5.5908760e-07   3.6410316e-07   2.6224453e-07   2.8201504e-07   1.1153998e-07   1.5008504e-07   9.5037464e-08  -3.0663429e-08
   0.0000000e+00   0.0000000e+00   2.3702116e-06   4.0350669e-06   5.0219228e-06   4.9238024e-06   5.5163364e-06   4.9770647e-06   3.4702500e-06   2.3832283e-06   1.7517791e-06   1.4910621e-06   1.0170498e-06   9.1392684e-07   7.1892265e-07   5.1190648e-07   3.5631714e-07   3.3585624e-07   1.9560470e-07   1.4444228e-07   1.3790172e-07   6.3496145e-08   4.9633517e-08
   0.0000000e+00   0.0000000e+00   2.3436144e-06   4.0412210e-06   4.9599926e-06   4.9853106e-06   5.5871087e-06   4.8806955e-06   3.4897450e-06   2.4080277e-06   1.7760466e-06   1.3861746e-06   1.0988892e-06   9.0963715e-07   6.1789927e-07   5.4160574e-07   3.8975165e-07   2.9791977e-07   1.5987713e-07   1.8633726e-07   1.3125353e-07   7.6187959e-08  -2.6459654e-08
   0.0000000e+00   0.0000000e+00   2.3023886e-06   4.0842633e-06   4.9570904e-06   4.9130667e-06   5.6319864e-06   4.9041337e-06   3.4550146e-06   2.4823098e-06   1.7310612e-06   1.3527133e-06   1.1070455e-06   9.0827871e-07   6.7220867e-07   4.9783961e-07   3.5321781e-07   2.9991273e-07   1.9355129e-07   1.8404047e-07   8.9860109e-08   5.5475041e-08   1.1168534e-07
   0.0000000e+00   0.0000000e+00   2.3419714e-06   4.0627651e-06   5.0065250e-06   4.9500359e-06   5.5244145e-06   4.9788578e-06   3.4288742e-06   2.3850037e-06   1.8509514e-06   1.3417009e-06   1.1236117e-06   7.7237689e-07   7.6351614e-07   5.0011300e-07   3.1805027e-07   3.3510810e-07   1.5765765e-07   1.7865575e-07   1.1014283e-07   6.1636719e-08   5.5285629e-08
   0.0000000e+00   0.0000000e+00   2.3505031e-06   4.0734799e-06   4.9532018e-06   4.9914220e-06   5.5721816e-06   4.9165410e-06   3.5256767e-06   2.3420750e-06   1.8066783e-06   1.4277999e-06   1.0307590e-06   8.8386923e-07   6.9512123e-07   4.7862466e-07   3.5116366e-07   3.1640172e-07   1.6414009e-07   1.6442070e-07   1.4300306e-07   3.6911509e-08   2.3362793e-08
   0.0000000e+00   0.0000000e+00   2.3500877e-06   4.0378700e-06   4.9677137e-06   4.9459377e-06   5.6124759e-06   4.9052983e-06   3.4874683e-06   2.4531346e-06   1.7457912e-06   1.3588943e-06   1.1154331e-06   8.8431551e-07   6.8741082e-07   4.6087249e-07   4.1435035e-07   2.3771513e-07   2.2643350e-07   1.5975525e-07   6.9838840e-08   1.0467004e-07   4.6173131e-08
   0.0000000e+00   0.0000000e+00   2.3587161e-06   4.0781842e-06   4.9945652e-06   4.9541372e-06   5.5595497e-06   4.9712348e-06   3.4632326e-06   2.3998366e-06   1.8088889e-06   1.3908560e-06   1.0864690e-06   9.0428938e-07   5.9345518e-07   5.9240119e-07   3.9198116e-07   1.9051417e-07   2.7508025e-07   1.4532834e-07   9.2499263e-08   9.0053646e-08   1.5021799e-08
   0.0000000e+00   0.0000000e+00   2.2754457e-06   4.0740174e-06   4.9877594e-06   4.9803039e-06   5.5750143e-06   4.9304031e-06   3.4866666e-06   2.4299409e-06   1.7820961e-06   1.3901540e-06   1.1042746e-06   8.8016367e-07   7.0262371e-07   4.8195494e-07   3.9635475e-07   2.4554737e-07   2.7931850e-07   1.1535204e-07   1.1105705e-07   1.2832399e-07  -5.0944763e-08
   0.0000000e+00   0.0000000e+00   2.4107671e-06   4.0144268e-06   4.9928462e-06   4.9488776e-06   5.5871246e-06   4.9372943e-06   3.4724499e-06   2.4175110e-06   1.8194157e-06   1.3719256e-06   1.0642713e-06   9.2827446e-07   7.1212315e-07   5.0757330e-07   3.5535638e-07   2.9562389e-07   2.3745980e-07   1.1160866e-07   1.6389856e-07   8.7072841e-08   1.0815025e-08
   0.0000000e+00   0.0000000e+00   2.3275127e-06   4.1062499e-06   4.9463897e-06   4.9702994e-06   5.6291265e-06   4.8972529e-06   3.5063326e-06   2.3895936e-06   1.7983601e-06   1.3882280e-06   1.1782565e-06   8.0739818e-07   7.2944829e-07   5.0818767e-07   4.2942631e-07   2.4770236e-07   2.2207439e-07   1.7639044e-07   8.0432507e-08   1.1610371e-07   4.6787086e-08
   0.0000000e+00   0.0000000e+00   2.2926847e-06   4.0735426e-06   5.0379258e-06   4.8838424e-06   5.5812111e-06   4.9906812e-06   3.4660502e-06   2.4129758e-06   1.8430007e-06   1.3329444e-06   1.1414573e-06   9.2764799e-07   6.7628514e-07   5.1211947e-07   4.1026044e-07   2.7337299e-07   1.9880410e-07   2.3270140e-07   3.3713469e-08   6.7441697e-08   1.2714440e-07
   0.0000000e+00   0.0000000e+00   2.3982348e-06   3.9903402e-06   4.9613282e-06   5.0579874e-06   5.4907232e-06   4.9332752e-06   3.4850648e-06   2.4114029e-06   1.8013644e-06   1.4133623e-06   1.0928775e-06   8.7642320e-07   7.8132382e-07   4.9715089e-07   3.9271825e-07   3.1118859e-07   1.4521008e-07   2.0717373e-07   1.1484317e-07   2.6687655e-08   6.7035614e-08
   0.0000000e+00   0.0000000e+00   2.3348716e-06   4.1004687e-06   4.9635255e-06   4.9468454e-06   5.6267913e-06   4.9259975e-06   3.4563359e-06   2.4101803e-06   1.7866907e-06   1.4359790e-06   1.0784348e-06   9.4389674e-07   6.6243445e-07   5.7566115e-07   3.5948094e-07   3.3709583e-07   1.9365700e-07   9.9745982e-08   1.9745561e-07   1.9500879e-08  -1.4247845e-08
   0.0000000e+00   0.0000000e+00   2.3271120e-06   4.0910040e-06   4.9735813e-06   4.9099476e-06   5.6052349e-06   4.9096079e-06   3.5068890e-06   2.4401320e-06   1.7677731e-06   1.3863541e-06   1.1486773e-06   9.0901517e-07   7.0058536e-07   5.5647484e-07   3.1093714e-07   3.7871430e-07   2.1277927e-07   1.1012686e-07   1.0893610e-07   6.1195415e-08   7.3121178e-08
   0.0000000e+00   0.0000000e+00   2.3002160e-06   4.0768837e-06   5.0034159e-06   4.9127520e-06   5.5769465e-06   4.9577079e-06   3.4050056e-06   2.4298097e-06   1.8248413e-06   1.3779938e-06   1.1012703e-06   9.3454059e-07   6.6883632e-07   6.0950640e-07   3.9076517e-07   1.9161283e-07   2.9906622e-07   1.3161785e-07   6.7892856e-08   1.0653728e-07  -4.5885273e-09
   0.0000000e+00   0.0000000e+00   2.3736341e-06   3.9783117e-06   4.9946484e-06   5.0366057e-06   5.5458622e-06   4.9082723e-06   3.5186308e-06   2.3649254e-06   1.8023967e-06   1.4242383e-06   1.1045810e-06   8.9816928e-07   7.1561328e-07   4.8907259e-07   4.4480967e-07   2.8056317e-07   1.6467921e-07   1.9853785e-07   1.1163159e-07  -3.7171919e-09   7.3667557e-08
   0.0000000e+00   0.0000000e+00   2.4044575e-06   4.0885375e-06   4.9704840e-06   4.9296068e-06   5.5692658e-06   4.9607079e-06   3.4364775e-06   2.4740864e-06   1.7660648e-06   1.3908585e-06   1.1197496e-06   8.9615673e-07   7.6981792e-07   4.7108182e-07   3.8838078e-07   2.9808899e-07   2.0024976e-07   1.2941665e-07   1.2276234e-07   9.1301168e-08  -5.6309261e-08
   0.0000000e+00   0.0000000e+00   2.2399306e-06   4.1134881e-06   4.9770374e-06   4.9425635e-06   5.6163271e-06   4.8802267e-06   3.5041255e-06   2.3768634e-06   1.7546205e-06   1.4670954e-06   1.1186766e-06   8.4839445e-07   7.6734648e-07   4.8511367e-07   4.0046413e-07   2.9347538e-07   1.9723146e-07   1.3054189e-07   8.8455586e-08   7.0420448e-08   8.3286714e-08
   0.0000000e+00   0.0000000e+00   2.3793186e-06   4.0483819e-06   4.9625046e-06   4.9453188e-06   5.6141434e-06   4.9556756e-06   3.4532009e-06   2.4353992e-06   1.8275587e-06   1.2850378e-06   1.1870698e-06   8.8919847e-07   6.8568494e-07   5.6915201e-07   3.4583320e-07   2.7664842e-07   2.0652176e-07   1.8867871e-07   7.3437469e-08   2.8459786e-08   7.0915874e-08
   0.0000000e+00   0.0000000e+00   2.3782909e-06   4.0238961e-06   5.0249687e-06   5.0032427e-06   5.4650045e-06   4.9773066e-06   3.4536167e-06   2.3833027e-06   1.8910428e-06   1.3792768e-06   1.0369147e-06   1.0305445e-06   6.2397652e-07   5.3611348e-07   3.9595943e-07   2.5041990e-07   2.4410659e-07   1.0354657e-07   1.3485159e-07   7.5857358e-08  -6.6524253e-09
   0.0000000e+00   0.0000000e+00   2.2944553e-06   4.1138937e-06   4.9818564e-06   4.9416803e-06   5.6480121e-06   4.9033652e-06   3.4945103e-06   2.3845794e-06   1.7575300e-06   1.4428417e-06   1.1198310e-06   8.5627585e-07   7.3876743e-07   5.4086246e-07   3.5253757e-07   3.2299883e-07   1.5032937e-07   1.7997539e-07   1.1002965e-07   5.6374038e-08   4.0826215e-08
   0.0000000e+00   0.0000000e+00   2.3740270e-06   4.0183504e-06   4.9959472e-06   4.9133764e-06   5.6147546e-06   4.9079563e-06   3.5210007e-06   2.4157439e-06   1.7610561e-06   1.4508497e-06   1.0898350e-06   9.0174353e-07   6.6688386e-07   5.7129500e-07   3.4245579e-07   2.8586496e-07   2.1970200e-07   1.5381893e-07   9.6978830e-08   5.3891863e-08   6.6385788e-08
   0.0000000e+00   0.0000000e+00   2.3366961e-06   4.0854698e-06   5.0045041e-06   4.9762643e-06   5.5584337e-06   4.9052269e-06   3.4571026e-06   2.4805388e-06   1.7566235e-06   1.3318717e-06   1.1779158e-06   8.9684153e-07   7.1643177e-07   4.7585470e-07   4.0585945e-07   2.6885695e-07   1.9385394e-07   1.7972295e-07   5.5555709e-08   1.0171503e-07   2.1896174e-09
   0.0000000e+00   0.0000000e+00   2.3539001e-06   4.0852178e-06   4.9465516e-06   5.0023468e-06   5.5822979e-06   4.9926903e-06   3.4132645e-06   2.3729294e-06   1.9103600e-06   1.3255561e-06   1.1050740e-06   8.8614473e-07   7.0957861e-07   5.2052314e-07   3.5911057e-07   3.0118542e-07   1.7625918e-07   1.5667742e-07   1.1983425e-07   3.1452537e-08   4.4271733e-08
   0.0000000e+00   0.0000000e+00   2.3236671e-06   4.0281384e-06   4.9872156e-06   4.9589298e-06   5.5290284e-06   4.9847995e-06   3.5040957e-06   2.3332677e-06   1.8406860e-06   1.4189644e-06   1.0565147e-06   8.8470807e-07   7.2029536e-07   4.9940945e-07   3.6941583e-07   2.8587311e-07   2.2341064e-07   1.0454180e-07   1.2211996e-07   6.4784146e-08   2.7189124e-08
   0.0000000e+00   0.0000000e+00   2.3044111e-06   4.1128405e-06   4.9916284e-06   4.9265291e-06   5.6422468e-06   4.8392390e-06   3.5027888e-06   2.5140776e-06   1.6444343e-06   1.4235990e-06   1.1405874e-06   8.9763125e-07   6.5432306e-07   5.4376522e-07   3.5816285e-07   2.7213164e-07   2.3358828e-07   1.3481133e-07   9.6579370e-08   6.7638993e-08   3.4325861e-08
   0.0000000e+00   0.0000000e+00   2.4454534e-06   3.9706015e-06   5.0060380e-06   4.9786750e-06   5.5494361e-06   4.9641667e-06   3.4909838e-06   2.3649020e-06   1.8746686e-06   1.3451124e-06   1.0994791e-06   8.8402413e-07   6.6100927e-07   5.4173080e-07   3.9535928e-07   2.5442520e-07   1.8953671e-07   1.6503458e-07   1.6342122e-07   3.1252199e-09   3.9881954e-08
   0.0000000e+00   0.0000000e+00   2.2863758e-06   4.1303665e-06   4.9304240e-06   4.9348514e-06   5.6055119e-06   4.9868631e-06   3.4130019e-06   2.4275373e-06   1.7874920e-06   1.4288173e-06   1.0437676e-06   9.2329850e-07   7.1737503e-07   4.6955040e-07   3.8408081e-07   2.9458207e-07   2.1174969e-07   1.6333506e-07   7.1352737e-08   9.0129085e-08   7.0999114e-08
   0.0000000e+00   0.0000000e+00   2.2804211e-06   4.0613763e-06   4.9887394e-06   4.9812074e-06   5.5559040e-06   4.8802212e-06   3.5580554e-06   2.3973730e-06   1.8193285e-06   1.3772102e-06   1.1277315e-06   8.3789240e-07   7.3862759e-07   5.0952298e-07   3.6729742e-07   2.7920925e-07   2.3785317e-07   1.1085285e-07   1.3339400e-07   7.3151220e-08   2.7460661e-08
   0.0000000e+00   0.0000000e+00   2.3587540e-06   4.0330478e-06   4.9733499e-06   4.9578398e-06   5.6293807e-06   4.8839015e-06   3.5000342e-06   2.4543895e-06   1.7596984e-06   1.3757481e-06   1.1671357e-06   8.6129626e-07   6.9048252e-07   5.3563866e-07   3.4148059e-07   3.0642784e-07   1.9902988e-07   1.6335315e-07   1.4976716e-07   7.1483934e-09   6.0295839e-08
   0.0000000e+00   0.0000000e+00   2.3713574e-06   4.0535265e-06   4.9615774e-06   4.8743937e-06   5.6345798e-06   4.9862042e-06   3.4657126e-06   2.4060371e-06   1.8129238e-06   1.4294566e-06   1.0762992e-06   9.0792406e-07   6.8771311e-07   4.9111031e-07   4.1273350e-07   2.7022404e-07   2.3745018e-07   1.2720260e-07   9.2854023e-08   9.3826173e-08   7.1685740e-08
   0.0000000e+00   0.0000000e+00   2.3094688e-06   4.0410400e-06   5.0108779e-06   5.0252961e-06   5.3976091e-06   5.0351923e-06   3.4900831e-06   2.3752914e-06   1.9244524e-06   1.3623326e-06   1.0524476e-06   9.4219831e-07   6.8422639e-07   5.4206834e-07   3.6563026e-07   2.4522566e-07   2.0784994e-07   1.8881060e-07   1.3151347e-07   4.4032518e-08   1.0822158e-08
   0.0000000e+00   0.0000000e+00   2.3269433e-06   4.0390660e-06   4.9504997e-06   4.9766527e-06   5.6863414e-06   4.8391330e-06   3.5001965e-06   2.4725705e-06   1.7323333e-06   1.4326919e-06   1.1729596e-06   8.9466113e-07   6.3886387e-07   5.1515963e-07   3.8051118e-07   3.0658228e-07   2.1576164e-07   1.0751268e-07   1.5662708e-07   3.3466247e-08   8.7968694e-08
   0.0000000e+00   0.0000000e+00   2.2958081e-06   4.0910450e-06   4.8750749e-06   4.9504574e-06   5.5819573e-06   4.9702039e-06   3.5152127e-06   2.4352937e-06   1.7935777e-06   1.4423545e-06   1.0610947e-06   8.9006880e-07   7.3667223e-07   5.3661029e-07   3.3207712e-07   2.6014854e-07   2.2815318e-07   1.7341537e-07   7.8149291e-08   1.0256612e-07   1.0946850e-09
   0.0000000e+00   0.0000000e+00   2.4165768e-06   4.0033874e-06   5.0907774e-06   4.8294119e-06   5.6220629e-06   4.9112741e-06   3.4990894e-06   2.4040764e-06   1.8970748e-06   1.3330102e-06   1.1830153e-06   8.5532844e-07   7.1133445e-07   4.8875319e-07   3.8135684e-07   3.0953851e-07   1.9422052e-07   1.2198019e-07   1.3267289e-07   7.8760799e-08   4.2041403e-08
   0.0000000e+00   0.0000000e+00   2.2278116e-06   4.0485320e-06   4.9696309e-06   5.0416752e-06   5.5069668e-06   4.9903997e-06   3.4983336e-06   2.4304125e-06   1.7538378e-06   1.4618636e-06   1.0663445e-06   9.3659946e-07   6.9714741e-07   4.6486886e-07   4.1383211e-07   2.8416335e-07   1.5528255e-07   2.4244113e-07   8.3223128e-08   2.1085397e-08   9.0006189e-08
   0.0000000e+00   0.0000000e+00   2.4059741e-06   4.0172522e-06   4.8853612e-06   4.9677760e-06   5.5977202e-06   4.9261262e-06   3.4962477e-06   2.4400460e-06   1.8640171e-06   1.3693791e-06   1.1088528e-06   8.8781013e-07   6.5899661e-07   5.7629825e-07   3.5448900e-07   2.3361271e-07   2.8224528e-07   9.5229289e-08   1.4455372e-07   9.4247262e-08  -4.8376876e-09
   0.0000000e+00   0.0000000e+00   2.3060770e-06   4.1126559e-06   4.9462947e-06   4.9083578e-06   5.6236822e-06   4.9520759e-06   3.4341231e-06   2.4973810e-06   1.7369297e-06   1.4743979e-06   1.0688922e-06   8.8352942e-07   7.2179068e-07   4.9021247e-07   3.3072203e-07   3.5978960e-07   1.6180758e-07   1.8608596e-07   7.3297329e-08   9.7349371e-08   5.7670242e-08
   0.0000000e+00   0.0000000e+00   2.3177633e-06   3.9793008e-06   5.0888079e-06   4.9010682e-06   5.5482401e-06   4.9632245e-06   3.5446060e-06   2.3839609e-06   1.8507163e-06   1.3692684e-06   1.1044259e-06   9.1438801e-07   6.2759500e-07   5.4018403e-07   3.5903182e-07   2.6422416e-07   2.3815809e-07   9.6297775e-08   2.0248028e-07   1.3218524e-08  -6.7068324e-09
   0.0000000e+00   0.0000000e+00   2.3132570e-06   4.0850732e-06   4.8527295e-06   5.0426970e-06   5.5166915e-06   4.9838918e-06   3.4460857e-06   2.4513813e-06   1.8033547e-06   1.3905751e-06   1.1157490e-06   8.7687334e-07   6.7739563e-07   4.7906195e-07   4.0084345e-07   2.6072806e-07   1.8396879e-07   1.6321242e-07   9.9596335e-08   7.5473629e-08   4.0973898e-08
   0.0000000e+00   0.0000000e+00   2.3741982e-06   4.0316181e-06   4.9847208e-06   4.8989759e-06   5.7015154e-06   4.8327101e-06   3.5701714e-06   2.3950327e-06   1.8324380e-06   1.3794979e-06   1.0895536e-06   8.3774404e-07   7.3336014e-07   4.6950291e-07   3.8383976e-07   2.3291776e-07   2.0469861e-07   1.9359101e-07   3.2498122e-08   8.2021700e-08   6.5647541e-08
   0.0000000e+00   0.0000000e+00   2.2987174e-06   4.0689820e-06   4.9448017e-06   4.9635887e-06   5.5086325e-06   5.0333279e-06   3.4063396e-06   2.4756444e-06   1.7895973e-06   1.3944574e-06   1.1131089e-06   8.9176569e-07   6.2702941e-07   4.9435943e-07   3.7105809e-07   2.6147944e-07   2.2943500e-07   6.6323352e-08   1.4914286e-07   6.8068346e-08  -2.4208571e-08
   0.0000000e+00   0.0000000e+00   2.3688974e-06   3.9460897e-06   5.0807262e-06   4.8762604e-06   5.6115050e-06   4.8929214e-06   3.5501757e-06   2.3885354e-06   1.7726780e-06   1.4023736e-06   1.0812905e-06   8.0381773e-07   8.1769969e-07   3.9681737e-07   3.8745509e-07   2.4789787e-07   1.7914127e-07   1.6253036e-07   8.8240995e-08   4.3849454e-08   4.4515925e-08
   0.0000000e+00   0.0000000e+00   2.2872093e-06   4.1589005e-06   4.8606835e-06   5.0504673e-06   5.5049445e-06   5.0023200e-06   3.4499969e-06   2.4139231e-06   1.8617237e-06   1.3343354e-06   1.1175771e-06   9.3103188e-07   5.3640207e-07   6.0730719e-07   2.8884114e-07   2.6281865e-07   2.5514086e-07   6.1754420e-08   7.3372000e-08   1.4766422e-07  -6.3525178e-08
   0.0000000e+00   0.0000000e+00   2.3637140e-06   4.0289765e-06   4.9346841e-06   4.9470545e-06   5.6404797e-06   4.8709126e-06   3.5338560e-06   2.4091310e-06   1.7586176e-06   1.4373351e-06   1.0541750e-06   8.5169268e-07   7.1022794e-07   4.9484521e-07   3.9804846e-07   1.9853779e-07   1.5087484e-07   2.1152063e-07   7.3548797e-08  -2.2911841e-08   1.0843216e-07
   0.0000000e+00   0.0000000e+00   2.2803456e-06   4.0386690e-06   5.0399749e-06   4.8796683e-06   5.5844125e-06   4.9631408e-06   3.4146199e-06   2.4722985e-06   1.7823905e-06   1.3587055e-06   1.1449954e-06   9.1768788e-07   6.2175997e-07   4.9462915e-07   3.3781058e-07   3.3572397e-07   1.7195093e-07   6.9497545e-08   1.0274093e-07   9.8566119e-08  -5.2114089e-08
   0.0000000e+00   0.0000000e+00   2.4157082e-06   3.9941319e-06   5.0081580e-06   4.9820496e-06   5.5573000e-06   4.9401565e-06   3.5469870e-06   2.3762957e-06   1.8386637e-06   1.3544945e-06   1.0575611e-06   8.6902349e-07   7.4767530e-07   5.1054326e-07   3.4210194e-07   2.5620318e-07   1.3905488e-07   2.2512337e-07   4.8529390e-08   2.7260748e-08   3.8842494e-08
   0.0000000e+00   0.0000000e+00   2.2960971e-06   4.1266198e-06   4.8989887e-06   4.9731193e-06   5.5857954e-06   4.9847476e-06   3.3856334e-06   2.4667418e-06   1.7587626e-06   1.4189876e-06   1.1683856e-06   8.4214770e-07   6.6922615e-07   5.2369489e-07   3.1786681e-07   3.6153313e-07   1.6161526e-07   1.1314604e-07   5.4141442e-08   7.6942150e-08   7.7223902e-08
   0.0000000e+00   0.0000000e+00   2.3230102e-06   4.0514433e-06   5.0007666e-06   4.9365308e-06   5.6033655e-06   4.8862316e-06   3.5971689e-06   2.3242094e-06   1.8954033e-06   1.3098979e-06   1.0808578e-06   9.0718055e-07   7.0670188e-07   5.1857381e-07   4.1976639e-07   1.6340293e-07   2.3167527e-07   1.9583436e-07   2.9815830e-08   7.1004891e-08  -2.5261832e-08
   0.0000000e+00   0.0000000e+00   2.3274017e-06   4.0702257e-06   4.9747841e-06   5.0024250e-06   5.5482324e-06   4.9724645e-06   3.4442335e-06   2.4594385e-06   1.7315319e-06   1.4791343e-06   1.0944156e-06   9.0298761e-07   6.5853612e-07   5.2196515e-07   3.6145502e-07   3.4582141e-07   1.3096296e-07   1.5864042e-07   8.2801769e-08   6.0291441e-08   2.9795128e-08
   0.0000000e+00   0.0000000e+00   2.3987354e-06   3.9960578e-06   5.0371709e-06   4.9247924e-06   5.6219783e-06   4.9491164e-06   3.4952698e-06   2.4216156e-06   1.8158038e-06   1.3396998e-06   1.0984907e-06   9.0239990e-07   7.2307114e-07   5.0233268e-07   3.9146897e-07   2.3403229e-07   2.4793127e-07   1.1785200e-07   8.0144531e-08   1.0462988e-07  -5.8346171e-08
   0.0000000e+00   0.0000000e+00   2.3302337e-06   4.1523122e-06   4.8685765e-06   5.0466574e-06   5.5638252e-06   4.9054597e-06   3.4771356e-06   2.4793910e-06   1.7796945e-06   1.4268786e-06   1.1011768e-06   8.9963748e-07   6.4300679e-07   5.5472714e-07   3.6433053e-07   2.7781184e-07   2.0380918e-07   1.4178235e-07   7.4273593e-08   8.1861394e-08   2.9798345e-08
   0.0000000e+00   0.0000000e+00   2.3020737e-06   4.0310665e-06   5.1084394e-06   4.8800807e-06   5.6311524e-06   5.0127278e-06   3.4628949e-06   2.3458351e-06   1.8685845e-06   1.3199566e-06   1.1182747e-06   9.0693436e-07   7.0205016e-07   4.8212797e-07   3.9109139e-07   2.7173752e-07   1.7476231e-07   1.5038380e-07   9.5154910e-08   7.2230058e-08  -1.6993056e-08
   0.0000000e+00   0.0000000e+00   2.3509367e-06   4.0360915e-06   4.9621931e-06   4.9874125e-06   5.5912419e-06   4.9427790e-06   3.5333867e-06   2.4048675e-06   1.8015464e-06   1.4536440e-06   1.0444201e-06   9.1428507e-07   6.6365106e-07   5.4572462e-07   3.4007778e-07   2.7165646e-07   2.0098072e-07   1.4943329e-07   5.7870189e-08   8.9908418e-08   7.4351583e-09
   0.0000000e+00   0.0000000e+00   2.4105489e-06   4.0778446e-06   4.9947080e-06   4.9698192e-06   5.5930059e-06   4.9078380e-06   3.5170208e-06   2.4362453e-06   1.8031126e-06   1.3615895e-06   1.1534953e-06   7.9118701e-07   7.7256419e-07   4.6655279e-07   4.0509724e-07   2.2294692e-07   2.0571318e-07   1.5922589e-07   7.2316823e-08   6.0716175e-08   2.3568866e-08
   0.0000000e+00   0.0000000e+00   2.2715885e-06   4.0840628e-06   4.9478922e-06   5.0558779e-06   5.5559663e-06   4.9914161e-06   3.4445616e-06   2.5201493e-06   1.6613661e-06   1.4676117e-06   1.1107942e-06   9.2433197e-07   6.3565892e-07   5.1526536e-07   3.3983648e-07   3.3526479e-07   1.6765419e-07   1.1955093e-07   8.5549786e-08   7.1567989e-08   3.7134537e-08
   0.0000000e+00   0.0000000e+00   2.3614105e-06   4.0826631e-06   4.9862124e-06   4.8959942e-06   5.6599170e-06   4.9289720e-06   3.5048006e-06   2.3846262e-06   1.9092231e-06   1.3437977e-06   1.0786612e-06   8.6141932e-07   7.3975428e-07   4.9327588e-07   4.1243482e-07   1.9452611e-07   2.3752010e-07   1.3651633e-07   9.8257807e-08   8.4500172e-08  -6.2848606e-08
   0.0000000e+00   0.0000000e+00   2.3248031e-06   4.0291311e-06   5.0304757e-06   5.0037706e-06   5.5255191e-06   5.0240164e-06   3.4720949e-06   2.3821333e-06   1.8353513e-06   1.4041645e-06   1.1112724e-06   8.9775051e-07   6.8380052e-07   4.9731415e-07   3.6351517e-07   3.0735208e-07   1.9318399e-07   1.2084794e-07   1.1305010e-07   6.2345165e-08   3.4899738e-08
   0.0000000e+00   0.0000000e+00   2.3893438e-06   4.0652981e-06   5.0113154e-06   4.9009273e-06   5.6963859e-06   4.8555894e-06   3.5625585e-06   2.4277506e-06   1.8001606e-06   1.3585866e-06   1.1195115e-06   9.1875444e-07   6.7152968e-07   5.2835128e-07   3.9632314e-07   2.1705684e-07   2.5935501e-07   1.1713905e-07   1.1528072e-07   9.0427896e-08  -2.4239258e-08
   0.0000000e+00   0.0000000e+00   2.2696224e-06   4.0928990e-06   4.9291662e-06   5.0771978e-06   5.4852690e-06   5.0058807e-06   3.4495654e-06   2.4419573e-06   1.7748259e-06   1.4469741e-06   1.0841874e-06   8.8154115e-07   7.2633605e-07   4.7803104e-07   4.0645017e-07   2.8633951e-07   1.8261743e-07   1.5366065e-07   1.1051921e-07   9.4625982e-08   1.6083895e-08
   0.0000000e+00   0.0000000e+00   2.4049114e-06   4.0419113e-06   5.0050890e-06   4.9305922e-06   5.6300155e-06   4.9710025e-06   3.4704256e-06   2.4423828e-06   1.7874891e-06   1.3682005e-06   1.1306386e-06   8.8575263e-07   7.1960608e-07   4.9441752e-07   3.5487284e-07   2.9451138e-07   2.4173522e-07   1.2885158e-07   9.5513400e-08   8.9261221e-08   6.2903233e-08
   0.0000000e+00   0.0000000e+00   2.3109849e-06   4.0929190e-06   4.9407431e-06   5.0121803e-06   5.5872215e-06   4.8706574e-06   3.5291569e-06   2.4144317e-06   1.7831292e-06   1.4623831e-06   1.0229467e-06   9.0985066e-07   6.7688785e-07   5.5798751e-07   3.9539279e-07   2.1476578e-07   2.0538590e-07   1.9686344e-07   1.2892562e-07   2.9473936e-08   6.8209729e-08
   0.0000000e+00   0.0000000e+00   2.3384780e-06   4.0421291e-06   5.0544177e-06   4.8674915e-06   5.6596259e-06   4.9598834e-06   3.4754262e-06   2.3209273e-06   1.8869747e-06   1.2516203e-06   1.2245786e-06   8.3849352e-07   6.7709436e-07   5.3282605e-07   3.5552674e-07   2.9210358e-07   2.1027705e-07   1.5038850e-07   1.0002474e-07   7.5700413e-08   7.7003605e-08
   0.0000000e+00   0.0000000e+00   2.3096427e-06   4.1123585e-06   4.9421305e-06   5.0129056e-06   5.5264100e-06   4.9652203e-06   3.4751133e-06   2.4801054e-06   1.7425015e-06   1.4028235e-06   1.0415748e-06   9.2635474e-07   6.7178752e-07   4.8768470e-07   3.8556604e-07   2.8531505e-07   1.8549065e-07   1.5141229e-07   1.2071440e-07   5.6676679e-08   3.8367592e-08
   0.0000000e+00   0.0000000e+00   2.3951789e-06   3.9745114e-06   5.0634940e-06   4.9501577e-06   5.5888895e-06   4.9293021e-06   3.4629709e-06   2.3864027e-06   1.8011825e-06   1.3600908e-06   1.0910267e-06   8.7311042e-07   6.8102202e-07   5.0922426e-07   3.5217616e-07   2.8623901e-07   2.1607708e-07   9.2359478e-08   1.5007647e-07   5.4180138e-08   1.4712331e-08
   0.0000000e+00   0.0000000e+00   2.3311770e-06   4.0998220e-06   4.9165569e-06   4.9931655e-06   5.5933019e-06   4.9654836e-06   3.4493810e-06   2.4259323e-06   1.7401392e-06   1.4091528e-06   1.0760508e-06   8.2382945e-07   7.2118951e-07   4.7202622e-07   3.8603346e-07   2.3089753e-07   2.2827467e-07   1.5679933e-07   7.4275100e-08   6.7916240e-08   3.7227270e-08
   0.0000000e+00   0.0000000e+00   2.3642069e-06   4.0614632e-06   5.0031281e-06   4.9377963e-06   5.6322897e-06   4.8705947e-06   3.5690127e-06   2.3396474e-06   1.8146269e-06   1.3602564e-06   1.0438173e-06   9.1708637e-07   6.2018023e-07   5.3410446e-07   3.7995827e-07   1.9065527e-07   2.5104296e-07   1.3880511e-07   9.0467090e-08   5.4671368e-08   6.1533953e-08
   0.0000000e+00   0.0000000e+00   2.2707543e-06   4.1330677e-06   4.9712189e-06   4.9854675e-06   5.5622027e-06   4.9763717e-06   3.4223415e-06   2.4219198e-06   1.8047106e-06   1.3231975e-06   1.1396945e-06   8.3890797e-07   6.5541417e-07   4.6265995e-07   3.9444944e-07   2.7686843e-07   1.8322663e-07   1.1883009e-07   1.2917899e-07   6.2812866e-08   2.2741059e-08
   0.0000000e+00   0.0000000e+00   2.3975797e-06   3.9807965e-06   5.0513395e-06   4.9306086e-06   5.5904279e-06   4.9474070e-06   3.5274975e-06   2.4040291e-06   1.7679972e-06   1.3791104e-06   1.0533737e-06   8.4915087e-07   7.3967590e-07   4.5077252e-07   3.3352907e-07   2.6800149e-07   1.9794450e-07   1.1974490e-07   1.4191703e-07   4.0949473e-08   3.8990560e-08
   0.0000000e+00   0.0000000e+00   2.3373045e-06   4.0796790e-06   4.9563328e-06   4.9958530e-06   5.5858727e-06   4.9971677e-06   3.3716851e-06   2.4828273e-06   1.7703918e-06   1.3907674e-06   1.0883621e-06   8.7299708e-07   6.2921117e-07   5.3453442e-07   2.8794659e-07   3.1488608e-07   1.8190927e-07   1.0809387e-07   1.1379610e-07   7.9437065e-08   1.1761283e-08
   0.0000000e+00   0.0000000e+00   2.3627961e-06   4.0662940e-06   4.9975456e-06   4.9493860e-06   5.6487106e-06   4.8859151e-06   3.5403916e-06   2.4150706e-06   1.7951610e-06   1.3618511e-06   1.0849084e-06   8.5829635e-07   6.7996302e-07   4.6565759e-07   3.8709661e-07   2.3342484e-07   1.1400844e-07   2.1111170e-07   1.2900344e-07  -4.0549121e-08   1.2136519e-07
   0.0000000e+00   0.0000000e+00   2.2884458e-06   4.0972914e-06   4.9854962e-06   4.9714140e-06   5.5367805e-06   5.0127251e-06   3.4875352e-06   2.3745124e-06   1.8211289e-06   1.4037802e-06   1.0644886e-06   9.3448176e-07   6.0064832e-07   5.0226140e-07   3.2735110e-07   2.7000615e-07   1.9457721e-07   9.6451735e-08   7.6484007e-08   7.2165065e-08   6.2598232e-08
   0.0000000e+00   0.0000000e+00   2.3689831e-06   4.0408841e-06   4.9853361e-06   4.9740638e-06   5.6121266e-06   4.9068449e-06   3.5391308e-06   2.4229666e-06   1.7847552e-06   1.3852376e-06   1.0783970e-06   8.3867030e-07   7.1384977e-07   5.1348292e-07   2.7406716e-07   2.7307004e-07   1.6598655e-07   1.4000778e-07   8.2545085e-08   2.0560396e-08   4.7411028e-08
   0.0000000e+00   0.0000000e+00   2.3324480e-06   4.0823015e-06   4.9703049e-06   4.9913692e-06   5.5915903e-06   4.9623977e-06   3.4444720e-06   2.4725973e-06   1.7960000e-06   1.4014113e-06   1.1186213e-06   8.5976035e-07   6.4778152e-07   4.9563914e-07   3.4787627e-07   2.2752945e-07   1.8997939e-07   6.1153344e-08   1.3104597e-07   1.1308376e-08   4.3938631e-08
   0.0000000e+00   0.0000000e+00   2.3659900e-06   4.0073219e-06   5.0118356e-06   4.9320415e-06   5.6160548e-06   4.9439209e-06   3.4780169e-06   2.4648662e-06   1.7759965e-06   1.3669535e-06   1.1312433e-06   8.5740902e-07   7.0368873e-07   4.3980577e-07   3.7135291e-07   2.3677637e-07   1.7788717e-07   9.6812606e-08   9.3107907e-08   1.4215872e-08   1.8055966e-08
