   0.0000000e+00   0.0000000e+00   3.3401063e-06   5.7279490e-06   6.8507925e-06   6.7157694e-06   7.4714740e-06   6.6586426e-06   4.6531623e-06   3.1628329e-06   2.4602998e-06   1.8551619e-06   1.3848572e-06   1.2120123e-06   8.3013578e-07   7.0867577e-07   4.5600257e-07   2.4208714e-07   2.6669073e-07   1.3279140e-07   1.0147669e-07   5.9474299e-08   1.4237171e-08
   0.0000000e+00   0.0000000e+00   3.3000974e-06   5.6645295e-06   6.8743639e-06   6.7689807e-06   7.5019898e-06   6.5593745e-06   4.7473486e-06   3.1374459e-06   2.3961827e-06   1.8395086e-06   1.4666374e-06   1.1922796e-06   9.0827928e-07   5.2838641e-07   6.1870520e-07   2.2057209e-07   3.0484503e-07   1.0525091e-07   9.0293753e-08   8.2884760e-08   2.5225468e-08
   0.0000000e+00   0.0000000e+00   3.2848820e-06   5.7339230e-06   6.7827164e-06   6.7486490e-06   7.5318694e-06   6.5600298e-06   4.6074324e-06   3.3382000e-06   2.3848722e-06   1.8046950e-06   1.4557450e-06   1.1202079e-06   9.6095403e-07   6.5376548e-07   4.5402044e-07   2.9511398e-07   2.9542556e-07   1.2911136e-07   1.5779534e-07   2.8703795e-08  -7.1514119e-09
   0.0000000e+00   0.0000000e+00   3.3978088e-06   5.6269432e-06   6.8942431e-06   6.7216170e-06   7.5052949e-06   6.6590337e-06   4.5831976e-06   3.1976406e-06   2.3702080e-06   1.9025107e-06   1.4908841e-06   1.1322719e-06   9.5716268e-07   5.9420597e-07   5.0562534e-07   3.3244902e-07   3.0675548e-07   6.4298504e-08   1.5421757e-07   1.0904323e-07   4.7364114e-08
   0.0000000e+00   0.0000000e+00   3.3456088e-06   5.6923141e-06   6.8472350e-06   6.7008418e-06   7.5014518e-06   6.6637685e-06   4.6644996e-06   3.2184255e-06   2.3970649e-06   1.8006007e-06   1.4530276e-06   1.1317063e-06   9.6967062e-07   6.9042721e-07   4.4928041e-07   3.2358906e-07   2.7502946e-07   2.1599949e-07   1.1391938e-07   3.5819870e-08   3.0369684e-08
   0.0000000e+00   0.0000000e+00   3.3149790e-06   5.6724339e-06   6.8638383e-06   6.7473484e-06   7.4443210e-06   6.5134250e-06   4.6998935e-06   3.1841601e-06   2.4429901e-06   1.8475534e-06   1.5036452e-06   1.2061333e-06   7.9234132e-07   6.8975362e-07   5.4267832e-07   3.0103658e-07   2.8523471e-07   1.5592295e-07   1.3156281e-07   7.5991444e-08   1.2146617e-07
   0.0000000e+00   0.0000000e+00   3.2879443e-06   5.7110333e-06   6.8515260e-06   6.7330766e-06   7.6005676e-06   6.5869817e-06   4.6263922e-06   3.2548046e-06   2.2956222e-06   1.8384354e-06   1.4075295e-06   1.2537749e-06   8.8856694e-07   7.1554757e-07   4.2512130e-07   3.9352739e-07   1.9130037e-07   2.5835399e-07   1.3571595e-07   7.1080772e-09   6.4004659e-08
   0.0000000e+00   0.0000000e+00   3.3466829e-06   5.6457625e-06   6.8513018e-06   6.7001124e-06   7.4602335e-06   6.6647804e-06   4.5934944e-06   3.2258404e-06   2.4493474e-06   1.8490534e-06   1.4591579e-06   1.1127044e-06   9.2254726e-07   6.6246304e-07   4.5609056e-07   4.3850673e-07   1.8668254e-07   1.8166173e-07   1.5333849e-07   8.1365350e-08  -2.4615971e-09
   0.0000000e+00   0.0000000e+00   3.3654887e-06   5.6700133e-06   6.8026147e-06   6.8295581e-06   7.4091517e-06   6.6208650e-06   4.6508931e-06   3.1934242e-06   2.3219775e-06   1.8567438e-06   1.3954844e-06   1.2352269e-06   9.2543951e-07   6.4094633e-07   4.2623546e-07   4.0365362e-07   2.9254045e-07   9.6461214e-08   1.6748120e-07   3.9726086e-08   1.1563772e-07
   0.0000000e+00   0.0000000e+00   3.3344622e-06   5.7125276e-06   6.8463091e-06   6.6800981e-06   7.5796511e-06   6.5384556e-06   4.6655045e-06   3.2652949e-06   2.3807447e-06   1.7686539e-06   1.5467693e-06   1.0611133e-06   9.1212820e-07   7.0107114e-07   4.9158888e-07   3.3603891e-07   2.3719151e-07   2.4024132e-07   1.2009890e-07   4.4872937e-08   6.7979706e-09
   0.0000000e+00   0.0000000e+00   3.2718369e-06   5.6514195e-06   6.8987092e-06   6.7110686e-06   7.4770774e-06   6.5926965e-06   4.6725991e-06   3.0713584e-06   2.4483920e-06   1.8630313e-06   1.3796546e-06   1.2119486e-06   8.8683322e-07   6.2219800e-07   5.5845555e-07   3.0827974e-07   2.8691542e-07   1.9547041e-07   1.1118327e-07   1.3667629e-07  -4.2888137e-09
   0.0000000e+00   0.0000000e+00   3.3548260e-06   5.6540753e-06   6.8818872e-06   6.6653483e-06   7.5519761e-06   6.6513194e-06   4.5685838e-06   3.3123724e-06   2.3116620e-06   1.8352661e-06   1.3964304e-06   1.1973849e-06   9.2815429e-07   6.3400250e-07   5.0362070e-07   3.3351455e-07   3.5240743e-07   1.4943859e-07   1.5845538e-07   8.5671118e-08   4.9410108e-08
   0.0000000e+00   0.0000000e+00   3.3604197e-06   5.6750896e-06   6.7922751e-06   6.7842657e-06   7.4014574e-06   6.6030393e-06   4.6007308e-06   3.2505686e-06   2.3529958e-06   1.8636403e-06   1.5055483e-06   1.0835174e-06   9.1052215e-07   6.7111074e-07   5.2132390e-07   3.6285067e-07   2.3090573e-07   2.3996074e-07   1.3413272e-07   1.3094443e-07  -1.7777234e-08
   0.0000000e+00   0.0000000e+00   3.3009524e-06   5.7798779e-06   6.7717706e-06   6.7886149e-06   7.5334233e-06   6.5609624e-06   4.6405194e-06   3.2157668e-06   2.3207806e-06   1.7766580e-06   1.4735235e-06   1.1944285e-06   9.0690327e-07   7.0337387e-07   4.2551628e-07   3.8635500e-07   3.1390002e-07   1.8409071e-07   1.3523913e-07   1.1419006e-07   3.5742531e-08
   0.0000000e+00   0.0000000e+00   3.2570842e-06   5.6281692e-06   6.8992299e-06   6.6953771e-06   7.4796317e-06   6.5710528e-06   4.6481259e-06   3.1678671e-06   2.5010347e-06   1.8079839e-06   1.4260543e-06   1.1611984e-06   9.2240481e-07   6.4967065e-07   5.0314702e-07   4.1113410e-07   2.3181251e-07   2.3950187e-07   9.6812585e-08   1.2045291e-07   8.0019106e-08
   0.0000000e+00   0.0000000e+00   3.4175669e-06   5.6078452e-06   6.8945551e-06   6.6799112e-06   7.4812338e-06   6.6358384e-06   4.6772607e-06   3.0305027e-06   2.4104570e-06   1.8125224e-06   1.4437971e-06   1.2077595e-06   8.3936260e-07   7.6689588e-07   4.9155705e-07   3.2098401e-07   2.4157475e-07   2.7395589e-07   1.9882053e-07   6.2572827e-09   3.8908588e-08
   0.0000000e+00   0.0000000e+00   3.3198000e-06   5.7317261e-06   6.8006852e-06   6.7872679e-06   7.4448590e-06   6.5509680e-06   4.6109931e-06   3.3092647e-06   2.2564786e-06   1.8888645e-06   1.4755990e-06   1.1277548e-06   9.2596002e-07   6.3759768e-07   5.2778370e-07   4.1680650e-07   2.8187964e-07   2.2323569e-07   2.6249738e-08   2.1829699e-07   4.1614516e-08
   0.0000000e+00   0.0000000e+00   3.3072954e-06   5.7084553e-06   6.8345366e-06   6.7111991e-06   7.5091102e-06   6.5684108e-06   4.5833385e-06   3.2633000e-06   2.3622372e-06   1.7580976e-06   1.3884496e-06   1.2160157e-06   9.5577343e-07   6.6297935e-07   5.1277647e-07   2.9843801e-07   3.7440904e-07   1.9573449e-07   1.6360129e-07   9.4512920e-08  -3.2840832e-09
   0.0000000e+00   0.0000000e+00   3.3053811e-06   5.7032107e-06   6.8253053e-06   6.7121341e-06   7.5349799e-06   6.5758668e-06   4.5892757e-06   3.0808487e-06   2.4288458e-06   1.8327129e-06   1.5175124e-06   1.1018076e-06   8.9367126e-07   6.3385858e-07   5.5440148e-07   4.2710695e-07   2.6431806e-07   1.9749308e-07   1.4574907e-07   1.7590861e-07  -9.9728332e-09
   0.0000000e+00   0.0000000e+00   3.4264062e-06   5.5598889e-06   6.9331559e-06   6.7018486e-06   7.4348641e-06   6.5584422e-06   4.7396511e-06   3.1226377e-06   2.3932691e-06   1.7726261e-06   1.3557269e-06   1.2192010e-06   9.0797516e-07   7.0950119e-07   5.0289702e-07   3.0917343e-07   3.2203317e-07   2.8939755e-07   1.0572229e-07   1.6742622e-07  -3.7357363e-08
   0.0000000e+00   0.0000000e+00   3.3050792e-06   5.7812194e-06   6.7750148e-06   6.7845872e-06   7.4438262e-06   6.5661611e-06   4.5860493e-06   3.1777652e-06   2.3554639e-06   1.8076566e-06   1.5455772e-06   1.1055519e-06   8.7799015e-07   6.7925231e-07   4.9690954e-07   3.8953647e-07   3.0734577e-07   2.3825824e-07   1.2723993e-07   1.3216355e-07   1.2180421e-07
   0.0000000e+00   0.0000000e+00   3.2649643e-06   5.7329671e-06   6.8365271e-06   6.7266101e-06   7.5044386e-06   6.6280236e-06   4.5650540e-06   3.2239552e-06   2.2980480e-06   1.8606486e-06   1.3728798e-06   1.1797625e-06   9.3122009e-07   6.7742826e-07   4.9858795e-07   3.9238330e-07   2.2449478e-07   2.7645342e-07   2.3607222e-07   3.6185959e-08   2.2385780e-08
   0.0000000e+00   0.0000000e+00   3.3869708e-06   5.6443105e-06   6.8707618e-06   6.7119895e-06   7.4582058e-06   6.5625263e-06   4.5822167e-06   3.2843886e-06   2.3224677e-06   1.8479625e-06   1.4048325e-06   1.1717539e-06   9.6004612e-07   6.2457332e-07   4.4416757e-07   5.3722511e-07   2.1130407e-07   2.1723179e-07   1.3790591e-07   1.6250301e-07   9.6662049e-08
   0.0000000e+00   0.0000000e+00   3.3764602e-06   5.6351764e-06   6.8900754e-06   6.6938665e-06   7.5588541e-06   6.5458544e-06   4.6527057e-06   3.0820668e-06   2.4302624e-06   1.7917695e-06   1.4880111e-06   1.1444257e-06   8.8003111e-07   7.7725156e-07   4.4308325e-07   3.6437240e-07   3.1040798e-07   2.4535376e-07   1.8510659e-07   3.7937212e-08   6.0763604e-08
   0.0000000e+00   0.0000000e+00   3.2699031e-06   5.7300722e-06   6.8168670e-06   6.7425890e-06   7.4671830e-06   6.6032062e-06   4.6651176e-06   3.1598940e-06   2.3839596e-06   1.8117178e-06   1.4842769e-06   1.1906196e-06   8.8650586e-07   6.8289643e-07   5.4978909e-07   3.6170587e-07   2.8612180e-07   2.2977653e-07   1.5550744e-07   7.2599825e-08   9.4387353e-08
   0.0000000e+00   0.0000000e+00   3.3473250e-06   5.7547113e-06   6.8282507e-06   6.7175097e-06   7.4405807e-06   6.5892286e-06   4.6091177e-06   3.2438584e-06   2.3606663e-06   1.8187818e-06   1.4172969e-06   1.1995941e-06   9.5474581e-07   6.7611188e-07   5.0023550e-07   3.9327793e-07   3.1933578e-07   1.9523929e-07   1.2889359e-07   1.4774064e-07  -2.7959221e-08
   0.0000000e+00   0.0000000e+00   3.3599797e-06   5.5986752e-06   6.8847530e-06   6.8064264e-06   7.4410432e-06   6.5891359e-06   4.6230284e-06   3.1636418e-06   2.3453631e-06   1.9384099e-06   1.4030589e-06   1.1850269e-06   9.5997007e-07   6.2128782e-07   5.8549307e-07   3.8511473e-07   2.6674311e-07   1.7599700e-07   2.3520326e-07   4.5424567e-08   1.4482462e-08
   0.0000000e+00   0.0000000e+00   3.3770427e-06   5.6452786e-06   6.8465811e-06   6.6723255e-06   7.5846724e-06   6.5831132e-06   4.5693309e-06   3.2733130e-06   2.3393891e-06   1.7987063e-06   1.4781214e-06   1.1643685e-06   9.6550752e-07   6.8780929e-07   5.1673265e-07   3.3447353e-07   3.8095169e-07   1.8006966e-07   1.1738585e-07   1.5269521e-07   4.2577022e-09
   0.0000000e+00   0.0000000e+00   3.2682678e-06   5.7616712e-06   6.8187342e-06   6.7237042e-06   7.4432660e-06   6.5607451e-06   4.6880832e-06   3.0956812e-06   2.4679068e-06   1.7689686e-06   1.4593032e-06   1.2184977e-06   8.7396302e-07   7.1498812e-07   5.2057925e-07   3.6831347e-07   3.0085965e-07   2.4254331e-07   1.1590898e-07   8.9225999e-08   1.2048781e-07
   0.0000000e+00   0.0000000e+00   3.3032970e-06   5.7584252e-06   6.8429977e-06   6.7102446e-06   7.4980194e-06   6.5862596e-06   4.6443570e-06   3.1692080e-06   2.3884877e-06   1.7486009e-06   1.5407253e-06   1.1152649e-06   9.2197280e-07   7.2037165e-07   5.3292263e-07   3.3671571e-07   2.8981680e-07   2.1265161e-07   1.9809445e-07   8.6200281e-08  -8.0456077e-09
   0.0000000e+00   0.0000000e+00   3.4128871e-06   5.5249338e-06   6.9093144e-06   6.7661213e-06   7.4303521e-06   6.5867280e-06   4.6029295e-06   3.2171363e-06   2.3066998e-06   1.9406823e-06   1.3895276e-06   1.1639535e-06   9.8692271e-07   6.1917223e-07   4.8533906e-07   4.5907342e-07   2.4359844e-07   2.0168089e-07   1.7802446e-07   4.9559908e-08   1.4630710e-07
   0.0000000e+00   0.0000000e+00   3.3296446e-06   5.7173420e-06   6.8238651e-06   6.7121214e-06   7.5440644e-06   6.6011121e-06   4.5606484e-06   3.2673511e-06   2.3068369e-06   1.8133989e-06   1.4322163e-06   1.1928695e-06   9.2462250e-07   7.5071694e-07   4.2206199e-07   3.9563034e-07   3.0166305e-07   1.8536571e-07   1.6558030e-07   1.0375165e-07   3.9579251e-09
   0.0000000e+00   0.0000000e+00   3.3150948e-06   5.7596662e-06   6.8042332e-06   6.7004707e-06   7.4990703e-06   6.5462164e-06   4.6651412e-06   3.1666220e-06   2.3877103e-06   1.8904462e-06   1.4320352e-06   1.2005784e-06   8.5584901e-07   6.9593187e-07   5.8233491e-07   3.5508293e-07   2.3212777e-07   2.5047700e-07   1.4951310e-07   7.9228919e-08   8.8887184e-08
   0.0000000e+00   0.0000000e+00   3.3077572e-06   5.7048528e-06   6.8566978e-06   6.7715901e-06   7.4370341e-06   6.6205780e-06   4.6286118e-06   3.1571667e-06   2.4228336e-06   1.7312780e-06   1.4639390e-06   1.2641077e-06   9.0985412e-07   7.0946038e-07   4.7722551e-07   3.5900794e-07   3.7652271e-07   1.2757373e-07   2.1823818e-07   6.8788083e-08   3.3266847e-08
   0.0000000e+00   0.0000000e+00   3.3636943e-06   5.6133522e-06   6.9173311e-06   6.7426754e-06   7.4833456e-06   6.5478980e-06   4.6819091e-06   3.1561854e-06   2.4090009e-06   1.9064770e-06   1.4373416e-06   1.1477750e-06   9.6135841e-07   7.0977461e-07   4.8369412e-07   4.4471767e-07   2.9021854e-07   1.7297283e-07   1.5749373e-07   1.3669110e-07   5.0348646e-08
   0.0000000e+00   0.0000000e+00   3.3670804e-06   5.6787048e-06   6.8602681e-06   6.6953698e-06   7.5124617e-06   6.6589828e-06   4.5420734e-06   3.2804892e-06   2.3100911e-06   1.8318141e-06   1.5382934e-06   1.0736550e-06   1.0339915e-06   6.7957967e-07   5.8512501e-07   3.0485299e-07   3.0678774e-07   2.4510032e-07   2.0891960e-07   2.9348582e-08   5.7977111e-08
   0.0000000e+00   0.0000000e+00   3.3179911e-06   5.7454058e-06   6.7955607e-06   6.7454603e-06   7.5737817e-06   6.5076943e-06   4.6287846e-06   3.2656151e-06   2.3515574e-06   1.8483237e-06   1.4818651e-06   1.2716289e-06   8.8812675e-07   6.6319734e-07   5.6201952e-07   4.2335418e-07   3.2112879e-07   1.8176101e-07   1.5151721e-07   5.8168183e-08   1.9687215e-07
   0.0000000e+00   0.0000000e+00   3.3221800e-06   5.6932504e-06   6.8579880e-06   6.7745605e-06   7.4270015e-06   6.6031002e-06   4.6966170e-06   3.1245384e-06   2.4697586e-06   1.7998943e-06   1.4168810e-06   1.2102365e-06   9.9126646e-07   7.1394169e-07   5.3239393e-07   3.7829940e-07   2.8416065e-07   2.6664645e-07   1.8592634e-07   5.4662362e-08   8.7696401e-09
   0.0000000e+00   0.0000000e+00   3.3671934e-06   5.6655417e-06   6.9209377e-06   6.6974508e-06   7.4735640e-06   6.6717398e-06   4.6276054e-06   3.1161101e-06   2.4290105e-06   1.8727382e-06   1.4795272e-06   1.2107602e-06   8.7884979e-07   7.6603266e-07   5.0714738e-07   4.4590891e-07   3.2990604e-07   1.4980934e-07   1.9767420e-07   1.2502539e-07   7.2112833e-08
   0.0000000e+00   0.0000000e+00   3.2646926e-06   5.7117891e-06   6.8142103e-06   6.7245446e-06   7.5590715e-06   6.5050831e-06   4.6792729e-06   3.2462808e-06   2.3964237e-06   1.7905190e-06   1.4747772e-06   1.2502167e-06   9.0142390e-07   8.0038467e-07   4.5062785e-07   4.2801867e-07   3.4268626e-07   2.2919211e-07   1.7873948e-07   6.6225134e-08   1.1021500e-07
   0.0000000e+00   0.0000000e+00   3.3680442e-06   5.6613344e-06   6.8453237e-06   6.7058127e-06   7.5395519e-06   6.5770560e-06   4.5463612e-06   3.2802316e-06   2.3480820e-06   1.8569160e-06   1.5005470e-06   1.1710861e-06   9.2987455e-07   7.5374197e-07   5.4454671e-07   3.8826323e-07   3.0481090e-07   2.4430057e-07   1.8434297e-07   9.7882882e-08   5.3081646e-08
   0.0000000e+00   0.0000000e+00   3.3771203e-06   5.6857666e-06   6.8347508e-06   6.8001027e-06   7.3989636e-06   6.6395651e-06   4.7071385e-06   3.1085167e-06   2.4024855e-06   1.8729095e-06   1.4749545e-06   1.1865977e-06   9.8288206e-07   6.4107343e-07   5.9742132e-07   3.7993823e-07   2.8256389e-07   2.9026805e-07   1.0664041e-07   1.2500803e-07   8.1775312e-08
   0.0000000e+00   0.0000000e+00   3.2822629e-06   5.6880963e-06   6.8993631e-06   6.6300590e-06   7.5087214e-06   6.5772488e-06   4.6569312e-06   3.1910383e-06   2.4280523e-06   1.8124115e-06   1.4513743e-06   1.2007588e-06   9.8348789e-07   6.6588456e-07   5.8520629e-07   3.4980258e-07   3.3109021e-07   1.9523964e-07   2.0020421e-07   6.0753351e-08   9.2423811e-08
   0.0000000e+00   0.0000000e+00   3.3151673e-06   5.6437334e-06   6.8351983e-06   6.7532897e-06   7.5076346e-06   6.5724475e-06   4.5234833e-06   3.2615324e-06   2.3759296e-06   1.7607256e-06   1.5976956e-06   1.1356370e-06   9.3990860e-07   6.7097653e-07   5.4772863e-07   4.1477423e-07   2.7475409e-07   2.5548101e-07   1.1345395e-07   1.3991516e-07   8.1684419e-09
   0.0000000e+00   0.0000000e+00   3.3405886e-06   5.7232182e-06   6.7750616e-06   6.7551064e-06   7.4736722e-06   6.5771069e-06   4.6840064e-06   3.1609522e-06   2.4138974e-06   1.8339464e-06   1.4037322e-06   1.2086902e-06   9.3323905e-07   7.3776431e-07   4.7867962e-07   3.4624119e-07   3.7214878e-07   1.4859575e-07   1.9789982e-07   1.2680677e-07  -4.1616204e-08
   0.0000000e+00   0.0000000e+00   3.3689464e-06   5.6472795e-06   6.9041635e-06   6.6844559e-06   7.4064665e-06   6.6463735e-06   4.6201480e-06   3.1593217e-06   2.3153864e-06   1.9661597e-06   1.3379923e-06   1.2050971e-06   9.4633913e-07   6.7515634e-07   4.6875289e-07   4.4269018e-07   2.5924101e-07   1.8929441e-07   1.8335278e-07   8.4493401e-08   6.3889551e-08
   0.0000000e+00   0.0000000e+00   3.3373526e-06   5.6538024e-06   6.8216877e-06   6.7668352e-06   7.4998111e-06   6.5193985e-06   4.6444152e-06   3.1948246e-06   2.3446596e-06   1.8271425e-06   1.4457883e-06   1.1967130e-06   8.1465896e-07   7.1120098e-07   5.1430732e-07   3.9238162e-07   2.0992559e-07   2.4767314e-07   1.7350239e-07   1.0045749e-07  -3.3986517e-08
   0.0000000e+00   0.0000000e+00   3.2780604e-06   5.7141019e-06   6.8166528e-06   6.6717885e-06   7.5597382e-06   6.5499503e-06   4.6008336e-06   3.2902153e-06   2.2882011e-06   1.7792481e-06   1.4567555e-06   1.1956132e-06   8.8291057e-07   6.5530497e-07   4.6385793e-07   3.9471490e-07   2.5573351e-07   2.4344783e-07   1.1988377e-07   7.3609314e-08   1.4849162e-07
   0.0000000e+00   0.0000000e+00   3.3355675e-06   5.6815593e-06   6.8854993e-06   6.7184978e-06   7.4174141e-06   6.6515290e-06   4.5622878e-06   3.1659051e-06   2.4434596e-06   1.7679259e-06   1.4761775e-06   1.0142267e-06   1.0051483e-06   6.5780392e-07   4.1410408e-07   4.4429825e-07   2.0570069e-07   2.3704064e-07   1.4601081e-07   8.2103938e-08   7.3674201e-08
   0.0000000e+00   0.0000000e+00   3.3422061e-06   5.7006800e-06   6.8105624e-06   6.7776009e-06   7.4804047e-06   6.5660820e-06   4.6968626e-06   3.1037557e-06   2.3895768e-06   1.8790618e-06   1.3565506e-06   1.1599845e-06   9.1519985e-07   6.2673757e-07   4.6315597e-07   4.1392821e-07   2.1676294e-07   2.1742215e-07   1.8953953e-07   4.8230895e-08   3.1797967e-08
   0.0000000e+00   0.0000000e+00   3.3464992e-06   5.6485787e-06   6.8343229e-06   6.7129345e-06   7.5357343e-06   6.5540112e-06   4.6418982e-06   3.2563478e-06   2.3050482e-06   1.7919614e-06   1.4646289e-06   1.1663009e-06   9.0119977e-07   6.0770600e-07   5.4179520e-07   3.1493980e-07   2.9668453e-07   2.1178327e-07   9.1078888e-08   1.4034201e-07   5.9832551e-08
   0.0000000e+00   0.0000000e+00   3.3538809e-06   5.7065076e-06   6.8662680e-06   6.7287187e-06   7.4623949e-06   6.6413372e-06   4.6119917e-06   3.1827396e-06   2.3925961e-06   1.8312727e-06   1.4321845e-06   1.1864080e-06   7.8341452e-07   7.7673326e-07   5.1964082e-07   2.4626991e-07   3.6558134e-07   1.9069661e-07   1.2283033e-07   1.1815641e-07   2.0283739e-08
   0.0000000e+00   0.0000000e+00   3.2463195e-06   5.6978242e-06   6.8606755e-06   6.7581391e-06   7.4879149e-06   6.5850295e-06   4.6427890e-06   3.2243202e-06   2.3541988e-06   1.8344086e-06   1.4509372e-06   1.1619982e-06   9.2157586e-07   6.3676674e-07   5.2035170e-07   3.2372813e-07   3.6881048e-07   1.5358697e-07   1.4646959e-07   1.7046240e-07  -6.7644912e-08
   0.0000000e+00   0.0000000e+00   3.4234174e-06   5.6213034e-06   6.8643726e-06   6.7222200e-06   7.4977957e-06   6.5977943e-06   4.6224895e-06   3.2066694e-06   2.4061942e-06   1.8055680e-06   1.4037712e-06   1.2198805e-06   9.4100852e-07   6.6662022e-07   4.6764688e-07   3.8819505e-07   3.1623199e-07   1.4519536e-07   2.2025036e-07   1.1644834e-07   1.3683684e-08
   0.0000000e+00   0.0000000e+00   3.3161705e-06   5.7403240e-06   6.8058825e-06   6.7446704e-06   7.5606122e-06   6.5394847e-06   4.6686046e-06   3.1696252e-06   2.3750765e-06   1.8329150e-06   1.5492011e-06   1.0645655e-06   9.6091810e-07   6.6921541e-07   5.6507736e-07   3.2562573e-07   2.9097671e-07   2.3469586e-07   1.0750434e-07   1.5510565e-07   6.3816081e-08
   0.0000000e+00   0.0000000e+00   3.2649598e-06   5.7011084e-06   6.9235739e-06   6.6358748e-06   7.4894228e-06   6.6690914e-06   4.6138084e-06   3.1981854e-06   2.4387746e-06   1.7522628e-06   1.5065222e-06   1.2217461e-06   8.9162882e-07   6.7441329e-07   5.4111797e-07   3.5708030e-07   2.6208139e-07   3.0700110e-07   4.4205109e-08   8.8815135e-08   1.7231798e-07
   0.0000000e+00   0.0000000e+00   3.4111779e-06   5.5848304e-06   6.8265294e-06   6.8613704e-06   7.3765818e-06   6.5861345e-06   4.6396731e-06   3.1999323e-06   2.3765535e-06   1.8662373e-06   1.4374849e-06   1.1548565e-06   1.0310705e-06   6.5694775e-07   5.1557402e-07   4.1164191e-07   1.8738615e-07   2.7440220e-07   1.4973348e-07   3.5181337e-08   8.7913904e-08
   0.0000000e+00   0.0000000e+00   3.3210090e-06   5.7367188e-06   6.8244099e-06   6.7194505e-06   7.5496800e-06   6.5842478e-06   4.5985425e-06   3.1945322e-06   2.3633579e-06   1.8909939e-06   1.4204538e-06   1.2448752e-06   8.7367357e-07   7.5917660e-07   4.7398461e-07   4.4538234e-07   2.5443464e-07   1.2879650e-07   2.6126239e-07   2.3860514e-08  -2.0276463e-08
   0.0000000e+00   0.0000000e+00   3.3155404e-06   5.7200541e-06   6.8413619e-06   6.6653406e-06   7.5288735e-06   6.5536437e-06   4.6712585e-06   3.2357875e-06   2.3330110e-06   1.8293546e-06   1.5127000e-06   1.1987233e-06   9.2340804e-07   7.3525132e-07   4.0921560e-07   5.0019236e-07   2.8017470e-07   1.4587646e-07   1.3900404e-07   8.2734807e-08   9.3542852e-08
   0.0000000e+00   0.0000000e+00   3.2758001e-06   5.7030052e-06   6.8794238e-06   6.6718976e-06   7.4845429e-06   6.6261050e-06   4.5295978e-06   3.2219507e-06   2.4126316e-06   1.8137174e-06   1.4521664e-06   1.2322733e-06   8.8175085e-07   8.0479418e-07   5.1650773e-07   2.5049522e-07   3.9663718e-07   1.7142082e-07   9.0352948e-08   1.3642858e-07  -3.8942289e-09
   0.0000000e+00   0.0000000e+00   3.3764843e-06   5.5720266e-06   6.8669751e-06   6.8359227e-06   7.4477903e-06   6.5536392e-06   4.6851783e-06   3.1353077e-06   2.3799150e-06   1.8782113e-06   1.4542501e-06   1.1839812e-06   9.4476695e-07   6.4403309e-07   5.8638358e-07   3.7098292e-07   2.1598643e-07   2.6333541e-07   1.4436291e-07  -3.5308796e-09   9.2760445e-08
   0.0000000e+00   0.0000000e+00   3.4163454e-06   5.7167135e-06   6.8376262e-06   6.6923549e-06   7.4764371e-06   6.6275852e-06   4.5737561e-06   3.2802534e-06   2.3325015e-06   1.8321895e-06   1.4753284e-06   1.1807988e-06   1.0161843e-06   6.1972764e-07   5.1093735e-07   3.9302191e-07   2.6352083e-07   1.6902629e-07   1.6436941e-07   1.1579923e-07  -7.1732494e-08
   0.0000000e+00   0.0000000e+00   3.1972759e-06   5.7536158e-06   6.8420145e-06   6.7124843e-06   7.5389507e-06   6.5187023e-06   4.6641485e-06   3.1517359e-06   2.3163568e-06   1.9345573e-06   1.4726349e-06   1.1191618e-06   1.0109623e-06   6.3880481e-07   5.2626132e-07   3.8554634e-07   2.5861837e-07   1.7304779e-07   1.1235120e-07   9.5043255e-08   1.0737379e-07
   0.0000000e+00   0.0000000e+00   3.3836930e-06   5.6630734e-06   6.8282998e-06   6.7119213e-06   7.5386333e-06   6.6183702e-06   4.5969682e-06   3.2286737e-06   2.4147421e-06   1.6920544e-06   1.5645571e-06   1.1717319e-06   9.0521598e-07   7.4803643e-07   4.5529529e-07   3.6107022e-07   2.7320027e-07   2.4673028e-07   9.6874615e-08   3.5913253e-08   9.3413043e-08
   0.0000000e+00   0.0000000e+00   3.3810302e-06   5.6351714e-06   6.9057141e-06   6.7947049e-06   7.3357601e-06   6.6492335e-06   4.5962065e-06   3.1598718e-06   2.5006573e-06   1.8154190e-06   1.3676198e-06   1.3597634e-06   8.2082823e-07   7.0834250e-07   5.1715705e-07   3.3201482e-07   3.1871119e-07   1.3777930e-07   1.7726576e-07   9.9900980e-08  -8.7008072e-09
   0.0000000e+00   0.0000000e+00   3.2720934e-06   5.7501343e-06   6.8554418e-06   6.7064530e-06   7.5842408e-06   6.5476838e-06   4.6518080e-06   3.1625232e-06   2.3197340e-06   1.9060227e-06   1.4733239e-06   1.1293821e-06   9.7624070e-07   7.0972845e-07   4.6624203e-07   4.2169088e-07   2.0077414e-07   2.3640482e-07   1.4650490e-07   7.5235455e-08   5.3301914e-08
   0.0000000e+00   0.0000000e+00   3.3738261e-06   5.6281851e-06   6.8672239e-06   6.6762536e-06   7.5351854e-06   6.5572854e-06   4.6858745e-06   3.2024061e-06   2.3288057e-06   1.9119020e-06   1.4367524e-06   1.1904285e-06   8.7666882e-07   7.5529050e-07   4.4742822e-07   3.7774845e-07   2.8840520e-07   2.0456957e-07   1.2893082e-07   6.9818370e-08   9.0186113e-08
   0.0000000e+00   0.0000000e+00   3.3292815e-06   5.7129764e-06   6.8843906e-06   6.7530514e-06   7.4652985e-06   6.5497443e-06   4.6019677e-06   3.2906028e-06   2.3192790e-06   1.7559605e-06   1.5534364e-06   1.1809043e-06   9.4745002e-07   6.2380309e-07   5.3510615e-07   3.5245759e-07   2.5628029e-07   2.3589864e-07   7.4612331e-08   1.3249557e-07   3.4671022e-09
   0.0000000e+00   0.0000000e+00   3.3470590e-06   5.7159587e-06   6.8039726e-06   6.7926330e-06   7.4928521e-06   6.6698844e-06   4.5424758e-06   3.1456721e-06   2.5262880e-06   1.7455773e-06   1.4557459e-06   1.1684539e-06   9.3351804e-07   6.8753383e-07   4.7112283e-07   3.9616648e-07   2.3252530e-07   2.0570383e-07   1.5849552e-07   3.9456314e-08   5.8608538e-08
   0.0000000e+00   0.0000000e+00   3.3109036e-06   5.6372578e-06   6.8585614e-06   6.7334131e-06   7.4243517e-06   6.6575935e-06   4.6646965e-06   3.0929834e-06   2.4325584e-06   1.8702744e-06   1.3895769e-06   1.1650303e-06   9.5063945e-07   6.5566746e-07   4.8621229e-07   3.7669346e-07   2.9383949e-07   1.3711291e-07   1.6039752e-07   8.4220737e-08   3.4145270e-08
   0.0000000e+00   0.0000000e+00   3.2812807e-06   5.7519674e-06   6.8647932e-06   6.6884836e-06   7.5747835e-06   6.4649298e-06   4.6621899e-06   3.3351143e-06   2.1697206e-06   1.8763313e-06   1.5021594e-06   1.1819212e-06   8.6047118e-07   7.1716192e-07   4.7087332e-07   3.5751535e-07   3.0845243e-07   1.7824593e-07   1.2572224e-07   8.8748251e-08   4.3917399e-08
   0.0000000e+00   0.0000000e+00   3.4728594e-06   5.5597134e-06   6.8831050e-06   6.7598457e-06   7.4511800e-06   6.6307730e-06   4.6485029e-06   3.1349909e-06   2.4783892e-06   1.7708364e-06   1.4464931e-06   1.1636916e-06   8.7097487e-07   7.1262428e-07   5.2149784e-07   3.3442987e-07   2.4982370e-07   2.1892332e-07   2.1543318e-07   4.4830313e-09   5.1076242e-08
   0.0000000e+00   0.0000000e+00   3.2567425e-06   5.7749698e-06   6.7816964e-06   6.7002488e-06   7.5254356e-06   6.6628299e-06   4.5428692e-06   3.2208920e-06   2.3600953e-06   1.8838954e-06   1.3718862e-06   1.2160878e-06   9.4456107e-07   6.1838728e-07   5.0507475e-07   3.8817259e-07   2.8007747e-07   2.1486825e-07   9.4316221e-08   1.2052953e-07   9.3170271e-08
   0.0000000e+00   0.0000000e+00   3.2528540e-06   5.6798926e-06   6.8603763e-06   6.7607857e-06   7.4601699e-06   6.5192567e-06   4.7387221e-06   3.1784500e-06   2.4067961e-06   1.8119511e-06   1.4854153e-06   1.1015529e-06   9.7337704e-07   6.7093214e-07   4.8244016e-07   3.6939218e-07   3.1153891e-07   1.4721797e-07   1.7585231e-07   9.4767564e-08   3.9321677e-08
   0.0000000e+00   0.0000000e+00   3.3528429e-06   5.6450594e-06   6.8374798e-06   6.7316519e-06   7.5565736e-06   6.5247641e-06   4.6605574e-06   3.2576811e-06   2.3226912e-06   1.8155740e-06   1.5355259e-06   1.1336487e-06   9.0883645e-07   7.0505700e-07   4.4891550e-07   4.0386968e-07   2.6245041e-07   2.1610718e-07   1.9655647e-07   1.0450257e-08   7.6943650e-08
   0.0000000e+00   0.0000000e+00   3.3735876e-06   5.6694112e-06   6.8236823e-06   6.6174416e-06   7.5649823e-06   6.6613375e-06   4.6141522e-06   3.1922757e-06   2.3987741e-06   1.8829783e-06   1.4179028e-06   1.1948382e-06   9.0470292e-07   6.4605160e-07   5.4239320e-07   3.5578984e-07   3.1488983e-07   1.6682668e-07   1.2390974e-07   1.2277040e-07   9.6461854e-08
   0.0000000e+00   0.0000000e+00   3.2885293e-06   5.6539529e-06   6.8882832e-06   6.8204172e-06   7.2468956e-06   6.7255396e-06   4.6490468e-06   3.1508785e-06   2.5453962e-06   1.7974814e-06   1.3839431e-06   1.2420177e-06   9.0033132e-07   7.1194847e-07   4.8027465e-07   3.2279490e-07   2.7257852e-07   2.5250998e-07   1.7301934e-07   5.9597202e-08   1.3375698e-08
   0.0000000e+00   0.0000000e+00   3.3122517e-06   5.6521781e-06   6.8073705e-06   6.7543228e-06   7.6328070e-06   6.4652450e-06   4.6589662e-06   3.2828486e-06   2.2899735e-06   1.8900469e-06   1.5465080e-06   1.1781535e-06   8.3978307e-07   6.7696880e-07   4.9996191e-07   4.0144610e-07   2.8676854e-07   1.4093193e-07   2.0720849e-07   4.6034071e-08   1.1552780e-07
   0.0000000e+00   0.0000000e+00   3.2726259e-06   5.7190427e-06   6.7079663e-06   6.7200140e-06   7.4931768e-06   6.6382727e-06   4.6822365e-06   3.2297382e-06   2.3730563e-06   1.9016458e-06   1.3987288e-06   1.1716207e-06   9.7138548e-07   7.0517524e-07   4.3464834e-07   3.4175514e-07   3.0032069e-07   2.2853277e-07   1.0482574e-07   1.3410234e-07   3.1419067e-09
   0.0000000e+00   0.0000000e+00   3.4295324e-06   5.6057197e-06   6.9937264e-06   6.5589061e-06   7.5460807e-06   6.5612912e-06   4.6578593e-06   3.1911293e-06   2.5073073e-06   1.7597265e-06   1.5572787e-06   1.1274935e-06   9.3645355e-07   6.4284836e-07   5.0018741e-07   4.0762228e-07   2.5470391e-07   1.6066254e-07   1.7549013e-07   1.0342106e-07   5.6952214e-08
   0.0000000e+00   0.0000000e+00   3.1839197e-06   5.6615022e-06   6.8354061e-06   6.8401237e-06   7.3951937e-06   6.6645653e-06   4.6589275e-06   3.2231555e-06   2.3203645e-06   1.9256474e-06   1.4057473e-06   1.2332056e-06   9.1811091e-07   6.0995438e-07   5.4662888e-07   3.7156610e-07   2.0630050e-07   3.1903116e-07   1.1105639e-07   2.6879393e-08   1.1919745e-07
   0.0000000e+00   0.0000000e+00   3.4140423e-06   5.6251351e-06   6.7185310e-06   6.7461533e-06   7.5115554e-06   6.5832396e-06   4.6535256e-06   3.2397941e-06   2.4623278e-06   1.8077004e-06   1.4578015e-06   1.1690679e-06   8.6618178e-07   7.6012282e-07   4.6428377e-07   3.0986726e-07   3.7177543e-07   1.2679007e-07   1.9228175e-07   1.2329215e-07  -4.1579646e-09
   0.0000000e+00   0.0000000e+00   3.2883675e-06   5.7459170e-06   6.8051404e-06   6.6610064e-06   7.5533858e-06   6.6115235e-06   4.5761926e-06   3.3111974e-06   2.2995471e-06   1.9418801e-06   1.4081163e-06   1.1610646e-06   9.4983091e-07   6.4416923e-07   4.3565484e-07   4.7358637e-07   2.1624776e-07   2.4588923e-07   9.7019658e-08   1.3060519e-07   7.5217955e-08
   0.0000000e+00   0.0000000e+00   3.2965472e-06   5.5741002e-06   6.9898783e-06   6.6573552e-06   7.4455429e-06   6.6350472e-06   4.7164062e-06   3.1677855e-06   2.4435767e-06   1.8082827e-06   1.4513777e-06   1.2035593e-06   8.2417768e-07   7.0990836e-07   4.7225251e-07   3.4979863e-07   3.1338161e-07   1.2814799e-07   2.6930300e-07   1.6582433e-08  -8.8932639e-09
   0.0000000e+00   0.0000000e+00   3.2964999e-06   5.7097895e-06   6.6792027e-06   6.8414652e-06   7.4095706e-06   6.6547732e-06   4.5936263e-06   3.2488185e-06   2.3899902e-06   1.8295855e-06   1.4702620e-06   1.1521417e-06   8.9004158e-07   6.3022668e-07   5.2692013e-07   3.4372172e-07   2.4191746e-07   2.1697326e-07   1.2885620e-07   1.0219139e-07   5.1621299e-08
   0.0000000e+00   0.0000000e+00   3.3734057e-06   5.6417684e-06   6.8524041e-06   6.6523380e-06   7.6522047e-06   6.4590567e-06   4.7512949e-06   3.1834545e-06   2.4177705e-06   1.8224846e-06   1.4309435e-06   1.1022694e-06   9.6435053e-07   6.1676468e-07   5.0598408e-07   3.0404979e-07   2.7211178e-07   2.5379657e-07   4.3279403e-08   1.0639125e-07   8.8310074e-08
   0.0000000e+00   0.0000000e+00   3.2748615e-06   5.6907420e-06   6.7993574e-06   6.7383812e-06   7.3959272e-06   6.7236633e-06   4.5389311e-06   3.2816638e-06   2.3709649e-06   1.8342341e-06   1.4676774e-06   1.1702365e-06   8.2572069e-07   6.4829209e-07   4.8817748e-07   3.4613288e-07   2.9926343e-07   8.9709644e-08   1.9547880e-07   9.0868319e-08  -3.3781735e-08
   0.0000000e+00   0.0000000e+00   3.3684360e-06   5.5250825e-06   6.9831044e-06   6.6192652e-06   7.5343264e-06   6.5364920e-06   4.7265257e-06   3.1715724e-06   2.3410284e-06   1.8506021e-06   1.4193074e-06   1.0595638e-06   1.0743328e-06   5.2287032e-07   5.0749867e-07   3.2608671e-07   2.3712310e-07   2.1259876e-07   1.1707091e-07   5.7449437e-08   5.8165760e-08
   0.0000000e+00   0.0000000e+00   3.2579053e-06   5.8127362e-06   6.6852913e-06   6.8554627e-06   7.3899078e-06   6.6828311e-06   4.5950560e-06   3.2020550e-06   2.4620163e-06   1.7572396e-06   1.4737736e-06   1.2214385e-06   7.0737264e-07   7.9661442e-07   3.8072838e-07   3.4496736e-07   3.3540232e-07   8.1270031e-08   9.4847856e-08   1.9532274e-07  -8.4904734e-08
   0.0000000e+00   0.0000000e+00   3.3626859e-06   5.6353929e-06   6.7893038e-06   6.7139290e-06   7.5722483e-06   6.5072832e-06   4.7042363e-06   3.1967841e-06   2.3246223e-06   1.8945924e-06   1.3850629e-06   1.1241644e-06   9.3075863e-07   6.5507754e-07   5.2155582e-07   2.5924720e-07   1.9905757e-07   2.7760436e-07   9.4713151e-08  -3.1285662e-08   1.4147749e-07
   0.0000000e+00   0.0000000e+00   3.2490702e-06   5.6521230e-06   6.9254343e-06   6.6271000e-06   7.4964119e-06   6.6294119e-06   4.5471929e-06   3.2793121e-06   2.3547798e-06   1.7920435e-06   1.5071706e-06   1.2074925e-06   8.2114400e-07   6.4638942e-07   4.4723220e-07   4.4262424e-07   2.2346806e-07   9.0153222e-08   1.3381279e-07   1.2766071e-07  -6.9416920e-08
   0.0000000e+00   0.0000000e+00   3.4319974e-06   5.5909850e-06   6.8860913e-06   6.7622368e-06   7.4610675e-06   6.5992826e-06   4.7219537e-06   3.1518641e-06   2.4311892e-06   1.7817777e-06   1.3940431e-06   1.1427791e-06   9.8441603e-07   6.7630100e-07   4.4669576e-07   3.3784926e-07   1.8275853e-07   2.9468973e-07   6.2751404e-08   3.2477725e-08   5.0412051e-08
   0.0000000e+00   0.0000000e+00   3.2706582e-06   5.7682296e-06   6.7406527e-06   6.7510059e-06   7.4995610e-06   6.6578186e-06   4.5075785e-06   3.2720918e-06   2.3228076e-06   1.8724633e-06   1.5366604e-06   1.1093836e-06   8.8206156e-07   6.8792366e-07   4.2053870e-07   4.7621708e-07   2.1183034e-07   1.4874830e-07   6.7246880e-08   1.0051370e-07   1.0065925e-07
   0.0000000e+00   0.0000000e+00   3.3087015e-06   5.6688154e-06   6.8750255e-06   6.7037990e-06   7.5216394e-06   6.5285531e-06   4.7885042e-06   3.0824872e-06   2.5061840e-06   1.7231448e-06   1.4237371e-06   1.1943744e-06   9.3132070e-07   6.8475453e-07   5.5195108e-07   2.1495636e-07   3.0534986e-07   2.5685384e-07   3.8873029e-08   8.8719361e-08  -3.3746407e-08
   0.0000000e+00   0.0000000e+00   3.3113470e-06   5.6940735e-06   6.8423801e-06   6.7900660e-06   7.4511636e-06   6.6414909e-06   4.5859642e-06   3.2623118e-06   2.2874844e-06   1.9519478e-06   1.4389461e-06   1.1904630e-06   8.6669183e-07   6.8832998e-07   4.7747335e-07   4.5547264e-07   1.7263669e-07   2.0889578e-07   1.0626678e-07   7.8807339e-08   3.6335937e-08
   0.0000000e+00   0.0000000e+00   3.4118825e-06   5.5929763e-06   6.9258117e-06   6.6884190e-06   7.5472635e-06   6.6120433e-06   4.6536170e-06   3.2122250e-06   2.3993978e-06   1.7648597e-06   1.4461933e-06   1.1881918e-06   9.5435757e-07   6.6167775e-07   5.1683412e-07   3.0819507e-07   3.2817172e-07   1.5368599e-07   1.0601978e-07   1.3535114e-07  -7.7183287e-08
   0.0000000e+00   0.0000000e+00   3.3130750e-06   5.8060336e-06   6.6985144e-06   6.8507256e-06   7.4714844e-06   6.5534846e-06   4.6292735e-06   3.2891596e-06   2.3531290e-06   1.8792440e-06   1.4515684e-06   1.1830848e-06   8.4704402e-07   7.3180928e-07   4.8022821e-07   3.6691247e-07   2.6771917e-07   1.8722245e-07   9.5772563e-08   1.0943014e-07   3.6258456e-08
   0.0000000e+00   0.0000000e+00   3.2843191e-06   5.6379381e-06   7.0227939e-06   6.6274056e-06   7.5611133e-06   6.6961989e-06   4.6106384e-06   3.1108270e-06   2.4693732e-06   1.7403864e-06   1.4692486e-06   1.1967597e-06   9.2340184e-07   6.3505439e-07   5.1557799e-07   3.5667466e-07   2.3034981e-07   1.9705683e-07   1.2447803e-07   9.4393243e-08  -2.2220272e-08
   0.0000000e+00   0.0000000e+00   3.3404854e-06   5.6516524e-06   6.8224176e-06   6.7731644e-06   7.5063981e-06   6.6043563e-06   4.7035819e-06   3.1906211e-06   2.3805369e-06   1.9159399e-06   1.3753839e-06   1.2016021e-06   8.7527229e-07   7.1721956e-07   4.4818481e-07   3.5718020e-07   2.6311517e-07   1.9705355e-07   7.4491957e-08   1.1833168e-07   8.9907015e-09
   0.0000000e+00   0.0000000e+00   3.4284924e-06   5.7006323e-06   6.8709901e-06   6.7456294e-06   7.5117105e-06   6.5548961e-06   4.6839668e-06   3.2302921e-06   2.3838431e-06   1.7934610e-06   1.5178775e-06   1.0415044e-06   1.0158086e-06   6.1662786e-07   5.2986320e-07   2.9477300e-07   2.6998924e-07   2.0841394e-07   9.5347140e-08   7.7566881e-08   3.0679495e-08
   0.0000000e+00   0.0000000e+00   3.2361440e-06   5.7149300e-06   6.8037184e-06   6.8647414e-06   7.4583845e-06   6.6700654e-06   4.5844417e-06   3.3450892e-06   2.1927290e-06   1.9360416e-06   1.4615711e-06   1.2161765e-06   8.3732760e-07   6.7575291e-07   4.4914376e-07   4.4012955e-07   2.2090144e-07   1.5748637e-07   1.0906430e-07   9.4428756e-08   4.7254844e-08
   0.0000000e+00   0.0000000e+00   3.3608324e-06   5.7084030e-06   6.8591153e-06   6.6472685e-06   7.6009978e-06   6.5832151e-06   4.6682540e-06   3.1614393e-06   2.5266093e-06   1.7677937e-06   1.4209082e-06   1.1322792e-06   9.7380189e-07   6.4997818e-07   5.4168180e-07   2.5637857e-07   3.1246498e-07   1.7879181e-07   1.3046346e-07   1.0795058e-07  -8.3362039e-08
   0.0000000e+00   0.0000000e+00   3.3097901e-06   5.6397566e-06   6.9146527e-06   6.7949463e-06   7.4177547e-06   6.7132651e-06   4.6218747e-06   3.1617158e-06   2.4237577e-06   1.8542756e-06   1.4597151e-06   1.1836222e-06   8.9995251e-07   6.5309649e-07   4.7911595e-07   4.0324130e-07   2.5641438e-07   1.5802729e-07   1.4681089e-07   8.4615984e-08   4.2498179e-08
   0.0000000e+00   0.0000000e+00   3.3950844e-06   5.6879489e-06   6.8913382e-06   6.6543507e-06   7.6493825e-06   6.4863711e-06   4.7440658e-06   3.2198723e-06   2.3813739e-06   1.7878074e-06   1.4772880e-06   1.2083960e-06   8.8535603e-07   6.9519501e-07   5.2155019e-07   2.8514950e-07   3.4043910e-07   1.5472899e-07   1.5335566e-07   1.1786614e-07  -3.0337809e-08
   0.0000000e+00   0.0000000e+00   3.2391895e-06   5.7219586e-06   6.7816450e-06   6.8910476e-06   7.3650349e-06   6.6876883e-06   4.5934612e-06   3.2392481e-06   2.3450950e-06   1.9092665e-06   1.4259339e-06   1.1637081e-06   9.5656264e-07   6.2961897e-07   5.3509518e-07   3.7533323e-07   2.4049444e-07   2.0212386e-07   1.4532044e-07   1.2667658e-07   2.1821277e-08
   0.0000000e+00   0.0000000e+00   3.4132838e-06   5.6587955e-06   6.8804875e-06   6.6961925e-06   7.5587955e-06   6.6407906e-06   4.6198629e-06   3.2401376e-06   2.3617458e-06   1.8032631e-06   1.4906485e-06   1.1654492e-06   9.5066184e-07   6.5090109e-07   4.6557008e-07   3.8786993e-07   3.1827594e-07   1.6834449e-07   1.2845156e-07   1.1897337e-07   8.3063568e-08
   0.0000000e+00   0.0000000e+00   3.2952187e-06   5.7206812e-06   6.7986430e-06   6.8026488e-06   7.5018952e-06   6.5068334e-06   4.6989799e-06   3.2011965e-06   2.3568371e-06   1.9274835e-06   1.3456589e-06   1.2010389e-06   8.9064099e-07   7.3688591e-07   5.1923411e-07   2.8195245e-07   2.6883177e-07   2.6283331e-07   1.7038700e-07   4.1050246e-08   9.2516082e-08
   0.0000000e+00   0.0000000e+00   3.3253107e-06   5.6590525e-06   6.9455950e-06   6.6119674e-06   7.5981638e-06   6.6252624e-06   4.6254845e-06   3.0781575e-06   2.4919038e-06   1.6492986e-06   1.6133296e-06   1.1037954e-06   8.9339284e-07   7.0044587e-07   4.6960056e-07   3.8255072e-07   2.7722811e-07   1.9909115e-07   1.3386540e-07   1.0129961e-07   1.0396070e-07
   0.0000000e+00   0.0000000e+00   3.2912326e-06   5.7477009e-06   6.8000204e-06   6.8044578e-06   7.4200980e-06   6.6328462e-06   4.6269774e-06   3.2870428e-06   2.3031428e-06   1.8453477e-06   1.3718742e-06   1.2198599e-06   8.8477236e-07   6.4398176e-07   5.0522607e-07   3.7691260e-07   2.4349416e-07   1.9928724e-07   1.5951343e-07   7.7097837e-08   5.0059892e-08
   0.0000000e+00   0.0000000e+00   3.4033440e-06   5.5671021e-06   6.9586490e-06   6.7219144e-06   7.5042453e-06   6.5845957e-06   4.6087666e-06   3.1650761e-06   2.3765510e-06   1.7930884e-06   1.4331638e-06   1.1499316e-06   8.9753792e-07   6.6899770e-07   4.6579510e-07   3.7534303e-07   2.8453752e-07   1.1968268e-07   1.9916206e-07   7.0279988e-08   1.9668660e-08
   0.0000000e+00   0.0000000e+00   3.3184012e-06   5.7322209e-06   6.7657725e-06   6.7775163e-06   7.5103608e-06   6.6330417e-06   4.5922629e-06   3.2154649e-06   2.2988886e-06   1.8533831e-06   1.4165240e-06   1.0823527e-06   9.4919744e-07   6.2269925e-07   5.0652733e-07   3.0458776e-07   2.9982391e-07   2.0732000e-07   9.5250577e-08   8.9847312e-08   4.9078974e-08
   0.0000000e+00   0.0000000e+00   3.3620008e-06   5.6828103e-06   6.8774016e-06   6.7076198e-06   7.5603589e-06   6.5077634e-06   4.7511480e-06   3.1020036e-06   2.3963332e-06   1.7914490e-06   1.3706084e-06   1.2074800e-06   8.1558875e-07   7.0218891e-07   5.0065842e-07   2.4952396e-07   3.3194218e-07   1.8161208e-07   1.2008599e-07   7.0820512e-08   8.0904044e-08
   0.0000000e+00   0.0000000e+00   3.2384423e-06   5.7760576e-06   6.8395098e-06   6.7650535e-06   7.4712248e-06   6.6464354e-06   4.5564270e-06   3.2128410e-06   2.3822238e-06   1.7430332e-06   1.4992438e-06   1.1032043e-06   8.6150862e-07   6.0788449e-07   5.1878527e-07   3.6434375e-07   2.4081729e-07   1.5813025e-07   1.6986897e-07   8.2984641e-08   3.1250963e-08
   0.0000000e+00   0.0000000e+00   3.4058003e-06   5.5756555e-06   6.9409821e-06   6.6986695e-06   7.5028061e-06   6.6116531e-06   4.6965883e-06   3.1868765e-06   2.3379557e-06   1.8138942e-06   1.3865267e-06   1.1165530e-06   9.7451732e-07   5.9111466e-07   4.3752573e-07   3.5168526e-07   2.6154265e-07   1.5637940e-07   1.9019610e-07   5.4895967e-08   5.0143402e-08
   0.0000000e+00   0.0000000e+00   3.3274059e-06   5.7047187e-06   6.8189233e-06   6.7791439e-06   7.5032153e-06   6.6734265e-06   4.4896478e-06   3.2944893e-06   2.3374414e-06   1.8337585e-06   1.4311221e-06   1.1489850e-06   8.2752706e-07   7.0267635e-07   3.7659413e-07   4.1356904e-07   2.3897525e-07   1.4263237e-07   1.5074443e-07   1.0559657e-07   1.8516850e-08
   0.0000000e+00   0.0000000e+00   3.3598526e-06   5.6887752e-06   6.8705699e-06   6.7222368e-06   7.5808057e-06   6.5297536e-06   4.7135782e-06   3.2035866e-06   2.3727036e-06   1.7932771e-06   1.4282621e-06   1.1289177e-06   8.9442301e-07   6.1217378e-07   5.0802333e-07   3.0508122e-07   1.4867352e-07   2.7802625e-07   1.7190571e-07  -5.3411242e-08   1.5954325e-07
   0.0000000e+00   0.0000000e+00   3.2619564e-06   5.7292459e-06   6.8558161e-06   6.7480960e-06   7.4360914e-06   6.6950602e-06   4.6447522e-06   3.1500881e-06   2.4069971e-06   1.8510582e-06   1.3995342e-06   1.2313662e-06   7.8946084e-07   6.5948007e-07   4.2923315e-07   3.5437134e-07   2.5486344e-07   1.2718822e-07   9.9436576e-08   9.5673386e-08   8.4264158e-08
   0.0000000e+00   0.0000000e+00   3.3682600e-06   5.6543699e-06   6.8556128e-06   6.7525452e-06   7.5338689e-06   6.5565787e-06   4.7117906e-06   3.2151127e-06   2.3595017e-06   1.8255549e-06   1.4195892e-06   1.1030645e-06   9.4008135e-07   6.7508580e-07   3.5793005e-07   3.5853029e-07   2.1711580e-07   1.8331855e-07   1.1080243e-07   2.2710719e-08   6.5860334e-08
   0.0000000e+00   0.0000000e+00   3.3204219e-06   5.7096022e-06   6.8341437e-06   6.7762721e-06   7.5067537e-06   6.6286289e-06   4.5879319e-06   3.2806388e-06   2.3743510e-06   1.8478480e-06   1.4732375e-06   1.1314252e-06   8.5141727e-07   6.5269541e-07   4.5482099e-07   2.9824150e-07   2.4802929e-07   8.0064027e-08   1.6919647e-07   1.6160451e-08   5.4049980e-08
   0.0000000e+00   0.0000000e+00   3.3649924e-06   5.6087042e-06   6.8918384e-06   6.6947150e-06   7.5399771e-06   6.6046468e-06   4.6307032e-06   3.2712182e-06   2.3484258e-06   1.8009499e-06   1.4902269e-06   1.1291131e-06   9.2605791e-07   5.7786616e-07   4.8715162e-07   3.0947220e-07   2.3405339e-07   1.2222073e-07   1.2349307e-07   1.4182794e-08   2.3626356e-08
