   0.0000000e+00   0.0000000e+00   4.5507218e-06   7.6206538e-06   8.9022942e-06   8.5823822e-06   9.4086927e-06   8.3327950e-06   5.7989841e-06   3.9264728e-06   3.0409294e-06   2.2869249e-06   1.7011622e-06   1.4894271e-06   1.0218073e-06   8.6943777e-07   5.6115016e-07   2.9344392e-07   3.2331533e-07   1.6275733e-07   1.1817140e-07   7.0586403e-08   1.4620254e-08
   0.0000000e+00   0.0000000e+00   4.5032903e-06   7.5357402e-06   8.9388623e-06   8.6435957e-06   9.4494844e-06   8.2071238e-06   5.9171848e-06   3.8919311e-06   2.9642551e-06   2.2644570e-06   1.8034013e-06   1.4677752e-06   1.1160261e-06   6.4682786e-07   7.6281594e-07   2.6599400e-07   3.7645032e-07   1.2429659e-07   1.0770528e-07   1.0064457e-07   2.9339322e-08
   0.0000000e+00   0.0000000e+00   4.4794679e-06   7.6306533e-06   8.8157667e-06   8.6250620e-06   9.4831357e-06   8.2087900e-06   5.7403336e-06   4.1457115e-06   2.9460721e-06   2.2239435e-06   1.7909813e-06   1.3744421e-06   1.1839168e-06   8.0313276e-07   5.5544427e-07   3.6169288e-07   3.6108489e-07   1.5797279e-07   1.9422043e-07   3.0710336e-08  -9.2809067e-09
   0.0000000e+00   0.0000000e+00   4.6270666e-06   7.4880195e-06   8.9640735e-06   8.5850415e-06   9.4538636e-06   8.3316581e-06   5.7114057e-06   3.9661545e-06   2.9316975e-06   2.3439534e-06   1.8342477e-06   1.3931101e-06   1.1780390e-06   7.2786946e-07   6.2098400e-07   4.0660692e-07   3.7909433e-07   7.5948577e-08   1.8693514e-07   1.3760179e-07   5.2395048e-08
   0.0000000e+00   0.0000000e+00   4.5550537e-06   7.5785515e-06   8.8985607e-06   8.5641341e-06   9.4470115e-06   8.3386903e-06   5.8114351e-06   3.9940232e-06   2.9622877e-06   2.2185573e-06   1.7879615e-06   1.3911009e-06   1.1927397e-06   8.5115221e-07   5.4908969e-07   3.9630891e-07   3.3806634e-07   2.6644477e-07   1.4147025e-07   3.9143920e-08   3.9853806e-08
   0.0000000e+00   0.0000000e+00   4.5230422e-06   7.5462149e-06   8.9243604e-06   8.6206956e-06   9.3765684e-06   8.1511016e-06   5.8562914e-06   3.9514680e-06   3.0184879e-06   2.2782549e-06   1.8490155e-06   1.4861342e-06   9.7254815e-07   8.4758778e-07   6.6784742e-07   3.6812961e-07   3.5060305e-07   1.9238769e-07   1.6268959e-07   9.2989808e-08   1.5069989e-07
   0.0000000e+00   0.0000000e+00   4.4842809e-06   7.6003089e-06   8.9058167e-06   8.6029113e-06   9.5739733e-06   8.2419983e-06   5.7660659e-06   4.0359291e-06   2.8381075e-06   2.2615677e-06   1.7333098e-06   1.5419297e-06   1.0950039e-06   8.8035029e-07   5.1953862e-07   4.8498572e-07   2.3254373e-07   3.2138109e-07   1.6687497e-07   7.8221012e-09   7.9280703e-08
   0.0000000e+00   0.0000000e+00   4.5605107e-06   7.5149514e-06   8.9077403e-06   8.5626962e-06   9.3961635e-06   8.3429286e-06   5.7210714e-06   4.0060818e-06   3.0224601e-06   2.2809197e-06   1.7916886e-06   1.3688623e-06   1.1349655e-06   8.1521682e-07   5.5960584e-07   5.3759061e-07   2.3079107e-07   2.1968603e-07   1.9313589e-07   9.3878128e-08  -1.0363693e-09
   0.0000000e+00   0.0000000e+00   4.5828410e-06   7.5468165e-06   8.8451416e-06   8.7242151e-06   9.3343142e-06   8.2842835e-06   5.7986349e-06   3.9567153e-06   2.8731936e-06   2.2799093e-06   1.7165553e-06   1.5194905e-06   1.1383086e-06   7.8782739e-07   5.2126086e-07   4.9729903e-07   3.5736406e-07   1.1867955e-07   2.0081356e-07   5.0386880e-08   1.3624927e-07
   0.0000000e+00   0.0000000e+00   4.5438860e-06   7.5994390e-06   8.9008281e-06   8.5365164e-06   9.5470677e-06   8.1837861e-06   5.8120022e-06   4.0558912e-06   2.9354328e-06   2.1801714e-06   1.8981192e-06   1.3013808e-06   1.1224223e-06   8.6116324e-07   6.0547808e-07   4.0966120e-07   2.9360470e-07   2.9334450e-07   1.4707496e-07   4.9871453e-08   6.8725505e-09
   0.0000000e+00   0.0000000e+00   4.4665917e-06   7.5226035e-06   8.9658879e-06   8.5758911e-06   9.4178176e-06   8.2511096e-06   5.8236615e-06   3.8074472e-06   3.0282179e-06   2.2902534e-06   1.6937344e-06   1.4890403e-06   1.0877837e-06   7.6371288e-07   6.8764354e-07   3.7960567e-07   3.5361978e-07   2.4220424e-07   1.3577773e-07   1.6708101e-07  -5.9327308e-09
   0.0000000e+00   0.0000000e+00   4.5684315e-06   7.5273620e-06   8.9442783e-06   8.5185238e-06   9.5115083e-06   8.3231789e-06   5.6932458e-06   4.1114913e-06   2.8550735e-06   2.2585295e-06   1.7144267e-06   1.4690155e-06   1.1419814e-06   7.7609104e-07   6.1882952e-07   4.1209333e-07   4.3575938e-07   1.8674722e-07   1.9515845e-07   1.0800221e-07   5.9415932e-08
   0.0000000e+00   0.0000000e+00   4.5782244e-06   7.5514135e-06   8.8335619e-06   8.6665277e-06   9.3235476e-06   8.2626411e-06   5.7328075e-06   4.0342952e-06   2.9063276e-06   2.2966365e-06   1.8494900e-06   1.3317753e-06   1.1153958e-06   8.2551469e-07   6.3957066e-07   4.4606631e-07   2.8600996e-07   2.9625028e-07   1.6786504e-07   1.6176014e-07  -2.1458945e-08
   0.0000000e+00   0.0000000e+00   4.5013276e-06   7.6855649e-06   8.8069492e-06   8.6721693e-06   9.4866273e-06   8.2109163e-06   5.7809411e-06   3.9899669e-06   2.8686050e-06   2.1851340e-06   1.8139377e-06   1.4663611e-06   1.1165833e-06   8.6322757e-07   5.2065099e-07   4.7490929e-07   3.8694117e-07   2.2826450e-07   1.6639515e-07   1.4284733e-07   4.3817646e-08
   0.0000000e+00   0.0000000e+00   4.4490389e-06   7.4937402e-06   8.9672876e-06   8.5557240e-06   9.4210545e-06   8.2192755e-06   5.7937618e-06   3.9288316e-06   3.0918886e-06   2.2278120e-06   1.7498855e-06   1.4308072e-06   1.1325276e-06   7.9846944e-07   6.1705560e-07   5.0569508e-07   2.8371025e-07   2.9574261e-07   1.1854699e-07   1.5059240e-07   9.8878111e-08
   0.0000000e+00   0.0000000e+00   4.6477317e-06   7.4708196e-06   8.9606428e-06   8.5366773e-06   9.4207671e-06   8.3051136e-06   5.8223122e-06   3.7614457e-06   2.9778596e-06   2.2305132e-06   1.7773611e-06   1.4822700e-06   1.0343185e-06   9.4338503e-07   6.0463071e-07   3.9280528e-07   2.9586599e-07   3.3997020e-07   2.4478874e-07   6.1330727e-09   4.7942041e-08
   0.0000000e+00   0.0000000e+00   4.5288307e-06   7.6232513e-06   8.8457091e-06   8.6692226e-06   9.3775743e-06   8.1927810e-06   5.7482630e-06   4.1012745e-06   2.7888163e-06   2.3276370e-06   1.8116581e-06   1.3887676e-06   1.1380857e-06   7.8391730e-07   6.4937370e-07   5.1537660e-07   3.4841307e-07   2.7529546e-07   2.9988971e-08   2.7078451e-07   5.1394768e-08
   0.0000000e+00   0.0000000e+00   4.5083584e-06   7.5987564e-06   8.8844399e-06   8.5777410e-06   9.4543029e-06   8.2203169e-06   5.7036036e-06   4.0526688e-06   2.9161420e-06   2.1622743e-06   1.7072488e-06   1.4946718e-06   1.1761075e-06   8.1716144e-07   6.2919145e-07   3.6901613e-07   4.6420450e-07   2.4260152e-07   2.0308661e-07   1.1355552e-07  -2.1601705e-09
   0.0000000e+00   0.0000000e+00   4.5128645e-06   7.5860949e-06   8.8787674e-06   8.5735610e-06   9.4924262e-06   8.2226998e-06   5.7193292e-06   3.8158387e-06   3.0021517e-06   2.2571492e-06   1.8649193e-06   1.3538302e-06   1.0989921e-06   7.7568245e-07   6.8549707e-07   5.2613842e-07   3.3037605e-07   2.4381490e-07   1.8080985e-07   2.2077934e-07  -1.6419827e-08
   0.0000000e+00   0.0000000e+00   4.6560604e-06   7.4148634e-06   9.0062003e-06   8.5682768e-06   9.3597764e-06   8.2085662e-06   5.9007275e-06   3.8727067e-06   2.9560531e-06   2.1795161e-06   1.6647525e-06   1.4987204e-06   1.1160854e-06   8.7163784e-07   6.1766889e-07   3.7885712e-07   4.0186023e-07   3.5911472e-07   1.3558741e-07   2.0416086e-07  -4.1217728e-08
   0.0000000e+00   0.0000000e+00   4.5136389e-06   7.6824153e-06   8.8170709e-06   8.6638993e-06   9.3795852e-06   8.2113784e-06   5.7128691e-06   3.9406955e-06   2.9063222e-06   2.2268830e-06   1.8997198e-06   1.3583663e-06   1.0779481e-06   8.3123871e-07   6.1023673e-07   4.7904155e-07   3.8002398e-07   2.9809817e-07   1.5890767e-07   1.6928404e-07   1.4937876e-07
   0.0000000e+00   0.0000000e+00   4.4529934e-06   7.6311590e-06   8.8857623e-06   8.5985812e-06   9.4484885e-06   8.2953711e-06   5.6846384e-06   3.9970687e-06   2.8398701e-06   2.2870795e-06   1.6886431e-06   1.4478962e-06   1.1452078e-06   8.3220289e-07   6.0948395e-07   4.8176582e-07   2.7611918e-07   3.4501275e-07   2.9590245e-07   4.5307019e-08   3.1221845e-08
   0.0000000e+00   0.0000000e+00   4.6158989e-06   7.5117318e-06   8.9344567e-06   8.5757229e-06   9.3961435e-06   8.2084789e-06   5.7098305e-06   4.0739601e-06   2.8660388e-06   2.2775500e-06   1.7234502e-06   1.4424722e-06   1.1794211e-06   7.6480029e-07   5.4381724e-07   6.6312850e-07   2.6018165e-07   2.6914222e-07   1.7216800e-07   2.0542362e-07   1.1735992e-07
   0.0000000e+00   0.0000000e+00   4.5934430e-06   7.5066978e-06   8.9550931e-06   8.5544498e-06   9.5191426e-06   8.1925073e-06   5.7938387e-06   3.8236230e-06   3.0022024e-06   2.2053739e-06   1.8293285e-06   1.4059939e-06   1.0812620e-06   9.5747112e-07   5.3953170e-07   4.5098875e-07   3.8041932e-07   3.0825800e-07   2.2898041e-07   4.5530296e-08   7.7013588e-08
   0.0000000e+00   0.0000000e+00   4.4668468e-06   7.6209512e-06   8.8638517e-06   8.6170539e-06   9.4045517e-06   8.2614833e-06   5.8145511e-06   3.9169313e-06   2.9479500e-06   2.2279858e-06   1.8276677e-06   1.4640779e-06   1.0892093e-06   8.3834135e-07   6.7733578e-07   4.4333510e-07   3.5401450e-07   2.8523169e-07   1.9061353e-07   9.0685155e-08   1.1499793e-07
   0.0000000e+00   0.0000000e+00   4.5598194e-06   7.6531078e-06   8.8805546e-06   8.5804222e-06   9.3741155e-06   8.2446659e-06   5.7407738e-06   4.0283176e-06   2.9131927e-06   2.2427637e-06   1.7398273e-06   1.4781857e-06   1.1750720e-06   8.3251399e-07   6.1294094e-07   4.8589123e-07   3.9348726e-07   2.4079691e-07   1.5865595e-07   1.8117241e-07  -3.5558177e-08
   0.0000000e+00   0.0000000e+00   4.5766933e-06   7.4598947e-06   8.9457371e-06   8.6991859e-06   9.3692179e-06   8.2454826e-06   5.7615384e-06   3.9214419e-06   2.9008238e-06   2.3862065e-06   1.7271461e-06   1.4570471e-06   1.1847147e-06   7.6294998e-07   7.2289976e-07   4.7468515e-07   3.2904410e-07   2.1660239e-07   2.8743176e-07   5.6411114e-08   1.2862427e-08
   0.0000000e+00   0.0000000e+00   4.5988577e-06   7.5136841e-06   8.9056703e-06   8.5227593e-06   9.5547339e-06   8.2366932e-06   5.6912741e-06   4.0636978e-06   2.8867660e-06   2.2160366e-06   1.8162373e-06   1.4333667e-06   1.1903089e-06   8.4628294e-07   6.3949443e-07   4.1020871e-07   4.7394732e-07   2.2014601e-07   1.4579325e-07   1.8522704e-07   5.4353078e-09
   0.0000000e+00   0.0000000e+00   4.4610370e-06   7.6652868e-06   8.8627758e-06   8.5953989e-06   9.3724620e-06   8.2092993e-06   5.8421806e-06   3.8370135e-06   3.0517510e-06   2.1737001e-06   1.7941765e-06   1.5001428e-06   1.0744176e-06   8.8172573e-07   6.4060919e-07   4.5474306e-07   3.7298528e-07   3.0230873e-07   1.4038324e-07   1.1273420e-07   1.4837279e-07
   0.0000000e+00   0.0000000e+00   4.5071365e-06   7.6550396e-06   8.9010855e-06   8.5709835e-06   9.4458364e-06   8.2403094e-06   5.7841817e-06   3.9330266e-06   2.9473917e-06   2.1514304e-06   1.8944551e-06   1.3685154e-06   1.1363588e-06   8.8692144e-07   6.5533203e-07   4.1430087e-07   3.5778751e-07   2.6239292e-07   2.5077108e-07   1.0370353e-07  -6.0689853e-09
   0.0000000e+00   0.0000000e+00   4.6412215e-06   7.3692622e-06   8.9764944e-06   8.6485279e-06   9.3562594e-06   8.2415936e-06   5.7353568e-06   3.9878705e-06   2.8493616e-06   2.3885768e-06   1.7043646e-06   1.4325803e-06   1.2144395e-06   7.6037878e-07   5.9593827e-07   5.6393259e-07   3.0027056e-07   2.4740163e-07   2.2120000e-07   6.3717209e-08   1.8122013e-07
   0.0000000e+00   0.0000000e+00   4.5411693e-06   7.6035667e-06   8.8775905e-06   8.5739166e-06   9.5030900e-06   8.2576962e-06   5.6798722e-06   4.0543086e-06   2.8469676e-06   2.2304241e-06   1.7596050e-06   1.4646422e-06   1.1388527e-06   9.2499073e-07   5.1407767e-07   4.8690703e-07   3.6807648e-07   2.2873338e-07   2.0608476e-07   1.2508218e-07   9.7830410e-09
   0.0000000e+00   0.0000000e+00   4.5174952e-06   7.6634251e-06   8.8454162e-06   8.5659140e-06   9.4435536e-06   8.1913240e-06   5.8107603e-06   3.9269912e-06   2.9486735e-06   2.3283228e-06   1.7577873e-06   1.4789338e-06   1.0497737e-06   8.5552909e-07   7.1837309e-07   4.3155785e-07   2.8654978e-07   3.0635269e-07   1.8589085e-07   9.7783065e-08   1.1089105e-07
   0.0000000e+00   0.0000000e+00   4.5154907e-06   7.5875355e-06   8.9181831e-06   8.6497230e-06   9.3680428e-06   8.2823499e-06   5.7660363e-06   3.9154720e-06   2.9940070e-06   2.1291567e-06   1.8003257e-06   1.5546852e-06   1.1219405e-06   8.7277351e-07   5.8414491e-07   4.4236836e-07   4.6368410e-07   1.5641018e-07   2.7082839e-07   8.5368718e-08   4.1147594e-08
   0.0000000e+00   0.0000000e+00   4.5774800e-06   7.4812292e-06   8.9878722e-06   8.6174541e-06   9.4250281e-06   8.1923527e-06   5.8331775e-06   3.9130969e-06   2.9777755e-06   2.3484542e-06   1.7669714e-06   1.4122086e-06   1.1846140e-06   8.7344768e-07   5.9579276e-07   5.4731254e-07   3.5861203e-07   2.1305966e-07   1.9401871e-07   1.7208254e-07   6.1521483e-08
   0.0000000e+00   0.0000000e+00   4.5906272e-06   7.5551161e-06   8.9222749e-06   8.5554775e-06   9.4614361e-06   8.3326586e-06   5.6558051e-06   4.0721488e-06   2.8513780e-06   2.2566123e-06   1.8919541e-06   1.3196404e-06   1.2746667e-06   8.3801808e-07   7.2220615e-07   3.7218160e-07   3.7891903e-07   3.0384280e-07   2.5827492e-07   3.7000031e-08   7.1889573e-08
   0.0000000e+00   0.0000000e+00   4.5202960e-06   7.6466931e-06   8.8357147e-06   8.6204000e-06   9.5384858e-06   8.1414191e-06   5.7681104e-06   4.0490127e-06   2.9064590e-06   2.2741331e-06   1.8229342e-06   1.5647978e-06   1.0940792e-06   8.1740194e-07   6.9026606e-07   5.2622744e-07   3.9279689e-07   2.2507456e-07   1.8403971e-07   7.3170334e-08   2.4292800e-07
   0.0000000e+00   0.0000000e+00   4.5352836e-06   7.5733642e-06   8.9198138e-06   8.6539385e-06   9.3553599e-06   8.2627375e-06   5.8502169e-06   3.8762460e-06   3.0505444e-06   2.2169320e-06   1.7374098e-06   1.4897051e-06   1.2217591e-06   8.7919449e-07   6.5919943e-07   4.6404497e-07   3.5034574e-07   3.3057376e-07   2.2829508e-07   6.5680908e-08   9.9098072e-09
   0.0000000e+00   0.0000000e+00   4.5815573e-06   7.5474318e-06   8.9920250e-06   8.5604515e-06   9.4125289e-06   8.3476589e-06   5.7664984e-06   3.8630888e-06   3.0024944e-06   2.3042578e-06   1.8198911e-06   1.4878918e-06   1.0808254e-06   9.4710822e-07   6.2244106e-07   5.5423385e-07   4.0706951e-07   1.8313750e-07   2.4672354e-07   1.5238135e-07   9.0808669e-08
   0.0000000e+00   0.0000000e+00   4.4635135e-06   7.5966991e-06   8.8641573e-06   8.5914389e-06   9.5200794e-06   8.1408580e-06   5.8282471e-06   4.0293580e-06   2.9601447e-06   2.2035340e-06   1.8120478e-06   1.5384109e-06   1.1099023e-06   9.8625662e-07   5.5742674e-07   5.2615337e-07   4.2703849e-07   2.8406518e-07   2.2178922e-07   8.5536804e-08   1.3447109e-07
   0.0000000e+00   0.0000000e+00   4.5835427e-06   7.5407474e-06   8.8987535e-06   8.5692491e-06   9.4954776e-06   8.2286670e-06   5.6662457e-06   4.0682012e-06   2.9013224e-06   2.2867271e-06   1.8449443e-06   1.4402154e-06   1.1435164e-06   9.3047453e-07   6.6978890e-07   4.8021911e-07   3.7560221e-07   3.0371538e-07   2.3064139e-07   1.2141589e-07   7.0533524e-08
   0.0000000e+00   0.0000000e+00   4.6012678e-06   7.5655462e-06   8.8876022e-06   8.6862892e-06   9.3188428e-06   8.3083478e-06   5.8642122e-06   3.8572161e-06   2.9674745e-06   2.3080099e-06   1.8128084e-06   1.4593696e-06   1.2116337e-06   7.8736031e-07   7.3721139e-07   4.6644561e-07   3.4959749e-07   3.5567655e-07   1.3571945e-07   1.5262184e-07   1.0347259e-07
   0.0000000e+00   0.0000000e+00   4.4789622e-06   7.5714820e-06   8.9667301e-06   8.4739022e-06   9.4560528e-06   8.2300976e-06   5.8015157e-06   3.9590650e-06   3.0022352e-06   2.2304860e-06   1.7847331e-06   1.4786699e-06   1.2111249e-06   8.1924804e-07   7.2192694e-07   4.2942528e-07   4.0641740e-07   2.4440325e-07   2.4377425e-07   7.6369290e-08   1.1434931e-07
   0.0000000e+00   0.0000000e+00   4.5200973e-06   7.5141015e-06   8.8870665e-06   8.6268192e-06   9.4553880e-06   8.2215338e-06   5.6368840e-06   4.0456139e-06   2.9362150e-06   2.1675953e-06   1.9693143e-06   1.3950752e-06   1.1594860e-06   8.2483268e-07   6.7487855e-07   5.1098186e-07   3.4080523e-07   3.1303688e-07   1.4448732e-07   1.7072786e-07   9.7585460e-09
   0.0000000e+00   0.0000000e+00   4.5537345e-06   7.6132355e-06   8.8109082e-06   8.6306218e-06   9.4104216e-06   8.2307033e-06   5.8330352e-06   3.9226220e-06   2.9825260e-06   2.2593845e-06   1.7255808e-06   1.4889434e-06   1.1493837e-06   9.0912329e-07   5.8844603e-07   4.2649401e-07   4.5961872e-07   1.8505563e-07   2.4474645e-07   1.5812542e-07  -5.2797528e-08
   0.0000000e+00   0.0000000e+00   4.5855286e-06   7.5186490e-06   8.9729656e-06   8.5403535e-06   9.3293638e-06   8.3133064e-06   5.7569578e-06   3.9167367e-06   2.8606034e-06   2.4227766e-06   1.6428130e-06   1.4847109e-06   1.1634393e-06   8.3189559e-07   5.7548175e-07   5.4617647e-07   3.2050741e-07   2.3235521e-07   2.2724105e-07   1.0622732e-07   7.5803420e-08
   0.0000000e+00   0.0000000e+00   4.5504275e-06   7.5252892e-06   8.8695406e-06   8.6444215e-06   9.4441675e-06   8.1574844e-06   5.7842071e-06   3.9643478e-06   2.8929956e-06   2.2495346e-06   1.7758316e-06   1.4700074e-06   1.0025934e-06   8.7182110e-07   6.3460811e-07   4.8254373e-07   2.5743347e-07   3.0788968e-07   2.1525892e-07   1.2351568e-07  -4.0614808e-08
   0.0000000e+00   0.0000000e+00   4.4713661e-06   7.6037159e-06   8.8622610e-06   8.5267911e-06   9.5193900e-06   8.1946155e-06   5.7336524e-06   4.0789682e-06   2.8267823e-06   2.1850597e-06   1.7890296e-06   1.4694216e-06   1.0819543e-06   8.0586659e-07   5.6760325e-07   4.8595268e-07   3.1559318e-07   3.0193601e-07   1.4898569e-07   9.2935373e-08   1.8414794e-07
   0.0000000e+00   0.0000000e+00   4.5490528e-06   7.5585644e-06   8.9517889e-06   8.5823631e-06   9.3432891e-06   8.3237928e-06   5.6813751e-06   3.9306092e-06   3.0150156e-06   2.1751257e-06   1.8099079e-06   1.2417516e-06   1.2356960e-06   8.0705860e-07   5.0255892e-07   5.5034587e-07   2.5053001e-07   2.9414645e-07   1.8176819e-07   1.0183916e-07   9.2964164e-08
   0.0000000e+00   0.0000000e+00   4.5513580e-06   7.5885832e-06   8.8532734e-06   8.6612272e-06   9.4207171e-06   8.2153620e-06   5.8558389e-06   3.8470862e-06   2.9543592e-06   2.3097648e-06   1.6659405e-06   1.4201720e-06   1.1243992e-06   7.6566425e-07   5.6979997e-07   5.0567729e-07   2.6698874e-07   2.6899227e-07   2.3502199e-07   5.9384373e-08   3.9851066e-08
   0.0000000e+00   0.0000000e+00   4.5629627e-06   7.5174939e-06   8.8891748e-06   8.5745542e-06   9.4929974e-06   8.2023225e-06   5.7836692e-06   4.0430286e-06   2.8455042e-06   2.2067836e-06   1.7950399e-06   1.4355348e-06   1.1030676e-06   7.4717343e-07   6.6151824e-07   3.8921132e-07   3.6332133e-07   2.6191989e-07   1.1184348e-07   1.7508020e-07   7.4176697e-08
   0.0000000e+00   0.0000000e+00   4.5669103e-06   7.5956350e-06   8.9229898e-06   8.6021782e-06   9.3962799e-06   8.3129653e-06   5.7474631e-06   3.9489346e-06   2.9580078e-06   2.2532288e-06   1.7622384e-06   1.4530719e-06   9.6429949e-07   9.5177944e-07   6.4373711e-07   2.9598331e-07   4.5459970e-07   2.3396242e-07   1.5198616e-07   1.4541502e-07   2.4668196e-08
   0.0000000e+00   0.0000000e+00   4.4370936e-06   7.5800599e-06   8.9220684e-06   8.6299251e-06   9.4362040e-06   8.2382012e-06   5.7868783e-06   4.0016816e-06   2.9077989e-06   2.2611721e-06   1.7800784e-06   1.4321771e-06   1.1288250e-06   7.8544213e-07   6.3814485e-07   3.9853222e-07   4.5587336e-07   1.9105765e-07   1.8095692e-07   2.1206458e-07  -8.4459657e-08
   0.0000000e+00   0.0000000e+00   4.6539080e-06   7.4891859e-06   8.9212162e-06   8.5943702e-06   9.4392508e-06   8.2599563e-06   5.7582870e-06   3.9788802e-06   2.9748423e-06   2.2200500e-06   1.7288028e-06   1.4967708e-06   1.1618004e-06   8.1744361e-07   5.7425217e-07   4.7661109e-07   3.9312627e-07   1.7801725e-07   2.7658660e-07   1.4742140e-07   1.5487707e-08
   0.0000000e+00   0.0000000e+00   4.5250240e-06   7.6328133e-06   8.8536053e-06   8.6137197e-06   9.5271844e-06   8.1797516e-06   5.8186879e-06   3.9307820e-06   2.9330911e-06   2.2605673e-06   1.9027254e-06   1.3102307e-06   1.1825525e-06   8.2306457e-07   6.9435578e-07   3.9880058e-07   3.5608744e-07   2.9207905e-07   1.3565773e-07   1.9415202e-07   8.3233928e-08
   0.0000000e+00   0.0000000e+00   4.4547546e-06   7.5896387e-06   8.9948016e-06   8.4864187e-06   9.4284514e-06   8.3488185e-06   5.7462444e-06   3.9658712e-06   3.0157598e-06   2.1518781e-06   1.8568869e-06   1.5030075e-06   1.0981570e-06   8.3021092e-07   6.6588240e-07   4.3517986e-07   3.2179059e-07   3.7870754e-07   5.3634608e-08   1.1063688e-07   2.1874456e-07
   0.0000000e+00   0.0000000e+00   4.6442824e-06   7.4378358e-06   8.8797715e-06   8.7597809e-06   9.2977052e-06   8.2363222e-06   5.7812381e-06   3.9699476e-06   2.9313023e-06   2.3024097e-06   1.7649517e-06   1.4216866e-06   1.2714609e-06   8.1115581e-07   6.3303270e-07   5.0789384e-07   2.2526105e-07   3.3852777e-07   1.8273704e-07   4.2324551e-08   1.0853504e-07
   0.0000000e+00   0.0000000e+00   4.5245170e-06   7.6332517e-06   8.8713077e-06   8.5899255e-06   9.5033984e-06   8.2444230e-06   5.7249558e-06   3.9603806e-06   2.9217431e-06   2.3262332e-06   1.7476380e-06   1.5329747e-06   1.0768034e-06   9.3596958e-07   5.8401776e-07   5.5021673e-07   3.1163395e-07   1.5510251e-07   3.2208416e-07   2.6340121e-08  -2.6644845e-08
   0.0000000e+00   0.0000000e+00   4.5238867e-06   7.6077476e-06   8.8961215e-06   8.5169022e-06   9.4869483e-06   8.1948474e-06   5.8234932e-06   4.0119421e-06   2.8782417e-06   2.2550828e-06   1.8607360e-06   1.4766497e-06   1.1369525e-06   9.0807129e-07   5.0332824e-07   6.1760295e-07   3.4531899e-07   1.7878162e-07   1.6601970e-07   1.0333655e-07   1.1137233e-07
   0.0000000e+00   0.0000000e+00   4.4689345e-06   7.5886219e-06   8.9417508e-06   8.5275606e-06   9.4244251e-06   8.2956658e-06   5.6383542e-06   3.9963193e-06   2.9805688e-06   2.2301806e-06   1.7887141e-06   1.5179781e-06   1.0858240e-06   9.9407714e-07   6.3755874e-07   3.0652225e-07   4.9114391e-07   2.0905773e-07   1.1114429e-07   1.6277438e-07  -2.6476430e-09
   0.0000000e+00   0.0000000e+00   4.5985767e-06   7.4250665e-06   8.9254563e-06   8.7319504e-06   9.3825547e-06   8.1982253e-06   5.8381438e-06   3.8861513e-06   2.9375333e-06   2.3137466e-06   1.7878077e-06   1.4585538e-06   1.1651553e-06   7.9198225e-07   7.2371870e-07   4.5715390e-07   2.6561571e-07   3.2665949e-07   1.7339907e-07  -2.8595022e-09   1.0815918e-07
   0.0000000e+00   0.0000000e+00   4.6468949e-06   7.6033557e-06   8.8917714e-06   8.5508382e-06   9.4171510e-06   8.2935530e-06   5.6972435e-06   4.0673822e-06   2.8782790e-06   2.2546660e-06   1.8152492e-06   1.4531774e-06   1.2538859e-06   7.6091760e-07   6.2729828e-07   4.8500613e-07   3.2308282e-07   2.0642115e-07   2.0579728e-07   1.3638875e-07  -8.5760945e-08
   0.0000000e+00   0.0000000e+00   4.3732216e-06   7.6543029e-06   8.8922943e-06   8.5799766e-06   9.4931029e-06   8.1573990e-06   5.8094752e-06   3.9081838e-06   2.8578438e-06   2.3823270e-06   1.8114158e-06   1.3780353e-06   1.2451763e-06   7.8491865e-07   6.4536476e-07   4.7241647e-07   3.1705463e-07   2.1328563e-07   1.3292475e-07   1.1945748e-07   1.2899351e-07
   0.0000000e+00   0.0000000e+00   4.6074192e-06   7.5361982e-06   8.8825273e-06   8.5733664e-06   9.4973020e-06   8.2791948e-06   5.7270627e-06   4.0027144e-06   2.9818166e-06   2.0811844e-06   1.9256006e-06   1.4433649e-06   1.1153521e-06   9.1891536e-07   5.5869725e-07   4.3923347e-07   3.3706863e-07   3.0190202e-07   1.1801647e-07   4.2171230e-08   1.1511032e-07
   0.0000000e+00   0.0000000e+00   4.6024616e-06   7.5076146e-06   8.9715686e-06   8.6847967e-06   9.2374457e-06   8.3215118e-06   5.7235648e-06   3.9181136e-06   3.0914498e-06   2.2316663e-06   1.6846902e-06   1.6769824e-06   1.0086965e-06   8.7339328e-07   6.3058127e-07   4.1066230e-07   3.8853372e-07   1.7079685e-07   2.1852550e-07   1.2194478e-07  -9.9365147e-09
   0.0000000e+00   0.0000000e+00   4.4693420e-06   7.6453152e-06   8.9184159e-06   8.5661832e-06   9.5548803e-06   8.1892731e-06   5.7957559e-06   3.9217098e-06   2.8618213e-06   2.3534872e-06   1.8102685e-06   1.3916740e-06   1.2053830e-06   8.7016440e-07   5.7494503e-07   5.1409569e-07   2.5067683e-07   2.9053149e-07   1.8255145e-07   9.4883184e-08   6.4291925e-08
   0.0000000e+00   0.0000000e+00   4.5925440e-06   7.4991422e-06   8.9242476e-06   8.5384199e-06   9.4865836e-06   8.2071756e-06   5.8349788e-06   3.9710321e-06   2.8784041e-06   2.3537857e-06   1.7704318e-06   1.4674948e-06   1.0769837e-06   9.3256455e-07   5.4522457e-07   4.6576847e-07   3.5428252e-07   2.5433434e-07   1.6117366e-07   8.4140730e-08   1.1543494e-07
   0.0000000e+00   0.0000000e+00   4.5408910e-06   7.6004103e-06   8.9529813e-06   8.6253440e-06   9.4066636e-06   8.1918170e-06   5.7327998e-06   4.0821897e-06   2.8627542e-06   2.1629576e-06   1.9132856e-06   1.4535067e-06   1.1705109e-06   7.6319424e-07   6.5893357e-07   4.3114005e-07   3.1578236e-07   2.9047894e-07   9.2695018e-08   1.6179582e-07   4.2642645e-09
   0.0000000e+00   0.0000000e+00   4.5596089e-06   7.6064002e-06   8.8486895e-06   8.6811524e-06   9.4353409e-06   8.3466557e-06   5.6571384e-06   3.8995099e-06   3.1230104e-06   2.1474232e-06   1.7909769e-06   1.4387448e-06   1.1476202e-06   8.4817106e-07   5.7681245e-07   4.8674497e-07   2.8671636e-07   2.5173009e-07   1.9653399e-07   4.4950994e-08   7.2816817e-08
   0.0000000e+00   0.0000000e+00   4.5166689e-06   7.5066851e-06   8.9165333e-06   8.6052451e-06   9.3528070e-06   8.3298082e-06   5.8106293e-06   3.8342932e-06   3.0050619e-06   2.3024668e-06   1.7064382e-06   1.4324640e-06   1.1714205e-06   8.0442879e-07   5.9711351e-07   4.6334756e-07   3.6114270e-07   1.6803692e-07   1.9592349e-07   1.0207952e-07   3.8751239e-08
   0.0000000e+00   0.0000000e+00   4.4769199e-06   7.6501337e-06   8.9257592e-06   8.5461925e-06   9.5416690e-06   8.0893988e-06   5.8082874e-06   4.1372837e-06   2.6751254e-06   2.3101775e-06   1.8472675e-06   1.4526660e-06   1.0572446e-06   8.8277744e-07   5.7807682e-07   4.3877523e-07   3.8091520e-07   2.1944518e-07   1.5351534e-07   1.0762191e-07   5.1711297e-08
   0.0000000e+00   0.0000000e+00   4.7188128e-06   7.4083687e-06   8.9456935e-06   8.6391565e-06   9.3847975e-06   8.2988263e-06   5.7915559e-06   3.8873814e-06   3.0624233e-06   2.1772946e-06   1.7763391e-06   1.4306509e-06   1.0707416e-06   8.7643639e-07   6.4252788e-07   4.1032891e-07   3.0756993e-07   2.7260114e-07   2.6512024e-07   5.6671525e-09   6.1342362e-08
   0.0000000e+00   0.0000000e+00   4.4455714e-06   7.6780534e-06   8.8200195e-06   8.5608090e-06   9.4799516e-06   8.3378882e-06   5.6606873e-06   3.9960514e-06   2.9126993e-06   2.3202788e-06   1.6826075e-06   1.4954320e-06   1.1620939e-06   7.5960315e-07   6.2123678e-07   4.7709892e-07   3.4705451e-07   2.6328641e-07   1.1741378e-07   1.5073284e-07   1.1506876e-07
   0.0000000e+00   0.0000000e+00   4.4435701e-06   7.5574890e-06   8.9172227e-06   8.6371929e-06   9.3967683e-06   8.1595308e-06   5.9061522e-06   3.9420620e-06   2.9761400e-06   2.2264167e-06   1.8267466e-06   1.3511905e-06   1.1981053e-06   8.2560410e-07   5.9077763e-07   4.5765995e-07   3.8051178e-07   1.8236183e-07   2.1650105e-07   1.1516752e-07   5.1754959e-08
   0.0000000e+00   0.0000000e+00   4.5648858e-06   7.5154744e-06   8.8875586e-06   8.6008913e-06   9.5171017e-06   8.1654371e-06   5.8089950e-06   4.0442983e-06   2.8662807e-06   2.2376396e-06   1.8868402e-06   1.3923897e-06   1.1170538e-06   8.6635458e-07   5.5145671e-07   4.9694347e-07   3.2363707e-07   2.6753986e-07   2.4060205e-07   1.3534381e-08   9.2287650e-08
   0.0000000e+00   0.0000000e+00   4.5944203e-06   7.5435482e-06   8.8711431e-06   8.4559188e-06   9.5277946e-06   8.3369596e-06   5.7499838e-06   3.9619090e-06   2.9672071e-06   2.3181872e-06   1.7433165e-06   1.4686984e-06   1.1102312e-06   7.9365350e-07   6.6502685e-07   4.3808868e-07   3.9046120e-07   2.0467157e-07   1.5486225e-07   1.5013173e-07   1.2112179e-07
   0.0000000e+00   0.0000000e+00   4.4853305e-06   7.5253429e-06   8.9509422e-06   8.7110548e-06   9.1281563e-06   8.4157891e-06   5.7956199e-06   3.9104643e-06   3.1483100e-06   2.2160632e-06   1.6990273e-06   1.5285297e-06   1.1062983e-06   8.7229830e-07   5.8854710e-07   3.9630362e-07   3.3483684e-07   3.1562891e-07   2.1376026e-07   7.5262072e-08   1.5973836e-08
   0.0000000e+00   0.0000000e+00   4.5157662e-06   7.5237285e-06   8.8494535e-06   8.6267501e-06   9.6117610e-06   8.0907676e-06   5.8052246e-06   4.0768773e-06   2.8304123e-06   2.3303428e-06   1.9048232e-06   1.4489516e-06   1.0299020e-06   8.2980205e-07   6.1305514e-07   4.9056428e-07   3.5604313e-07   1.7321496e-07   2.5643655e-07   5.9525082e-08   1.4203071e-07
   0.0000000e+00   0.0000000e+00   4.4681246e-06   7.6050383e-06   8.7264798e-06   8.5846514e-06   9.4360066e-06   8.3059813e-06   5.8365904e-06   4.0070368e-06   2.9364630e-06   2.3422144e-06   1.7227871e-06   1.4397376e-06   1.1967292e-06   8.6488683e-07   5.3016174e-07   4.1817512e-07   3.7018432e-07   2.8081561e-07   1.3218656e-07   1.6353049e-07   6.8656849e-09
   0.0000000e+00   0.0000000e+00   4.6595769e-06   7.4675354e-06   9.0811509e-06   8.3844816e-06   9.5016867e-06   8.2107636e-06   5.8032929e-06   3.9622873e-06   3.0978379e-06   2.1715541e-06   1.9141642e-06   1.3884548e-06   1.1510513e-06   7.8913939e-07   6.1214701e-07   5.0116728e-07   3.1116758e-07   1.9793619e-07   2.1657796e-07   1.2765102e-07   7.1606856e-08
   0.0000000e+00   0.0000000e+00   4.3599825e-06   7.5311068e-06   8.8883535e-06   8.7322242e-06   9.3169647e-06   8.3376708e-06   5.8068804e-06   3.9981178e-06   2.8701475e-06   2.3698462e-06   1.7307345e-06   1.5159538e-06   1.1292153e-06   7.4701325e-07   6.7417102e-07   4.5378710e-07   2.5606170e-07   3.9192139e-07   1.3911777e-07   3.1494185e-08   1.4791053e-07
   0.0000000e+00   0.0000000e+00   4.6380351e-06   7.4937880e-06   8.7348635e-06   8.6225991e-06   9.4555853e-06   8.2417000e-06   5.7968691e-06   4.0239906e-06   3.0413962e-06   2.2293721e-06   1.7890203e-06   1.4372994e-06   1.0622144e-06   9.3644223e-07   5.6810177e-07   3.8400248e-07   4.5757994e-07   1.5938376e-07   2.3825810e-07   1.5093137e-07  -1.3702884e-09
   0.0000000e+00   0.0000000e+00   4.4907915e-06   7.6349743e-06   8.8519191e-06   8.5067632e-06   9.5186251e-06   8.2686120e-06   5.7079146e-06   4.1067810e-06   2.8463658e-06   2.3898201e-06   1.7319007e-06   1.4234545e-06   1.1663842e-06   7.9028456e-07   5.3575144e-07   5.8296132e-07   2.7124932e-07   3.0306597e-07   1.2158061e-07   1.6385836e-07   9.1488374e-08
   0.0000000e+00   0.0000000e+00   4.4915359e-06   7.4288687e-06   9.0742724e-06   8.5116881e-06   9.3728058e-06   8.3102232e-06   5.8735595e-06   3.9380834e-06   3.0168662e-06   2.2313982e-06   1.7801816e-06   1.4782247e-06   1.0095915e-06   8.7101438e-07   5.7973278e-07   4.3322737e-07   3.8611299e-07   1.5914101e-07   3.3556006e-07   1.9925590e-08  -1.1823960e-08
   0.0000000e+00   0.0000000e+00   4.4984968e-06   7.5912808e-06   8.6923637e-06   8.7341550e-06   9.3375456e-06   8.3238174e-06   5.7314537e-06   4.0281247e-06   2.9615931e-06   2.2491201e-06   1.8089896e-06   1.4123657e-06   1.0909632e-06   7.7322102e-07   6.4814225e-07   4.2255860e-07   2.9703992e-07   2.7025729e-07   1.5532420e-07   1.2864984e-07   6.1577431e-08
   0.0000000e+00   0.0000000e+00   4.5897937e-06   7.5101157e-06   8.9044606e-06   8.5023412e-06   9.6343538e-06   8.0876043e-06   5.9189038e-06   3.9579872e-06   2.9837142e-06   2.2488994e-06   1.7539700e-06   1.3533215e-06   1.1835481e-06   7.5669868e-07   6.2201678e-07   3.7133336e-07   3.3741713e-07   3.1127328e-07   5.3199720e-08   1.2884809e-07   1.1066710e-07
   0.0000000e+00   0.0000000e+00   4.4687940e-06   7.5703742e-06   8.8389334e-06   8.6082009e-06   9.3166400e-06   8.4136409e-06   5.6606236e-06   4.0702607e-06   2.9360508e-06   2.2545146e-06   1.8067772e-06   1.4324523e-06   1.0147374e-06   7.9318772e-07   6.0038479e-07   4.2756307e-07   3.6507313e-07   1.1286377e-07   2.3988585e-07   1.1340934e-07  -4.4374367e-08
   0.0000000e+00   0.0000000e+00   4.5856668e-06   7.3613110e-06   9.0710009e-06   8.4576413e-06   9.4894094e-06   8.1809967e-06   5.8901169e-06   3.9390006e-06   2.8909983e-06   2.2810761e-06   1.7385365e-06   1.3034926e-06   1.3176029e-06   6.4328964e-07   6.1960009e-07   4.0141285e-07   2.9269316e-07   2.5977980e-07   1.4509713e-07   7.0893428e-08   6.9867617e-08
   0.0000000e+00   0.0000000e+00   4.4462740e-06   7.7250488e-06   8.6943855e-06   8.7556800e-06   9.3077533e-06   8.3631612e-06   5.7278057e-06   3.9739107e-06   3.0435606e-06   2.1617659e-06   1.8148617e-06   1.4955089e-06   8.7024387e-07   9.7488828e-07   4.6951851e-07   4.2134653e-07   4.1261845e-07   9.9612286e-08   1.1377812e-07   2.4101021e-07  -1.0516282e-07
   0.0000000e+00   0.0000000e+00   4.5796269e-06   7.4995087e-06   8.8295365e-06   8.5764123e-06   9.5359801e-06   8.1439048e-06   5.8618166e-06   3.9668898e-06   2.8732011e-06   2.3328953e-06   1.6989525e-06   1.3849163e-06   1.1387170e-06   8.1031595e-07   6.3707978e-07   3.1667511e-07   2.4401120e-07   3.4021247e-07   1.1324960e-07  -4.0417493e-08   1.7120173e-07
   0.0000000e+00   0.0000000e+00   4.4358999e-06   7.5238977e-06   8.9967289e-06   8.4696831e-06   9.4412371e-06   8.2950164e-06   5.6668573e-06   4.0691493e-06   2.9077357e-06   2.2082006e-06   1.8524011e-06   1.4836810e-06   1.0125816e-06   7.8809609e-07   5.5381378e-07   5.4440130e-07   2.7129704e-07   1.0797658e-07   1.6154631e-07   1.5386115e-07  -8.6505146e-08
   0.0000000e+00   0.0000000e+00   4.6662799e-06   7.4470199e-06   8.9491177e-06   8.6394066e-06   9.3965245e-06   8.2587912e-06   5.8827559e-06   3.9101760e-06   3.0049018e-06   2.1893661e-06   1.7155235e-06   1.4027698e-06   1.2105272e-06   8.3779594e-07   5.4379120e-07   4.1707546e-07   2.2292970e-07   3.6020160e-07   7.4787899e-08   3.4742889e-08   5.9840339e-08
   0.0000000e+00   0.0000000e+00   4.4638641e-06   7.6675415e-06   8.7701346e-06   8.6236296e-06   9.4475163e-06   8.3292125e-06   5.6171480e-06   4.0589348e-06   2.8678521e-06   2.3078776e-06   1.8871533e-06   1.3644383e-06   1.0855764e-06   8.4399659e-07   5.2030708e-07   5.8583458e-07   2.5958150e-07   1.8190347e-07   7.6501799e-08   1.2136768e-07   1.2284976e-07
   0.0000000e+00   0.0000000e+00   4.5124170e-06   7.5465200e-06   8.9341193e-06   8.5698812e-06   9.4711486e-06   8.1721773e-06   5.9651034e-06   3.8238963e-06   3.0978613e-06   2.1167514e-06   1.7508129e-06   1.4680290e-06   1.1466049e-06   8.4517342e-07   6.7756542e-07   2.6445707e-07   3.7532050e-07   3.1535063e-07   4.5916934e-08   1.0181495e-07  -4.3220098e-08
   0.0000000e+00   0.0000000e+00   4.5137499e-06   7.5761559e-06   8.8983425e-06   8.6729351e-06   9.3893841e-06   8.3091736e-06   5.7153475e-06   4.0468412e-06   2.8249731e-06   2.4066517e-06   1.7664513e-06   1.4653447e-06   1.0652172e-06   8.4821670e-07   5.8978225e-07   5.6045320e-07   2.1292897e-07   2.5647469e-07   1.2640277e-07   9.5850325e-08   3.9072123e-08
   0.0000000e+00   0.0000000e+00   4.6439154e-06   7.4492068e-06   9.0007743e-06   8.5508327e-06   9.5051028e-06   8.2761317e-06   5.7977581e-06   3.9863862e-06   2.9634691e-06   2.1720771e-06   1.7770049e-06   1.4613518e-06   1.1766621e-06   8.1447644e-07   6.3835455e-07   3.7912557e-07   4.0582839e-07   1.8808252e-07   1.2940927e-07   1.6390447e-07  -9.6632441e-08
   0.0000000e+00   0.0000000e+00   4.5134839e-06   7.7196355e-06   8.7153558e-06   8.7519320e-06   9.4138741e-06   8.2011093e-06   5.7689163e-06   4.0804371e-06   2.9089679e-06   2.3121263e-06   1.7869636e-06   1.4521488e-06   1.0419548e-06   9.0211608e-07   5.9222714e-07   4.5270059e-07   3.2868309e-07   2.3042894e-07   1.1528822e-07   1.3630172e-07   4.0936307e-08
   0.0000000e+00   0.0000000e+00   4.4859789e-06   7.5029370e-06   9.1250977e-06   8.4717249e-06   9.5252453e-06   8.3803625e-06   5.7443754e-06   3.8587436e-06   3.0507645e-06   2.1432204e-06   1.8023018e-06   1.4743260e-06   1.1340310e-06   7.8188737e-07   6.3400972e-07   4.3836505e-07   2.8233364e-07   2.4112572e-07   1.5143576e-07   1.1560657e-07  -2.8003303e-08
   0.0000000e+00   0.0000000e+00   4.5474949e-06   7.5273933e-06   8.8682709e-06   8.6577629e-06   9.4543984e-06   8.2661945e-06   5.8607252e-06   3.9584033e-06   2.9409930e-06   2.3590769e-06   1.6907553e-06   1.4743698e-06   1.0776656e-06   8.7997739e-07   5.5223126e-07   4.3792016e-07   3.2153011e-07   2.4226875e-07   8.9243862e-08   1.4477932e-07   1.0832159e-08
   0.0000000e+00   0.0000000e+00   4.6655923e-06   7.5818198e-06   8.9352934e-06   8.6170812e-06   9.4657798e-06   8.2015122e-06   5.8373926e-06   4.0070868e-06   2.9452713e-06   2.2071802e-06   1.8644281e-06   1.2795011e-06   1.2471776e-06   7.6137724e-07   6.4647270e-07   3.6435256e-07   3.3024921e-07   2.5512156e-07   1.1631014e-07   9.2499135e-08   3.6083186e-08
   0.0000000e+00   0.0000000e+00   4.4186254e-06   7.6052575e-06   8.8457200e-06   8.7720800e-06   9.3931585e-06   8.3496116e-06   5.7108905e-06   4.1525968e-06   2.7053534e-06   2.3856385e-06   1.7955113e-06   1.4937696e-06   1.0294062e-06   8.2716366e-07   5.5497969e-07   5.3907087e-07   2.7268268e-07   1.9272420e-07   1.2893165e-07   1.1592076e-07   5.5135331e-08
   0.0000000e+00   0.0000000e+00   4.5787051e-06   7.5934472e-06   8.9192608e-06   8.4950789e-06   9.5767891e-06   8.2371635e-06   5.8190540e-06   3.9206489e-06   3.1259437e-06   2.1722278e-06   1.7471690e-06   1.3886020e-06   1.1969805e-06   8.0009198e-07   6.6370666e-07   3.1630881e-07   3.8334682e-07   2.1915950e-07   1.6114848e-07   1.2785782e-07  -1.0392178e-07
   0.0000000e+00   0.0000000e+00   4.5137385e-06   7.5092157e-06   8.9857713e-06   8.6838527e-06   9.3430590e-06   8.4034637e-06   5.7583215e-06   3.9248016e-06   2.9928999e-06   2.2872669e-06   1.7902831e-06   1.4568724e-06   1.1058429e-06   7.9995442e-07   5.9031021e-07   4.9380969e-07   3.1822577e-07   1.9286317e-07   1.7771850e-07   1.0674816e-07   4.7931405e-08
   0.0000000e+00   0.0000000e+00   4.6180407e-06   7.5706575e-06   8.9583946e-06   8.5047441e-06   9.6367075e-06   8.1171593e-06   5.9128261e-06   3.9946349e-06   2.9447667e-06   2.1981123e-06   1.8204022e-06   1.4842551e-06   1.0899896e-06   8.5449153e-07   6.4045832e-07   3.4960451e-07   4.1731266e-07   1.9079359e-07   1.9076978e-07   1.4439111e-07  -3.5888803e-08
   0.0000000e+00   0.0000000e+00   4.4287026e-06   7.6091073e-06   8.8214301e-06   8.8019960e-06   9.2779983e-06   8.3703235e-06   5.7245225e-06   4.0187629e-06   2.8969991e-06   2.3536411e-06   1.7513421e-06   1.4349997e-06   1.1769494e-06   7.7445912e-07   6.5812912e-07   4.5837601e-07   2.9604843e-07   2.4724355e-07   1.7934984e-07   1.5878561e-07   2.8405891e-08
   0.0000000e+00   0.0000000e+00   4.6382602e-06   7.5360836e-06   8.9421765e-06   8.5590946e-06   9.5213791e-06   8.3101977e-06   5.7556463e-06   4.0209839e-06   2.9160958e-06   2.2208656e-06   1.8351154e-06   1.4327707e-06   1.1733513e-06   8.0042457e-07   5.6995492e-07   4.7724961e-07   3.9006977e-07   2.0634276e-07   1.6116459e-07   1.4924183e-07   1.0312056e-07
   0.0000000e+00   0.0000000e+00   4.4994599e-06   7.6063034e-06   8.8438865e-06   8.6898317e-06   9.4493125e-06   8.1435519e-06   5.8556348e-06   3.9682850e-06   2.9129603e-06   2.3727414e-06   1.6534661e-06   1.4802006e-06   1.0953548e-06   9.0911533e-07   6.3669023e-07   3.4440043e-07   3.2913442e-07   3.2768492e-07   2.1213829e-07   5.3995905e-08   1.1827549e-07
   0.0000000e+00   0.0000000e+00   4.5290121e-06   7.5361381e-06   9.0231488e-06   8.4531493e-06   9.5705855e-06   8.2900606e-06   5.7608222e-06   3.8183698e-06   3.0748176e-06   2.0304442e-06   1.9848846e-06   1.3572396e-06   1.1010045e-06   8.6025096e-07   5.7873092e-07   4.6824138e-07   3.4061682e-07   2.4690809e-07   1.6820944e-07   1.2807276e-07   1.3172246e-07
   0.0000000e+00   0.0000000e+00   4.4921730e-06   7.6412607e-06   8.8451043e-06   8.6933242e-06   9.3466524e-06   8.3001578e-06   5.7655452e-06   4.0736222e-06   2.8456534e-06   2.2663507e-06   1.6875019e-06   1.4998541e-06   1.0883549e-06   7.9469891e-07   6.1861886e-07   4.6424603e-07   2.9846703e-07   2.4492635e-07   1.9758161e-07   9.7858184e-08   6.2679099e-08
   0.0000000e+00   0.0000000e+00   4.6292412e-06   7.4196396e-06   9.0399790e-06   8.5908969e-06   9.4532770e-06   8.2401893e-06   5.7397765e-06   3.9255065e-06   2.9298742e-06   2.2083132e-06   1.7560994e-06   1.4147090e-06   1.1045155e-06   8.2111137e-07   5.7539495e-07   4.6014506e-07   3.4912199e-07   1.4415716e-07   2.4679838e-07   8.5624954e-08   2.3823729e-08
   0.0000000e+00   0.0000000e+00   4.5240563e-06   7.6228139e-06   8.8030411e-06   8.6584278e-06   9.4614052e-06   8.3000996e-06   5.7219163e-06   3.9855086e-06   2.8378279e-06   2.2760105e-06   1.7406956e-06   1.3263352e-06   1.1670966e-06   7.6684222e-07   6.2106710e-07   3.7496685e-07   3.6826432e-07   2.5468947e-07   1.1453553e-07   1.1005159e-07   6.0814592e-08
   0.0000000e+00   0.0000000e+00   4.5778679e-06   7.5641342e-06   8.9367786e-06   8.5761030e-06   9.5211417e-06   8.1461149e-06   5.9190120e-06   3.8461258e-06   2.9577677e-06   2.2023867e-06   1.6798207e-06   1.4836867e-06   1.0008756e-06   8.6233371e-07   6.1620938e-07   3.0420728e-07   4.1057717e-07   2.2245207e-07   1.4748977e-07   8.6186304e-08   9.9046161e-08
   0.0000000e+00   0.0000000e+00   4.4245917e-06   7.6767365e-06   8.8964298e-06   8.6395075e-06   9.4156212e-06   8.3157420e-06   5.6777621e-06   3.9858405e-06   2.9387284e-06   2.1444521e-06   1.8406514e-06   1.3544288e-06   1.0569205e-06   7.4438816e-07   6.3772467e-07   4.4784574e-07   2.9562625e-07   1.9632542e-07   2.1014706e-07   1.0142737e-07   4.0767951e-08
   0.0000000e+00   0.0000000e+00   4.6315886e-06   7.4307336e-06   9.0149924e-06   8.5663905e-06   9.4463194e-06   8.2778843e-06   5.8522783e-06   3.9509814e-06   2.8898903e-06   2.2280810e-06   1.7034653e-06   1.3704019e-06   1.1986741e-06   7.2378725e-07   5.3436571e-07   4.3130285e-07   3.2230500e-07   1.9139014e-07   2.3843376e-07   6.9853549e-08   6.0020817e-08
   0.0000000e+00   0.0000000e+00   4.5364900e-06   7.5873068e-06   8.8701036e-06   8.6563696e-06   9.4569850e-06   8.3484374e-06   5.5949640e-06   4.0893201e-06   2.8840234e-06   2.2582542e-06   1.7571720e-06   1.4115304e-06   1.0160006e-06   8.6203613e-07   4.5917645e-07   5.0614841e-07   2.9391865e-07   1.7454254e-07   1.8823620e-07   1.3142387e-07   2.7740166e-08
   0.0000000e+00   0.0000000e+00   4.5743986e-06   7.5711555e-06   8.9282821e-06   8.5945503e-06   9.5435935e-06   8.1759144e-06   5.8736337e-06   3.9744068e-06   2.9319590e-06   2.2055196e-06   1.7549895e-06   1.3864609e-06   1.0979426e-06   7.5134710e-07   6.2205504e-07   3.7141282e-07   1.7980375e-07   3.4287717e-07   2.1414665e-07  -6.5376803e-08   1.9631877e-07
   0.0000000e+00   0.0000000e+00   4.4545600e-06   7.6194133e-06   8.9135829e-06   8.6194705e-06   9.3707686e-06   8.3766108e-06   5.7897755e-06   3.9091155e-06   2.9740499e-06   2.2802953e-06   1.7178015e-06   1.5144199e-06   9.6950214e-07   8.0715216e-07   5.2523035e-07   4.3379103e-07   3.1159789e-07   1.5582597e-07   1.2116229e-07   1.1824790e-07   1.0685064e-07
   0.0000000e+00   0.0000000e+00   4.5850138e-06   7.5270386e-06   8.9116584e-06   8.6285290e-06   9.4876596e-06   8.2074785e-06   5.8718269e-06   3.9903280e-06   2.9163616e-06   2.2478798e-06   1.7444374e-06   1.3547549e-06   1.1549040e-06   8.2955671e-07   4.3503971e-07   4.3912334e-07   2.6472813e-07   2.2427197e-07   1.3914669e-07   2.1672395e-08   8.6050996e-08
   0.0000000e+00   0.0000000e+00   4.5276770e-06   7.5957005e-06   8.8839461e-06   8.6568480e-06   9.4551460e-06   8.2949928e-06   5.7191287e-06   4.0725790e-06   2.9346957e-06   2.2758509e-06   1.8125854e-06   1.3892410e-06   1.0451910e-06   8.0187408e-07   5.5451181e-07   3.6425050e-07   3.0210580e-07   9.6766001e-08   2.0374164e-07   2.1034202e-08   6.0666622e-08
   0.0000000e+00   0.0000000e+00   4.5818106e-06   7.4684981e-06   8.9582809e-06   8.5532629e-06   9.4964735e-06   8.2653123e-06   5.7710895e-06   4.0608493e-06   2.9033447e-06   2.2172815e-06   1.8323830e-06   1.3891087e-06   1.1372923e-06   7.0891940e-07   5.9629673e-07   3.7658998e-07   2.8704562e-07   1.4266857e-07   1.5216843e-07   1.0202662e-08   2.8915084e-08
