   0.0000000e+00   0.0000000e+00   6.1025135e-06   9.8901128e-06   1.1200794e-05   1.0563559e-05   1.1375607e-05   9.9970312e-06   6.9225653e-06   4.6672317e-06   3.5977371e-06   2.6971270e-06   1.9984427e-06   1.7488370e-06   1.2028991e-06   1.0202850e-06   6.6005612e-07   3.3936726e-07   3.7362042e-07   1.8876322e-07   1.3033626e-07   7.7654704e-08   1.3196919e-08
   0.0000000e+00   0.0000000e+00   6.0466396e-06   9.7823940e-06   1.1252088e-05   1.0632410e-05   1.1426894e-05   9.8441160e-06   7.0642623e-06   4.6217847e-06   3.5106864e-06   2.6665825e-06   2.1204942e-06   1.7272798e-06   1.3111438e-06   7.5648728e-07   9.0005994e-07   3.0546451e-07   4.4459202e-07   1.3890420e-07   1.2137211e-07   1.1599801e-07   3.2566867e-08
   0.0000000e+00   0.0000000e+00   6.0151351e-06   9.9039835e-06   1.1096315e-05   1.0616353e-05   1.1464067e-05   9.8471410e-06   6.8493341e-06   4.9297678e-06   3.4832638e-06   2.6225198e-06   2.1063493e-06   1.6124949e-06   1.3943315e-06   9.4269586e-07   6.4984062e-07   4.2234373e-07   4.2284751e-07   1.8319480e-07   2.2973879e-07   2.8957066e-08  -1.2028442e-08
   0.0000000e+00   0.0000000e+00   6.1966889e-06   9.7254933e-06   1.1282573e-05   1.0563241e-05   1.1432215e-05   9.9937324e-06   6.8162635e-06   4.7090189e-06   3.4711350e-06   2.7634094e-06   2.1588965e-06   1.6377249e-06   1.3869512e-06   8.5197576e-07   7.2861127e-07   4.7491710e-07   4.4841343e-07   8.5528093e-08   2.1547582e-07   1.6582064e-07   5.4316860e-08
   0.0000000e+00   0.0000000e+00   6.1052597e-06   9.8412311e-06   1.1198434e-05   1.0542785e-05   1.1423334e-05   1.0003098e-05   6.9346938e-06   4.7447229e-06   3.5037372e-06   2.6158614e-06   2.1040873e-06   1.6349571e-06   1.4028338e-06   1.0033197e-06   6.4096309e-07   4.6352005e-07   3.9756452e-07   3.1415888e-07   1.6927693e-07   3.8517133e-08   4.9667104e-08
   0.0000000e+00   0.0000000e+00   6.0721823e-06   9.7963803e-06   1.1233448e-05   1.0610101e-05   1.1339305e-05   9.7796346e-06   6.9885859e-06   4.6935356e-06   3.5703531e-06   2.6880500e-06   2.1752298e-06   1.7508875e-06   1.1409525e-06   9.9616466e-07   7.8541763e-07   4.3029820e-07   4.1126512e-07   2.2805673e-07   1.9288676e-07   1.0882089e-07   1.7862916e-07
   0.0000000e+00   0.0000000e+00   6.0208445e-06   9.8664150e-06   1.1209141e-05   1.0588035e-05   1.1579537e-05   9.8870278e-06   6.8828003e-06   4.7909475e-06   3.3570723e-06   2.6620128e-06   2.0414998e-06   1.8136869e-06   1.2904643e-06   1.0363736e-06   6.0624899e-07   5.7036641e-07   2.7129380e-07   3.8278117e-07   1.9649046e-07   8.1820124e-09   9.4805792e-08
   0.0000000e+00   0.0000000e+00   6.1149303e-06   9.7605525e-06   1.1212504e-05   1.0542102e-05   1.1362855e-05   1.0012662e-05   6.8249356e-06   4.7613776e-06   3.5696016e-06   2.6919167e-06   2.1033397e-06   1.6107479e-06   1.3349865e-06   9.5951816e-07   6.5638181e-07   6.3013175e-07   2.7225383e-07   2.5374123e-07   2.3393973e-07   1.0190272e-07  -4.0809331e-10
   0.0000000e+00   0.0000000e+00   6.1412024e-06   9.7994516e-06   1.1136859e-05   1.0734088e-05   1.1291701e-05   9.9387562e-06   6.9228868e-06   4.6939103e-06   3.4016780e-06   2.6769844e-06   2.0187522e-06   1.7862018e-06   1.3405150e-06   9.2540796e-07   6.0853904e-07   5.8599346e-07   4.1693374e-07   1.3934621e-07   2.2915205e-07   5.9251295e-08   1.5355783e-07
   0.0000000e+00   0.0000000e+00   6.0926418e-06   9.8636510e-06   1.1203039e-05   1.0509247e-05   1.1545962e-05   9.8197233e-06   6.9363705e-06   4.8211691e-06   3.4639575e-06   2.5699858e-06   2.2260267e-06   1.5254963e-06   1.3192400e-06   1.0124049e-06   7.1337053e-07   4.7664875e-07   3.4732281e-07   3.4251633e-07   1.7148322e-07   4.9865324e-08   5.0878404e-09
   0.0000000e+00   0.0000000e+00   6.0029452e-06   9.7683524e-06   1.1282834e-05   1.0555617e-05   1.1389552e-05   9.9015042e-06   6.9507701e-06   4.5190395e-06   3.5840956e-06   2.6923603e-06   1.9867621e-06   1.7476431e-06   1.2753566e-06   8.9566657e-07   8.1024018e-07   4.4720741e-07   4.1854315e-07   2.8640267e-07   1.5873668e-07   1.9474618e-07  -8.6085317e-09
   0.0000000e+00   0.0000000e+00   6.1210549e-06   9.7784114e-06   1.1253794e-05   1.0487670e-05   1.1502182e-05   9.9849512e-06   6.7956753e-06   4.8854599e-06   3.3749832e-06   2.6582443e-06   2.0114533e-06   1.7218936e-06   1.3426267e-06   9.0700451e-07   7.2722816e-07   4.8816696e-07   5.1651472e-07   2.2434780e-07   2.2995692e-07   1.3194754e-07   6.7309962e-08
   0.0000000e+00   0.0000000e+00   6.1376754e-06   9.8029195e-06   1.1124250e-05   1.0663862e-05   1.1275935e-05   9.9126119e-06   6.8416089e-06   4.7934655e-06   3.4358422e-06   2.7077306e-06   2.1725164e-06   1.5641683e-06   1.3051174e-06   9.6997837e-07   7.5044863e-07   5.2386486e-07   3.3971949e-07   3.5107215e-07   2.0079716e-07   1.9215940e-07  -2.4625971e-08
   0.0000000e+00   0.0000000e+00   6.0416423e-06   9.9684239e-06   1.1090696e-05   1.0670779e-05   1.1470067e-05   9.8507744e-06   6.8971594e-06   4.7394969e-06   3.3930983e-06   2.5715672e-06   2.1349711e-06   1.7213504e-06   1.3143167e-06   1.0119780e-06   6.0833338e-07   5.5869293e-07   4.5571068e-07   2.7190953e-07   1.9560285e-07   1.7196494e-07   5.1525404e-08
   0.0000000e+00   0.0000000e+00   5.9818785e-06   9.7361417e-06   1.1283961e-05   1.0531637e-05   1.1392513e-05   9.8558467e-06   6.9160988e-06   4.6638379e-06   3.6599201e-06   2.6251025e-06   2.0535779e-06   1.6853784e-06   1.3292071e-06   9.3919670e-07   7.2161504e-07   5.9540588e-07   3.3112050e-07   3.4914765e-07   1.3950867e-07   1.8036069e-07   1.1782483e-07
   0.0000000e+00   0.0000000e+00   6.2194003e-06   9.7108250e-06   1.1275968e-05   1.0508404e-05   1.1390088e-05   9.9641593e-06   6.9409452e-06   4.4689623e-06   3.5204146e-06   2.6266582e-06   2.0913351e-06   1.7394264e-06   1.2187105e-06   1.1105535e-06   7.1053063e-07   4.5950395e-07   3.4580498e-07   4.0406380e-07   2.8814520e-07   5.0023026e-09   5.6360975e-08
   0.0000000e+00   0.0000000e+00   6.0782791e-06   9.8926002e-06   1.1139954e-05   1.0666284e-05   1.1340384e-05   9.8218843e-06   6.8622985e-06   4.8652446e-06   3.2997320e-06   2.7437216e-06   2.1263018e-06   1.6355980e-06   1.3375180e-06   9.2080325e-07   7.6563373e-07   6.0952937e-07   4.1313857e-07   3.2481120e-07   3.1654821e-08   3.2131857e-07   6.1387304e-08
   0.0000000e+00   0.0000000e+00   6.0516118e-06   9.8662385e-06   1.1183768e-05   1.0560103e-05   1.1428520e-05   9.8618602e-06   6.7960373e-06   4.8182437e-06   3.4448417e-06   2.5442625e-06   2.0068805e-06   1.7558317e-06   1.3846523e-06   9.6316569e-07   7.3797941e-07   4.3744572e-07   5.5226116e-07   2.8862536e-07   2.3986340e-07   1.3104940e-07  -9.4655728e-10
   0.0000000e+00   0.0000000e+00   6.0610159e-06   9.8474420e-06   1.1181822e-05   1.0549533e-05   1.1481296e-05   9.8558585e-06   6.8252448e-06   4.5230395e-06   3.5513406e-06   2.6591465e-06   2.1914600e-06   1.5904620e-06   1.2919504e-06   9.0604397e-07   8.1150404e-07   6.2147524e-07   3.9573163e-07   2.8924580e-07   2.1461396e-07   2.6629326e-07  -2.5643882e-08
   0.0000000e+00   0.0000000e+00   6.2276140e-06   9.6472841e-06   1.1328826e-05   1.0551455e-05   1.1312924e-05   9.8486989e-06   7.0348724e-06   4.5960555e-06   3.4948109e-06   2.5623301e-06   1.9545012e-06   1.7608337e-06   1.3109030e-06   1.0243526e-06   7.2410836e-07   4.4458201e-07   4.8086417e-07   4.2901581e-07   1.6582059e-07   2.3985490e-07  -4.3550287e-08
   0.0000000e+00   0.0000000e+00   6.0636962e-06   9.9612880e-06   1.1109032e-05   1.0658311e-05   1.1347442e-05   9.8434602e-06   6.8150562e-06   4.6766158e-06   3.4309157e-06   2.6248613e-06   2.2318366e-06   1.5961107e-06   1.2646157e-06   9.7031170e-07   7.1614926e-07   5.6306243e-07   4.5032107e-07   3.5865472e-07   1.9096652e-07   2.0951599e-07   1.7595376e-07
   0.0000000e+00   0.0000000e+00   5.9815884e-06   9.9072604e-06   1.1184386e-05   1.0587177e-05   1.1422219e-05   9.9530625e-06   6.7780920e-06   4.7434223e-06   3.3579579e-06   2.6886828e-06   1.9866657e-06   1.6978969e-06   1.3462210e-06   9.7695977e-07   7.1127374e-07   5.6549749e-07   3.2346790e-07   4.1375137e-07   3.5735749e-07   5.4918058e-08   4.1693568e-08
   0.0000000e+00   0.0000000e+00   6.1869196e-06   9.7557195e-06   1.1247661e-05   1.0555388e-05   1.1365753e-05   9.8427427e-06   6.8135264e-06   4.8369234e-06   3.3843307e-06   2.6855118e-06   2.0207603e-06   1.6978705e-06   1.3853321e-06   8.9451066e-07   6.3518507e-07   7.8302662e-07   3.0780129e-07   3.1863198e-07   2.0726128e-07   2.4854430e-07   1.3844165e-07
   0.0000000e+00   0.0000000e+00   6.1501919e-06   9.7560978e-06   1.1269176e-05   1.0530896e-05   1.1510206e-05   9.8292394e-06   6.9101034e-06   4.5396441e-06   3.5496021e-06   2.5962654e-06   2.1505182e-06   1.6514624e-06   1.2690991e-06   1.1275105e-06   6.2750581e-07   5.3419228e-07   4.4586500e-07   3.7163599e-07   2.7294524e-07   5.1535768e-08   9.2162779e-08
   0.0000000e+00   0.0000000e+00   6.0057246e-06   9.8878163e-06   1.1159977e-05   1.0608007e-05   1.1371851e-05   9.9096669e-06   6.9402931e-06   4.6480745e-06   3.4886461e-06   2.6206862e-06   2.1522881e-06   1.7213100e-06   1.2793057e-06   9.8345583e-07   7.9778636e-07   5.1874372e-07   4.2059503e-07   3.3945952e-07   2.2280977e-07   1.0858973e-07   1.3441456e-07
   0.0000000e+00   0.0000000e+00   6.1124206e-06   9.9290528e-06   1.1182013e-05   1.0557786e-05   1.1339742e-05   9.8886894e-06   6.8488730e-06   4.7884168e-06   3.4410875e-06   2.6458397e-06   2.0419855e-06   1.7423489e-06   1.3834443e-06   9.7983059e-07   7.1760110e-07   5.7503240e-07   4.6307250e-07   2.8502708e-07   1.8642899e-07   2.1272196e-07  -4.4264656e-08
   0.0000000e+00   0.0000000e+00   6.1343662e-06   9.6983113e-06   1.1255151e-05   1.0708816e-05   1.1326270e-05   9.8926539e-06   6.8758736e-06   4.6534838e-06   3.4335740e-06   2.8106876e-06   2.0335585e-06   1.7131908e-06   1.3989927e-06   8.9634693e-07   8.5427916e-07   5.6012118e-07   3.8857047e-07   2.5452454e-07   3.3536838e-07   6.5829056e-08   8.5776763e-09
   0.0000000e+00   0.0000000e+00   6.1619244e-06   9.7583506e-06   1.1215070e-05   1.0487422e-05   1.1556224e-05   9.8790624e-06   6.7898500e-06   4.8290894e-06   3.4086881e-06   2.6116370e-06   2.1337321e-06   1.6875063e-06   1.4044688e-06   9.9593956e-07   7.5799460e-07   4.8198388e-07   5.6520804e-07   2.5752090e-07   1.7223093e-07   2.1482766e-07   5.7052438e-09
   0.0000000e+00   0.0000000e+00   5.9943964e-06   9.9473455e-06   1.1154678e-05   1.0583909e-05   1.1331167e-05   9.8478495e-06   6.9717566e-06   4.5523061e-06   3.6118490e-06   2.5539191e-06   2.1087283e-06   1.7666100e-06   1.2627221e-06   1.0400963e-06   7.5509695e-07   5.3700563e-07   4.4423177e-07   3.6089392e-07   1.6302718e-07   1.3628419e-07   1.7484878e-07
   0.0000000e+00   0.0000000e+00   6.0517332e-06   9.9280496e-06   1.1209945e-05   1.0546062e-05   1.1425066e-05   9.8828687e-06   6.9000198e-06   4.6715709e-06   3.4803293e-06   2.5310417e-06   2.2268000e-06   1.6054149e-06   1.3394972e-06   1.0451005e-06   7.7007081e-07   4.8760563e-07   4.2325746e-07   3.1048089e-07   3.0497995e-07   1.1984032e-07  -1.0703728e-09
   0.0000000e+00   0.0000000e+00   6.2109848e-06   9.5909718e-06   1.1292338e-05   1.0647989e-05   1.1311554e-05   9.8858400e-06   6.8429572e-06   4.7323579e-06   3.3673939e-06   2.8117574e-06   1.9981360e-06   1.6846494e-06   1.4303038e-06   8.9282162e-07   6.9876018e-07   6.6260554e-07   3.5356334e-07   2.8934008e-07   2.6532012e-07   7.7943817e-08   2.1654024e-07
   0.0000000e+00   0.0000000e+00   6.0928492e-06   9.8674927e-06   1.1181070e-05   1.0551455e-05   1.1492983e-05   9.9025283e-06   6.7743763e-06   4.8150009e-06   3.3621823e-06   2.6233488e-06   2.0655307e-06   1.7194973e-06   1.3413594e-06   1.0901900e-06   5.9777807e-07   5.7187447e-07   4.2867092e-07   2.7010563e-07   2.4541089e-07   1.4420465e-07   1.8309736e-08
   0.0000000e+00   0.0000000e+00   6.0614302e-06   9.9439876e-06   1.1136449e-05   1.0547524e-05   1.1418524e-05   9.8255896e-06   6.9308558e-06   4.6614728e-06   3.4847051e-06   2.7427743e-06   2.0623677e-06   1.7421432e-06   1.2307901e-06   1.0051592e-06   8.4775951e-07   5.0006139e-07   3.3773540e-07   3.5806548e-07   2.2107697e-07   1.1631212e-07   1.3264075e-07
   0.0000000e+00   0.0000000e+00   6.0635348e-06   9.8480787e-06   1.1229474e-05   1.0644037e-05   1.1329810e-05   9.9322369e-06   6.8790323e-06   4.6476653e-06   3.5409450e-06   2.5049233e-06   2.1166093e-06   1.8287569e-06   1.3229101e-06   1.0272993e-06   6.8290541e-07   5.2105878e-07   5.4652799e-07   1.8339767e-07   3.2116665e-07   1.0287987e-07   4.8257895e-08
   0.0000000e+00   0.0000000e+00   6.1329224e-06   9.7264419e-06   1.1307938e-05   1.0608861e-05   1.1396583e-05   9.8264236e-06   6.9593420e-06   4.6439554e-06   3.5232483e-06   2.7675876e-06   2.0771386e-06   1.6614957e-06   1.3967417e-06   1.0283320e-06   7.0170734e-07   6.4464598e-07   4.2466425e-07   2.5031719e-07   2.3000460e-07   2.0704837e-07   7.3308470e-08
   0.0000000e+00   0.0000000e+00   6.1552205e-06   9.8093551e-06   1.1234583e-05   1.0531189e-05   1.1441645e-05   9.9949275e-06   6.7445567e-06   4.8380402e-06   3.3688277e-06   2.6595903e-06   2.2250188e-06   1.5505697e-06   1.5037311e-06   9.8887540e-07   8.5332692e-07   4.3400422e-07   4.4774620e-07   3.6048354e-07   3.0728677e-07   4.4093152e-08   8.6459124e-08
   0.0000000e+00   0.0000000e+00   6.0639800e-06   9.9262661e-06   1.1125082e-05   1.0611888e-05   1.1533009e-05   9.7649490e-06   6.8829936e-06   4.8061856e-06   3.4374959e-06   2.6762832e-06   2.1442422e-06   1.8411369e-06   1.2898200e-06   9.6370627e-07   8.1191689e-07   6.2492916e-07   4.6075564e-07   2.6567443e-07   2.1322087e-07   8.7672596e-08   2.8821714e-07
   0.0000000e+00   0.0000000e+00   6.0903035e-06   9.8311639e-06   1.1232232e-05   1.0648627e-05   1.1315022e-05   9.9115114e-06   6.9792122e-06   4.6022087e-06   3.6062449e-06   2.6123723e-06   2.0351933e-06   1.7530858e-06   1.4406615e-06   1.0362310e-06   7.8178402e-07   5.4495661e-07   4.1268802e-07   3.9207811e-07   2.6864402e-07   7.4321164e-08   9.7457704e-09
   0.0000000e+00   0.0000000e+00   6.1374935e-06   9.8079518e-06   1.1312115e-05   1.0539525e-05   1.1381896e-05   1.0013349e-05   6.8819604e-06   4.5837146e-06   3.5521171e-06   2.7119354e-06   2.1396231e-06   1.7480297e-06   1.2711611e-06   1.1209585e-06   7.3092082e-07   6.6040326e-07   4.8143079e-07   2.1276279e-07   2.9590933e-07   1.7686473e-07   1.0958297e-07
   0.0000000e+00   0.0000000e+00   6.0041598e-06   9.8597284e-06   1.1163899e-05   1.0573897e-05   1.1511033e-05   9.7671928e-06   6.9525463e-06   4.7871272e-06   3.4998654e-06   2.5936979e-06   2.1288070e-06   1.8096350e-06   1.3060809e-06   1.1643409e-06   6.5969488e-07   6.1943092e-07   5.1012080e-07   3.3826876e-07   2.6369744e-07   1.0677263e-07   1.5746740e-07
   0.0000000e+00   0.0000000e+00   6.1406231e-06   9.7982829e-06   1.1201957e-05   1.0547343e-05   1.1482593e-05   9.8693563e-06   6.7631627e-06   4.8305578e-06   3.4304157e-06   2.6939765e-06   2.1689245e-06   1.6929528e-06   1.3454669e-06   1.0979328e-06   7.8913325e-07   5.6845664e-07   4.4331341e-07   3.6147418e-07   2.7794593e-07   1.4519557e-07   9.0780965e-08
   0.0000000e+00   0.0000000e+00   6.1670526e-06   9.8232695e-06   1.1189220e-05   1.0688256e-05   1.1267772e-05   9.9674762e-06   6.9975276e-06   4.5810039e-06   3.5082562e-06   2.7213307e-06   2.1297749e-06   1.7162608e-06   1.4287635e-06   9.2433493e-07   8.7086079e-07   5.4736074e-07   4.1281453e-07   4.1775249e-07   1.6496539e-07   1.7874618e-07   1.2636519e-07
   0.0000000e+00   0.0000000e+00   6.0165517e-06   9.8324508e-06   1.1283519e-05   1.0432224e-05   1.1433752e-05   9.8721284e-06   6.9217676e-06   4.7024378e-06   3.5531677e-06   2.6258613e-06   2.0987156e-06   1.7410315e-06   1.4267896e-06   9.6419808e-07   8.5172030e-07   5.0397699e-07   4.7712427e-07   2.9217827e-07   2.8441363e-07   9.1394270e-08   1.3528872e-07
   0.0000000e+00   0.0000000e+00   6.0659399e-06   9.7615412e-06   1.1187548e-05   1.0615346e-05   1.1432787e-05   9.8591190e-06   6.7272567e-06   4.8036159e-06   3.4735999e-06   2.5527306e-06   2.3216101e-06   1.6399757e-06   1.3673613e-06   9.6998644e-07   7.9550182e-07   6.0216831e-07   4.0518515e-07   3.6696167e-07   1.7690371e-07   1.9945564e-07   1.0298279e-08
   0.0000000e+00   0.0000000e+00   6.1074197e-06   9.8799073e-06   1.1095338e-05   1.0621137e-05   1.1376183e-05   9.8740338e-06   6.9557486e-06   4.6599598e-06   3.5271755e-06   2.6629707e-06   2.0301322e-06   1.7531115e-06   1.3550781e-06   1.0711314e-06   6.9242878e-07   5.0243165e-07   5.4334447e-07   2.2105131e-07   2.9123728e-07   1.8849430e-07  -6.4158414e-08
   0.0000000e+00   0.0000000e+00   6.1427213e-06   9.7663169e-06   1.1290217e-05   1.0510591e-05   1.1282655e-05   9.9675253e-06   6.8705003e-06   4.6471810e-06   3.3822525e-06   2.8568863e-06   1.9278448e-06   1.7499650e-06   1.3683517e-06   9.7998304e-07   6.7552014e-07   6.4566734e-07   3.7880849e-07   2.7332135e-07   2.6867062e-07   1.2931383e-07   8.4718401e-08
   0.0000000e+00   0.0000000e+00   6.1036185e-06   9.7732136e-06   1.1165950e-05   1.0636844e-05   1.1417702e-05   9.7849288e-06   6.8985878e-06   4.7084418e-06   3.4154023e-06   2.6488990e-06   2.0848759e-06   1.7268734e-06   1.1786135e-06   1.0217689e-06   7.4963646e-07   5.6800366e-07   3.0117306e-07   3.6704046e-07   2.5655538e-07   1.4546607e-07  -4.6962921e-08
   0.0000000e+00   0.0000000e+00   6.0056304e-06   9.8696764e-06   1.1156323e-05   1.0496930e-05   1.1508589e-05   9.8283681e-06   6.8425520e-06   4.8412489e-06   3.3406975e-06   2.5651188e-06   2.0995096e-06   1.7261656e-06   1.2667217e-06   9.4783400e-07   6.6231723e-07   5.7311360e-07   3.7311324e-07   3.5914718e-07   1.7706424e-07   1.1427048e-07   2.1865065e-07
   0.0000000e+00   0.0000000e+00   6.1029582e-06   9.8122746e-06   1.1267067e-05   1.0560994e-05   1.1299760e-05   9.9853378e-06   6.7768037e-06   4.6707810e-06   3.5600920e-06   2.5580434e-06   2.1204598e-06   1.4511425e-06   1.4518602e-06   9.4561636e-07   5.8205660e-07   6.5167251e-07   2.9198620e-07   3.4967647e-07   2.1740934e-07   1.2099740e-07   1.1325597e-07
   0.0000000e+00   0.0000000e+00   6.1016203e-06   9.8532455e-06   1.1144579e-05   1.0660954e-05   1.1390861e-05   9.8553637e-06   6.9920420e-06   4.5648421e-06   3.4954205e-06   2.7153192e-06   1.9543443e-06   1.6603035e-06   1.3201354e-06   8.9270048e-07   6.6922462e-07   5.9121658e-07   3.1366912e-07   3.1868169e-07   2.7972888e-07   6.9943042e-08   4.7755368e-08
   0.0000000e+00   0.0000000e+00   6.1202509e-06   9.7634038e-06   1.1193789e-05   1.0550262e-05   1.1482335e-05   9.8401788e-06   6.9035323e-06   4.8054294e-06   3.3622732e-06   2.5988309e-06   2.1025980e-06   1.6881825e-06   1.2900894e-06   8.7714415e-07   7.7232397e-07   4.5885406e-07   4.2593641e-07   3.0974107e-07   1.3191585e-07   2.0902024e-07   8.9710731e-08
   0.0000000e+00   0.0000000e+00   6.1210712e-06   9.8621458e-06   1.1227716e-05   1.0593146e-05   1.1359273e-05   9.9770587e-06   6.8593495e-06   4.6915334e-06   3.4992486e-06   2.6533710e-06   2.0725010e-06   1.7009368e-06   1.1327238e-06   1.1163819e-06   7.6281839e-07   3.3871336e-07   5.4156214e-07   2.7464478e-07   1.7962500e-07   1.7136395e-07   2.7924331e-08
   0.0000000e+00   0.0000000e+00   5.9692438e-06   9.8390810e-06   1.1233746e-05   1.0615379e-05   1.1417367e-05   9.8806540e-06   6.9088778e-06   4.7542585e-06   3.4383490e-06   2.6658365e-06   2.0883524e-06   1.6869227e-06   1.3224975e-06   9.2570133e-07   7.4876755e-07   4.6937794e-07   5.4003829e-07   2.2758934e-07   2.1449148e-07   2.5292897e-07  -1.0183473e-07
   0.0000000e+00   0.0000000e+00   6.2249815e-06   9.7350594e-06   1.1226360e-05   1.0583521e-05   1.1410349e-05   9.9138024e-06   6.8700742e-06   4.7261196e-06   3.5199853e-06   2.6118971e-06   2.0352838e-06   1.7559772e-06   1.3719608e-06   9.5843768e-07   6.7367944e-07   5.6004126e-07   4.6737546e-07   2.1121227e-07   3.3253431e-07   1.8090272e-07   1.6277554e-08
   0.0000000e+00   0.0000000e+00   6.0758225e-06   9.9021709e-06   1.1151197e-05   1.0597734e-05   1.1525761e-05   9.8089395e-06   6.9460511e-06   4.6649184e-06   3.4673244e-06   2.6666146e-06   2.2358479e-06   1.5410504e-06   1.3921816e-06   9.6814733e-07   8.1518044e-07   4.6578830e-07   4.1625529e-07   3.4886136e-07   1.6512297e-07   2.3425231e-07   1.0603488e-07
   0.0000000e+00   0.0000000e+00   5.9849149e-06   9.8559340e-06   1.1314841e-05   1.0453673e-05   1.1397503e-05   1.0019670e-05   6.8523364e-06   4.7086251e-06   3.5675134e-06   2.5283605e-06   2.1885660e-06   1.7683701e-06   1.2940626e-06   9.7844656e-07   7.8233700e-07   5.0638954e-07   3.7647021e-07   4.4663156e-07   6.2100135e-08   1.3391895e-07   2.6628183e-07
   0.0000000e+00   0.0000000e+00   6.2187878e-06   9.6680196e-06   1.1182703e-05   1.0773446e-05   1.1251041e-05   9.8747641e-06   6.8993645e-06   4.7120420e-06   3.4608922e-06   2.7174381e-06   2.0710329e-06   1.6747924e-06   1.5001401e-06   9.5812425e-07   7.4501469e-07   5.9802829e-07   2.5805565e-07   3.9810010e-07   2.1322575e-07   4.7677087e-08   1.2931478e-07
   0.0000000e+00   0.0000000e+00   6.0686320e-06   9.9064173e-06   1.1167454e-05   1.0576882e-05   1.1487139e-05   9.8958662e-06   6.8252907e-06   4.6998598e-06   3.4556651e-06   2.7375104e-06   2.0572097e-06   1.8040323e-06   1.2699103e-06   1.1050246e-06   6.8885117e-07   6.5043093e-07   3.6469851e-07   1.7805407e-07   3.7861369e-07   2.5628413e-08  -3.2015041e-08
   0.0000000e+00   0.0000000e+00   6.0728248e-06   9.8724267e-06   1.1199553e-05   1.0484516e-05   1.1476477e-05   9.8249611e-06   6.9522475e-06   4.7602462e-06   3.3979316e-06   2.6593057e-06   2.1895435e-06   1.7400014e-06   1.3387410e-06   1.0734545e-06   5.9232900e-07   7.3059249e-07   4.0784806e-07   2.0674362e-07   1.9079278e-07   1.2157035e-07   1.2605852e-07
   0.0000000e+00   0.0000000e+00   6.0028920e-06   9.8504461e-06   1.1252579e-05   1.0498646e-05   1.1395864e-05   9.9554300e-06   6.7216911e-06   4.7442836e-06   3.5225439e-06   2.6234488e-06   2.1076673e-06   1.7890525e-06   1.2788736e-06   1.1761263e-06   7.5295657e-07   3.5927431e-07   5.8168291e-07   2.4450486e-07   1.2912261e-07   1.8494003e-07  -1.1082404e-09
   0.0000000e+00   0.0000000e+00   6.1608130e-06   9.6546401e-06   1.1232701e-05   1.0743757e-05   1.1347378e-05   9.8338469e-06   6.9663492e-06   4.6090086e-06   3.4690834e-06   2.7264291e-06   2.1018936e-06   1.7196942e-06   1.3741969e-06   9.3142131e-07   8.5644268e-07   5.3777950e-07   3.1352727e-07   3.8870061e-07   1.9748684e-07  -1.9527100e-09   1.1925668e-07
   0.0000000e+00   0.0000000e+00   6.2191293e-06   9.8660730e-06   1.1193913e-05   1.0524699e-05   1.1389877e-05   9.9483341e-06   6.7970032e-06   4.8268703e-06   3.3970964e-06   2.6536795e-06   2.1359037e-06   1.7105414e-06   1.4810770e-06   8.9235778e-07   7.3606253e-07   5.7338440e-07   3.7843242e-07   2.4119976e-07   2.4640170e-07   1.5346883e-07  -9.9532322e-08
   0.0000000e+00   0.0000000e+00   5.8891546e-06   9.9326171e-06   1.1191021e-05   1.0563199e-05   1.1476935e-05   9.7869361e-06   6.9295461e-06   4.6380128e-06   3.3728370e-06   2.8053289e-06   2.1323372e-06   1.6216526e-06   1.4682134e-06   9.2123855e-07   7.5555101e-07   5.5306754e-07   3.7174357e-07   2.5030673e-07   1.5016117e-07   1.4245525e-07   1.4835696e-07
   0.0000000e+00   0.0000000e+00   6.1732517e-06   9.7856673e-06   1.1186439e-05   1.0549758e-05   1.1487618e-05   9.9282988e-06   6.8331019e-06   4.7488074e-06   3.5228318e-06   2.4482083e-06   2.2662634e-06   1.7025180e-06   1.3131848e-06   1.0800397e-06   6.5398780e-07   5.0954554e-07   3.9727158e-07   3.5346645e-07   1.3601945e-07   4.6756742e-08   1.3638800e-07
   0.0000000e+00   0.0000000e+00   6.1648434e-06   9.7583388e-06   1.1286055e-05   1.0691719e-05   1.1168177e-05   9.9843473e-06   6.8247518e-06   4.6502105e-06   3.6572619e-06   2.6239950e-06   1.9847078e-06   1.9799045e-06   1.1854789e-06   1.0290000e-06   7.3479720e-07   4.8460817e-07   4.5323674e-07   2.0206910e-07   2.5830099e-07   1.4135249e-07  -1.0024981e-08
   0.0000000e+00   0.0000000e+00   6.0079747e-06   9.9182744e-06   1.1232114e-05   1.0541387e-05   1.1557555e-05   9.8178552e-06   6.9159478e-06   4.6532591e-06   3.3788106e-06   2.7810781e-06   2.1276512e-06   1.6407589e-06   1.4241468e-06   1.0201551e-06   6.7676393e-07   5.9942914e-07   2.9952508e-07   3.4216666e-07   2.1862982e-07   1.1552260e-07   7.3586243e-08
   0.0000000e+00   0.0000000e+00   6.1535720e-06   9.7479387e-06   1.1231027e-05   1.0518483e-05   1.1467215e-05   9.8476194e-06   6.9572052e-06   4.7141543e-06   3.4038176e-06   2.7728518e-06   2.0883654e-06   1.7297556e-06   1.2662714e-06   1.1010844e-06   6.3364200e-07   5.4881889e-07   4.1702364e-07   3.0344381e-07   1.9343022e-07   9.7621921e-08   1.4168968e-07
   0.0000000e+00   0.0000000e+00   6.0924349e-06   9.8667460e-06   1.1272418e-05   1.0613313e-05   1.1380114e-05   9.8215723e-06   6.8386507e-06   4.8467386e-06   3.3822271e-06   2.5488175e-06   2.2541401e-06   1.7128197e-06   1.3830112e-06   8.9235567e-07   7.7568416e-07   5.0368737e-07   3.7117940e-07   3.4372397e-07   1.0932271e-07   1.8942676e-07   4.1539896e-09
   0.0000000e+00   0.0000000e+00   6.1150290e-06   9.8734990e-06   1.1143495e-05   1.0687801e-05   1.1407848e-05   1.0012778e-05   6.7465435e-06   4.6260425e-06   3.6950269e-06   2.5272832e-06   2.1068925e-06   1.6943026e-06   1.3504219e-06   9.9980593e-07   6.7539690e-07   5.7192864e-07   3.3801325e-07   2.9498869e-07   2.3274613e-07   4.8337959e-08   8.6087013e-08
   0.0000000e+00   0.0000000e+00   6.0620105e-06   9.7545926e-06   1.1224078e-05   1.0593285e-05   1.1312901e-05   9.9914969e-06   6.9311891e-06   4.5490042e-06   3.5520800e-06   2.7110709e-06   2.0040718e-06   1.6831474e-06   1.3797861e-06   9.4495635e-07   6.9992910e-07   5.4470354e-07   4.2530590e-07   1.9625570e-07   2.2851250e-07   1.1726544e-07   4.0230965e-08
   0.0000000e+00   0.0000000e+00   6.0142338e-06   9.9243134e-06   1.1236427e-05   1.0519953e-05   1.1540873e-05   9.7029497e-06   6.9307448e-06   4.9119772e-06   3.1551090e-06   2.7207782e-06   2.1713900e-06   1.7071280e-06   1.2421988e-06   1.0384471e-06   6.7838863e-07   5.1520641e-07   4.5047162e-07   2.5754017e-07   1.8043910e-07   1.2239319e-07   5.7301047e-08
   0.0000000e+00   0.0000000e+00   6.3044117e-06   9.6343128e-06   1.1256273e-05   1.0635199e-05   1.1348729e-05   9.9597337e-06   6.9091393e-06   4.6143123e-06   3.6206432e-06   2.5600430e-06   2.0854118e-06   1.6813676e-06   1.2579445e-06   1.0315060e-06   7.5768912e-07   4.8068495e-07   3.6283575e-07   3.2603211e-07   3.1243792e-07   6.0516849e-09   7.0905905e-08
   0.0000000e+00   0.0000000e+00   5.9758563e-06   9.9563167e-06   1.1107350e-05   1.0535863e-05   1.1467538e-05   1.0001732e-05   6.7578062e-06   4.7442891e-06   3.4396596e-06   2.7332185e-06   1.9717986e-06   1.7580098e-06   1.3676071e-06   8.9146374e-07   7.3141774e-07   5.6054569e-07   4.1202026e-07   3.0814786e-07   1.4064906e-07   1.8118398e-07   1.3718216e-07
   0.0000000e+00   0.0000000e+00   5.9733256e-06   9.8119353e-06   1.1220912e-05   1.0629631e-05   1.1363679e-05   9.7925022e-06   7.0495430e-06   4.6810246e-06   3.5214314e-06   2.6162488e-06   2.1473327e-06   1.5833273e-06   1.4103183e-06   9.7182442e-07   6.9095768e-07   5.4353211e-07   4.4389475e-07   2.1504712e-07   2.5509641e-07   1.3434396e-07   6.4425627e-08
   0.0000000e+00   0.0000000e+00   6.1177739e-06   9.7607644e-06   1.1185906e-05   1.0583503e-05   1.1509374e-05   9.7964030e-06   6.9360440e-06   4.8064526e-06   3.3853050e-06   2.6373446e-06   2.2173745e-06   1.6338071e-06   1.3124977e-06   1.0176598e-06   6.4798462e-07   5.8455237e-07   3.8272682e-07   3.1698809e-07   2.8094209e-07   1.6340653e-08   1.0612711e-07
   0.0000000e+00   0.0000000e+00   6.1549745e-06   9.7933571e-06   1.1165323e-05   1.0409459e-05   1.1520305e-05   1.0003579e-05   6.8634404e-06   4.7076164e-06   3.5129744e-06   2.7312462e-06   2.0487528e-06   1.7261008e-06   1.3016147e-06   9.3122208e-07   7.7940729e-07   5.1636056e-07   4.6394993e-07   2.4057718e-07   1.8619853e-07   1.7485532e-07   1.4585912e-07
   0.0000000e+00   0.0000000e+00   6.0218617e-06   9.7722750e-06   1.1260529e-05   1.0714914e-05   1.1039574e-05   1.0096499e-05   6.9197267e-06   4.6469613e-06   3.7284451e-06   2.6143721e-06   1.9940073e-06   1.7983899e-06   1.2988809e-06   1.0212297e-06   6.8798960e-07   4.6493773e-07   3.9473557e-07   3.7775814e-07   2.5422511e-07   9.0665758e-08   1.9584904e-08
   0.0000000e+00   0.0000000e+00   6.0597085e-06   9.7703460e-06   1.1138706e-05   1.0612858e-05   1.1620272e-05   9.7056918e-06   6.9296980e-06   4.8468792e-06   3.3488157e-06   2.7503477e-06   2.2443214e-06   1.7041481e-06   1.2066059e-06   9.7054067e-07   7.1814247e-07   5.7285268e-07   4.2296102e-07   2.0427342e-07   3.0447347e-07   7.4027419e-08   1.6728411e-07
   0.0000000e+00   0.0000000e+00   6.0033262e-06   9.8668770e-06   1.0992170e-05   1.0562486e-05   1.1408240e-05   9.9636181e-06   6.9676321e-06   4.7603598e-06   3.4790155e-06   2.7600850e-06   2.0305476e-06   1.6914404e-06   1.4099787e-06   1.0138308e-06   6.1663474e-07   4.8737326e-07   4.3770345e-07   3.3013063e-07   1.5961687e-07   1.9103123e-07   1.2807150e-08
   0.0000000e+00   0.0000000e+00   6.2298591e-06   9.7052416e-06   1.1414884e-05   1.0325128e-05   1.1486167e-05   9.8497476e-06   6.9255007e-06   4.7092994e-06   3.6637948e-06   2.5647198e-06   2.2504560e-06   1.6353248e-06   1.3530486e-06   9.2502972e-07   7.1566643e-07   5.8901355e-07   3.6249529e-07   2.3283233e-07   2.5612690e-07   1.5148152e-07   8.5464308e-08
   0.0000000e+00   0.0000000e+00   5.8767168e-06   9.7752700e-06   1.1190286e-05   1.0736644e-05   1.1270036e-05   9.9997997e-06   6.9319040e-06   4.7478006e-06   3.3974766e-06   2.7907415e-06   2.0375196e-06   1.7817127e-06   1.3277253e-06   8.7450354e-07   7.9483328e-07   5.3022808e-07   3.0336804e-07   4.6114627e-07   1.6631253e-07   3.5295891e-08   1.7604333e-07
   0.0000000e+00   0.0000000e+00   6.2009881e-06   9.7397206e-06   1.0996602e-05   1.0615698e-05   1.1427955e-05   9.8917044e-06   6.9161629e-06   4.7848084e-06   3.5963963e-06   2.6299367e-06   2.0986274e-06   1.6889625e-06   1.2440090e-06   1.1033583e-06   6.6504782e-07   4.5515981e-07   5.3959656e-07   1.9334364e-07   2.8171695e-07   1.7713424e-07   3.8653725e-09
   0.0000000e+00   0.0000000e+00   6.0341299e-06   9.8973596e-06   1.1148129e-05   1.0465089e-05   1.1516935e-05   9.9142326e-06   6.8191102e-06   4.8769948e-06   3.3721176e-06   2.8146353e-06   2.0358909e-06   1.6669907e-06   1.3678604e-06   9.2650754e-07   6.2998618e-07   6.8756401e-07   3.2689303e-07   3.5708257e-07   1.4793049e-07   1.9695875e-07   1.0610921e-07
   0.0000000e+00   0.0000000e+00   6.0254806e-06   9.6602071e-06   1.1404106e-05   1.0482641e-05   1.1328286e-05   9.9789368e-06   7.0069273e-06   4.6872406e-06   3.5663370e-06   2.6343500e-06   2.0874174e-06   1.7334255e-06   1.1807565e-06   1.0214934e-06   6.8024411e-07   5.1390816e-07   4.5675390e-07   1.8868077e-07   4.0139193e-07   2.3352396e-08  -1.5373152e-08
   0.0000000e+00   0.0000000e+00   6.0400448e-06   9.8465262e-06   1.0954081e-05   1.0739689e-05   1.1298655e-05   9.9820436e-06   6.8492059e-06   4.7827552e-06   3.5127266e-06   2.6460202e-06   2.1274657e-06   1.6540569e-06   1.2764264e-06   9.0600395e-07   7.6357901e-07   4.9665465e-07   3.4847693e-07   3.2258839e-07   1.7902549e-07   1.5385673e-07   7.1376633e-08
   0.0000000e+00   0.0000000e+00   6.1454411e-06   9.7535058e-06   1.1202133e-05   1.0468182e-05   1.1645452e-05   9.7091679e-06   7.0638293e-06   4.7107287e-06   3.5267158e-06   2.6535024e-06   2.0551056e-06   1.5868732e-06   1.3880131e-06   8.8730530e-07   7.3105457e-07   4.3377463e-07   3.9979000e-07   3.6588571e-07   6.1541485e-08   1.4891530e-07   1.3246978e-07
   0.0000000e+00   0.0000000e+00   6.0020211e-06   9.8241753e-06   1.1125819e-05   1.0591052e-05   1.1269665e-05   1.0093307e-05   6.7616133e-06   4.8349389e-06   3.4785612e-06   2.6526013e-06   2.1254782e-06   1.6744729e-06   1.1913272e-06   9.2739026e-07   7.0595001e-07   5.0566524e-07   4.2648256e-07   1.3502047e-07   2.8241027e-07   1.3608646e-07  -5.6869364e-08
   0.0000000e+00   0.0000000e+00   6.1419059e-06   9.5720989e-06   1.1405166e-05   1.0410896e-05   1.1473510e-05   9.8179835e-06   7.0310207e-06   4.6834275e-06   3.4182651e-06   2.6883868e-06   2.0357390e-06   1.5317960e-06   1.5439806e-06   7.5629856e-07   7.2292573e-07   4.7268065e-07   3.4521869e-07   3.0385073e-07   1.7209783e-07   8.3995957e-08   7.9469679e-08
   0.0000000e+00   0.0000000e+00   5.9743711e-06   1.0011869e-05   1.0950422e-05   1.0768817e-05   1.1257153e-05   1.0033344e-05   6.8383588e-06   4.7222147e-06   3.6008137e-06   2.5444681e-06   2.1363069e-06   1.7497850e-06   1.0224904e-06   1.1397520e-06   5.5366894e-07   4.9114874e-07   4.8652191e-07   1.1589918e-07   1.2995670e-07   2.8400723e-07  -1.2385620e-07
   0.0000000e+00   0.0000000e+00   6.1357350e-06   9.7389411e-06   1.1116283e-05   1.0553824e-05   1.1528883e-05   9.7714801e-06   6.9969210e-06   4.7114308e-06   3.3994095e-06   2.7475644e-06   1.9928561e-06   1.6302115e-06   1.3316654e-06   9.5810447e-07   7.4403562e-07   3.6980043e-07   2.8435096e-07   3.9898345e-07   1.2819740e-07  -5.0688453e-08   1.9689634e-07
   0.0000000e+00   0.0000000e+00   5.9633203e-06   9.7704105e-06   1.1316436e-05   1.0425488e-05   1.1417064e-05   9.9499021e-06   6.7633978e-06   4.8343704e-06   3.4356447e-06   2.6032003e-06   2.1770220e-06   1.7428072e-06   1.1935174e-06   9.1895231e-07   6.5534806e-07   6.4067422e-07   3.1486357e-07   1.2164763e-07   1.8468675e-07   1.7669673e-07  -1.0351039e-07
   0.0000000e+00   0.0000000e+00   6.2395998e-06   9.6797203e-06   1.1258950e-05   1.0633160e-05   1.1360753e-05   9.9096942e-06   7.0186270e-06   4.6434152e-06   3.5538478e-06   2.5736963e-06   2.0176142e-06   1.6460880e-06   1.4236435e-06   9.9292970e-07   6.3323836e-07   4.9314576e-07   2.5814450e-07   4.2089883e-07   8.3776264e-08   3.3256807e-08   6.6200094e-08
   0.0000000e+00   0.0000000e+00   5.9985655e-06   9.9415920e-06   1.1049748e-05   1.0609677e-05   1.1428107e-05   9.9885119e-06   6.7044439e-06   4.8190104e-06   3.3889164e-06   2.7198689e-06   2.2163774e-06   1.6041710e-06   1.2767715e-06   9.9113504e-07   6.1590526e-07   6.8962390e-07   3.0448430e-07   2.1207434e-07   8.0513686e-08   1.3873995e-07   1.4308856e-07
   0.0000000e+00   0.0000000e+00   6.0549610e-06   9.8021292e-06   1.1240438e-05   1.0554379e-05   1.1449604e-05   9.8077116e-06   7.1162026e-06   4.5407955e-06   3.6645347e-06   2.4866195e-06   2.0580540e-06   1.7242904e-06   1.3507155e-06   9.9833062e-07   7.9502672e-07   3.1150770e-07   4.4082597e-07   3.7118002e-07   4.9674174e-08   1.0921816e-07  -5.4792888e-08
   0.0000000e+00   0.0000000e+00   6.0579505e-06   9.8331038e-06   1.1205318e-05   1.0670537e-05   1.1361307e-05   9.9655972e-06   6.8224740e-06   4.8047782e-06   3.3389510e-06   2.8387951e-06   2.0729199e-06   1.7245045e-06   1.2518809e-06   9.9976512e-07   6.9795163e-07   6.5993419e-07   2.5105217e-07   3.0147012e-07   1.4188184e-07   1.1072220e-07   3.6375667e-08
   0.0000000e+00   0.0000000e+00   6.2150334e-06   9.6831864e-06   1.1324012e-05   1.0531749e-05   1.1493982e-05   9.9321669e-06   6.9166981e-06   4.7369554e-06   3.5024730e-06   2.5571323e-06   2.0873129e-06   1.7186250e-06   1.3872777e-06   9.6010388e-07   7.5540135e-07   4.4594654e-07   4.8067875e-07   2.2104982e-07   1.4908547e-07   1.9035261e-07  -1.1771962e-07
   0.0000000e+00   0.0000000e+00   6.0552379e-06   1.0009178e-05   1.0982364e-05   1.0770146e-05   1.1389519e-05   9.8388764e-06   6.8860700e-06   4.8448505e-06   3.4419054e-06   2.7221188e-06   2.1028166e-06   1.7037793e-06   1.2252308e-06   1.0640746e-06   6.9996798e-07   5.3488992e-07   3.8567717e-07   2.7098119e-07   1.3244342e-07   1.6196867e-07   4.4244317e-08
   0.0000000e+00   0.0000000e+00   6.0270995e-06   9.7444554e-06   1.1477049e-05   1.0432686e-05   1.1522457e-05   1.0055490e-05   6.8537393e-06   4.5820393e-06   3.6073213e-06   2.5238394e-06   2.1143653e-06   1.7355667e-06   1.3313694e-06   9.2119421e-07   7.4518005e-07   5.1637153e-07   3.2929805e-07   2.8166664e-07   1.7571595e-07   1.3563226e-07  -3.4563168e-08
   0.0000000e+00   0.0000000e+00   6.0956727e-06   9.7794409e-06   1.1162739e-05   1.0660845e-05   1.1433542e-05   9.9189501e-06   6.9944213e-06   4.6995588e-06   3.4781979e-06   2.7786880e-06   1.9865481e-06   1.7292756e-06   1.2681120e-06   1.0322901e-06   6.5058964e-07   5.1351890e-07   3.7502465e-07   2.8431310e-07   1.0144068e-07   1.6937089e-07   1.2733496e-08
   0.0000000e+00   0.0000000e+00   6.2418485e-06   9.8399596e-06   1.1249048e-05   1.0603930e-05   1.1453577e-05   9.8380760e-06   6.9664784e-06   4.7597296e-06   3.4812306e-06   2.5985817e-06   2.1891030e-06   1.5021390e-06   1.4634753e-06   8.9905984e-07   7.5411310e-07   4.3017008e-07   3.8585011e-07   2.9939719e-07   1.3386297e-07   1.0531392e-07   3.9145288e-08
   0.0000000e+00   0.0000000e+00   5.9426970e-06   9.8706023e-06   1.1137491e-05   1.0796529e-05   1.1359051e-05   1.0020081e-05   6.8141248e-06   4.9341156e-06   3.1939926e-06   2.8124280e-06   2.1080612e-06   1.7535314e-06   1.2094163e-06   9.6764882e-07   6.5596623e-07   6.3170341e-07   3.2254388e-07   2.2405834e-07   1.4472529e-07   1.3503700e-07   5.9705236e-08
   0.0000000e+00   0.0000000e+00   6.1354781e-06   9.8567243e-06   1.1227366e-05   1.0460273e-05   1.1584749e-05   9.8818737e-06   6.9462299e-06   4.6553432e-06   3.7016925e-06   2.5524328e-06   2.0537464e-06   1.6261844e-06   1.4064793e-06   9.4211799e-07   7.7698252e-07   3.7358126e-07   4.5006249e-07   2.5720371e-07   1.8923848e-07   1.4343296e-07  -1.2456620e-07
   0.0000000e+00   0.0000000e+00   6.0592579e-06   9.7537486e-06   1.1307990e-05   1.0688209e-05   1.1300950e-05   1.0084498e-05   6.8718555e-06   4.6629652e-06   3.5383591e-06   2.6983412e-06   2.0992925e-06   1.7142872e-06   1.2983113e-06   9.3538995e-07   6.9623218e-07   5.7856556e-07   3.7744729e-07   2.2554630e-07   2.0516563e-07   1.2777610e-07   5.1036853e-08
   0.0000000e+00   0.0000000e+00   6.1800324e-06   9.8312448e-06   1.1273729e-05   1.0473234e-05   1.1655569e-05   9.7390457e-06   7.0586671e-06   4.7446133e-06   3.4845464e-06   2.5862319e-06   2.1449227e-06   1.7431406e-06   1.2832564e-06   1.0045914e-06   7.5083483e-07   4.0964292e-07   4.8944639e-07   2.2456673e-07   2.2727332e-07   1.7079924e-07  -4.0955449e-08
   0.0000000e+00   0.0000000e+00   5.9593785e-06   9.8717064e-06   1.1111762e-05   1.0828467e-05   1.1223135e-05   1.0044238e-05   6.8323343e-06   4.7730441e-06   3.4252710e-06   2.7755300e-06   2.0574139e-06   1.6928295e-06   1.3850504e-06   9.1115231e-07   7.7431201e-07   5.3401197e-07   3.4793928e-07   2.8803612e-07   2.1276415e-07   1.9119184e-07   3.6173759e-08
   0.0000000e+00   0.0000000e+00   6.2026929e-06   9.7904904e-06   1.1252421e-05   1.0538872e-05   1.1515855e-05   9.9698800e-06   6.8677659e-06   4.7766139e-06   3.4449586e-06   2.6174625e-06   2.1597098e-06   1.6856335e-06   1.3858081e-06   9.4086585e-07   6.6728495e-07   5.6071536e-07   4.5611506e-07   2.4246913e-07   1.9337341e-07   1.8045573e-07   1.2388482e-07
   0.0000000e+00   0.0000000e+00   6.0441098e-06   9.8678338e-06   1.1138402e-05   1.0693319e-05   1.1427172e-05   9.7712909e-06   6.9888520e-06   4.7072922e-06   3.4461177e-06   2.7933538e-06   1.9440549e-06   1.7436553e-06   1.2893300e-06   1.0731291e-06   7.4590184e-07   4.0095972e-07   3.8531289e-07   3.9091495e-07   2.5539853e-07   6.8908548e-08   1.4584850e-07
   0.0000000e+00   0.0000000e+00   6.0727361e-06   9.7895554e-06   1.1350017e-05   1.0409836e-05   1.1575409e-05   9.9446115e-06   6.8707468e-06   4.5333850e-06   3.6295189e-06   2.3911925e-06   2.3353032e-06   1.5963399e-06   1.2978344e-06   1.0106884e-06   6.8091390e-07   5.4841991e-07   3.9962521e-07   2.9329672e-07   2.0373369e-07   1.5700296e-07   1.6081628e-07
   0.0000000e+00   0.0000000e+00   6.0333691e-06   9.9111367e-06   1.1139115e-05   1.0699275e-05   1.1304002e-05   9.9575873e-06   6.8802306e-06   4.8311631e-06   3.3640324e-06   2.6615405e-06   1.9847898e-06   1.7633920e-06   1.2801069e-06   9.3857420e-07   7.2516593e-07   5.4579908e-07   3.4900552e-07   2.8821262e-07   2.3501035e-07   1.1869569e-07   7.7609116e-08
   0.0000000e+00   0.0000000e+00   6.1949549e-06   9.6490994e-06   1.1370362e-05   1.0576345e-05   1.1434466e-05   9.8864584e-06   6.8456084e-06   4.6590012e-06   3.4551422e-06   2.6008129e-06   2.0555631e-06   1.6644400e-06   1.2997795e-06   9.6411202e-07   6.8001793e-07   5.3992716e-07   4.0882540e-07   1.6435918e-07   2.9258865e-07   1.0022875e-07   2.7136789e-08
   0.0000000e+00   0.0000000e+00   6.0699331e-06   9.8887622e-06   1.1090414e-05   1.0656030e-05   1.1444480e-05   9.9575009e-06   6.8278396e-06   4.7276599e-06   3.3503477e-06   2.6724417e-06   2.0440220e-06   1.5522762e-06   1.3724808e-06   9.0261580e-07   7.2873064e-07   4.4144042e-07   4.3295393e-07   2.9723719e-07   1.3206004e-07   1.2833797e-07   7.1556528e-08
   0.0000000e+00   0.0000000e+00   6.1334713e-06   9.8227547e-06   1.1243986e-05   1.0562083e-05   1.1513507e-05   9.7761595e-06   7.0621654e-06   4.5641814e-06   3.4929601e-06   2.5874483e-06   1.9679537e-06   1.7414889e-06   1.1736121e-06   1.0125925e-06   7.2560721e-07   3.5357672e-07   4.8675986e-07   2.6120944e-07   1.7144897e-07   1.0011991e-07   1.1662021e-07
   0.0000000e+00   0.0000000e+00   5.9507438e-06   9.9521922e-06   1.1203763e-05   1.0628803e-05   1.1393347e-05   9.9750241e-06   6.7767210e-06   4.7321873e-06   3.4688001e-06   2.5227707e-06   2.1595679e-06   1.5897982e-06   1.2386122e-06   8.6959710e-07   7.5000185e-07   5.2710357e-07   3.4684211e-07   2.3303400e-07   2.5072407e-07   1.1749813e-07   5.0904532e-08
   0.0000000e+00   0.0000000e+00   6.1967312e-06   9.6630174e-06   1.1335785e-05   1.0552802e-05   1.1419261e-05   9.9369572e-06   6.9840039e-06   4.6885684e-06   3.4180161e-06   2.6173839e-06   2.0003745e-06   1.6073686e-06   1.4092886e-06   8.4715259e-07   6.2217799e-07   5.0533089e-07   3.8031357e-07   2.2418745e-07   2.8673250e-07   8.6567319e-08   6.8811914e-08
   0.0000000e+00   0.0000000e+00   6.0862726e-06   9.8446089e-06   1.1171912e-05   1.0646814e-05   1.1445472e-05   1.0012745e-05   6.6776747e-06   4.8597467e-06   3.4037423e-06   2.6598855e-06   2.0627551e-06   1.6576718e-06   1.1922392e-06   1.0101112e-06   5.3414919e-07   5.9130804e-07   3.4552491e-07   2.0341157e-07   2.2694196e-07   1.5725080e-07   4.0167549e-08
   0.0000000e+00   0.0000000e+00   6.1282321e-06   9.8304699e-06   1.1232813e-05   1.0585853e-05   1.1534890e-05   9.8154387e-06   7.0103524e-06   4.7194690e-06   3.4679601e-06   2.5940190e-06   2.0609741e-06   1.6276683e-06   1.2879908e-06   8.8156867e-07   7.2703614e-07   4.3108778e-07   2.0645643e-07   4.0516514e-07   2.5561008e-07  -7.6051194e-08   2.3211204e-07
   0.0000000e+00   0.0000000e+00   5.9880085e-06   9.8851770e-06   1.1221013e-05   1.0604300e-05   1.1339502e-05   1.0047620e-05   6.9129674e-06   4.6438863e-06   3.5172873e-06   2.6868493e-06   2.0157127e-06   1.7801434e-06   1.1384719e-06   9.4301839e-07   6.1401704e-07   5.0700004e-07   3.6383204e-07   1.8164339e-07   1.4168167e-07   1.3957360e-07   1.3055202e-07
   0.0000000e+00   0.0000000e+00   6.1412479e-06   9.7757011e-06   1.1215573e-05   1.0621739e-05   1.1470842e-05   9.8506316e-06   7.0093051e-06   4.7410313e-06   3.4500026e-06   2.6486769e-06   2.0489870e-06   1.5904070e-06   1.3555663e-06   9.7509405e-07   5.0396051e-07   5.1312162e-07   3.0898460e-07   2.6183187e-07   1.6772279e-07   1.7742892e-08   1.0746902e-07
   0.0000000e+00   0.0000000e+00   6.0762036e-06   9.8581631e-06   1.1181583e-05   1.0651597e-05   1.1435199e-05   9.9518438e-06   6.8280456e-06   4.8416941e-06   3.4716027e-06   2.6811520e-06   2.1334035e-06   1.6296095e-06   1.2268671e-06   9.4060709e-07   6.4560788e-07   4.2415823e-07   3.5124498e-07   1.1079853e-07   2.3433167e-07   2.4747417e-08   6.3900110e-08
   0.0000000e+00   0.0000000e+00   6.1381138e-06   9.7036836e-06   1.1273161e-05   1.0526903e-05   1.1482927e-05   9.9165609e-06   6.8894733e-06   4.8260149e-06   3.4360844e-06   2.6119203e-06   2.1534704e-06   1.6351248e-06   1.3341988e-06   8.3145886e-07   6.9718732e-07   4.3672222e-07   3.3562947e-07   1.5732192e-07   1.7820311e-07   9.7161046e-10   3.3895454e-08
