   0.0000000e+00   0.0000000e+00   8.1871713e-06   1.2696755e-05   1.3814868e-05   1.2668850e-05   1.3361376e-05   1.1636558e-05   8.0118434e-06   5.3751746e-06   4.1248272e-06   3.0815029e-06   2.2734532e-06   1.9864069e-06   1.3715872e-06   1.1603685e-06   7.5153281e-07   3.7875904e-07   4.1702307e-07   2.0905519e-07   1.3674142e-07   7.9123261e-08   9.9579820e-09
   0.0000000e+00   0.0000000e+00   8.1194894e-06   1.2567210e-05   1.3881229e-05   1.2745889e-05   1.3422950e-05   1.1455770e-05   8.1749558e-06   5.3181952e-06   4.0291393e-06   3.0415576e-06   2.4142626e-06   1.9680765e-06   1.4906794e-06   8.5629847e-07   1.0289615e-06   3.3896194e-07   5.0807876e-07   1.4777179e-07   1.3143413e-07   1.2776613e-07   3.4622431e-08
   0.0000000e+00   0.0000000e+00   8.0847249e-06   1.2713180e-05   1.3694303e-05   1.2731164e-05   1.3464314e-05   1.1460288e-05   7.9210567e-06   5.6803019e-06   3.9902343e-06   2.9968662e-06   2.3981736e-06   1.8313522e-06   1.5896649e-06   1.0701297e-06   7.3608385e-07   4.7506904e-07   4.8082313e-07   2.0474700e-07   2.6307399e-07   2.3254660e-08  -1.5290217e-08
   0.0000000e+00   0.0000000e+00   8.2957931e-06   1.2502544e-05   1.3917451e-05   1.2666866e-05   1.3429193e-05   1.1630365e-05   7.8843368e-06   5.4159063e-06   3.9822557e-06   3.1570910e-06   2.4620213e-06   1.8627906e-06   1.5815444e-06   9.6483916e-07   8.2666037e-07   5.3637967e-07   5.1442316e-07   9.2174979e-08   2.4046389e-07   1.9152012e-07   5.3366623e-08
   0.0000000e+00   0.0000000e+00   8.1885564e-06   1.2640212e-05   1.3816193e-05   1.2647039e-05   1.3419951e-05   1.1642628e-05   8.0206773e-06   5.4603443e-06   4.0148029e-06   2.9888392e-06   2.3986356e-06   1.8603064e-06   1.5978374e-06   1.1444896e-06   7.2369750e-07   5.2391141e-07   4.5289201e-07   3.5905779e-07   1.9768657e-07   3.3008195e-08   5.9156978e-08
   0.0000000e+00   0.0000000e+00   8.1526587e-06   1.2585402e-05   1.3859384e-05   1.2725740e-05   1.3322747e-05   1.1385076e-05   8.0831087e-06   5.3992503e-06   4.0926011e-06   3.0731965e-06   2.4798294e-06   1.9968177e-06   1.2954623e-06   1.1344191e-06   8.9330621e-07   4.8608143e-07   4.6675660e-07   2.6298230e-07   2.2253829e-07   1.2337425e-07   2.0418143e-07
   0.0000000e+00   0.0000000e+00   8.0883965e-06   1.2670331e-05   1.3830913e-05   1.2699063e-05   1.3606953e-05   1.1508181e-05   7.9633601e-06   5.5097626e-06   3.8450767e-06   3.0360682e-06   2.3292287e-06   2.0670448e-06   1.4722540e-06   1.1822930e-06   6.8357281e-07   6.4795194e-07   3.0769468e-07   4.4247597e-07   2.2447313e-07   8.9231493e-09   1.1045143e-07
   0.0000000e+00   0.0000000e+00   8.2014185e-06   1.2543780e-05   1.3833906e-05   1.2649025e-05   1.3350964e-05   1.1660076e-05   7.8919411e-06   5.4805173e-06   4.0840659e-06   3.0778060e-06   2.3909308e-06   1.8358248e-06   1.5208867e-06   1.0939756e-06   7.4467130e-07   7.1524738e-07   3.0996861e-07   2.8451521e-07   2.7541316e-07   1.0506018e-07  -1.9473374e-09
   0.0000000e+00   0.0000000e+00   8.2305969e-06   1.2589617e-05   1.3746598e-05   1.2869269e-05   1.3271472e-05   1.1570979e-05   8.0097243e-06   5.3956251e-06   3.8998651e-06   3.0431495e-06   2.2982751e-06   2.0322436e-06   1.5305955e-06   1.0518158e-06   6.8702553e-07   6.6807058e-07   4.7021999e-07   1.5838630e-07   2.5211565e-07   6.4074122e-08   1.6783248e-07
   0.0000000e+00   0.0000000e+00   8.1719045e-06   1.2666185e-05   1.3821579e-05   1.2609070e-05   1.3566122e-05   1.1432769e-05   8.0261152e-06   5.5494875e-06   3.9605720e-06   2.9325256e-06   2.5264524e-06   1.7300410e-06   1.5002009e-06   1.1536899e-06   8.1358121e-07   5.3603731e-07   3.9770228e-07   3.8689404e-07   1.9263794e-07   4.2772605e-08   1.0762198e-10
   0.0000000e+00   0.0000000e+00   8.0713498e-06   1.2549537e-05   1.3918408e-05   1.2659780e-05   1.3382713e-05   1.1530214e-05   8.0403270e-06   5.1971720e-06   4.1086378e-06   3.0642466e-06   2.2543875e-06   1.9839083e-06   1.4465356e-06   1.0166580e-06   9.2515137e-07   5.1070367e-07   4.8241708e-07   3.2734079e-07   1.7958592e-07   2.1890925e-07  -1.3198003e-08
   0.0000000e+00   0.0000000e+00   8.2033603e-06   1.2568626e-05   1.3878727e-05   1.2583350e-05   1.3513374e-05   1.1622646e-05   7.8630919e-06   5.6238387e-06   3.8652515e-06   3.0298831e-06   2.2831778e-06   1.9525553e-06   1.5267644e-06   1.0235168e-06   8.2823675e-07   5.6161565e-07   5.9539883e-07   2.6222901e-07   2.6313029e-07   1.5797836e-07   7.3262719e-08
   0.0000000e+00   0.0000000e+00   8.2295173e-06   1.2590816e-05   1.3733245e-05   1.2786020e-05   1.3247964e-05   1.1539131e-05   7.9138945e-06   5.5182982e-06   3.9353322e-06   3.0928661e-06   2.4713381e-06   1.7773796e-06   1.4768731e-06   1.1015145e-06   8.5235803e-07   5.9540940e-07   3.9190817e-07   4.0514851e-07   2.3181016e-07   2.2317799e-07  -2.7854636e-08
   0.0000000e+00   0.0000000e+00   8.1126864e-06   1.2789446e-05   1.3691845e-05   1.2794621e-05   1.3473173e-05   1.1465550e-05   7.9756719e-06   5.4543607e-06   3.8881258e-06   2.9316025e-06   2.4340643e-06   1.9568872e-06   1.4969257e-06   1.1475597e-06   6.8670067e-07   6.3731943e-07   5.1908586e-07   3.1530851e-07   2.2266524e-07   2.0166075e-07   5.9401742e-08
   0.0000000e+00   0.0000000e+00   8.0461941e-06   1.2517428e-05   1.3917819e-05   1.2633218e-05   1.3383227e-05   1.1466292e-05   8.0012087e-06   5.3628173e-06   4.1987137e-06   2.9960563e-06   2.3333980e-06   1.9218255e-06   1.5107572e-06   1.0702968e-06   8.1431102e-07   6.7921809e-07   3.7270752e-07   3.9905333e-07   1.6021875e-07   2.0961265e-07   1.3772294e-07
   0.0000000e+00   0.0000000e+00   8.3241330e-06   1.2488927e-05   1.3909877e-05   1.2604528e-05   1.3379055e-05   1.1597720e-05   8.0194586e-06   5.1427605e-06   4.0322052e-06   2.9965397e-06   2.3814619e-06   1.9772124e-06   1.3902564e-06   1.2669154e-06   8.0748856e-07   5.2012672e-07   3.9065426e-07   4.6504155e-07   3.2889835e-07   2.0669209e-09   6.4290802e-08
   0.0000000e+00   0.0000000e+00   8.1578610e-06   1.2702436e-05   1.3751680e-05   1.2789204e-05   1.3321962e-05   1.1423854e-05   7.9380925e-06   5.5915857e-06   3.7837021e-06   3.1325303e-06   2.4160563e-06   1.8652590e-06   1.5219807e-06   1.0469353e-06   8.7553838e-07   6.9840985e-07   4.7658398e-07   3.7174010e-07   2.9504918e-08   3.6998375e-07   7.1472329e-08
   0.0000000e+00   0.0000000e+00   8.1298231e-06   1.2671516e-05   1.3802626e-05   1.2667366e-05   1.3422058e-05   1.1477307e-05   7.8467592e-06   5.5491696e-06   3.9421611e-06   2.9006264e-06   2.2833071e-06   1.9966651e-06   1.5800359e-06   1.0977431e-06   8.3814245e-07   5.0471255e-07   6.3838718e-07   3.3417336e-07   2.7225948e-07   1.4709245e-07   9.6127779e-11
   0.0000000e+00   0.0000000e+00   8.1389198e-06   1.2651005e-05   1.3802303e-05   1.2650915e-05   1.3490416e-05   1.1460897e-05   7.8918774e-06   5.1924403e-06   4.0697032e-06   3.0342401e-06   2.4939097e-06   1.8090344e-06   1.4699879e-06   1.0226910e-06   9.3132110e-07   7.1276406e-07   4.6077491e-07   3.3480288e-07   2.4596247e-07   3.1259739e-07  -3.7796774e-08
   0.0000000e+00   0.0000000e+00   8.3342602e-06   1.2417318e-05   1.3971738e-05   1.2660664e-05   1.3284663e-05   1.1463180e-05   8.1281378e-06   5.2814144e-06   4.0033074e-06   2.9162609e-06   2.2218276e-06   2.0025627e-06   1.4898141e-06   1.1650238e-06   8.2015282e-07   5.0691398e-07   5.5881810e-07   5.0009868e-07   1.9609868e-07   2.7538522e-07  -4.5750745e-08
   0.0000000e+00   0.0000000e+00   8.1444523e-06   1.2781220e-05   1.3718746e-05   1.2779302e-05   1.3336410e-05   1.1447925e-05   7.8785934e-06   5.3741314e-06   3.9225106e-06   2.9972623e-06   2.5382490e-06   1.8164189e-06   1.4347770e-06   1.0940611e-06   8.1156998e-07   6.4066631e-07   5.1796769e-07   4.2108715e-07   2.2409152e-07   2.5378202e-07   2.0223295e-07
   0.0000000e+00   0.0000000e+00   8.0433401e-06   1.2722013e-05   1.3802505e-05   1.2701996e-05   1.3416713e-05   1.1585862e-05   7.8313369e-06   5.4524517e-06   3.8452877e-06   3.0613344e-06   2.2637576e-06   1.9270610e-06   1.5316914e-06   1.1088295e-06   8.0248594e-07   6.4207109e-07   3.6465420e-07   4.8318623e-07   4.2174744e-07   6.5617883e-08   5.4146934e-08
   0.0000000e+00   0.0000000e+00   8.2895622e-06   1.2538252e-05   1.3878947e-05   1.2662209e-05   1.3356526e-05   1.1451421e-05   7.8790363e-06   5.5629139e-06   3.8704993e-06   3.0676933e-06   2.2933134e-06   1.9349195e-06   1.5757274e-06   1.0111931e-06   7.1651414e-07   8.9541919e-07   3.5449224e-07   3.6507819e-07   2.4384798e-07   2.9191602e-07   1.6027001e-07
   0.0000000e+00   0.0000000e+00   8.2384140e-06   1.2544541e-05   1.3900952e-05   1.2633849e-05   1.3522220e-05   1.1441348e-05   7.9884685e-06   5.2189566e-06   4.0661243e-06   2.9594760e-06   2.4489436e-06   1.8778951e-06   1.4402156e-06   1.2848533e-06   7.0599572e-07   6.1246584e-07   5.0706262e-07   4.3553214e-07   3.1779811e-07   5.5160442e-08   1.0553741e-07
   0.0000000e+00   0.0000000e+00   8.0766613e-06   1.2692029e-05   1.3774634e-05   1.2725007e-05   1.3359250e-05   1.1533216e-05   8.0286627e-06   5.3437780e-06   3.9993679e-06   2.9851806e-06   2.4542258e-06   1.9602346e-06   1.4540775e-06   1.1159101e-06   9.0833720e-07   5.8796945e-07   4.8574196e-07   3.9176442e-07   2.5279243e-07   1.2519679e-07   1.5233522e-07
   0.0000000e+00   0.0000000e+00   8.1961271e-06   1.2744250e-05   1.3800418e-05   1.2660978e-05   1.3326468e-05   1.1506995e-05   7.9204010e-06   5.5135461e-06   3.9384472e-06   3.0238784e-06   2.3209334e-06   1.9890997e-06   1.5782870e-06   1.1153668e-06   8.1322429e-07   6.5861832e-07   5.2795014e-07   3.2850747e-07   2.1094409e-07   2.4225116e-07  -5.3580102e-08
   0.0000000e+00   0.0000000e+00   8.2237111e-06   1.2474907e-05   1.3883145e-05   1.2844010e-05   1.3302420e-05   1.1516106e-05   7.9522788e-06   5.3505164e-06   3.9366914e-06   3.2079713e-06   2.3192176e-06   1.9514666e-06   1.6010385e-06   1.0198651e-06   9.7887551e-07   6.4107826e-07   4.4455598e-07   2.8890446e-07   3.7805643e-07   7.2563388e-08   5.4408017e-10
   0.0000000e+00   0.0000000e+00   8.2570996e-06   1.2541772e-05   1.3842438e-05   1.2577717e-05   1.3578038e-05   1.1495829e-05   7.8521698e-06   5.5585629e-06   3.8988674e-06   2.9807641e-06   2.4271635e-06   1.9244660e-06   1.6060250e-06   1.1358258e-06   8.7109561e-07   5.5028153e-07   6.5462962e-07   2.9192250e-07   1.9534146e-07   2.4089391e-07   4.7353241e-09
   0.0000000e+00   0.0000000e+00   8.0592154e-06   1.2768822e-05   1.3764681e-05   1.2698206e-05   1.3309652e-05   1.1461798e-05   8.0631244e-06   5.2318123e-06   4.1409412e-06   2.9048349e-06   2.3991836e-06   2.0154098e-06   1.4363662e-06   1.1884021e-06   8.6314134e-07   6.1488646e-07   5.1518759e-07   4.1789960e-07   1.8460689e-07   1.5876174e-07   1.9980381e-07
   0.0000000e+00   0.0000000e+00   8.1276921e-06   1.2739910e-05   1.3837691e-05   1.2646752e-05   1.3424688e-05   1.1499406e-05   7.9787969e-06   5.3742319e-06   3.9808101e-06   2.8821878e-06   2.5334448e-06   1.8236821e-06   1.5297436e-06   1.1929480e-06   8.7535136e-07   5.5592454e-07   4.8612054e-07   3.5730659e-07   3.6068516e-07   1.3571521e-07   7.9411446e-09
   0.0000000e+00   0.0000000e+00   8.3134428e-06   1.2350761e-05   1.3927220e-05   1.2773882e-05   1.3286610e-05   1.1504309e-05   7.9114607e-06   5.4412767e-06   3.8536159e-06   3.2052515e-06   2.2669785e-06   1.9166757e-06   1.6326268e-06   1.0158700e-06   7.9190511e-07   7.5306650e-07   4.0272351e-07   3.2689482e-07   3.1059074e-07   9.3199105e-08   2.5265433e-07
   0.0000000e+00   0.0000000e+00   8.1744492e-06   1.2671972e-05   1.3802134e-05   1.2656602e-05   1.3502820e-05   1.1520641e-05   7.8306302e-06   5.5383480e-06   3.8460544e-06   2.9867981e-06   2.3457749e-06   1.9544088e-06   1.5306674e-06   1.2436964e-06   6.7193832e-07   6.4882806e-07   4.8181175e-07   3.0897363e-07   2.8323353e-07   1.6131746e-07   2.9211970e-08
   0.0000000e+00   0.0000000e+00   8.1389917e-06   1.2761428e-05   1.3747852e-05   1.2655139e-05   1.3414027e-05   1.1434221e-05   8.0109839e-06   5.3599697e-06   3.9890483e-06   3.1293075e-06   2.3413968e-06   1.9876327e-06   1.3963502e-06   1.1432281e-06   9.6814608e-07   5.5911750e-07   3.8447200e-07   4.0517932e-07   2.5413439e-07   1.3548069e-07   1.5457587e-07
   0.0000000e+00   0.0000000e+00   8.1408971e-06   1.2649718e-05   1.3858818e-05   1.2765528e-05   1.3312140e-05   1.1554916e-05   7.9541433e-06   5.3430499e-06   4.0573809e-06   2.8542045e-06   2.4095389e-06   2.0840059e-06   1.5099155e-06   1.1713682e-06   7.7209057e-07   5.9378954e-07   6.2474936e-07   2.0773116e-07   3.6891723e-07   1.2143632e-07   5.5314363e-08
   0.0000000e+00   0.0000000e+00   8.2226561e-06   1.2509236e-05   1.3947450e-05   1.2727460e-05   1.3387318e-05   1.1435810e-05   8.0456084e-06   5.3388526e-06   4.0393052e-06   3.1599898e-06   2.3642053e-06   1.8930001e-06   1.5961510e-06   1.1730629e-06   8.0005032e-07   7.3570664e-07   4.8852627e-07   2.8406572e-07   2.6567855e-07   2.4145439e-07   8.6066144e-08
   0.0000000e+00   0.0000000e+00   8.2500164e-06   1.2604652e-05   1.3865766e-05   1.2632800e-05   1.3443053e-05   1.1630470e-05   7.7950535e-06   5.5671580e-06   3.8564099e-06   3.0367307e-06   2.5337852e-06   1.7640014e-06   1.7194750e-06   1.1305945e-06   9.7733880e-07   4.8934317e-07   5.1280102e-07   4.1430354e-07   3.5699259e-07   5.0468206e-08   1.0284615e-07
   0.0000000e+00   0.0000000e+00   8.1417838e-06   1.2744910e-05   1.3733370e-05   1.2730423e-05   1.3546466e-05   1.1364446e-05   7.9588226e-06   5.5267778e-06   3.9383135e-06   3.0504068e-06   2.4417320e-06   2.0974749e-06   1.4740972e-06   1.1007008e-06   9.2665914e-07   7.1735133e-07   5.2514054e-07   3.0231277e-07   2.3871826e-07   1.0041099e-07   3.3375630e-07
   0.0000000e+00   0.0000000e+00   8.1769122e-06   1.2629855e-05   1.3863932e-05   1.2768651e-05   1.3296106e-05   1.1534408e-05   8.0704822e-06   5.2916403e-06   4.1302865e-06   2.9816283e-06   2.3058396e-06   1.9970978e-06   1.6457431e-06   1.1840730e-06   8.9927312e-07   6.2072274e-07   4.7093644e-07   4.4898567e-07   3.0766907e-07   7.9539461e-08   7.4667668e-09
   0.0000000e+00   0.0000000e+00   8.2277957e-06   1.2608422e-05   1.3950445e-05   1.2644872e-05   1.3371076e-05   1.1654992e-05   7.9603524e-06   5.2673477e-06   4.0712248e-06   3.0918607e-06   2.4340166e-06   1.9877825e-06   1.4480250e-06   1.2860779e-06   8.3213729e-07   7.6382378e-07   5.5254401e-07   2.3816948e-07   3.4443255e-07   1.9856175e-07   1.2702438e-07
   0.0000000e+00   0.0000000e+00   8.0767741e-06   1.2664034e-05   1.3782387e-05   1.2681716e-05   1.3521532e-05   1.1369903e-05   8.0389154e-06   5.5090263e-06   4.0089908e-06   2.9570210e-06   2.4213173e-06   2.0601015e-06   1.4879142e-06   1.3332516e-06   7.5649922e-07   7.0812740e-07   5.9145793e-07   3.9209110e-07   3.0499501e-07   1.2993105e-07   1.8009648e-07
   0.0000000e+00   0.0000000e+00   8.2315937e-06   1.2595799e-05   1.3823839e-05   1.2650234e-05   1.3490151e-05   1.1485079e-05   7.8239327e-06   5.5570431e-06   3.9289494e-06   3.0739652e-06   2.4690364e-06   1.9264776e-06   1.5330342e-06   1.2541766e-06   9.0188411e-07   6.5240710e-07   5.0714539e-07   4.1783989e-07   3.2669641e-07   1.7022847e-07   1.1505590e-07
   0.0000000e+00   0.0000000e+00   8.2649303e-06   1.2621590e-05   1.3808871e-05   1.2815331e-05   1.3235420e-05   1.1602706e-05   8.0938271e-06   5.2697947e-06   4.0184741e-06   3.1087004e-06   2.4217791e-06   1.9544602e-06   1.6321333e-06   1.0502274e-06   9.9699128e-07   6.2138184e-07   4.7097180e-07   4.7580167e-07   1.9378231e-07   2.0425756e-07   1.5034620e-07
   0.0000000e+00   0.0000000e+00   8.0863783e-06   1.2632870e-05   1.3918600e-05   1.2515326e-05   1.3430825e-05   1.1488712e-05   8.0046084e-06   5.4114080e-06   4.0741966e-06   2.9944224e-06   2.3895986e-06   1.9851848e-06   1.6286789e-06   1.0983180e-06   9.7376903e-07   5.7221240e-07   5.4189320e-07   3.3774234e-07   3.2208243e-07   1.0499168e-07   1.5485571e-07
   0.0000000e+00   0.0000000e+00   8.1433909e-06   1.2547931e-05   1.3805489e-05   1.2728832e-05   1.3429022e-05   1.1470867e-05   7.7809182e-06   5.5251730e-06   3.9825991e-06   2.9117643e-06   2.6514965e-06   1.8680981e-06   1.5610768e-06   1.1047767e-06   9.0809414e-07   6.8753502e-07   4.6759450e-07   4.1724320e-07   2.1095313e-07   2.2589299e-07   9.0252872e-09
   0.0000000e+00   0.0000000e+00   8.1916496e-06   1.2684402e-05   1.3697491e-05   1.2736202e-05   1.3360785e-05   1.1491727e-05   8.0381151e-06   5.3631952e-06   4.0414970e-06   3.0405918e-06   2.3156103e-06   1.9987961e-06   1.5480069e-06   1.2220714e-06   7.8937126e-07   5.7377645e-07   6.2212064e-07   2.5699961e-07   3.3832649e-07   2.1796760e-07  -7.6469298e-08
   0.0000000e+00   0.0000000e+00   8.2318356e-06   1.2551482e-05   1.3924104e-05   1.2605546e-05   1.3255337e-05   1.1594323e-05   7.9469164e-06   5.3398621e-06   3.8741041e-06   3.2643991e-06   2.1899552e-06   1.9985916e-06   1.5594470e-06   1.1171109e-06   7.6815530e-07   7.4076939e-07   4.3335538e-07   3.1166078e-07   3.0729245e-07   1.5350132e-07   9.0626529e-08
   0.0000000e+00   0.0000000e+00   8.1861917e-06   1.2558798e-05   1.3779929e-05   1.2753636e-05   1.3409780e-05   1.1386709e-05   7.9740830e-06   5.4164025e-06   3.9049646e-06   3.0202996e-06   2.3691982e-06   1.9648437e-06   1.3401381e-06   1.1590536e-06   8.5858568e-07   6.4847910e-07   3.4025132e-07   4.2469833e-07   2.9769421e-07   1.6686543e-07  -5.4386291e-08
   0.0000000e+00   0.0000000e+00   8.0730333e-06   1.2672329e-05   1.3767833e-05   1.2592132e-05   1.3516603e-05   1.1436524e-05   7.9132888e-06   5.5677442e-06   3.8223143e-06   2.9135749e-06   2.3840564e-06   1.9627826e-06   1.4347009e-06   1.0792801e-06   7.4604594e-07   6.5560943e-07   4.2862564e-07   4.1490421e-07   2.0422127e-07   1.3858052e-07   2.5240678e-07
   0.0000000e+00   0.0000000e+00   8.1861135e-06   1.2605421e-05   1.3899596e-05   1.2664502e-05   1.3276272e-05   1.1621431e-05   7.8363910e-06   5.3753474e-06   4.0719601e-06   2.9107794e-06   2.4037081e-06   1.6385637e-06   1.6501663e-06   1.0713711e-06   6.5069196e-07   7.4677388e-07   3.3038529e-07   4.0300068e-07   2.5321083e-07   1.3997038e-07   1.3441041e-07
   0.0000000e+00   0.0000000e+00   8.1860126e-06   1.2654184e-05   1.3754560e-05   1.2786551e-05   1.3380200e-05   1.1472040e-05   8.0922946e-06   5.2477208e-06   4.0058167e-06   3.0909850e-06   2.2164429e-06   1.8770801e-06   1.4995821e-06   1.0047796e-06   7.5950277e-07   6.7026463e-07   3.5549255e-07   3.6640563e-07   3.2364684e-07   7.9451091e-08   5.6023499e-08
   0.0000000e+00   0.0000000e+00   8.2075430e-06   1.2549644e-05   1.3815643e-05   1.2650959e-05   1.3493397e-05   1.1453550e-05   7.9889915e-06   5.5337032e-06   3.8490343e-06   2.9636844e-06   2.3839407e-06   1.9197234e-06   1.4595734e-06   9.9560816e-07   8.7299537e-07   5.2183645e-07   4.8424238e-07   3.5493815e-07   1.5099511e-07   2.4307255e-07   1.0653628e-07
   0.0000000e+00   0.0000000e+00   8.2086117e-06   1.2666313e-05   1.3850875e-05   1.2710108e-05   1.3341898e-05   1.1619281e-05   7.9347565e-06   5.4016023e-06   4.0094797e-06   3.0280103e-06   2.3592625e-06   1.9268912e-06   1.2852148e-06   1.2695460e-06   8.7524649e-07   3.7411286e-07   6.2549248e-07   3.1256337e-07   2.0500910e-07   1.9542026e-07   2.9749319e-08
   0.0000000e+00   0.0000000e+00   8.0330437e-06   1.2637645e-05   1.3863219e-05   1.2726069e-05   1.3420150e-05   1.1499215e-05   7.9956526e-06   5.4713264e-06   3.9403590e-06   3.0440240e-06   2.3726400e-06   1.9224958e-06   1.5011490e-06   1.0550282e-06   8.5164248e-07   5.3582363e-07   6.2077902e-07   2.6326336e-07   2.4733848e-07   2.9199725e-07  -1.1973714e-07
   0.0000000e+00   0.0000000e+00   8.3283985e-06   1.2519809e-05   1.3849705e-05   1.2698477e-05   1.3401641e-05   1.1544698e-05   7.9452029e-06   5.4380762e-06   4.0349360e-06   2.9776772e-06   2.3194088e-06   1.9950025e-06   1.5687306e-06   1.0885734e-06   7.6397606e-07   6.3773621e-07   5.3865779e-07   2.4615946e-07   3.8843129e-07   2.1733253e-07   1.6801495e-08
   0.0000000e+00   0.0000000e+00   8.1587632e-06   1.2711386e-05   1.3766676e-05   1.2707958e-05   1.3545147e-05   1.1413800e-05   8.0360542e-06   5.3621502e-06   3.9709889e-06   3.0466417e-06   2.5461129e-06   1.7537586e-06   1.5882091e-06   1.1028370e-06   9.2501762e-07   5.2445267e-07   4.7059038e-07   4.0566502e-07   1.9604640e-07   2.7780149e-07   1.3284284e-07
   0.0000000e+00   0.0000000e+00   8.0475875e-06   1.2660641e-05   1.3953601e-05   1.2546764e-05   1.3387960e-05   1.1666113e-05   7.9187112e-06   5.4153329e-06   4.0867467e-06   2.8785225e-06   2.4973103e-06   2.0153707e-06   1.4782703e-06   1.1178504e-06   8.8833013e-07   5.6908533e-07   4.2382231e-07   5.0953588e-07   6.9920766e-08   1.6005629e-07   3.1515924e-07
   0.0000000e+00   0.0000000e+00   8.3242094e-06   1.2438491e-05   1.3803531e-05   1.2913997e-05   1.3224726e-05   1.1488624e-05   7.9794772e-06   5.4146731e-06   3.9593970e-06   3.1059010e-06   2.3526220e-06   1.9118111e-06   1.7151721e-06   1.0967631e-06   8.5158462e-07   6.7978584e-07   2.8518926e-07   4.5132197e-07   2.3997896e-07   5.0918430e-08   1.5109470e-07
   0.0000000e+00   0.0000000e+00   8.1458957e-06   1.2716387e-05   1.3782559e-05   1.2690241e-05   1.3492280e-05   1.1523049e-05   7.8864314e-06   5.4021343e-06   3.9573924e-06   3.1212810e-06   2.3461184e-06   2.0544121e-06   1.4504930e-06   1.2661664e-06   7.8760547e-07   7.4531374e-07   4.1306023e-07   1.9695943e-07   4.2925231e-07   2.0138302e-08  -3.4877271e-08
   0.0000000e+00   0.0000000e+00   8.1509688e-06   1.2676688e-05   1.3820058e-05   1.2578613e-05   1.3486793e-05   1.1431176e-05   8.0427053e-06   5.4703955e-06   3.8846051e-06   3.0376998e-06   2.4969124e-06   1.9860533e-06   1.5262841e-06   1.2294825e-06   6.7596358e-07   8.3857788e-07   4.6742784e-07   2.2790316e-07   2.1386784e-07   1.3577645e-07   1.3729786e-07
   0.0000000e+00   0.0000000e+00   8.0702166e-06   1.2648637e-05   1.3880419e-05   1.2595878e-05   1.3389339e-05   1.1590321e-05   7.7673003e-06   5.4534639e-06   4.0317182e-06   2.9893761e-06   2.4063670e-06   2.0436421e-06   1.4588034e-06   1.3496752e-06   8.6214754e-07   4.0812333e-07   6.6768143e-07   2.7764463e-07   1.4308512e-07   2.0218988e-07   5.0378163e-11
   0.0000000e+00   0.0000000e+00   8.2526258e-06   1.2421948e-05   1.3857366e-05   1.2881081e-05   1.3332077e-05   1.1447749e-05   8.0552281e-06   5.2932423e-06   3.9662141e-06   3.1114330e-06   2.3943110e-06   1.9653132e-06   1.5698267e-06   1.0608525e-06   9.8417559e-07   6.1192463e-07   3.6011551e-07   4.4936448e-07   2.1617264e-07  -2.1940603e-09   1.2589638e-07
   0.0000000e+00   0.0000000e+00   8.3245541e-06   1.2666532e-05   1.3811297e-05   1.2624748e-05   1.3384612e-05   1.1577410e-05   7.8603007e-06   5.5473283e-06   3.8808812e-06   3.0242311e-06   2.4339222e-06   1.9509355e-06   1.6957944e-06   1.0118467e-06   8.3550793e-07   6.5775737e-07   4.2914212e-07   2.7372371e-07   2.8452999e-07   1.6857676e-07  -1.1481424e-07
   0.0000000e+00   0.0000000e+00   7.9357742e-06   1.2749168e-05   1.3807906e-05   1.2670884e-05   1.3480942e-05   1.1393438e-05   8.0105374e-06   5.3304534e-06   3.8535863e-06   3.1982734e-06   2.4325755e-06   1.8480820e-06   1.6779532e-06   1.0453191e-06   8.5433601e-07   6.2611338e-07   4.2227370e-07   2.8309663e-07   1.6409413e-07   1.6245022e-07   1.6578753e-07
   0.0000000e+00   0.0000000e+00   8.2724328e-06   1.2573906e-05   1.3807019e-05   1.2652872e-05   1.3497962e-05   1.1551448e-05   7.9018519e-06   5.4556872e-06   4.0300424e-06   2.7883623e-06   2.5835661e-06   1.9478596e-06   1.4967778e-06   1.2288191e-06   7.3887458e-07   5.7042206e-07   4.5294595e-07   4.0021206e-07   1.5032300e-07   4.8824290e-08   1.5802335e-07
   0.0000000e+00   0.0000000e+00   8.2595188e-06   1.2548281e-05   1.3919845e-05   1.2824033e-05   1.3118683e-05   1.1622468e-05   7.8857765e-06   5.3453919e-06   4.1909184e-06   2.9879868e-06   2.2649588e-06   2.2664835e-06   1.3494333e-06   1.1729206e-06   8.2813642e-07   5.5151742e-07   5.1312401e-07   2.3120768e-07   2.9579681e-07   1.5743643e-07  -8.4947649e-09
   0.0000000e+00   0.0000000e+00   8.0786440e-06   1.2732339e-05   1.3864014e-05   1.2644212e-05   1.3580864e-05   1.1419318e-05   7.9980700e-06   5.3463373e-06   3.8639296e-06   3.1848499e-06   2.4225224e-06   1.8758486e-06   1.6298690e-06   1.1579554e-06   7.6932531e-07   6.7723181e-07   3.4675131e-07   3.9158542e-07   2.5543068e-07   1.3757349e-07   8.0941291e-08
   0.0000000e+00   0.0000000e+00   8.2488077e-06   1.2535538e-05   1.3858571e-05   1.2626180e-05   1.3467448e-05   1.1463266e-05   8.0382933e-06   5.4215848e-06   3.8979802e-06   3.1656577e-06   2.3886203e-06   1.9741915e-06   1.4439094e-06   1.2580811e-06   7.1014591e-07   6.2571593e-07   4.7635839e-07   3.5311680e-07   2.2532431e-07   1.1139080e-07   1.6831277e-07
   0.0000000e+00   0.0000000e+00   8.1743274e-06   1.2674985e-05   1.3911583e-05   1.2728554e-05   1.3375045e-05   1.1424330e-05   7.9052825e-06   5.5730570e-06   3.8718113e-06   2.9092914e-06   2.5737127e-06   1.9573849e-06   1.5827763e-06   1.0096016e-06   8.8325891e-07   5.6872494e-07   4.2132339e-07   3.9587707e-07   1.2409984e-07   2.1544020e-07   1.9547639e-09
   0.0000000e+00   0.0000000e+00   8.2046408e-06   1.2678783e-05   1.3757919e-05   1.2823731e-05   1.3400140e-05   1.1653417e-05   7.7964078e-06   5.3143413e-06   4.2358802e-06   2.8809543e-06   2.4001079e-06   1.9331451e-06   1.5404967e-06   1.1400582e-06   7.6619244e-07   6.5072624e-07   3.8582471e-07   3.3612235e-07   2.6559519e-07   5.0198278e-08   9.7669535e-08
   0.0000000e+00   0.0000000e+00   8.1373046e-06   1.2542822e-05   1.3850776e-05   1.2707857e-05   1.3295335e-05   1.1627634e-05   8.0122945e-06   5.2264654e-06   4.0656128e-06   3.0920335e-06   2.2792158e-06   1.9134347e-06   1.5733452e-06   1.0761181e-06   7.9235139e-07   6.1983184e-07   4.8643477e-07   2.2043521e-07   2.5848487e-07   1.2803173e-07   3.7416552e-08
   0.0000000e+00   0.0000000e+00   8.0845648e-06   1.2735652e-05   1.3864994e-05   1.2621484e-05   1.3561696e-05   1.1292138e-05   8.0159716e-06   5.6476761e-06   3.6028307e-06   3.1034613e-06   2.4705041e-06   1.9427528e-06   1.4126545e-06   1.1823242e-06   7.7049361e-07   5.8534425e-07   5.1711515e-07   2.9221673e-07   2.0643097e-07   1.3084367e-07   5.9825652e-08
   0.0000000e+00   0.0000000e+00   8.4195271e-06   1.2398977e-05   1.3884111e-05   1.2756940e-05   1.3334720e-05   1.1599437e-05   7.9874908e-06   5.3053909e-06   4.1454728e-06   2.9143785e-06   2.3706179e-06   1.9124711e-06   1.4307697e-06   1.1761995e-06   8.6581798e-07   5.4473816e-07   4.1584440e-07   3.7896433e-07   3.5840310e-07   4.3565027e-09   7.9790127e-08
   0.0000000e+00   0.0000000e+00   8.0391401e-06   1.2770707e-05   1.3711319e-05   1.2636463e-05   1.3477606e-05   1.1640835e-05   7.8223393e-06   5.4541770e-06   3.9339984e-06   3.1175862e-06   2.2354725e-06   2.0008185e-06   1.5586780e-06   1.0127619e-06   8.3419650e-07   6.3789815e-07   4.7407602e-07   3.4941650e-07   1.6373080e-07   2.1328947e-07   1.6019951e-07
   0.0000000e+00   0.0000000e+00   8.0318541e-06   1.2604601e-05   1.3840006e-05   1.2747550e-05   1.3351534e-05   1.1404449e-05   8.1556655e-06   5.3857771e-06   4.0350574e-06   2.9768655e-06   2.4428155e-06   1.7946828e-06   1.6077386e-06   1.1074196e-06   7.8255204e-07   6.2594313e-07   5.0100562e-07   2.4370300e-07   2.9090987e-07   1.5251736e-07   7.7306105e-08
   0.0000000e+00   0.0000000e+00   8.2029992e-06   1.2541524e-05   1.3800805e-05   1.2688449e-05   1.3523695e-05   1.1403762e-05   8.0294367e-06   5.5343412e-06   3.8729318e-06   3.0104222e-06   2.5231586e-06   1.8545570e-06   1.4926416e-06   1.1571545e-06   7.3701324e-07   6.6610875e-07   4.4063580e-07   3.6253604e-07   3.1736695e-07   1.8386043e-08   1.1805115e-07
   0.0000000e+00   0.0000000e+00   8.2446904e-06   1.2580190e-05   1.3774053e-05   1.2488480e-05   1.3531242e-05   1.1647532e-05   7.9416977e-06   5.4197340e-06   4.0299042e-06   3.1176419e-06   2.3315142e-06   1.9634235e-06   1.4763195e-06   1.0558595e-06   8.8411190e-07   5.8992538e-07   5.3546546e-07   2.7522341e-07   2.1797247e-07   1.9588650e-07   1.7074014e-07
   0.0000000e+00   0.0000000e+00   8.0892223e-06   1.2555501e-05   1.3884997e-05   1.2840237e-05   1.2971542e-05   1.1752949e-05   8.0089258e-06   5.3506742e-06   4.2802035e-06   2.9888361e-06   2.2654260e-06   2.0483408e-06   1.4750325e-06   1.1559697e-06   7.7629244e-07   5.2794013e-07   4.5249601e-07   4.3887073e-07   2.9503832e-07   1.0547890e-07   2.5614309e-08
   0.0000000e+00   0.0000000e+00   8.1343660e-06   1.2552941e-05   1.3743206e-05   1.2722414e-05   1.3646410e-05   1.1295909e-05   8.0198006e-06   5.5831106e-06   3.8391090e-06   3.1471150e-06   2.5615996e-06   1.9415672e-06   1.3668422e-06   1.0963655e-06   8.1264187e-07   6.4716403e-07   4.8772239e-07   2.3357082e-07   3.5197681e-07   8.9386781e-08   1.9132084e-07
   0.0000000e+00   0.0000000e+00   8.0684140e-06   1.2666123e-05   1.3573077e-05   1.2662324e-05   1.3399615e-05   1.1596268e-05   8.0617456e-06   5.4806924e-06   3.9947022e-06   3.1517068e-06   2.3195896e-06   1.9245279e-06   1.6085462e-06   1.1498782e-06   6.9171256e-07   5.4740633e-07   5.0246331e-07   3.7735180e-07   1.8580585e-07   2.1736871e-07   2.1310774e-08
   0.0000000e+00   0.0000000e+00   8.3319719e-06   1.2479376e-05   1.4063246e-05   1.2390452e-05   1.3488297e-05   1.1463788e-05   8.0114596e-06   5.4213606e-06   4.1991088e-06   2.9350574e-06   2.5641320e-06   1.8653524e-06   1.5409250e-06   1.0474953e-06   8.0911275e-07   6.6989378e-07   4.0728187e-07   2.6446841e-07   2.9427986e-07   1.7519174e-07   9.7931910e-08
   0.0000000e+00   0.0000000e+00   7.9237734e-06   1.2556256e-05   1.3808921e-05   1.2863631e-05   1.3243711e-05   1.1636092e-05   8.0205400e-06   5.4618845e-06   3.8958983e-06   3.1840466e-06   2.3225518e-06   2.0282018e-06   1.5104725e-06   9.9113390e-07   9.0731567e-07   5.9993744e-07   3.4719832e-07   5.2663648e-07   1.9134407e-07   3.8478490e-08   2.0405326e-07
   0.0000000e+00   0.0000000e+00   8.2948018e-06   1.2522867e-05   1.3573212e-05   1.2734385e-05   1.3419058e-05   1.1518664e-05   7.9982701e-06   5.5120499e-06   4.1206404e-06   3.0052497e-06   2.3829709e-06   1.9201007e-06   1.4088916e-06   1.2587536e-06   7.5432132e-07   5.2260168e-07   6.1855451e-07   2.2865727e-07   3.2190434e-07   2.0240716e-07   1.0859694e-08
   0.0000000e+00   0.0000000e+00   8.1076068e-06   1.2695183e-05   1.3761089e-05   1.2547065e-05   1.3537189e-05   1.1535163e-05   7.8960766e-06   5.6129725e-06   3.8702005e-06   3.2128773e-06   2.3155110e-06   1.8883856e-06   1.5499029e-06   1.0510156e-06   7.1732501e-07   7.8731182e-07   3.8330074e-07   4.0803528e-07   1.7709863e-07   2.2964143e-07   1.1907362e-07
   0.0000000e+00   0.0000000e+00   8.0899999e-06   1.2428208e-05   1.4048324e-05   1.2579411e-05   1.3302617e-05   1.1626536e-05   8.1048784e-06   5.4046686e-06   4.0873965e-06   3.0125930e-06   2.3703958e-06   1.9637512e-06   1.3339996e-06   1.1593565e-06   7.7284921e-07   5.9167866e-07   5.2543015e-07   2.1690947e-07   4.6680722e-07   2.6819855e-08  -1.8860689e-08
   0.0000000e+00   0.0000000e+00   8.1106018e-06   1.2636212e-05   1.3532557e-05   1.2868395e-05   1.3282214e-05   1.1616050e-05   7.9338479e-06   5.5038545e-06   4.0369373e-06   3.0171284e-06   2.4215958e-06   1.8736582e-06   1.4424314e-06   1.0267179e-06   8.7201744e-07   5.6571685e-07   3.9593996e-07   3.7244530e-07   2.0054658e-07   1.7693804e-07   8.0941895e-08
   0.0000000e+00   0.0000000e+00   8.2305423e-06   1.2532968e-05   1.3812737e-05   1.2559777e-05   1.3675281e-05   1.1310160e-05   8.1732478e-06   5.4321481e-06   4.0417676e-06   3.0313415e-06   2.3308669e-06   1.7990249e-06   1.5746931e-06   1.0066353e-06   8.3261568e-07   4.9021082e-07   4.5833002e-07   4.1760180e-07   6.7475433e-08   1.6604008e-07   1.5323457e-07
   0.0000000e+00   0.0000000e+00   8.0650716e-06   1.2611589e-05   1.3729005e-05   1.2695894e-05   1.3245374e-05   1.1748281e-05   7.8295207e-06   5.5667324e-06   3.9914084e-06   3.0252827e-06   2.4188926e-06   1.8925465e-06   1.3528628e-06   1.0491392e-06   8.0336707e-07   5.8050108e-07   4.8356156e-07   1.5513420e-07   3.2368095e-07   1.5901007e-07  -7.1740395e-08
   0.0000000e+00   0.0000000e+00   8.2265415e-06   1.2318880e-05   1.4052241e-05   1.2489344e-05   1.3475382e-05   1.1434452e-05   8.1362559e-06   5.3953986e-06   3.9172501e-06   3.0669999e-06   2.3081643e-06   1.7403801e-06   1.7498726e-06   8.6009180e-07   8.1700836e-07   5.3857229e-07   3.9403972e-07   3.4492481e-07   1.9779689e-07   9.6532943e-08   8.6950102e-08
   0.0000000e+00   0.0000000e+00   8.0331474e-06   1.2832831e-05   1.3522076e-05   1.2903443e-05   1.3228438e-05   1.1678877e-05   7.9140327e-06   5.4372563e-06   4.1271242e-06   2.9016664e-06   2.4338967e-06   1.9809445e-06   1.1617778e-06   1.2886934e-06   6.3087452e-07   5.5450977e-07   5.5668028e-07   1.2926529e-07   1.4324355e-07   3.2394763e-07  -1.4132223e-07
   0.0000000e+00   0.0000000e+00   8.2204442e-06   1.2515129e-05   1.3717202e-05   1.2655762e-05   1.3539818e-05   1.1376635e-05   8.0962245e-06   5.4205448e-06   3.8968533e-06   3.1338502e-06   2.2642789e-06   1.8567517e-06   1.5068667e-06   1.0959827e-06   8.4233119e-07   4.1716137e-07   3.1902178e-07   4.5337327e-07   1.3854984e-07  -6.3046386e-08   2.1880300e-07
   0.0000000e+00   0.0000000e+00   8.0228683e-06   1.2551969e-05   1.3952926e-05   1.2504163e-05   1.3413624e-05   1.1578913e-05   7.8242674e-06   5.5646747e-06   3.9313713e-06   2.9734870e-06   2.4777287e-06   1.9812526e-06   1.3620646e-06   1.0381102e-06   7.4937560e-07   7.3169525e-07   3.5343248e-07   1.2956397e-07   2.0196357e-07   1.9559280e-07  -1.2085124e-07
   0.0000000e+00   0.0000000e+00   8.3414325e-06   1.2450356e-05   1.3884483e-05   1.2753187e-05   1.3342981e-05   1.1538352e-05   8.1155003e-06   5.3413137e-06   4.0710283e-06   2.9306095e-06   2.2965946e-06   1.8702989e-06   1.6211071e-06   1.1397797e-06   7.1538523e-07   5.6524499e-07   2.8700546e-07   4.7600247e-07   8.8512195e-08   2.7190447e-08   6.8522432e-08
   0.0000000e+00   0.0000000e+00   8.0663276e-06   1.2751646e-05   1.3647858e-05   1.2719744e-05   1.3430635e-05   1.1621239e-05   7.7559371e-06   5.5417740e-06   3.8795220e-06   3.1028208e-06   2.5210304e-06   1.8254821e-06   1.4529998e-06   1.1288190e-06   7.0589147e-07   7.8729977e-07   3.4604813e-07   2.3906392e-07   7.7636180e-08   1.5178739e-07   1.5989467e-07
   0.0000000e+00   0.0000000e+00   8.1259523e-06   1.2596691e-05   1.3863403e-05   1.2667566e-05   1.3447178e-05   1.1420430e-05   8.2281385e-06   5.2232035e-06   4.1987482e-06   2.8285840e-06   2.3413509e-06   1.9596157e-06   1.5418825e-06   1.1427823e-06   9.0282111e-07   3.5526199e-07   5.0166688e-07   4.2468670e-07   4.8017480e-08   1.1021363e-07  -7.0509472e-08
   0.0000000e+00   0.0000000e+00   8.1359476e-06   1.2625896e-05   1.3832074e-05   1.2794048e-05   1.3356954e-05   1.1596363e-05   7.8939320e-06   5.5254086e-06   3.8235298e-06   3.2434345e-06   2.3545315e-06   1.9651934e-06   1.4244948e-06   1.1411865e-06   8.0171361e-07   7.5286823e-07   2.8650837e-07   3.4405417e-07   1.5172924e-07   1.2132520e-07   2.7014641e-08
   0.0000000e+00   0.0000000e+00   8.3139275e-06   1.2457141e-05   1.3964548e-05   1.2641836e-05   1.3504638e-05   1.1566334e-05   7.9963174e-06   5.4542170e-06   4.0095970e-06   2.9158966e-06   2.3740747e-06   1.9567240e-06   1.5836797e-06   1.0984376e-06   8.6734008e-07   5.0841567e-07   5.5215105e-07   2.5302367e-07   1.6409736e-07   2.1402151e-07  -1.4122635e-07
   0.0000000e+00   0.0000000e+00   8.1310945e-06   1.2834355e-05   1.3569240e-05   1.2916975e-05   1.3388968e-05   1.1453110e-05   7.9670417e-06   5.5718538e-06   3.9454349e-06   3.1058119e-06   2.3946789e-06   1.9352849e-06   1.3942088e-06   1.2164528e-06   8.0354238e-07   6.1319344e-07   4.3808461e-07   3.0827900e-07   1.4666497e-07   1.8657063e-07   4.6284725e-08
   0.0000000e+00   0.0000000e+00   8.0960563e-06   1.2525265e-05   1.4146468e-05   1.2521527e-05   1.3543878e-05   1.1706791e-05   7.9256888e-06   5.2704859e-06   4.1322783e-06   2.8779232e-06   2.4025874e-06   1.9765230e-06   1.5127578e-06   1.0513710e-06   8.4835403e-07   5.9051189e-07   3.6901261e-07   3.1788753e-07   1.9705907e-07   1.5406202e-07  -4.1689663e-08
   0.0000000e+00   0.0000000e+00   8.1776307e-06   1.2567245e-05   1.3775953e-05   1.2792445e-05   1.3434703e-05   1.1548946e-05   8.0904774e-06   5.4031116e-06   3.9863157e-06   3.1702209e-06   2.2589745e-06   1.9634633e-06   1.4437571e-06   1.1724653e-06   7.4164035e-07   5.8360303e-07   4.2273172e-07   3.2194777e-07   1.1034341e-07   1.9295565e-07   1.3871277e-08
   0.0000000e+00   0.0000000e+00   8.3456025e-06   1.2637540e-05   1.3879599e-05   1.2717964e-05   1.3464804e-05   1.1449988e-05   8.0574837e-06   5.4787215e-06   3.9844513e-06   2.9629923e-06   2.4886031e-06   1.7064472e-06   1.6614973e-06   1.0280818e-06   8.5174662e-07   4.9087674e-07   4.3618937e-07   3.4141237e-07   1.4702290e-07   1.1513442e-07   3.9526530e-08
   0.0000000e+00   0.0000000e+00   8.0009586e-06   1.2670529e-05   1.3749082e-05   1.2947246e-05   1.3347452e-05   1.1666848e-05   7.8808025e-06   5.6789600e-06   3.6518629e-06   3.2122095e-06   2.3949517e-06   1.9919203e-06   1.3749170e-06   1.0957468e-06   7.5061274e-07   7.1790055e-07   3.7011077e-07   2.5044554e-07   1.5568197e-07   1.5038623e-07   5.9609434e-08
   0.0000000e+00   0.0000000e+00   8.2199540e-06   1.2660888e-05   1.3850820e-05   1.2554977e-05   1.3613785e-05   1.1503768e-05   8.0356294e-06   5.3561585e-06   4.2472584e-06   2.9038133e-06   2.3363173e-06   1.8412337e-06   1.5996268e-06   1.0741118e-06   8.8034204e-07   4.2758478e-07   5.1282979e-07   2.9286770e-07   2.1311737e-07   1.5372808e-07  -1.4525877e-07
   0.0000000e+00   0.0000000e+00   8.1376538e-06   1.2533656e-05   1.3952106e-05   1.2816687e-05   1.3283336e-05   1.1741476e-05   7.9497331e-06   5.3654899e-06   4.0544796e-06   3.0822787e-06   2.3838963e-06   1.9526994e-06   1.4732291e-06   1.0576167e-06   7.9539342e-07   6.5730069e-07   4.3373245e-07   2.5562568e-07   2.2895225e-07   1.4640547e-07   5.1029168e-08
   0.0000000e+00   0.0000000e+00   8.2715760e-06   1.2631441e-05   1.3905129e-05   1.2572443e-05   1.3694481e-05   1.1338956e-05   8.1682556e-06   5.4598754e-06   3.9941897e-06   2.9485391e-06   2.4473368e-06   1.9823383e-06   1.4635493e-06   1.1431415e-06   8.5034895e-07   4.6491112e-07   5.5563248e-07   2.5599394e-07   2.6249566e-07   1.9798438e-07  -4.4539206e-08
   0.0000000e+00   0.0000000e+00   8.0208210e-06   1.2671142e-05   1.3722640e-05   1.2979685e-05   1.3192081e-05   1.1694930e-05   7.9035171e-06   5.4922439e-06   3.9231618e-06   3.1705360e-06   2.3415066e-06   1.9351430e-06   1.5788399e-06   1.0383509e-06   8.8265585e-07   6.0055282e-07   3.9425819e-07   3.2346523e-07   2.4566737e-07   2.2462261e-07   4.5466869e-08
   0.0000000e+00   0.0000000e+00   8.2978859e-06   1.2582504e-05   1.3880029e-05   1.2646507e-05   1.3531393e-05   1.1606603e-05   7.9430956e-06   5.4961683e-06   3.9415017e-06   2.9892242e-06   2.4605101e-06   1.9224749e-06   1.5863907e-06   1.0705218e-06   7.5665912e-07   6.3589857e-07   5.1578223e-07   2.7578136e-07   2.2496121e-07   2.1342058e-07   1.4599841e-07
   0.0000000e+00   0.0000000e+00   8.1183343e-06   1.2666851e-05   1.3750899e-05   1.2823203e-05   1.3425433e-05   1.1375982e-05   8.0849359e-06   5.4072848e-06   3.9493980e-06   3.1845648e-06   2.2156034e-06   1.9881963e-06   1.4711432e-06   1.2271604e-06   8.4492905e-07   4.5055728e-07   4.3584623e-07   4.5228583e-07   3.0222685e-07   8.6371045e-08   1.7611164e-07
   0.0000000e+00   0.0000000e+00   8.1479329e-06   1.2579787e-05   1.3994973e-05   1.2492504e-05   1.3602758e-05   1.1574170e-05   7.9418387e-06   5.2122423e-06   4.1482608e-06   2.7276169e-06   2.6611633e-06   1.8190954e-06   1.4819637e-06   1.1503587e-06   7.7375478e-07   6.2227429e-07   4.5343270e-07   3.3795183e-07   2.4116201e-07   1.8967194e-07   1.9227237e-07
   0.0000000e+00   0.0000000e+00   8.1045373e-06   1.2718864e-05   1.3750972e-05   1.2832597e-05   1.3281897e-05   1.1591564e-05   7.9570518e-06   5.5477008e-06   3.8510229e-06   3.0268823e-06   2.2602137e-06   2.0079467e-06   1.4580401e-06   1.0743896e-06   8.2462537e-07   6.1998554e-07   3.9354939e-07   3.2843062e-07   2.7263593e-07   1.3951822e-07   9.6194405e-08
   0.0000000e+00   0.0000000e+00   8.2907436e-06   1.2416862e-05   1.4018855e-05   1.2689175e-05   1.3438269e-05   1.1508911e-05   7.9123547e-06   5.3548997e-06   3.9444831e-06   2.9649284e-06   2.3279881e-06   1.8961443e-06   1.4817044e-06   1.0965460e-06   7.7920458e-07   6.1412283e-07   4.6223144e-07   1.7878001e-07   3.3569538e-07   1.1442452e-07   2.9766538e-08
   0.0000000e+00   0.0000000e+00   8.1470498e-06   1.2690802e-05   1.3696676e-05   1.2781637e-05   1.3449686e-05   1.1591944e-05   7.8965513e-06   5.4304032e-06   3.8282924e-06   3.0378883e-06   2.3217356e-06   1.7572816e-06   1.5627202e-06   1.0283823e-06   8.2873595e-07   5.0362570e-07   4.9329424e-07   3.3302078e-07   1.4749025e-07   1.4468971e-07   8.0414964e-08
   0.0000000e+00   0.0000000e+00   8.2180304e-06   1.2620245e-05   1.3868200e-05   1.2675694e-05   1.3528257e-05   1.1383683e-05   8.1675544e-06   5.2455716e-06   3.9946158e-06   2.9405178e-06   2.2314207e-06   1.9769896e-06   1.3316809e-06   1.1507067e-06   8.2739655e-07   3.9772411e-07   5.5988897e-07   2.9772809e-07   1.9098219e-07   1.1134401e-07   1.3431969e-07
   0.0000000e+00   0.0000000e+00   8.0075342e-06   1.2763109e-05   1.3829593e-05   1.2744217e-05   1.3394150e-05   1.1611018e-05   7.8401035e-06   5.4411485e-06   3.9657189e-06   2.8725860e-06   2.4526994e-06   1.8065691e-06   1.4031805e-06   9.8097280e-07   8.5468406e-07   6.0094021e-07   3.9492312e-07   2.6788786e-07   2.9212836e-07   1.3085638e-07   6.0821250e-08
   0.0000000e+00   0.0000000e+00   8.2912529e-06   1.2433080e-05   1.3972523e-05   1.2667527e-05   1.3411902e-05   1.1575252e-05   8.0781465e-06   5.3892827e-06   3.9151323e-06   2.9775629e-06   2.2736840e-06   1.8247700e-06   1.6037329e-06   9.5911116e-07   6.9904024e-07   5.7252015e-07   4.3558714e-07   2.5396295e-07   3.3583967e-07   1.0589618e-07   7.6900520e-08
   0.0000000e+00   0.0000000e+00   8.1667722e-06   1.2638050e-05   1.3792048e-05   1.2761765e-05   1.3458177e-05   1.1652457e-05   7.7251425e-06   5.5952182e-06   3.8887592e-06   3.0339979e-06   2.3445491e-06   1.8848883e-06   1.3541633e-06   1.1443292e-06   5.9974769e-07   6.6767183e-07   3.9194236e-07   2.2955280e-07   2.6731854e-07   1.8417748e-07   5.6684911e-08
   0.0000000e+00   0.0000000e+00   8.2120923e-06   1.2627116e-05   1.3853559e-05   1.2705671e-05   1.3544964e-05   1.1434968e-05   8.1099333e-06   5.4288935e-06   3.9743445e-06   2.9538940e-06   2.3419148e-06   1.8498955e-06   1.4623525e-06   1.0011865e-06   8.2032216e-07   4.8292736e-07   2.2770512e-07   4.6406930e-07   2.9643996e-07  -8.4846604e-08   2.6769231e-07
   0.0000000e+00   0.0000000e+00   8.0521995e-06   1.2688209e-05   1.3846147e-05   1.2713258e-05   1.3332427e-05   1.1693834e-05   8.0018935e-06   5.3438234e-06   4.0309146e-06   3.0656704e-06   2.2904026e-06   2.0249840e-06   1.2937790e-06   1.0656089e-06   6.9404598e-07   5.7243568e-07   4.1087151e-07   2.0370908e-07   1.6101976e-07   1.5948436e-07   1.5525268e-07
   0.0000000e+00   0.0000000e+00   8.2282349e-06   1.2560705e-05   1.3836374e-05   1.2742530e-05   1.3472469e-05   1.1472800e-05   8.1112275e-06   5.4576999e-06   3.9536376e-06   3.0245192e-06   2.3295036e-06   1.8067815e-06   1.5400128e-06   1.1091208e-06   5.6366054e-07   5.7874058e-07   3.5040287e-07   2.9501393e-07   1.9678734e-07   1.2076494e-08   1.2887237e-07
   0.0000000e+00   0.0000000e+00   8.1561411e-06   1.2658817e-05   1.3794833e-05   1.2770472e-05   1.3437185e-05   1.1584850e-05   7.9017154e-06   5.5786782e-06   3.9786105e-06   3.0595331e-06   2.4324881e-06   1.8497085e-06   1.3937096e-06   1.0663701e-06   7.2686009e-07   4.7609967e-07   3.9469484e-07   1.2224265e-07   2.6063952e-07   2.5117657e-08   6.4745983e-08
   0.0000000e+00   0.0000000e+00   8.2245315e-06   1.2475116e-05   1.3905136e-05   1.2625208e-05   1.3488362e-05   1.1544651e-05   7.9732454e-06   5.5572805e-06   3.9403003e-06   2.9803487e-06   2.4503001e-06   1.8647223e-06   1.5142253e-06   9.4375883e-07   7.8786991e-07   4.8882134e-07   3.7807649e-07   1.6538857e-07   2.0068568e-07  -1.4959774e-08   3.7881353e-08
