   0.0000000e+00   0.0000000e+00   1.1112075e-05   1.6262444e-05   1.6817699e-05   1.4890499e-05   1.5339778e-05   1.3229883e-05   9.0526291e-06   6.0393095e-06   4.6159357e-06   3.4349196e-06   2.5225154e-06   2.1991573e-06   1.5257417e-06   1.2901151e-06   8.3440091e-07   4.1091337e-07   4.5274510e-07   2.2198546e-07   1.3499280e-07   7.3279871e-08   5.2221036e-09
   0.0000000e+00   0.0000000e+00   1.1027936e-05   1.6114449e-05   1.6898077e-05   1.4976288e-05   1.5411024e-05   1.3021175e-05   9.2342234e-06   5.9709528e-06   4.5120332e-06   3.3848928e-06   2.6809610e-06   2.1875046e-06   1.6518695e-06   9.4568395e-07   1.1479507e-06   3.6729080e-07   5.6537556e-07   1.4948814e-07   1.3822520e-07   1.3504500e-07   3.4531290e-08
   0.0000000e+00   0.0000000e+00   1.0996469e-05   1.6279735e-05   1.6684522e-05   1.4960727e-05   1.5457885e-05   1.3026374e-05   8.9399518e-06   6.3860143e-06   4.4596036e-06   3.3432275e-06   2.6630887e-06   2.0280986e-06   1.7672296e-06   1.1834038e-06   8.1215512e-07   5.1762771e-07   5.3577514e-07   2.2318660e-07   2.9247082e-07   1.3168314e-08  -1.8035553e-08
   0.0000000e+00   0.0000000e+00   1.1230354e-05   1.6043439e-05   1.6941396e-05   1.4888803e-05   1.5418691e-05   1.3220147e-05   8.8999022e-06   6.0748994e-06   4.4575618e-06   3.5209246e-06   2.7413607e-06   2.0651103e-06   1.7599081e-06   1.0644052e-06   9.1323767e-07   5.9059175e-07   5.7598140e-07   9.5969803e-08   2.6239698e-07   2.1204599e-07   4.9047635e-08
   0.0000000e+00   0.0000000e+00   1.1112921e-05   1.6197608e-05   1.6826134e-05   1.4869671e-05   1.5410704e-05   1.3237001e-05   9.0535386e-06   6.1285077e-06   4.4877115e-06   3.3341441e-06   2.6691851e-06   2.0641671e-06   1.7757991e-06   1.2726171e-06   7.9574755e-07   5.7581735e-07   5.0386558e-07   4.0106556e-07   2.2769343e-07   2.1440513e-08   6.6957767e-08
   0.0000000e+00   0.0000000e+00   1.1071145e-05   1.6137277e-05   1.6875445e-05   1.4960603e-05   1.5302448e-05   1.2946910e-05   9.1244110e-06   6.0556126e-06   4.5778488e-06   3.4298600e-06   2.7610415e-06   2.2203276e-06   1.4338049e-06   1.2621055e-06   9.8960038e-07   5.3259583e-07   5.1748844e-07   2.9741454e-07   2.5228243e-07   1.3655813e-07   2.2567536e-07
   0.0000000e+00   0.0000000e+00   1.0993390e-05   1.6235248e-05   1.6844968e-05   1.4929426e-05   1.5631000e-05   1.3085978e-05   8.9923742e-06   6.1800665e-06   4.2932502e-06   3.3802210e-06   2.5944544e-06   2.2998292e-06   1.6385278e-06   1.3166903e-06   7.4885224e-07   7.1693478e-07   3.4124926e-07   5.0076193e-07   2.5142461e-07   1.1214532e-08   1.2560625e-07
   0.0000000e+00   0.0000000e+00   1.1127947e-05   1.6087246e-05   1.6845621e-05   1.4876473e-05   1.5336578e-05   1.3265111e-05   8.9067107e-06   6.1510273e-06   4.5573761e-06   3.4335019e-06   2.6520468e-06   2.0422906e-06   1.6915063e-06   1.2173715e-06   8.2284441e-07   7.9115983e-07   3.4319572e-07   3.1432748e-07   3.1628429e-07   1.0277333e-07  -6.7032553e-09
   0.0000000e+00   0.0000000e+00   1.1156518e-05   1.6141361e-05   1.6747430e-05   1.5122836e-05   1.5248885e-05   1.3161848e-05   9.0436206e-06   6.0499456e-06   4.3590717e-06   3.3732133e-06   2.5507547e-06   2.2553108e-06   1.7069503e-06   1.1661178e-06   7.5563526e-07   7.4120828e-07   5.1619952e-07   1.7581806e-07   2.6981897e-07   6.2608308e-08   1.7748053e-07
   0.0000000e+00   0.0000000e+00   1.1089375e-05   1.6229018e-05   1.6830398e-05   1.4828957e-05   1.5582431e-05   1.3004127e-05   9.0660178e-06   6.2282347e-06   4.4183353e-06   3.2611808e-06   2.7952792e-06   1.9114043e-06   1.6640333e-06   1.2841438e-06   9.0393934e-07   5.8686692e-07   4.4403680e-07   4.2578452e-07   2.0963002e-07   2.5178215e-08  -9.4427062e-09
   0.0000000e+00   0.0000000e+00   1.0977497e-05   1.6089487e-05   1.6945745e-05   1.4880451e-05   1.5372862e-05   1.3117613e-05   9.0766616e-06   5.8313776e-06   4.5934635e-06   3.3994852e-06   2.4924773e-06   2.1934247e-06   1.5986952e-06   1.1253018e-06   1.0317181e-06   5.7032861e-07   5.4614941e-07   3.6467932e-07   1.9747462e-07   2.3841675e-07  -2.0958044e-08
   0.0000000e+00   0.0000000e+00   1.1122542e-05   1.6120171e-05   1.6892876e-05   1.4798243e-05   1.5518995e-05   1.3216492e-05   8.8813304e-06   6.3140760e-06   4.3188243e-06   3.3686606e-06   2.5246832e-06   2.1581759e-06   1.6900495e-06   1.1219938e-06   9.2150003e-07   6.3262888e-07   6.7427061e-07   3.0060284e-07   2.9483277e-07   1.8730455e-07   7.7622794e-08
   0.0000000e+00   0.0000000e+00   1.1160173e-05   1.6138310e-05   1.6733933e-05   1.5025355e-05   1.5213639e-05   1.3122194e-05   8.9340647e-06   6.1982387e-06   4.3975301e-06   3.4475092e-06   2.7430781e-06   1.9690256e-06   1.6273133e-06   1.2169335e-06   9.4265823e-07   6.6049120e-07   4.4262336e-07   4.5899444e-07   2.6071612e-07   2.5465224e-07  -3.0840454e-08
   0.0000000e+00   0.0000000e+00   1.1020889e-05   1.6371619e-05   1.6684186e-05   1.5036287e-05   1.5469932e-05   1.3033862e-05   9.0008798e-06   6.1229989e-06   4.3462646e-06   3.2608211e-06   2.7099643e-06   2.1701126e-06   1.6618568e-06   1.2675546e-06   7.5395513e-07   7.1043860e-07   5.7613511e-07   3.5887891e-07   2.4743073e-07   2.3230815e-07   6.7957167e-08
   0.0000000e+00   0.0000000e+00   1.0949343e-05   1.6060963e-05   1.6942713e-05   1.4852700e-05   1.5367414e-05   1.3029370e-05   9.0332569e-06   6.0135899e-06   4.7011399e-06   3.3364522e-06   2.5851443e-06   2.1380301e-06   1.6758562e-06   1.1901091e-06   8.9286465e-07   7.5512656e-07   4.0705123e-07   4.4472213e-07   1.8156847e-07   2.3885153e-07   1.5952669e-07
   0.0000000e+00   0.0000000e+00   1.1268147e-05   1.6028918e-05   1.6936063e-05   1.4817040e-05   1.5362448e-05   1.3184050e-05   9.0413541e-06   5.7715192e-06   4.5065899e-06   3.3349518e-06   2.6427865e-06   2.1946694e-06   1.5471724e-06   1.4110154e-06   8.9368359e-07   5.7320449e-07   4.2984524e-07   5.2164927e-07   3.6678006e-07  -3.7688133e-09   7.2007396e-08
   0.0000000e+00   0.0000000e+00   1.1074781e-05   1.6276446e-05   1.6754877e-05   1.5030299e-05   1.5296182e-05   1.2977953e-05   8.9576870e-06   6.2697395e-06   4.2343790e-06   3.4896550e-06   2.6772577e-06   2.0741918e-06   1.6904438e-06   1.1615333e-06   9.7662348e-07   7.8265430e-07   5.3948088e-07   4.1601803e-07   2.1626814e-08   4.1630824e-07   8.2034610e-08
   0.0000000e+00   0.0000000e+00   1.1049810e-05   1.6238711e-05   1.6815293e-05   1.4891353e-05   1.5409967e-05   1.3044244e-05   8.8389997e-06   6.2330046e-06   4.4018707e-06   3.2269825e-06   2.5325187e-06   2.2159486e-06   1.7606012e-06   1.2165525e-06   9.2948221e-07   5.7220871e-07   7.2303510e-07   3.7994670e-07   2.9752346e-07   1.6162539e-07   1.3054262e-09
   0.0000000e+00   0.0000000e+00   1.1053693e-05   1.6221025e-05   1.6814041e-05   1.4870222e-05   1.5494001e-05   1.3016864e-05   8.9014866e-06   5.8121918e-06   4.5494962e-06   3.3781535e-06   2.7687236e-06   2.0072066e-06   1.6312835e-06   1.1233213e-06   1.0431922e-06   8.0002860e-07   5.2676887e-07   3.8179610e-07   2.7344197e-07   3.5911410e-07  -5.2194238e-08
   0.0000000e+00   0.0000000e+00   1.1283570e-05   1.5948875e-05   1.7009983e-05   1.4887792e-05   1.5250288e-05   1.3029534e-05   9.1641987e-06   5.9158224e-06   4.4740850e-06   3.2358148e-06   2.4639912e-06   2.2216468e-06   1.6505589e-06   1.2896027e-06   9.0414488e-07   5.6723064e-07   6.3574186e-07   5.7357272e-07   2.2672840e-07   3.1078883e-07  -4.9106838e-08
   0.0000000e+00   0.0000000e+00   1.1062558e-05   1.6366368e-05   1.6719832e-05   1.5020535e-05   1.5320995e-05   1.3003902e-05   8.8867400e-06   6.0200700e-06   4.3731584e-06   3.3387814e-06   2.8161960e-06   2.0170926e-06   1.5853423e-06   1.1997918e-06   8.9220913e-07   7.1079882e-07   5.8287867e-07   4.8708296e-07   2.6020197e-07   3.0292122e-07   2.2913454e-07
   0.0000000e+00   0.0000000e+00   1.0945824e-05   1.6299038e-05   1.6814578e-05   1.4935729e-05   1.5408215e-05   1.3171860e-05   8.8287316e-06   6.1110713e-06   4.2937386e-06   3.4013458e-06   2.5160293e-06   2.1340127e-06   1.6990602e-06   1.2250645e-06   8.8124193e-07   7.0925631e-07   3.9769768e-07   5.5362682e-07   4.9082820e-07   7.8732178e-08   6.9206976e-08
   0.0000000e+00   0.0000000e+00   1.1229891e-05   1.6082249e-05   1.6902533e-05   1.4889861e-05   1.5343539e-05   1.3014404e-05   8.8895858e-06   6.2399076e-06   4.3168930e-06   3.4190023e-06   2.5385762e-06   2.1508117e-06   1.7488404e-06   1.1118427e-06   7.8685923e-07   9.9873159e-07   3.9953409e-07   4.0910371e-07   2.8238156e-07   3.3624480e-07   1.8177587e-07
   0.0000000e+00   0.0000000e+00   1.1165345e-05   1.6095177e-05   1.6923297e-05   1.4856884e-05   1.5530652e-05   1.3007704e-05   9.0135782e-06   5.8492797e-06   4.5435354e-06   3.2895027e-06   2.7227995e-06   2.0822301e-06   1.5915909e-06   1.4266685e-06   7.7356657e-07   6.8417739e-07   5.6554796e-07   5.0012710e-07   3.6419340e-07   5.5643415e-08   1.1628808e-07
   0.0000000e+00   0.0000000e+00   1.0985486e-05   1.6256832e-05   1.6781902e-05   1.4959917e-05   1.5342197e-05   1.3111063e-05   9.0645044e-06   5.9924218e-06   4.4728504e-06   3.3156673e-06   2.7291201e-06   2.1802689e-06   1.6105221e-06   1.2325364e-06   1.0059150e-06   6.5168751e-07   5.4925880e-07   4.4122646e-07   2.8256667e-07   1.3805803e-07   1.6827357e-07
   0.0000000e+00   0.0000000e+00   1.1117885e-05   1.6321634e-05   1.6808917e-05   1.4883874e-05   1.5307820e-05   1.3078981e-05   8.9401192e-06   6.1919004e-06   4.3986047e-06   3.3721647e-06   2.5745535e-06   2.2155641e-06   1.7585851e-06   1.2362415e-06   8.9815944e-07   7.3377106e-07   5.8893329e-07   3.7209097e-07   2.3059759e-07   2.6971944e-07  -6.2116065e-08
   0.0000000e+00   0.0000000e+00   1.1151515e-05   1.6013011e-05   1.6904107e-05   1.5095679e-05   1.5273145e-05   1.3094706e-05   8.9752702e-06   6.0019893e-06   4.4016697e-06   3.5744158e-06   2.5811651e-06   2.1708795e-06   1.7897926e-06   1.1315880e-06   1.0966984e-06   7.1705927e-07   4.9621178e-07   3.1893202e-07   4.1370902e-07   7.5269931e-08  -1.2857292e-08
   0.0000000e+00   0.0000000e+00   1.1190746e-05   1.6088550e-05   1.6860802e-05   1.4787321e-05   1.5593772e-05   1.3066302e-05   8.8633442e-06   6.2391246e-06   4.3502355e-06   3.3179208e-06   2.6928469e-06   2.1431929e-06   1.7928743e-06   1.2655473e-06   9.7780435e-07   6.1642152e-07   7.4228478e-07   3.2293602e-07   2.1380693e-07   2.6209906e-07   2.1647342e-09
   0.0000000e+00   0.0000000e+00   1.0962415e-05   1.6352582e-05   1.6768039e-05   1.4929476e-05   1.5283233e-05   1.3030356e-05   9.1008915e-06   5.8643564e-06   4.6300379e-06   3.2207522e-06   2.6623181e-06   2.2440693e-06   1.5930311e-06   1.3250378e-06   9.6294730e-07   6.8936737e-07   5.8667911e-07   4.7365137e-07   2.0577265e-07   1.7847907e-07   2.2320998e-07
   0.0000000e+00   0.0000000e+00   1.1042093e-05   1.6314772e-05   1.6857663e-05   1.4866788e-05   1.5418495e-05   1.3069010e-05   9.0050598e-06   6.0294415e-06   4.4412036e-06   3.1987081e-06   2.8097227e-06   2.0218256e-06   1.7064369e-06   1.3280777e-06   9.6899760e-07   6.1837625e-07   5.4697995e-07   4.0318145e-07   4.1836111e-07   1.5317156e-07   2.2069353e-08
   0.0000000e+00   0.0000000e+00   1.1254456e-05   1.5872165e-05   1.6956154e-05   1.5018316e-05   1.5256999e-05   1.3074765e-05   8.9248006e-06   6.1038759e-06   4.3002797e-06   3.5631306e-06   2.5065542e-06   2.1259279e-06   1.8197090e-06   1.1298939e-06   8.7372945e-07   8.3196971e-07   4.4676747e-07   3.6030846e-07   3.5613681e-07   1.1200044e-07   2.9015541e-07
   0.0000000e+00   0.0000000e+00   1.1092795e-05   1.6240465e-05   1.6814603e-05   1.4883595e-05   1.5506977e-05   1.3090183e-05   8.8324459e-06   6.2120312e-06   4.2904626e-06   3.3149186e-06   2.5957322e-06   2.1666444e-06   1.7061698e-06   1.3827522e-06   7.3507960e-07   7.1609543e-07   5.2521017e-07   3.4501105e-07   3.1890104e-07   1.7755302e-07   4.0620616e-08
   0.0000000e+00   0.0000000e+00   1.1056764e-05   1.6338650e-05   1.6754448e-05   1.4881979e-05   1.5404945e-05   1.2995998e-05   9.0342655e-06   6.0107495e-06   4.4541853e-06   3.4822690e-06   2.5906702e-06   2.2131078e-06   1.5439439e-06   1.2686329e-06   1.0761482e-06   6.0707549e-07   4.2580899e-07   4.4669360e-07   2.8449355e-07   1.5553709e-07   1.7840651e-07
   0.0000000e+00   0.0000000e+00   1.1053565e-05   1.6216707e-05   1.6879903e-05   1.5007684e-05   1.5289916e-05   1.3128301e-05   8.9760342e-06   5.9889762e-06   4.5362503e-06   3.1725172e-06   2.6755852e-06   2.3193352e-06   1.6798608e-06   1.3028537e-06   8.5060361e-07   6.5908313e-07   6.9840189e-07   2.2841812e-07   4.1379033e-07   1.4060217e-07   6.4284713e-08
   0.0000000e+00   0.0000000e+00   1.1153569e-05   1.6052803e-05   1.6981205e-05   1.4966402e-05   1.5371794e-05   1.2999498e-05   9.0744497e-06   5.9864442e-06   4.5190627e-06   3.5218591e-06   2.6243977e-06   2.1044953e-06   1.7818415e-06   1.3066336e-06   8.8942596e-07   8.1919325e-07   5.5084888e-07   3.1406293e-07   3.0063995e-07   2.7601922e-07   9.9279532e-08
   0.0000000e+00   0.0000000e+00   1.1181602e-05   1.6165128e-05   1.6889564e-05   1.4853123e-05   1.5440073e-05   1.3217963e-05   8.7915842e-06   6.2470290e-06   4.3069522e-06   3.3837805e-06   2.8146578e-06   1.9580689e-06   1.9208046e-06   1.2616835e-06   1.0930297e-06   5.3665309e-07   5.7406271e-07   4.6514356e-07   4.0787546e-07   5.7317987e-08   1.2266368e-07
   0.0000000e+00   0.0000000e+00   1.1061117e-05   1.6326419e-05   1.6735123e-05   1.4969081e-05   1.5552954e-05   1.2919489e-05   8.9787573e-06   6.1978981e-06   4.4020535e-06   3.3922972e-06   2.7101812e-06   2.3313369e-06   1.6463047e-06   1.2277613e-06   1.0335913e-06   8.0211913e-07   5.8539160e-07   3.3325989e-07   2.6084746e-07   1.0929784e-07   3.8044433e-07
   0.0000000e+00   0.0000000e+00   1.1101833e-05   1.6194273e-05   1.6888514e-05   1.5006227e-05   1.5273608e-05   1.3110497e-05   9.1089178e-06   5.9320728e-06   4.6151054e-06   3.3191704e-06   2.5446113e-06   2.2186321e-06   1.8348437e-06   1.3222252e-06   1.0109645e-06   6.9114321e-07   5.2542367e-07   4.9844323e-07   3.4557675e-07   8.1194088e-08   1.3224566e-09
   0.0000000e+00   0.0000000e+00   1.1160613e-05   1.6172857e-05   1.6981025e-05   1.4868971e-05   1.5354388e-05   1.3252582e-05   8.9858149e-06   5.9014155e-06   4.5518673e-06   3.4406230e-06   2.6980376e-06   2.2027741e-06   1.6109415e-06   1.4405736e-06   9.2645996e-07   8.6337627e-07   6.2004210e-07   2.5871566e-07   3.9168378e-07   2.1702795e-07   1.4110239e-07
   0.0000000e+00   0.0000000e+00   1.0988950e-05   1.6234677e-05   1.6793691e-05   1.4906690e-05   1.5526079e-05   1.2928977e-05   9.0723415e-06   6.1823885e-06   4.4798662e-06   3.2896678e-06   2.6853229e-06   2.2863430e-06   1.6540818e-06   1.4909015e-06   8.4734864e-07   7.9351929e-07   6.7021665e-07   4.4629238e-07   3.4640175e-07   1.5566302e-07   2.0285988e-07
   0.0000000e+00   0.0000000e+00   1.1163805e-05   1.6158550e-05   1.6837561e-05   1.4870503e-05   1.5491842e-05   1.3055792e-05   8.8336628e-06   6.2358145e-06   4.3888890e-06   3.4219181e-06   2.7420047e-06   2.1384362e-06   1.7028719e-06   1.3979327e-06   1.0071914e-06   7.3176852e-07   5.6586424e-07   4.7411305e-07   3.7701534e-07   1.9841610e-07   1.4564912e-07
   0.0000000e+00   0.0000000e+00   1.1202153e-05   1.6185200e-05   1.6821343e-05   1.5058480e-05   1.5196521e-05   1.3193479e-05   9.1379443e-06   5.9120866e-06   4.4909798e-06   3.4652091e-06   2.6843734e-06   2.1719902e-06   1.8199091e-06   1.1631325e-06   1.1140557e-06   6.8717884e-07   5.2251488e-07   5.2813004e-07   2.2224742e-07   2.3009572e-07   1.7536406e-07
   0.0000000e+00   0.0000000e+00   1.0995747e-05   1.6197024e-05   1.6945898e-05   1.4716079e-05   1.5420457e-05   1.3059331e-05   9.0353469e-06   6.0744360e-06   4.5578718e-06   3.3312674e-06   2.6536702e-06   2.2088643e-06   1.8156494e-06   1.2186500e-06   1.0880399e-06   6.3205749e-07   5.9926435e-07   3.8026897e-07   3.5646534e-07   1.1606869e-07   1.7229938e-07
   0.0000000e+00   0.0000000e+00   1.1058259e-05   1.6097654e-05   1.6814558e-05   1.4959595e-05   1.5418573e-05   1.3035639e-05   8.7816161e-06   6.1992555e-06   4.4563635e-06   3.2401335e-06   2.9564121e-06   2.0769473e-06   1.7391097e-06   1.2266252e-06   1.0112544e-06   7.6706601e-07   5.2670657e-07   4.6518096e-07   2.4721140e-07   2.4928218e-07   4.9124775e-09
   0.0000000e+00   0.0000000e+00   1.1112458e-05   1.6249296e-05   1.6691643e-05   1.4967636e-05   1.5339014e-05   1.3061766e-05   9.0642579e-06   6.0202265e-06   4.5190509e-06   3.3876506e-06   2.5808654e-06   2.2251629e-06   1.7251393e-06   1.3606833e-06   8.7743939e-07   6.4058327e-07   6.9484179e-07   2.9341965e-07   3.8771634e-07   2.4758202e-07  -9.1859285e-08
   0.0000000e+00   0.0000000e+00   1.1159126e-05   1.6096907e-05   1.6947737e-05   1.4818112e-05   1.5221214e-05   1.3172603e-05   8.9695004e-06   5.9826843e-06   4.3285768e-06   3.6408358e-06   2.4269007e-06   2.2292959e-06   1.7348830e-06   1.2410109e-06   8.5306459e-07   8.3177667e-07   4.8255896e-07   3.4660246e-07   3.4354090e-07   1.7744250e-07   9.3978237e-08
   0.0000000e+00   0.0000000e+00   1.1103702e-05   1.6104676e-05   1.6785249e-05   1.4986391e-05   1.5394775e-05   1.2941230e-05   8.9947944e-06   6.0763550e-06   4.3534969e-06   3.3576878e-06   2.6253024e-06   2.1816957e-06   1.4856347e-06   1.2811862e-06   9.6084113e-07   7.2371711e-07   3.7477713e-07   4.7903825e-07   3.3978731e-07   1.8843934e-07  -6.4626931e-08
   0.0000000e+00   0.0000000e+00   1.0980513e-05   1.6233815e-05   1.6770906e-05   1.4804661e-05   1.5517429e-05   1.2997382e-05   8.9303658e-06   6.2471477e-06   4.2628326e-06   3.2226160e-06   2.6392543e-06   2.1763990e-06   1.5838762e-06   1.1978033e-06   8.1740114e-07   7.3241074e-07   4.8319237e-07   4.6915679e-07   2.3079750e-07   1.6760650e-07   2.8553566e-07
   0.0000000e+00   0.0000000e+00   1.1104594e-05   1.6161603e-05   1.6923208e-05   1.4885077e-05   1.5247009e-05   1.3211171e-05   8.8458673e-06   6.0320181e-06   4.5423881e-06   3.2266300e-06   2.6545806e-06   1.8009333e-06   1.8269392e-06   1.1821712e-06   7.0550203e-07   8.3490670e-07   3.6599889e-07   4.5355972e-07   2.8965275e-07   1.5918434e-07   1.5657351e-07
   0.0000000e+00   0.0000000e+00   1.1112230e-05   1.6213651e-05   1.6757785e-05   1.5030445e-05   1.5362857e-05   1.3045087e-05   9.1418960e-06   5.8852743e-06   4.4770300e-06   3.4316242e-06   2.4460621e-06   2.0680650e-06   1.6590628e-06   1.0993208e-06   8.3838711e-07   7.4187528e-07   3.9202737e-07   4.1209631e-07   3.6598027e-07   8.8091305e-08   6.4726613e-08
   0.0000000e+00   0.0000000e+00   1.1131507e-05   1.6100406e-05   1.6827649e-05   1.4869911e-05   1.5500793e-05   1.3021969e-05   9.0262283e-06   6.2166882e-06   4.2981546e-06   3.2967600e-06   2.6364544e-06   2.1244866e-06   1.6096128e-06   1.1004756e-06   9.6215308e-07   5.7620912e-07   5.3728786e-07   3.9753087e-07   1.6941856e-07   2.7824413e-07   1.2528355e-07
   0.0000000e+00   0.0000000e+00   1.1136600e-05   1.6231175e-05   1.6867700e-05   1.4943251e-05   1.5320296e-05   1.3218780e-05   8.9590339e-06   6.0688399e-06   4.4814096e-06   3.3728982e-06   2.6190974e-06   2.1277751e-06   1.4187283e-06   1.4098637e-06   9.7994780e-07   4.0209733e-07   7.0530029e-07   3.4758585e-07   2.2679862e-07   2.1701545e-07   2.9277450e-08
   0.0000000e+00   0.0000000e+00   1.0935998e-05   1.6199841e-05   1.6883087e-05   1.4955820e-05   1.5417676e-05   1.3075194e-05   9.0325775e-06   6.1397523e-06   4.4070953e-06   3.3916954e-06   2.6298446e-06   2.1355224e-06   1.6630130e-06   1.1717951e-06   9.4591309e-07   5.9817592e-07   6.9689133e-07   2.9912212e-07   2.7977637e-07   3.2687140e-07  -1.3727472e-07
   0.0000000e+00   0.0000000e+00   1.1271076e-05   1.6067177e-05   1.6865270e-05   1.4931088e-05   1.5388228e-05   1.3132056e-05   8.9684081e-06   6.1038431e-06   4.5112915e-06   3.3138292e-06   2.5778177e-06   2.2113018e-06   1.7498587e-06   1.2070049e-06   8.4292463e-07   7.0892617e-07   6.0725148e-07   2.8497172e-07   4.4537808e-07   2.5652878e-07   1.8644210e-08
   0.0000000e+00   0.0000000e+00   1.1080841e-05   1.6284941e-05   1.6773760e-05   1.4936661e-05   1.5559825e-05   1.2975183e-05   9.0716849e-06   6.0107668e-06   4.4359863e-06   3.3966091e-06   2.8309435e-06   1.9455140e-06   1.7698354e-06   1.2256678e-06   1.0203313e-06   5.7141284e-07   5.1901793e-07   4.6273658e-07   2.2968653e-07   3.2836218e-07   1.6427845e-07
   0.0000000e+00   0.0000000e+00   1.0950414e-05   1.6227279e-05   1.6985401e-05   1.4758023e-05   1.5375710e-05   1.3265916e-05   8.9300293e-06   6.0722082e-06   4.5654951e-06   3.1986867e-06   2.7788203e-06   2.2420638e-06   1.6510862e-06   1.2466173e-06   9.8240650e-07   6.2042022e-07   4.6041237e-07   5.6615909e-07   7.7359957e-08   1.9138648e-07   3.6630328e-07
   0.0000000e+00   0.0000000e+00   1.1266657e-05   1.5973890e-05   1.6815673e-05   1.5175458e-05   1.5192224e-05   1.3059374e-05   9.0036865e-06   6.0651187e-06   4.4190597e-06   3.4617813e-06   2.6073519e-06   2.1299270e-06   1.9149363e-06   1.2279312e-06   9.5208202e-07   7.5116219e-07   3.0587483e-07   4.9612316e-07   2.6073070e-07   5.1814119e-08   1.7543707e-07
   0.0000000e+00   0.0000000e+00   1.1064040e-05   1.6285896e-05   1.6791249e-05   1.4922840e-05   1.5494801e-05   1.3104504e-05   8.8933848e-06   6.0540697e-06   4.4178983e-06   3.4739237e-06   2.6113794e-06   2.2806819e-06   1.6154464e-06   1.4199047e-06   8.7985228e-07   8.3452699e-07   4.5648338e-07   2.1085901e-07   4.7184591e-07   8.2412992e-09  -3.3966387e-08
   0.0000000e+00   0.0000000e+00   1.1063458e-05   1.6244307e-05   1.6831178e-05   1.4791842e-05   1.5493129e-05   1.2994213e-05   9.0782260e-06   6.1302921e-06   4.3288956e-06   3.3861068e-06   2.7812719e-06   2.2127074e-06   1.6961931e-06   1.3738888e-06   7.5532370e-07   9.4006100e-07   5.2354068e-07   2.4193878e-07   2.3422504e-07   1.4448992e-07   1.4522313e-07
   0.0000000e+00   0.0000000e+00   1.0978375e-05   1.6205006e-05   1.6898237e-05   1.4813224e-05   1.5379646e-05   1.3179913e-05   8.7607532e-06   6.1091823e-06   4.4996650e-06   3.3233009e-06   2.6838727e-06   2.2799420e-06   1.6242989e-06   1.5130970e-06   9.6509837e-07   4.5242956e-07   7.4880597e-07   3.0781686e-07   1.5248324e-07   2.1310838e-07  -4.1442155e-10
   0.0000000e+00   0.0000000e+00   1.1180286e-05   1.5949647e-05   1.6872193e-05   1.5135774e-05   1.5312244e-05   1.3021145e-05   9.0882577e-06   5.9258587e-06   4.4187559e-06   3.4629948e-06   2.6639232e-06   2.1939782e-06   1.7503717e-06   1.1792572e-06   1.1060897e-06   6.7939936e-07   4.0632133e-07   5.0855408e-07   2.2938754e-07  -5.5709233e-09   1.2752221e-07
   0.0000000e+00   0.0000000e+00   1.1269658e-05   1.6228021e-05   1.6815731e-05   1.4844097e-05   1.5376620e-05   1.3160335e-05   8.8727465e-06   6.2158483e-06   4.3189393e-06   3.3604986e-06   2.7061624e-06   2.1735550e-06   1.8956664e-06   1.1173350e-06   9.2379491e-07   7.3761771e-07   4.7544046e-07   3.0458506e-07   3.1869004e-07   1.8275139e-07  -1.3211950e-07
   0.0000000e+00   0.0000000e+00   1.0820848e-05   1.6326250e-05   1.6816770e-05   1.4894243e-05   1.5480542e-05   1.2957320e-05   9.0366329e-06   5.9728318e-06   4.2908619e-06   3.5552871e-06   2.7087037e-06   2.0575224e-06   1.8721637e-06   1.1539532e-06   9.3871347e-07   6.8971406e-07   4.6876031e-07   3.1121166e-07   1.7356700e-07   1.7876798e-07   1.8020961e-07
   0.0000000e+00   0.0000000e+00   1.1211791e-05   1.6125257e-05   1.6816171e-05   1.4876588e-05   1.5501266e-05   1.3128001e-05   8.9186060e-06   6.1103947e-06   4.4936910e-06   3.0956601e-06   2.8757743e-06   2.1786786e-06   1.6653025e-06   1.3617673e-06   8.1076496e-07   6.1991267e-07   5.0329231e-07   4.4048389e-07   1.6039606e-07   4.7261224e-08   1.8135891e-07
   0.0000000e+00   0.0000000e+00   1.1194134e-05   1.6100865e-05   1.6947715e-05   1.5073278e-05   1.5064874e-05   1.3213391e-05   8.8904817e-06   5.9907002e-06   4.6839209e-06   3.3188662e-06   2.5230245e-06   2.5351717e-06   1.4994681e-06   1.3029014e-06   9.0826370e-07   6.0887999e-07   5.6898233e-07   2.5806531e-07   3.2973887e-07   1.6907141e-07  -4.5936015e-09
   0.0000000e+00   0.0000000e+00   1.0988732e-05   1.6312448e-05   1.6887368e-05   1.4868919e-05   1.5597703e-05   1.2974144e-05   9.0248686e-06   5.9890813e-06   4.3086047e-06   3.5605194e-06   2.6925006e-06   2.0975197e-06   1.8195191e-06   1.2821916e-06   8.4978592e-07   7.4691832e-07   3.9226444e-07   4.3973992e-07   2.9363335e-07   1.6193286e-07   8.6276245e-08
   0.0000000e+00   0.0000000e+00   1.1185012e-05   1.6086125e-05   1.6882443e-05   1.4854642e-05   1.5462740e-05   1.3031720e-05   9.0615840e-06   6.0811890e-06   4.3530217e-06   3.5288676e-06   2.6693083e-06   2.1988842e-06   1.6099665e-06   1.3997121e-06   7.7181483e-07   6.9500692e-07   5.3226574e-07   4.0558555e-07   2.5702292e-07   1.2657283e-07   1.9447457e-07
   0.0000000e+00   0.0000000e+00   1.1094588e-05   1.6249463e-05   1.6944907e-05   1.4965454e-05   1.5366033e-05   1.2978602e-05   8.9163241e-06   6.2480335e-06   4.3247273e-06   3.2398614e-06   2.8706647e-06   2.1860424e-06   1.7690205e-06   1.1126814e-06   9.7915654e-07   6.2433065e-07   4.6501279e-07   4.4733176e-07   1.3646006e-07   2.4034043e-07  -4.7110742e-09
   0.0000000e+00   0.0000000e+00   1.1133950e-05   1.6246726e-05   1.6766782e-05   1.5082975e-05   1.5386699e-05   1.3247293e-05   8.7898934e-06   5.9521381e-06   4.7376207e-06   3.2035703e-06   2.6684256e-06   2.1536189e-06   1.7163499e-06   1.2680925e-06   8.4755897e-07   7.2280869e-07   4.3038293e-07   3.7506015e-07   2.9465645e-07   5.0104674e-08   1.0764558e-07
   0.0000000e+00   0.0000000e+00   1.1049926e-05   1.6094351e-05   1.6870992e-05   1.4942715e-05   1.5276066e-05   1.3216730e-05   9.0369749e-06   5.8540440e-06   4.5364745e-06   3.4411776e-06   2.5271922e-06   2.1209817e-06   1.7501034e-06   1.1953206e-06   8.7323087e-07   6.8718225e-07   5.4466744e-07   2.3985356e-07   2.8578233e-07   1.3238882e-07   2.8250108e-08
   0.0000000e+00   0.0000000e+00   1.0994228e-05   1.6307473e-05   1.6884560e-05   1.4844723e-05   1.5578684e-05   1.2837760e-05   9.0487083e-06   6.3305347e-06   4.0093810e-06   3.4534826e-06   2.7417141e-06   2.1557285e-06   1.5664431e-06   1.3132047e-06   8.5247206e-07   6.4706956e-07   5.8113903e-07   3.2421474e-07   2.3054207e-07   1.3055391e-07   5.6851476e-08
   0.0000000e+00   0.0000000e+00   1.1370576e-05   1.5925085e-05   1.6902984e-05   1.4995985e-05   1.5320529e-05   1.3197116e-05   9.0112735e-06   5.9482181e-06   4.6280538e-06   3.2348958e-06   2.6290770e-06   2.1217661e-06   1.5873430e-06   1.3097309e-06   9.6462031e-07   6.0300323e-07   4.6674876e-07   4.3156840e-07   4.0474112e-07  -8.9040847e-10   8.7150788e-08
   0.0000000e+00   0.0000000e+00   1.0942174e-05   1.6344122e-05   1.6703991e-05   1.4855632e-05   1.5484862e-05   1.3236888e-05   8.8399484e-06   6.1122705e-06   4.3875134e-06   3.4675122e-06   2.4695128e-06   2.2210256e-06   1.7335215e-06   1.1222495e-06   9.2860455e-07   7.0808778e-07   5.3251330e-07   3.8679158e-07   1.8690986e-07   2.4936074e-07   1.8560189e-07
   0.0000000e+00   0.0000000e+00   1.0925725e-05   1.6158474e-05   1.6847924e-05   1.4982170e-05   1.5336203e-05   1.2974887e-05   9.2109312e-06   6.0453090e-06   4.5067263e-06   3.3037179e-06   2.7084186e-06   1.9820905e-06   1.7882156e-06   1.2302393e-06   8.6594184e-07   7.0301843e-07   5.5178646e-07   2.6569487e-07   3.2232120e-07   1.7069999e-07   9.0492208e-08
   0.0000000e+00   0.0000000e+00   1.1127157e-05   1.6080361e-05   1.6804865e-05   1.4907389e-05   1.5535908e-05   1.2967209e-05   9.0747999e-06   6.2170475e-06   4.3213963e-06   3.3519088e-06   2.8001405e-06   2.0515786e-06   1.6554453e-06   1.2826872e-06   8.1655185e-07   7.4260078e-07   4.9808938e-07   4.0175348e-07   3.4983722e-07   1.8672692e-08   1.2769753e-07
   0.0000000e+00   0.0000000e+00   1.1169134e-05   1.6126824e-05   1.6770136e-05   1.4684420e-05   1.5534270e-05   1.3249505e-05   8.9706709e-06   6.0866846e-06   4.5104166e-06   3.4728084e-06   2.5894410e-06   2.1770356e-06   1.6319103e-06   1.1648650e-06   9.7693044e-07   6.5806660e-07   6.0623347e-07   3.1014929e-07   2.4971234e-07   2.1237057e-07   1.9498286e-07
   0.0000000e+00   0.0000000e+00   1.0994244e-05   1.6097518e-05   1.6896671e-05   1.5077680e-05   1.4899601e-05   1.3363248e-05   9.0492140e-06   6.0108064e-06   4.7968983e-06   3.3358235e-06   2.5099855e-06   2.2751810e-06   1.6319503e-06   1.2723162e-06   8.5156410e-07   5.8460330e-07   5.0874058e-07   4.9910864e-07   3.3687724e-07   1.2012946e-07   3.5431089e-08
   0.0000000e+00   0.0000000e+00   1.1044874e-05   1.6094697e-05   1.6735332e-05   1.4946871e-05   1.5662341e-05   1.2841630e-05   9.0611757e-06   6.2742383e-06   4.2947918e-06   3.5173364e-06   2.8536172e-06   2.1593646e-06   1.5076457e-06   1.2045363e-06   8.9281656e-07   7.1202385e-07   5.5132227e-07   2.6112252e-07   3.9916995e-07   1.0514957e-07   2.1519347e-07
   0.0000000e+00   0.0000000e+00   1.0970786e-05   1.6225387e-05   1.6542119e-05   1.4874809e-05   1.5384903e-05   1.3181852e-05   9.1037009e-06   6.1576043e-06   4.4761655e-06   3.5141602e-06   2.5875311e-06   2.1380490e-06   1.7902836e-06   1.2706083e-06   7.5194077e-07   5.9686676e-07   5.6401922e-07   4.2357078e-07   2.0974434e-07   2.4351291e-07   3.2273380e-08
   0.0000000e+00   0.0000000e+00   1.1272048e-05   1.6013339e-05   1.7099203e-05   1.4572071e-05   1.5481673e-05   1.3031851e-05   9.0460653e-06   6.0863640e-06   4.6961636e-06   3.2777325e-06   2.8542463e-06   2.0770199e-06   1.7129431e-06   1.1534114e-06   8.9114849e-07   7.4170617e-07   4.4345262e-07   2.9320935e-07   3.3006251e-07   1.9960693e-07   1.0891804e-07
   0.0000000e+00   0.0000000e+00   1.0808001e-05   1.6097798e-05   1.6816479e-05   1.5106275e-05   1.5211637e-05   1.3225556e-05   9.0569765e-06   6.1277633e-06   4.3581854e-06   3.5445369e-06   2.5827519e-06   2.2534909e-06   1.6744385e-06   1.0958553e-06   1.0105766e-06   6.6172015e-07   3.8705875e-07   5.8708753e-07   2.1334752e-07   4.1119151e-08   2.3254249e-07
   0.0000000e+00   0.0000000e+00   1.1226643e-05   1.6065307e-05   1.6538967e-05   1.4969871e-05   1.5405058e-05   1.3101041e-05   9.0280873e-06   6.1941146e-06   4.6055802e-06   3.3510046e-06   2.6383436e-06   2.1265278e-06   1.5543922e-06   1.4001291e-06   8.3580653e-07   5.8536637e-07   6.9641845e-07   2.6495607e-07   3.5816151e-07   2.2726677e-07   1.8449004e-08
   0.0000000e+00   0.0000000e+00   1.1017019e-05   1.6252074e-05   1.6763464e-05   1.4745964e-05   1.5552960e-05   1.3112493e-05   8.9231708e-06   6.3046809e-06   4.3327277e-06   3.5811013e-06   2.5661959e-06   2.0840353e-06   1.7072329e-06   1.1629298e-06   7.9609606e-07   8.8275232e-07   4.4043645e-07   4.5722453e-07   2.0993814e-07   2.6176255e-07   1.3058414e-07
   0.0000000e+00   0.0000000e+00   1.0991816e-05   1.5954838e-05   1.7080212e-05   1.4794046e-05   1.5271609e-05   1.3232316e-05   9.1539468e-06   6.0778752e-06   4.5752586e-06   3.3614788e-06   2.6264840e-06   2.1640196e-06   1.4640965e-06   1.2826621e-06   8.5744028e-07   6.6673397e-07   5.9216779e-07   2.4459280e-07   5.3180071e-07   3.0347209e-08  -2.1342968e-08
   0.0000000e+00   0.0000000e+00   1.1016071e-05   1.6182261e-05   1.6500853e-05   1.5113023e-05   1.5262212e-05   1.3206163e-05   8.9712730e-06   6.1811274e-06   4.5266784e-06   3.3589415e-06   2.6882237e-06   2.0668838e-06   1.5848451e-06   1.1336734e-06   9.7219822e-07   6.2963863e-07   4.3938658e-07   4.1787266e-07   2.2014260e-07   1.9781628e-07   8.9206061e-08
   0.0000000e+00   0.0000000e+00   1.1150289e-05   1.6071104e-05   1.6808408e-05   1.4769196e-05   1.5699075e-05   1.2870827e-05   9.2317960e-06   6.1115488e-06   4.5228294e-06   3.3776944e-06   2.5774077e-06   1.9859017e-06   1.7406105e-06   1.1134586e-06   9.2561135e-07   5.3995939e-07   5.1242307e-07   4.6507466e-07   7.1275096e-08   1.7924479e-07   1.7161967e-07
   0.0000000e+00   0.0000000e+00   1.0964322e-05   1.6153313e-05   1.6721831e-05   1.4913989e-05   1.5218847e-05   1.3358552e-05   8.8500219e-06   6.2559257e-06   4.4666131e-06   3.3678145e-06   2.6822629e-06   2.0835912e-06   1.4961605e-06   1.1565475e-06   8.9274795e-07   6.5127489e-07   5.3673006e-07   1.7294941e-07   3.6443271e-07   1.8173982e-07  -8.8098396e-08
   0.0000000e+00   0.0000000e+00   1.1144338e-05   1.5824600e-05   1.7083337e-05   1.4685430e-05   1.5469092e-05   1.3010992e-05   9.1913562e-06   6.0636926e-06   4.3811838e-06   3.4118409e-06   2.5529769e-06   1.9239383e-06   1.9327920e-06   9.5277028e-07   9.0066010e-07   5.9897070e-07   4.3813196e-07   3.8271824e-07   2.2253965e-07   1.0852074e-07   9.1579061e-08
   0.0000000e+00   0.0000000e+00   1.0929301e-05   1.6409002e-05   1.6482456e-05   1.5149923e-05   1.5196602e-05   1.3279695e-05   8.9400564e-06   6.1084479e-06   4.6146820e-06   3.2281353e-06   2.7043966e-06   2.1865299e-06   1.2848229e-06   1.4189808e-06   6.9905059e-07   6.1160415e-07   6.2242361e-07   1.4002725e-07   1.5281364e-07   3.6078197e-07  -1.5842380e-07
   0.0000000e+00   0.0000000e+00   1.1138991e-05   1.6050901e-05   1.6705008e-05   1.4873340e-05   1.5542608e-05   1.2939731e-05   9.1442444e-06   6.0831944e-06   4.3573309e-06   3.4875727e-06   2.5110189e-06   2.0605905e-06   1.6626681e-06   1.2216452e-06   9.3076295e-07   4.5835779e-07   3.4714733e-07   5.0170451e-07   1.4389609e-07  -7.9247314e-08   2.3816726e-07
   0.0000000e+00   0.0000000e+00   1.0921556e-05   1.6090802e-05   1.6978782e-05   1.4698233e-05   1.5405147e-05   1.3160653e-05   8.8356055e-06   6.2475251e-06   4.3863656e-06   3.3156718e-06   2.7511949e-06   2.1963342e-06   1.5161856e-06   1.1442994e-06   8.3495888e-07   8.1686323e-07   3.8659530e-07   1.2997185e-07   2.1189742e-07   2.0973926e-07  -1.3921127e-07
   0.0000000e+00   0.0000000e+00   1.1277873e-05   1.5981546e-05   1.6900178e-05   1.4990522e-05   1.5317604e-05   1.3124695e-05   9.1569691e-06   5.9922836e-06   4.5481802e-06   3.2548091e-06   2.5504510e-06   2.0722614e-06   1.8004752e-06   1.2772377e-06   7.9008419e-07   6.3345658e-07   3.0786518e-07   5.2437923e-07   8.7659110e-08   1.5579481e-08   6.5826427e-08
   0.0000000e+00   0.0000000e+00   1.0973741e-05   1.6320908e-05   1.6637681e-05   1.4947807e-05   1.5428599e-05   1.3206865e-05   8.7561093e-06   6.2147055e-06   4.3315572e-06   3.4509267e-06   2.7972285e-06   2.0256139e-06   1.6122470e-06   1.2565017e-06   7.8927997e-07   8.7867380e-07   3.8379667e-07   2.6324258e-07   6.6023027e-08   1.5933159e-07   1.7063964e-07
   0.0000000e+00   0.0000000e+00   1.1031942e-05   1.6152520e-05   1.6877471e-05   1.4902244e-05   1.5439155e-05   1.2989007e-05   9.2846776e-06   5.8602532e-06   4.6915939e-06   3.1376537e-06   2.5961542e-06   2.1712876e-06   1.7182493e-06   1.2770321e-06   9.9971032e-07   3.9380907e-07   5.5877524e-07   4.7664892e-07   3.8358056e-08   1.0353725e-07  -9.2807483e-08
   0.0000000e+00   0.0000000e+00   1.1054331e-05   1.6178103e-05   1.6852089e-05   1.5037360e-05   1.5351463e-05   1.3180810e-05   8.9136247e-06   6.1967421e-06   4.2716738e-06   3.6148431e-06   2.6078978e-06   2.1846236e-06   1.5806783e-06   1.2718652e-06   8.9999327e-07   8.3806646e-07   3.1935051e-07   3.8452816e-07   1.5523271e-07   1.2391776e-07   9.6987023e-09
   0.0000000e+00   0.0000000e+00   1.1246679e-05   1.5993695e-05   1.6997150e-05   1.4874746e-05   1.5513438e-05   1.3158317e-05   9.0206277e-06   6.1260253e-06   4.4772323e-06   3.2445907e-06   2.6338785e-06   2.1730739e-06   1.7637873e-06   1.2291979e-06   9.7465841e-07   5.6654403e-07   6.1913823e-07   2.8517755e-07   1.7427647e-07   2.3236056e-07  -1.6681507e-07
   0.0000000e+00   0.0000000e+00   1.1048113e-05   1.6417551e-05   1.6549984e-05   1.5187095e-05   1.5388245e-05   1.3024319e-05   8.9953837e-06   6.2500817e-06   4.4115550e-06   3.4590930e-06   2.6591460e-06   2.1433664e-06   1.5462217e-06   1.3589602e-06   9.0331957e-07   6.8776541e-07   4.8553119e-07   3.4146714e-07   1.5735984e-07   2.1107407e-07   4.6722711e-08
   0.0000000e+00   0.0000000e+00   1.0998321e-05   1.6069180e-05   1.7205981e-05   1.4732821e-05   1.5566422e-05   1.3313305e-05   8.9449804e-06   5.9115891e-06   4.6180271e-06   3.2018684e-06   2.6632699e-06   2.1938918e-06   1.6751202e-06   1.1706456e-06   9.4350366e-07   6.6071419e-07   3.9841618e-07   3.4879989e-07   2.1493737e-07   1.7112706e-07  -4.9339395e-08
   0.0000000e+00   0.0000000e+00   1.1100537e-05   1.6112039e-05   1.6783250e-05   1.5044522e-05   1.5434603e-05   1.3135545e-05   9.1326319e-06   6.0570883e-06   4.4577182e-06   3.5287321e-06   2.5044296e-06   2.1750568e-06   1.6009496e-06   1.2989065e-06   8.2433644e-07   6.4748508e-07   4.6384213e-07   3.5348307e-07   1.1583425e-07   2.1598036e-07   1.4176808e-08
   0.0000000e+00   0.0000000e+00   1.1282429e-05   1.6197566e-05   1.6898950e-05   1.4953881e-05   1.5474439e-05   1.3016304e-05   9.0942976e-06   6.1524115e-06   4.4466619e-06   3.2951993e-06   2.7605336e-06   1.8888061e-06   1.8389576e-06   1.1469640e-06   9.3725197e-07   5.4583279e-07   4.8107012e-07   3.8065980e-07   1.5607120e-07   1.2035765e-07   3.6323090e-08
   0.0000000e+00   0.0000000e+00   1.0900209e-05   1.6227821e-05   1.6754248e-05   1.5216159e-05   1.5335179e-05   1.3268582e-05   8.8950301e-06   6.3756047e-06   4.0711166e-06   3.5789201e-06   2.6527828e-06   2.2055704e-06   1.5229433e-06   1.2111343e-06   8.3768981e-07   7.9705376e-07   4.1531959e-07   2.7178694e-07   1.5970646e-07   1.6005846e-07   5.3449956e-08
   0.0000000e+00   0.0000000e+00   1.1138008e-05   1.6228654e-05   1.6863311e-05   1.4772796e-05   1.5638112e-05   1.3083030e-05   9.0710537e-06   6.0116563e-06   4.7548406e-06   3.2225689e-06   2.5885126e-06   2.0309715e-06   1.7736917e-06   1.1938109e-06   9.7264876e-07   4.7848738e-07   5.7209604e-07   3.2638687e-07   2.3081037e-07   1.5741587e-07  -1.6605244e-07
   0.0000000e+00   0.0000000e+00   1.1055358e-05   1.6072067e-05   1.6992863e-05   1.5061338e-05   1.5267238e-05   1.3353027e-05   8.9767691e-06   6.0209268e-06   4.5340480e-06   3.4330967e-06   2.6424746e-06   2.1681833e-06   1.6257118e-06   1.1656787e-06   8.8507409e-07   7.3056719e-07   4.8782630e-07   2.8208174e-07   2.4888874e-07   1.6090196e-07   4.6430248e-08
   0.0000000e+00   0.0000000e+00   1.1198950e-05   1.6194328e-05   1.6926464e-05   1.4797021e-05   1.5727046e-05   1.2897882e-05   9.2260980e-06   6.1287010e-06   4.4671283e-06   3.2800226e-06   2.7247311e-06   2.2006072e-06   1.6292602e-06   1.2666590e-06   9.3723037e-07   5.1483232e-07   6.1423253e-07   2.8543306e-07   2.9670628e-07   2.2666151e-07  -4.4038853e-08
   0.0000000e+00   0.0000000e+00   1.0918266e-05   1.6230792e-05   1.6728651e-05   1.5247791e-05   1.5161799e-05   1.3301788e-05   8.9232535e-06   6.1640444e-06   4.3828895e-06   3.5345879e-06   2.6006537e-06   2.1604747e-06   1.7576917e-06   1.1547228e-06   9.8222324e-07   6.5616166e-07   4.3219947e-07   3.5235053e-07   2.7786928e-07   2.6054960e-07   5.7062284e-08
   0.0000000e+00   0.0000000e+00   1.1230270e-05   1.6133845e-05   1.6899376e-05   1.4875336e-05   1.5541766e-05   1.3201483e-05   8.9661398e-06   6.1680762e-06   4.3967752e-06   3.3314559e-06   2.7347960e-06   2.1417964e-06   1.7736318e-06   1.1889422e-06   8.3640117e-07   7.0071314e-07   5.6785956e-07   3.0510748e-07   2.5600588e-07   2.4942011e-07   1.6956646e-07
   0.0000000e+00   0.0000000e+00   1.1027682e-05   1.6225868e-05   1.6755008e-05   1.5071518e-05   1.5419409e-05   1.2937710e-05   9.1279217e-06   6.0549887e-06   4.4146204e-06   3.5417690e-06   2.4658541e-06   2.2120096e-06   1.6394423e-06   1.3691289e-06   9.3185093e-07   4.9174895e-07   4.7900045e-07   5.1177238e-07   3.5546327e-07   1.0782513e-07   2.1015722e-07
   0.0000000e+00   0.0000000e+00   1.1060520e-05   1.6129916e-05   1.7030849e-05   1.4694624e-05   1.5627260e-05   1.3157153e-05   8.9595178e-06   5.8415631e-06   4.6213654e-06   3.0359420e-06   2.9596242e-06   2.0237896e-06   1.6520007e-06   1.2775034e-06   8.5493264e-07   6.8867774e-07   5.0094832e-07   3.8087859e-07   2.8200967e-07   2.2754577e-07   2.2856482e-07
   0.0000000e+00   0.0000000e+00   1.1012157e-05   1.6286594e-05   1.6755293e-05   1.5085636e-05   1.5255306e-05   1.3182604e-05   8.9793330e-06   6.2091849e-06   4.2978604e-06   3.3582271e-06   2.5108643e-06   2.2308811e-06   1.6212928e-06   1.2011988e-06   9.1678152e-07   6.8540044e-07   4.3018741e-07   3.6414940e-07   3.1164174e-07   1.6158127e-07   1.1885869e-07
   0.0000000e+00   0.0000000e+00   1.1221811e-05   1.5946949e-05   1.7058950e-05   1.4923467e-05   1.5440044e-05   1.3087221e-05   8.9236119e-06   6.0006173e-06   4.3881560e-06   3.2944467e-06   2.5697195e-06   2.1075800e-06   1.6488663e-06   1.2173365e-06   8.7345768e-07   6.8227922e-07   5.0718597e-07   1.8563703e-07   3.7484693e-07   1.2907739e-07   3.1785977e-08
   0.0000000e+00   0.0000000e+00   1.1062510e-05   1.6251246e-05   1.6696000e-05   1.5029344e-05   1.5452933e-05   1.3183544e-05   8.9130008e-06   6.0802754e-06   4.2615852e-06   3.3666083e-06   2.5690417e-06   1.9387023e-06   1.7354351e-06   1.1425039e-06   9.2023680e-07   5.6223126e-07   5.4788086e-07   3.6023988e-07   1.6009319e-07   1.5858315e-07   8.7763183e-08
   0.0000000e+00   0.0000000e+00   1.1135536e-05   1.6180138e-05   1.6882879e-05   1.4910218e-05   1.5541145e-05   1.2948882e-05   9.2205755e-06   5.8772175e-06   4.4544740e-06   3.2543485e-06   2.4661038e-06   2.1869489e-06   1.4732242e-06   1.2738881e-06   9.1988926e-07   4.3780480e-07   6.2978017e-07   3.3089697e-07   2.0552397e-07   1.1857939e-07   1.5133099e-07
   0.0000000e+00   0.0000000e+00   1.0901597e-05   1.6331229e-05   1.6847305e-05   1.4979516e-05   1.5392457e-05   1.3204951e-05   8.8520765e-06   6.1013493e-06   4.4213061e-06   3.1876316e-06   2.7178226e-06   2.0019897e-06   1.5465906e-06   1.0764255e-06   9.5074506e-07   6.6715808e-07   4.4186899e-07   3.0120776e-07   3.3432897e-07   1.4125037e-07   6.9591792e-08
   0.0000000e+00   0.0000000e+00   1.1220122e-05   1.5963267e-05   1.6998461e-05   1.4902723e-05   1.5399590e-05   1.3173176e-05   9.1190923e-06   6.0411585e-06   4.3720620e-06   3.3041717e-06   2.5205391e-06   2.0208367e-06   1.7797877e-06   1.0564430e-06   7.6318906e-07   6.3261604e-07   4.8693522e-07   2.8034768e-07   3.8704289e-07   1.2916996e-07   8.4700865e-08
   0.0000000e+00   0.0000000e+00   1.1083588e-05   1.6190546e-05   1.6802909e-05   1.4995291e-05   1.5468993e-05   1.3247825e-05   8.7232092e-06   6.2821691e-06   4.3304667e-06   3.3749050e-06   2.5994641e-06   2.0914204e-06   1.5000971e-06   1.2626535e-06   6.5345984e-07   7.3325765e-07   4.3147023e-07   2.5313182e-07   3.1011098e-07   2.1455855e-07   7.8154294e-08
   0.0000000e+00   0.0000000e+00   1.1132522e-05   1.6182859e-05   1.6865064e-05   1.4945526e-05   1.5549465e-05   1.3015009e-05   9.1562897e-06   6.0921184e-06   4.4432900e-06   3.2791281e-06   2.5932238e-06   2.0513189e-06   1.6192899e-06   1.1080922e-06   8.9935878e-07   5.2550308e-07   2.4258281e-07   5.1858609e-07   3.3676594e-07  -9.0660585e-08   3.0428617e-07
   0.0000000e+00   0.0000000e+00   1.0952581e-05   1.6252106e-05   1.6861364e-05   1.4940282e-05   1.5324204e-05   1.3295385e-05   9.0417152e-06   5.9968725e-06   4.5076836e-06   3.4122509e-06   2.5391028e-06   2.2445349e-06   1.4334154e-06   1.1744191e-06   7.6315672e-07   6.2832561e-07   4.5244306e-07   2.2053241e-07   1.7905037e-07   1.7851056e-07   1.7963208e-07
   0.0000000e+00   0.0000000e+00   1.1153342e-05   1.6104059e-05   1.6848191e-05   1.4983337e-05   1.5466658e-05   1.3054438e-05   9.1630982e-06   6.1294422e-06   4.4196418e-06   3.3710953e-06   2.5826389e-06   2.0016064e-06   1.7058053e-06   1.2288820e-06   6.1357053e-07   6.3429451e-07   3.8927590e-07   3.2375294e-07   2.2698347e-07   5.9329737e-09   1.4938837e-07
   0.0000000e+00   0.0000000e+00   1.1073324e-05   1.6221058e-05   1.6796004e-05   1.5006244e-05   1.5436235e-05   1.3173619e-05   8.9254272e-06   6.2720706e-06   4.4484582e-06   3.4063953e-06   2.7069457e-06   2.0470868e-06   1.5428488e-06   1.1766565e-06   7.9662550e-07   5.1785179e-07   4.3206308e-07   1.3213820e-07   2.8176899e-07   1.9721140e-08   6.3750392e-08
   0.0000000e+00   0.0000000e+00   1.1147906e-05   1.6005759e-05   1.6927353e-05   1.4839638e-05   1.5486252e-05   1.3129853e-05   9.0084786e-06   6.2447275e-06   4.4071398e-06   3.3177471e-06   2.7207236e-06   2.0751143e-06   1.6760171e-06   1.0433988e-06   8.6659446e-07   5.3131731e-07   4.1242015e-07   1.6606542e-07   2.1885099e-07  -3.9446299e-08   3.9541533e-08
