   0.0000000e+00   0.0000000e+00   1.5382417e-05   2.0882037e-05   2.0283196e-05   1.7197131e-05   1.7260965e-05   1.4743804e-05   1.0028503e-05   6.6505222e-06   5.0636472e-06   3.7516043e-06   2.7415383e-06   2.3843829e-06   1.6636798e-06   1.4110107e-06   9.0801024e-07   4.3649979e-07   4.7929126e-07   2.2548362e-07   1.2147211e-07   5.8019886e-08  -5.4736982e-10
   0.0000000e+00   0.0000000e+00   1.5278370e-05   2.0719794e-05   2.0376112e-05   1.7291679e-05   1.7340773e-05   1.4508080e-05   1.0225772e-05   6.5692902e-06   4.9518885e-06   3.6917600e-06   2.9165412e-06   2.3825610e-06   1.7922791e-06   1.0250114e-06   1.2556081e-06   3.9179866e-07   6.1451192e-07   1.4367755e-07   1.4084848e-07   1.3781143e-07   3.1304250e-08
   0.0000000e+00   0.0000000e+00   1.5255538e-05   2.0899322e-05   2.0142406e-05   1.7273491e-05   1.7394514e-05   1.4511237e-05   9.8886458e-06   7.0353103e-06   4.8835955e-06   3.6572458e-06   2.8984928e-06   2.1999676e-06   1.9237341e-06   1.2810182e-06   8.7376145e-07   5.4840837e-07   5.8894204e-07   2.3967047e-07   3.1620533e-07  -1.7791898e-09  -1.9344899e-08
   0.0000000e+00   0.0000000e+00   1.5506479e-05   2.0644035e-05   2.0428830e-05   1.7198132e-05   1.7351396e-05   1.4730496e-05   9.8441724e-06   6.6744760e-06   4.8880538e-06   3.8511885e-06   2.9948872e-06   2.2416950e-06   1.9205668e-06   1.1484132e-06   9.8632563e-07   6.3790003e-07   6.3077135e-07   9.8891412e-08   2.8083360e-07   2.2380270e-07   4.0473399e-08
   0.0000000e+00   0.0000000e+00   1.5384025e-05   2.0808908e-05   2.0304384e-05   1.7180097e-05   1.7345459e-05   1.4755262e-05   1.0015347e-05   6.7342953e-06   4.9149198e-06   3.6490271e-06   2.9138585e-06   2.2433330e-06   1.9342883e-06   1.3869786e-06   8.5486715e-07   6.1689576e-07   5.5087912e-07   4.4048045e-07   2.6078399e-07   3.5452186e-09   6.8963359e-08
   0.0000000e+00   0.0000000e+00   1.5333240e-05   2.0748459e-05   2.0356238e-05   1.7285398e-05   1.7230470e-05   1.4433820e-05   1.0095359e-05   6.6489224e-06   5.0170847e-06   3.7546163e-06   3.0181893e-06   2.4169431e-06   1.5537663e-06   1.3804872e-06   1.0719456e-06   5.6624151e-07   5.6341753e-07   3.3274731e-07   2.8329617e-07   1.4752487e-07   2.4119143e-07
   0.0000000e+00   0.0000000e+00   1.5240563e-05   2.0858111e-05   2.0325177e-05   1.7249738e-05   1.7604329e-05   1.4590830e-05   9.9517129e-06   6.7882770e-06   4.6917730e-06   3.6915815e-06   2.8366571e-06   2.5087631e-06   1.7888757e-06   1.4376860e-06   7.9861042e-07   7.7652379e-07   3.7191427e-07   5.5761069e-07   2.7913799e-07   1.6963012e-08   1.3931806e-07
   0.0000000e+00   0.0000000e+00   1.5400759e-05   2.0686482e-05   2.0323234e-05   1.7194028e-05   1.7272550e-05   1.4796782e-05   9.8526707e-06   6.7596784e-06   4.9796718e-06   3.7525240e-06   2.8853422e-06   2.2301326e-06   1.8460009e-06   1.3286334e-06   8.8978231e-07   8.5420879e-07   3.7225811e-07   3.4773183e-07   3.5404102e-07   9.4156221e-08  -1.5876333e-08
   0.0000000e+00   0.0000000e+00   1.5423231e-05   2.0751369e-05   2.0213563e-05   1.7465112e-05   1.7176188e-05   1.4682801e-05   1.0006103e-05   6.6437192e-06   4.7701419e-06   3.6612828e-06   2.7713972e-06   2.4531016e-06   1.8682285e-06   1.2692789e-06   8.1256474e-07   8.0256518e-07   5.5332981e-07   1.9208957e-07   2.8341225e-07   5.2472281e-08   1.7822013e-07
   0.0000000e+00   0.0000000e+00   1.5350639e-05   2.0847050e-05   2.0304196e-05   1.7138258e-05   1.7547318e-05   1.4505034e-05   1.0038020e-05   6.8453073e-06   4.8299457e-06   3.5478333e-06   3.0279118e-06   2.0662519e-06   1.8105844e-06   1.4032065e-06   9.8218811e-07   6.2719948e-07   4.8565079e-07   4.5931117e-07   2.2050257e-07  -7.8587608e-09  -2.5588193e-08
   0.0000000e+00   0.0000000e+00   1.5225296e-05   2.0684494e-05   2.0439666e-05   1.7186498e-05   1.7311544e-05   1.4634211e-05   1.0041991e-05   6.4101941e-06   5.0298904e-06   3.6906740e-06   2.6958944e-06   2.3712489e-06   1.7301304e-06   1.2198844e-06   1.1301596e-06   6.2758016e-07   6.1095056e-07   3.9818968e-07   2.1133151e-07   2.5093374e-07  -3.3138249e-08
   0.0000000e+00   0.0000000e+00   1.5384219e-05   2.0726720e-05   2.0371894e-05   1.7100905e-05   1.7469318e-05   1.4737484e-05   9.8336686e-06   6.9433740e-06   4.7288418e-06   3.6678985e-06   2.7319827e-06   2.3356845e-06   1.8258897e-06   1.1991730e-06   1.0056493e-06   7.0353286e-07   7.5560388e-07   3.4047608e-07   3.2486221e-07   2.2240214e-07   8.1119687e-08
   0.0000000e+00   0.0000000e+00   1.5434409e-05   2.0741583e-05   2.0200598e-05   1.7351407e-05   1.7122842e-05   1.4630117e-05   9.8850724e-06   6.8228451e-06   4.8149013e-06   3.7665959e-06   2.9853347e-06   2.1386090e-06   1.7522511e-06   1.3119123e-06   1.0177680e-06   7.1899973e-07   4.9264099e-07   5.1284951e-07   2.8819545e-07   2.8483896e-07  -3.2016839e-08
   0.0000000e+00   0.0000000e+00   1.5270507e-05   2.1011239e-05   2.0143158e-05   1.7364959e-05   1.7410515e-05   1.4523131e-05   9.9554554e-06   6.7328142e-06   4.7590966e-06   3.5564342e-06   2.9618877e-06   2.3584155e-06   1.8070849e-06   1.3691874e-06   8.0840209e-07   7.7787354e-07   6.2659922e-07   4.0243532e-07   2.7067870e-07   2.6392985e-07   7.7801296e-08
   0.0000000e+00   0.0000000e+00   1.5197819e-05   2.0662363e-05   2.0434207e-05   1.7158465e-05   1.7296081e-05   1.4512650e-05   9.9928766e-06   6.6038856e-06   5.1601073e-06   3.6399401e-06   2.8049778e-06   2.3331418e-06   1.8234462e-06   1.2966725e-06   9.5599160e-07   8.1903187e-07   4.3277734e-07   4.8518552e-07   2.0494556e-07   2.7020766e-07   1.8398748e-07
   0.0000000e+00   0.0000000e+00   1.5554628e-05   2.0628579e-05   2.0428950e-05   1.7114855e-05   1.7291766e-05   1.4689920e-05   9.9878198e-06   6.3436155e-06   4.9370142e-06   3.6363294e-06   2.8685586e-06   2.3912105e-06   1.6895467e-06   1.5419008e-06   9.6601673e-07   6.1729315e-07   4.6231568e-07   5.7346227e-07   3.9999148e-07  -1.3490604e-08   7.9659834e-08
   0.0000000e+00   0.0000000e+00   1.5335583e-05   2.0911062e-05   2.0225778e-05   1.7356495e-05   1.7214972e-05   1.4452141e-05   9.8989549e-06   6.8897562e-06   4.6463633e-06   3.8111161e-06   2.9042385e-06   2.2593902e-06   1.8435537e-06   1.2630690e-06   1.0660153e-06   8.6433386e-07   6.0354307e-07   4.5651953e-07   7.3441684e-09   4.5721632e-07   9.5795642e-08
   0.0000000e+00   0.0000000e+00   1.5314661e-05   2.0866515e-05   2.0297013e-05   1.7200435e-05   1.7343673e-05   1.4529670e-05   9.7514112e-06   6.8576383e-06   4.8181228e-06   3.5180797e-06   2.7514584e-06   2.4135520e-06   1.9239944e-06   1.3149239e-06   1.0114277e-06   6.4229357e-07   8.0861298e-07   4.2623731e-07   3.1132825e-07   1.7398827e-07   4.5526138e-09
   0.0000000e+00   0.0000000e+00   1.5312962e-05   2.0853422e-05   2.0293619e-05   1.7175975e-05   1.7443439e-05   1.4491129e-05   9.8338433e-06   6.3690222e-06   4.9837895e-06   3.6861884e-06   3.0110391e-06   2.1838571e-06   1.7757936e-06   1.2041835e-06   1.1447489e-06   8.8453459e-07   5.9509938e-07   4.3289035e-07   2.9505671e-07   4.0365742e-07  -6.6449125e-08
   0.0000000e+00   0.0000000e+00   1.5579575e-05   2.0541644e-05   2.0518954e-05   1.7200518e-05   1.7163096e-05   1.4513163e-05   1.0123937e-05   6.4863284e-06   4.8981842e-06   3.5151181e-06   2.6789387e-06   2.4167236e-06   1.7905669e-06   1.3929645e-06   9.7443899e-07   6.2823398e-07   7.1277782e-07   6.5010386e-07   2.5951667e-07   3.4390391e-07  -5.4006016e-08
   0.0000000e+00   0.0000000e+00   1.5324895e-05   2.1012582e-05   2.0189136e-05   1.7351764e-05   1.7253144e-05   1.4478984e-05   9.8200571e-06   6.6001899e-06   4.7741637e-06   3.6432318e-06   3.0630415e-06   2.1970388e-06   1.7139533e-06   1.2823938e-06   9.5325180e-07   7.7171939e-07   6.4522573e-07   5.5890683e-07   3.0379857e-07   3.5731392e-07   2.5780361e-07
   0.0000000e+00   0.0000000e+00   1.5193746e-05   2.0935640e-05   2.0295514e-05   1.7259314e-05   1.7349685e-05   1.4678434e-05   9.7525271e-06   6.7043575e-06   4.6953119e-06   3.7049713e-06   2.7400199e-06   2.3173934e-06   1.8468724e-06   1.3231744e-06   9.4489189e-07   7.6364847e-07   4.2040236e-07   6.2497389e-07   5.6625049e-07   9.7824341e-08   8.7239066e-08
   0.0000000e+00   0.0000000e+00   1.5512916e-05   2.0683317e-05   2.0394506e-05   1.7208282e-05   1.7280638e-05   1.4499457e-05   9.8267101e-06   6.8545860e-06   4.7159083e-06   3.7335508e-06   2.7549927e-06   2.3435439e-06   1.9019102e-06   1.1941188e-06   8.4640988e-07   1.0909929e-06   4.4092045e-07   4.5270613e-07   3.2406300e-07   3.8170216e-07   2.0076773e-07
   0.0000000e+00   0.0000000e+00   1.5435344e-05   2.0703601e-05   2.0410171e-05   1.7170796e-05   1.7488408e-05   1.4496226e-05   9.9672188e-06   6.4186220e-06   4.9722939e-06   3.5800622e-06   2.9703801e-06   2.2623478e-06   1.7206553e-06   1.5488320e-06   8.2805582e-07   7.4855859e-07   6.2409424e-07   5.6568712e-07   4.1298975e-07   5.2324403e-08   1.2242842e-07
   0.0000000e+00   0.0000000e+00   1.5236674e-05   2.0878098e-05   2.0256357e-05   1.7281815e-05   1.7272447e-05   1.4611323e-05   1.0030583e-05   6.5823979e-06   4.9011737e-06   3.6041333e-06   2.9733383e-06   2.3808959e-06   1.7466383e-06   1.3279675e-06   1.0881303e-06   7.1021827e-07   6.1123416e-07   4.8810188e-07   3.1346582e-07   1.4456442e-07   1.8080016e-07
   0.0000000e+00   0.0000000e+00   1.5382200e-05   2.0957043e-05   2.0282554e-05   1.7196318e-05   1.7234595e-05   1.4571905e-05   9.8913724e-06   6.8111517e-06   4.8156544e-06   3.6855524e-06   2.8002848e-06   2.4206365e-06   1.9229769e-06   1.3396435e-06   9.6854342e-07   7.9785002e-07   6.4749565e-07   4.1656995e-07   2.4461016e-07   2.9451994e-07  -6.7049704e-08
   0.0000000e+00   0.0000000e+00   1.5422787e-05   2.0609657e-05   2.0392927e-05   1.7431215e-05   1.7190674e-05   1.4595830e-05   9.9278550e-06   6.5965510e-06   4.8195602e-06   3.9064903e-06   2.8167892e-06   2.3721429e-06   1.9643630e-06   1.2304400e-06   1.2080028e-06   7.8752333e-07   5.4297652e-07   3.4410417e-07   4.3818210e-07   7.2491460e-08  -3.3310034e-08
   0.0000000e+00   0.0000000e+00   1.5467440e-05   2.0696280e-05   2.0345466e-05   1.7085977e-05   1.7553457e-05   1.4559321e-05   9.8059800e-06   6.8574186e-06   4.7545436e-06   3.6170100e-06   2.9271937e-06   2.3432281e-06   1.9639369e-06   1.3840055e-06   1.0788211e-06   6.8278541e-07   8.2789484e-07   3.5027153e-07   2.2629291e-07   2.7643253e-07  -3.2209060e-09
   0.0000000e+00   0.0000000e+00   1.5208871e-05   2.0995307e-05   2.0241258e-05   1.7245367e-05   1.7203896e-05   1.4522101e-05   1.0067943e-05   6.4381165e-06   5.0690337e-06   3.4948737e-06   2.8946895e-06   2.4510455e-06   1.7301973e-06   1.4479308e-06   1.0514508e-06   7.6290081e-07   6.6080366e-07   5.2919188e-07   2.2671419e-07   1.9296509e-07   2.4520699e-07
   0.0000000e+00   0.0000000e+00   1.5300600e-05   2.0949496e-05   2.0345289e-05   1.7175922e-05   1.7357648e-05   1.4558777e-05   9.9614917e-06   6.6261769e-06   4.8537277e-06   3.4724778e-06   3.0507440e-06   2.1996086e-06   1.8694745e-06   1.4489877e-06   1.0468600e-06   6.7398275e-07   6.0772982e-07   4.4817801e-07   4.7924709e-07   1.7518417e-07   4.2676536e-08
   0.0000000e+00   0.0000000e+00   1.5536945e-05   2.0452777e-05   2.0455338e-05   1.7350863e-05   1.7174925e-05   1.4563080e-05   9.8642249e-06   6.7102860e-06   4.6995660e-06   3.8787293e-06   2.7113276e-06   2.3099990e-06   1.9918728e-06   1.2353828e-06   9.4362423e-07   8.9442938e-07   4.8360374e-07   3.9094056e-07   4.0000583e-07   1.3851206e-07   3.3081176e-07
   0.0000000e+00   0.0000000e+00   1.5353769e-05   2.0867881e-05   2.0295040e-05   1.7203345e-05   1.7457574e-05   1.4577053e-05   9.7604507e-06   6.8233758e-06   4.6867995e-06   3.6006350e-06   2.8100519e-06   2.3548323e-06   1.8664489e-06   1.5064028e-06   7.8500136e-07   7.7071400e-07   5.5733614e-07   3.7713494e-07   3.5202007e-07   1.9456793e-07   4.8892012e-08
   0.0000000e+00   0.0000000e+00   1.5317266e-05   2.0973082e-05   2.0231591e-05   1.7199125e-05   1.7343227e-05   1.4477584e-05   9.9823455e-06   6.6009393e-06   4.8724137e-06   3.7945456e-06   2.8058578e-06   2.4165320e-06   1.6719215e-06   1.3796839e-06   1.1672647e-06   6.4252487e-07   4.6050809e-07   4.8109888e-07   3.1176913e-07   1.7668754e-07   2.0726446e-07
   0.0000000e+00   0.0000000e+00   1.5307134e-05   2.0844891e-05   2.0368660e-05   1.7341019e-05   1.7214936e-05   1.4619255e-05   9.9261297e-06   6.5725767e-06   4.9704659e-06   3.4558273e-06   2.9104131e-06   2.5350139e-06   1.8293634e-06   1.4190690e-06   9.1749797e-07   7.1560282e-07   7.6773352e-07   2.4505803e-07   4.5383896e-07   1.6090605e-07   7.7710830e-08
   0.0000000e+00   0.0000000e+00   1.5428672e-05   2.0654885e-05   2.0485057e-05   1.7295764e-05   1.7301203e-05   1.4485016e-05   1.0025817e-05   6.5749241e-06   4.9555924e-06   3.8497346e-06   2.8532013e-06   2.2949082e-06   1.9531215e-06   1.4284913e-06   9.6923861e-07   8.9241956e-07   6.1381377e-07   3.4034537e-07   3.3369301e-07   3.1205136e-07   1.1198864e-07
   0.0000000e+00   0.0000000e+00   1.5456024e-05   2.0787085e-05   2.0381569e-05   1.7161579e-05   1.7383796e-05   1.4724865e-05   9.7157499e-06   6.8639279e-06   4.7139115e-06   3.6966028e-06   3.0633382e-06   2.1319308e-06   2.1071705e-06   1.3814356e-06   1.1978452e-06   5.7451808e-07   6.3140374e-07   5.1436319e-07   4.5925469e-07   6.8132032e-08   1.4850553e-07
   0.0000000e+00   0.0000000e+00   1.5325990e-05   2.0969133e-05   2.0205918e-05   1.7297623e-05   1.7502945e-05   1.4398751e-05   9.9233857e-06   6.8053382e-06   4.8216589e-06   3.6980114e-06   2.9425448e-06   2.5414802e-06   1.8066937e-06   1.3455684e-06   1.1308827e-06   8.7879943e-07   6.4008435e-07   3.5620511e-07   2.7930116e-07   1.1354122e-07   4.2640099e-07
   0.0000000e+00   0.0000000e+00   1.5371897e-05   2.0821555e-05   2.0381158e-05   1.7330060e-05   1.7199012e-05   1.4608861e-05   1.0076912e-05   6.5101653e-06   5.0528456e-06   3.6192187e-06   2.7452393e-06   2.4139633e-06   2.0070941e-06   1.4498967e-06   1.1167738e-06   7.5670442e-07   5.7669041e-07   5.3679838e-07   3.8227594e-07   7.9813837e-08  -1.1003733e-08
   0.0000000e+00   0.0000000e+00   1.5441310e-05   2.0800146e-05   2.0478754e-05   1.7180429e-05   1.7283010e-05   1.4774929e-05   9.9406816e-06   6.4719416e-06   4.9858359e-06   3.7555949e-06   2.9257433e-06   2.3875261e-06   1.7607679e-06   1.5826862e-06   1.0146539e-06   9.5758548e-07   6.8333043e-07   2.7363220e-07   4.3710250e-07   2.3148607e-07   1.4803493e-07
   0.0000000e+00   0.0000000e+00   1.5248408e-05   2.0870180e-05   2.0273041e-05   1.7216627e-05   1.7475981e-05   1.4414295e-05   1.0035884e-05   6.7933029e-06   4.9038945e-06   3.5889746e-06   2.9159337e-06   2.4848316e-06   1.8041950e-06   1.6338357e-06   9.3317686e-07   8.7812327e-07   7.4485513e-07   5.0266237e-07   3.8864266e-07   1.8578265e-07   2.2563168e-07
   0.0000000e+00   0.0000000e+00   1.5442440e-05   2.0786569e-05   2.0317309e-05   1.7176772e-05   1.7437382e-05   1.4551114e-05   9.7759848e-06   6.8542658e-06   4.8006905e-06   3.7338709e-06   2.9840758e-06   2.3269599e-06   1.8515158e-06   1.5277683e-06   1.1045156e-06   8.0650841e-07   6.1830906e-07   5.3185727e-07   4.2909201e-07   2.3358835e-07   1.8596546e-07
   0.0000000e+00   0.0000000e+00   1.5484940e-05   2.0813344e-05   2.0302859e-05   1.7384773e-05   1.7101687e-05   1.4708464e-05   1.0113101e-05   6.4961991e-06   4.9187011e-06   3.7844538e-06   2.9126791e-06   2.3683278e-06   1.9904753e-06   1.2604070e-06   1.2212087e-06   7.4304000e-07   5.6474340e-07   5.7223525e-07   2.5118678e-07   2.5653620e-07   2.0275280e-07
   0.0000000e+00   0.0000000e+00   1.5249620e-05   2.0823365e-05   2.0441172e-05   1.7003542e-05   1.7352395e-05   1.4552992e-05   9.9972158e-06   6.6795033e-06   4.9967293e-06   3.6304386e-06   2.8869322e-06   2.4100323e-06   1.9876334e-06   1.3224300e-06   1.1940706e-06   6.8154407e-07   6.4681853e-07   4.1912563e-07   3.8700352e-07   1.2262821e-07   1.8636860e-07
   0.0000000e+00   0.0000000e+00   1.5313721e-05   2.0708716e-05   2.0290296e-05   1.7276439e-05   1.7352995e-05   1.4520066e-05   9.7111651e-06   6.8150889e-06   4.8879142e-06   3.5328815e-06   3.2334685e-06   2.2646771e-06   1.9003447e-06   1.3313189e-06   1.1047377e-06   8.4084365e-07   5.8046209e-07   5.1362679e-07   2.8707481e-07   2.6817716e-07  -4.2593187e-09
   0.0000000e+00   0.0000000e+00   1.5373475e-05   2.0870037e-05   2.0153211e-05   1.7284248e-05   1.7262262e-05   1.4551248e-05   1.0015229e-05   6.6180251e-06   4.9537884e-06   3.6996512e-06   2.8261838e-06   2.4321425e-06   1.8839994e-06   1.4849796e-06   9.5404562e-07   7.0431128e-07   7.5951885e-07   3.3085109e-07   4.4367582e-07   2.7834844e-07  -1.1306693e-07
   0.0000000e+00   0.0000000e+00   1.5427240e-05   2.0697698e-05   2.0435504e-05   1.7117572e-05   1.7131319e-05   1.4669721e-05   9.9185536e-06   6.5630447e-06   4.7378517e-06   3.9804390e-06   2.6384689e-06   2.4423148e-06   1.8915014e-06   1.3498237e-06   9.3089324e-07   9.1961988e-07   5.2423258e-07   3.7646302e-07   3.7814704e-07   2.0009307e-07   9.3763163e-08
   0.0000000e+00   0.0000000e+00   1.5360394e-05   2.0705327e-05   2.0257668e-05   1.7302353e-05   1.7324290e-05   1.4414900e-05   9.9422004e-06   6.6767279e-06   4.7526405e-06   3.6525678e-06   2.8501693e-06   2.3757739e-06   1.6148352e-06   1.3849120e-06   1.0558056e-06   7.9418015e-07   4.0560997e-07   5.2662853e-07   3.8473596e-07   2.1101187e-07  -7.9326732e-08
   0.0000000e+00   0.0000000e+00   1.5231717e-05   2.0849033e-05   2.0241359e-05   1.7102951e-05   1.7461096e-05   1.4477958e-05   9.8771834e-06   6.8673316e-06   4.6519895e-06   3.4824479e-06   2.8622042e-06   2.3643984e-06   1.7131057e-06   1.3008872e-06   8.7480743e-07   8.0238954e-07   5.3945013e-07   5.2084647e-07   2.5839773e-07   2.0435704e-07   3.1692258e-07
   0.0000000e+00   0.0000000e+00   1.5364512e-05   2.0775926e-05   2.0413956e-05   1.7192018e-05   1.7162154e-05   1.4721942e-05   9.7892016e-06   6.6287980e-06   4.9626369e-06   3.4970292e-06   2.8659133e-06   1.9375086e-06   1.9778524e-06   1.2746760e-06   7.4341108e-07   9.1531791e-07   3.9941023e-07   5.0151328e-07   3.2639704e-07   1.7981172e-07   1.8035040e-07
   0.0000000e+00   0.0000000e+00   1.5384392e-05   2.0827996e-05   2.0230138e-05   1.7361057e-05   1.7290113e-05   1.4543722e-05   1.0124782e-05   6.4670662e-06   4.8988386e-06   3.7318459e-06   2.6371438e-06   2.2298136e-06   1.7944157e-06   1.1754418e-06   9.0169294e-07   8.0488684e-07   4.2430540e-07   4.5511288e-07   4.0531157e-07   9.6159880e-08   7.3650575e-08
   0.0000000e+00   0.0000000e+00   1.5399626e-05   2.0711148e-05   2.0305617e-05   1.7176224e-05   1.7456423e-05   1.4512598e-05   1.0000521e-05   6.8436216e-06   4.7016233e-06   3.5932835e-06   2.8572774e-06   2.2969280e-06   1.7382308e-06   1.1895139e-06   1.0389959e-06   6.1938584e-07   5.8320677e-07   4.3800554e-07   1.8875419e-07   3.1559199e-07   1.4784614e-07
   0.0000000e+00   0.0000000e+00   1.5408903e-05   2.0854282e-05   2.0353435e-05   1.7259834e-05   1.7247416e-05   1.4744232e-05   9.9164899e-06   6.6811181e-06   4.9084924e-06   3.6840725e-06   2.8489187e-06   2.2992015e-06   1.5315964e-06   1.5350258e-06   1.0766493e-06   4.2365573e-07   7.7937034e-07   3.7904476e-07   2.4371565e-07   2.3443357e-07   2.5285761e-08
   0.0000000e+00   0.0000000e+00   1.5185287e-05   2.0822237e-05   2.0368430e-05   1.7273545e-05   1.7359149e-05   1.4580040e-05   1.0002363e-05   6.7466558e-06   4.8301713e-06   3.7047712e-06   2.8577438e-06   2.3226951e-06   1.8054852e-06   1.2759987e-06   1.0305544e-06   6.5735787e-07   7.6625264e-07   3.3812637e-07   3.1120808e-07   3.5379225e-07  -1.5287226e-07
   0.0000000e+00   0.0000000e+00   1.5557298e-05   2.0675243e-05   2.0347341e-05   1.7250170e-05   1.7322291e-05   1.4644801e-05   9.9221379e-06   6.7121964e-06   4.9394707e-06   3.6175622e-06   2.8069996e-06   2.4021217e-06   1.9138308e-06   1.3130790e-06   9.0784170e-07   7.7316594e-07   6.7390727e-07   3.3180297e-07   5.0487256e-07   2.9745505e-07   2.4518249e-08
   0.0000000e+00   0.0000000e+00   1.5348616e-05   2.0920148e-05   2.0247757e-05   1.7251734e-05   1.7520988e-05   1.4463365e-05   1.0033967e-05   6.5979589e-06   4.8537959e-06   3.7132734e-06   3.0873139e-06   2.1137275e-06   1.9383492e-06   1.3344721e-06   1.0961670e-06   6.0160841e-07   5.6213219e-07   5.1980049e-07   2.6994630e-07   3.9022913e-07   2.0188011e-07
   0.0000000e+00   0.0000000e+00   1.5198311e-05   2.0854322e-05   2.0485400e-05   1.7057097e-05   1.7312470e-05   1.4786850e-05   9.8665059e-06   6.6648772e-06   4.9953846e-06   3.4842240e-06   3.0292517e-06   2.4471196e-06   1.8138331e-06   1.3640181e-06   1.0629368e-06   6.5554150e-07   4.8196671e-07   6.1391279e-07   8.4745068e-08   2.3224185e-07   4.2163566e-07
   0.0000000e+00   0.0000000e+00   1.5551785e-05   2.0571262e-05   2.0294583e-05   1.7527867e-05   1.7105820e-05   1.4556569e-05   9.9516246e-06   6.6497259e-06   4.8303873e-06   3.7797784e-06   2.8324914e-06   2.3254593e-06   2.0987441e-06   1.3548280e-06   1.0455277e-06   8.1059210e-07   3.1853040e-07   5.3055146e-07   2.7113990e-07   5.0394092e-08   2.0477816e-07
   0.0000000e+00   0.0000000e+00   1.5327525e-05   2.0912104e-05   2.0269599e-05   1.7244927e-05   1.7446111e-05   1.4609172e-05   9.8287283e-06   6.6416992e-06   4.8274346e-06   3.7910195e-06   2.8508130e-06   2.4793014e-06   1.7601540e-06   1.5676864e-06   9.6676854e-07   9.1735092e-07   4.9602386e-07   2.1875624e-07   5.0250139e-07  -1.1552729e-08  -2.7841615e-08
   0.0000000e+00   0.0000000e+00   1.5314836e-05   2.0870633e-05   2.0308080e-05   1.7094719e-05   1.7447355e-05   1.4484568e-05   1.0040444e-05   6.7260844e-06   4.7207573e-06   3.7004170e-06   3.0425979e-06   2.4177912e-06   1.8435817e-06   1.5037745e-06   8.3369207e-07   1.0318518e-06   5.7550398e-07   2.5067826e-07   2.4902027e-07   1.4608307e-07   1.5075167e-07
   0.0000000e+00   0.0000000e+00   1.5231087e-05   2.0814237e-05   2.0379644e-05   1.7121027e-05   1.7319056e-05   1.4693211e-05   9.6855865e-06   6.6960206e-06   4.9154414e-06   3.6207207e-06   2.9418406e-06   2.4964543e-06   1.7745093e-06   1.6644375e-06   1.0623945e-06   4.9212986e-07   8.2396292e-07   3.3432474e-07   1.5725172e-07   2.1551629e-07  -4.7718749e-09
   0.0000000e+00   0.0000000e+00   1.5449514e-05   2.0532443e-05   2.0349889e-05   1.7476741e-05   1.7240758e-05   1.4524712e-05   1.0047034e-05   6.4921237e-06   4.8146062e-06   3.7744071e-06   2.9111836e-06   2.4051824e-06   1.9144813e-06   1.2865995e-06   1.2203035e-06   7.4139882e-07   4.5387179e-07   5.6673650e-07   2.3664694e-07  -1.3842038e-08   1.2191026e-07
   0.0000000e+00   0.0000000e+00   1.5558418e-05   2.0846493e-05   2.0279245e-05   1.7152230e-05   1.7318165e-05   1.4667588e-05   9.8176079e-06   6.8187255e-06   4.6987311e-06   3.6547540e-06   2.9495111e-06   2.3798857e-06   2.0769255e-06   1.2068128e-06   9.9972340e-07   8.1158487e-07   5.1913628e-07   3.3400769e-07   3.4842557e-07   1.9566197e-07  -1.4946589e-07
   0.0000000e+00   0.0000000e+00   1.5051476e-05   2.0959174e-05   2.0291509e-05   1.7201230e-05   1.7428218e-05   1.4447274e-05   9.9918761e-06   6.5522931e-06   4.6732121e-06   3.8695357e-06   2.9575313e-06   2.2520139e-06   2.0495595e-06   1.2420436e-06   1.0043935e-06   7.4175045e-07   5.1230762e-07   3.3504335e-07   1.7576794e-07   1.9141942e-07   1.8893672e-07
   0.0000000e+00   0.0000000e+00   1.5496420e-05   2.0737143e-05   2.0287342e-05   1.7190414e-05   1.7447126e-05   1.4626200e-05   9.8667333e-06   6.6991192e-06   4.9029136e-06   3.3627734e-06   3.1413729e-06   2.3971979e-06   1.8179696e-06   1.4748337e-06   8.6678068e-07   6.5507055e-07   5.4737831e-07   4.7300881e-07   1.6411558e-07   4.2276678e-08   2.0750051e-07
   0.0000000e+00   0.0000000e+00   1.5475100e-05   2.0713724e-05   2.0444022e-05   1.7409322e-05   1.6957894e-05   1.4723652e-05   9.8197397e-06   6.5728627e-06   5.1253860e-06   3.6121144e-06   2.7566098e-06   2.7851975e-06   1.6350730e-06   1.4167133e-06   9.7152497e-07   6.5458596e-07   6.2228600e-07   2.8243593e-07   3.5859162e-07   1.7382693e-07   3.1023177e-09
   0.0000000e+00   0.0000000e+00   1.5244875e-05   2.0956350e-05   2.0377889e-05   1.7185987e-05   1.7558112e-05   1.4451365e-05   9.9764775e-06   6.5692243e-06   4.7038211e-06   3.9025458e-06   2.9372225e-06   2.3061675e-06   1.9914596e-06   1.3907140e-06   9.1567483e-07   8.0681315e-07   4.3754034e-07   4.8807652e-07   3.3409734e-07   1.8960148e-07   9.0845916e-08
   0.0000000e+00   0.0000000e+00   1.5466236e-05   2.0699075e-05   2.0379204e-05   1.7174445e-05   1.7405146e-05   1.4519608e-05   1.0007355e-05   6.6797670e-06   4.7613685e-06   3.8591811e-06   2.9277480e-06   2.4049971e-06   1.7641320e-06   1.5206433e-06   8.1524360e-07   7.5452436e-07   5.8559340e-07   4.6459346e-07   2.8926405e-07   1.4507602e-07   2.1799130e-07
   0.0000000e+00   0.0000000e+00   1.5360554e-05   2.0887372e-05   2.0448837e-05   1.7296574e-05   1.7303952e-05   1.4451319e-05   9.8524679e-06   6.8587574e-06   4.7333742e-06   3.5363173e-06   3.1444226e-06   2.3981620e-06   1.9427387e-06   1.1994306e-06   1.0587735e-06   6.6866045e-07   5.0036175e-07   4.9812718e-07   1.4699745e-07   2.6327956e-07  -1.8373887e-08
   0.0000000e+00   0.0000000e+00   1.5405451e-05   2.0875852e-05   2.0246573e-05   1.7437265e-05   1.7318906e-05   1.4761051e-05   9.7078837e-06   6.5267132e-06   5.1912980e-06   3.4900149e-06   2.9109374e-06   2.3538903e-06   1.8779185e-06   1.3836811e-06   9.1798938e-07   7.8819824e-07   4.7388318e-07   4.1030657e-07   3.2078148e-07   4.7173582e-08   1.1619881e-07
   0.0000000e+00   0.0000000e+00   1.5305584e-05   2.0704769e-05   2.0360716e-05   1.7269049e-05   1.7208027e-05   1.4726298e-05   9.9850622e-06   6.4176947e-06   4.9552227e-06   3.7531061e-06   2.7423901e-06   2.3046205e-06   1.9076344e-06   1.2990635e-06   9.4238140e-07   7.4437872e-07   6.0002890e-07   2.5525875e-07   3.0935942e-07   1.2784066e-07   9.8614308e-09
   0.0000000e+00   0.0000000e+00   1.5246790e-05   2.0936039e-05   2.0369209e-05   1.7160599e-05   1.7544213e-05   1.4309862e-05   1.0011701e-05   6.9453354e-06   4.3639325e-06   3.7669722e-06   2.9824589e-06   2.3408656e-06   1.7017370e-06   1.4309226e-06   9.2100174e-07   6.9799086e-07   6.4255687e-07   3.5566728e-07   2.5144413e-07   1.1821559e-07   4.2938616e-08
   0.0000000e+00   0.0000000e+00   1.5662878e-05   2.0507734e-05   2.0386902e-05   1.7320868e-05   1.7261480e-05   1.4721513e-05   9.9640329e-06   6.5287336e-06   5.0585490e-06   3.5157088e-06   2.8588283e-06   2.3080324e-06   1.7263889e-06   1.4318147e-06   1.0511774e-06   6.5665131e-07   5.1638210e-07   4.8548372e-07   4.5241060e-07  -9.6568389e-09   8.9729078e-08
   0.0000000e+00   0.0000000e+00   1.5189373e-05   2.0972539e-05   2.0158705e-05   1.7161079e-05   1.7443010e-05   1.4761042e-05   9.7940574e-06   6.7043402e-06   4.7909111e-06   3.7763336e-06   2.6691603e-06   2.4165515e-06   1.8909175e-06   1.2186443e-06   1.0143433e-06   7.6940961e-07   5.8695429e-07   4.1869421e-07   2.1225772e-07   2.9288142e-07   2.1639804e-07
   0.0000000e+00   0.0000000e+00   1.5160677e-05   2.0769425e-05   2.0318879e-05   1.7300687e-05   1.7270200e-05   1.4472639e-05   1.0201802e-05   6.6482512e-06   4.9235341e-06   3.5923238e-06   2.9384312e-06   2.1422677e-06   1.9496169e-06   1.3390732e-06   9.4131320e-07   7.7300638e-07   5.9663955e-07   2.7616713e-07   3.4636705e-07   1.9137542e-07   1.0392633e-07
   0.0000000e+00   0.0000000e+00   1.5394289e-05   2.0673275e-05   2.0271907e-05   1.7208748e-05   1.7499193e-05   1.4454620e-05   1.0056389e-05   6.8435206e-06   4.7227895e-06   3.6559347e-06   3.0442570e-06   2.2220006e-06   1.7996570e-06   1.3909862e-06   8.8468147e-07   8.1705400e-07   5.5501317e-07   4.3330593e-07   3.7605668e-07   1.6865464e-08   1.3451694e-07
   0.0000000e+00   0.0000000e+00   1.5432444e-05   2.0728336e-05   2.0227470e-05   1.6963086e-05   1.7481565e-05   1.4779168e-05   9.9351164e-06   6.6962070e-06   4.9453852e-06   3.7932209e-06   2.8204015e-06   2.3632429e-06   1.7668066e-06   1.2553600e-06   1.0540949e-06   7.2036454e-07   6.7930807e-07   3.4769781e-07   2.8130185e-07   2.2292772e-07   2.1610816e-07
   0.0000000e+00   0.0000000e+00   1.5240688e-05   2.0694048e-05   2.0368831e-05   1.7394157e-05   1.6774817e-05   1.4894456e-05   1.0025314e-05   6.6163616e-06   5.2713117e-06   3.6515719e-06   2.7246922e-06   2.4758735e-06   1.7659021e-06   1.3653286e-06   9.1167408e-07   6.3455582e-07   5.6551283e-07   5.5772119e-07   3.8039667e-07   1.3696479e-07   5.0123731e-08
   0.0000000e+00   0.0000000e+00   1.5293628e-05   2.0691989e-05   2.0187848e-05   1.7253113e-05   1.7617156e-05   1.4311538e-05   1.0037981e-05   6.9086736e-06   4.7100179e-06   3.8575768e-06   3.1173176e-06   2.3552166e-06   1.6278984e-06   1.2907217e-06   9.5405903e-07   7.6548577e-07   6.1490903e-07   2.8964513e-07   4.4372123e-07   1.2121106e-07   2.4132723e-07
   0.0000000e+00   0.0000000e+00   1.5217089e-05   2.0839894e-05   1.9973353e-05   1.7165994e-05   1.7314993e-05   1.4686481e-05   1.0077454e-05   6.7797114e-06   4.9155469e-06   3.8450398e-06   2.8326651e-06   2.3327764e-06   1.9535958e-06   1.3730815e-06   7.9230801e-07   6.3450324e-07   6.2324415e-07   4.6914934e-07   2.3157581e-07   2.7004816e-07   4.5527710e-08
   0.0000000e+00   0.0000000e+00   1.5553147e-05   2.0604846e-05   2.0596550e-05   1.6838347e-05   1.7416525e-05   1.4521063e-05   1.0012039e-05   6.6920056e-06   5.1465577e-06   3.5870000e-06   3.1206071e-06   2.2721799e-06   1.8654902e-06   1.2404528e-06   9.6065605e-07   8.0083771e-07   4.6814691e-07   3.2085936e-07   3.6170488e-07   2.2527000e-07   1.1997284e-07
   0.0000000e+00   0.0000000e+00   1.5035836e-05   2.0696243e-05   2.0286203e-05   1.7434058e-05   1.7124272e-05   1.4736111e-05   1.0022452e-05   6.7325500e-06   4.7747576e-06   3.8671747e-06   2.8156421e-06   2.4549934e-06   1.8180816e-06   1.1870774e-06   1.1045269e-06   7.1414718e-07   4.2284299e-07   6.3946317e-07   2.3109743e-07   4.4810712e-08   2.6077402e-07
   0.0000000e+00   0.0000000e+00   1.5501448e-05   2.0663128e-05   1.9968942e-05   1.7290409e-05   1.7339382e-05   1.4605846e-05   9.9880617e-06   6.8188529e-06   5.0424087e-06   3.6613026e-06   2.8610234e-06   2.3045498e-06   1.6764740e-06   1.5261151e-06   9.0910231e-07   6.4322916e-07   7.7637503e-07   3.0193664e-07   3.8998718e-07   2.5065833e-07   2.6909266e-08
   0.0000000e+00   0.0000000e+00   1.5267324e-05   2.0863541e-05   2.0230267e-05   1.7031321e-05   1.7514716e-05   1.4616864e-05   9.8836672e-06   6.9408979e-06   4.7519570e-06   3.9159163e-06   2.7837386e-06   2.2488039e-06   1.8338953e-06   1.2618725e-06   8.6505162e-07   9.7373720e-07   4.9934670e-07   5.0671707e-07   2.4760485e-07   2.9347453e-07   1.4048905e-07
   0.0000000e+00   0.0000000e+00   1.5234575e-05   2.0535479e-05   2.0573745e-05   1.7095759e-05   1.7187824e-05   1.4764748e-05   1.0138770e-05   6.6947287e-06   5.0241983e-06   3.6776805e-06   2.8528289e-06   2.3293182e-06   1.5629506e-06   1.3898691e-06   9.3496857e-07   7.4012127e-07   6.5695548e-07   2.7310816e-07   5.9574586e-07   3.5371443e-08  -2.2656570e-08
   0.0000000e+00   0.0000000e+00   1.5261225e-05   2.0778738e-05   1.9933357e-05   1.7442688e-05   1.7189290e-05   1.4722606e-05   9.9456975e-06   6.8036234e-06   4.9746282e-06   3.6674951e-06   2.9253074e-06   2.2288743e-06   1.6983407e-06   1.2261024e-06   1.0627093e-06   6.8871594e-07   4.7835391e-07   4.5692877e-07   2.3738646e-07   2.1709077e-07   9.4489629e-08
   0.0000000e+00   0.0000000e+00   1.5407217e-05   2.0662612e-05   2.0262572e-05   1.7065517e-05   1.7668803e-05   1.4359819e-05   1.0222251e-05   6.7377855e-06   4.9639029e-06   3.6874669e-06   2.7909980e-06   2.1431044e-06   1.8834814e-06   1.2073062e-06   1.0082155e-06   5.8252431e-07   5.6276866e-07   5.0399547e-07   7.5132228e-08   1.8729141e-07   1.8412153e-07
   0.0000000e+00   0.0000000e+00   1.5203154e-05   2.0743011e-05   2.0177904e-05   1.7212751e-05   1.7142513e-05   1.4893771e-05   9.8065839e-06   6.8935547e-06   4.8957486e-06   3.6738647e-06   2.9107632e-06   2.2449713e-06   1.6168361e-06   1.2487299e-06   9.7558166e-07   7.1728499e-07   5.8521778e-07   1.9081877e-07   4.0488837e-07   2.0349317e-07  -1.0346507e-07
   0.0000000e+00   0.0000000e+00   1.5398124e-05   2.0383992e-05   2.0570771e-05   1.6967269e-05   1.7405990e-05   1.4518225e-05   1.0178965e-05   6.6774974e-06   4.8025636e-06   3.7182501e-06   2.7670187e-06   2.0760626e-06   2.0911066e-06   1.0321188e-06   9.7220595e-07   6.5531248e-07   4.7607330e-07   4.1563499e-07   2.4783597e-07   1.2086345e-07   9.1025655e-08
   0.0000000e+00   0.0000000e+00   1.5166951e-05   2.1034042e-05   1.9905299e-05   1.7474455e-05   1.7112328e-05   1.4805694e-05   9.9003164e-06   6.7254896e-06   5.0544581e-06   3.5166925e-06   2.9468799e-06   2.3641596e-06   1.3874377e-06   1.5270957e-06   7.5652588e-07   6.6271883e-07   6.8254900e-07   1.5058822e-07   1.5763240e-07   3.9283651e-07  -1.7481429e-07
   0.0000000e+00   0.0000000e+00   1.5394855e-05   2.0641570e-05   2.0153460e-05   1.7172959e-05   1.7488737e-05   1.4429233e-05   1.0123663e-05   6.6880616e-06   4.7712610e-06   3.8059486e-06   2.7304029e-06   2.2370948e-06   1.7997387e-06   1.3319290e-06   1.0067623e-06   4.9464978e-07   3.6829320e-07   5.4039913e-07   1.4371916e-07  -1.0018992e-07   2.5567334e-07
   0.0000000e+00   0.0000000e+00   1.5163851e-05   2.0681962e-05   2.0468282e-05   1.6975873e-05   1.7341985e-05   1.4664091e-05   9.7811153e-06   6.8697605e-06   4.7913036e-06   3.6255485e-06   2.9957796e-06   2.3856453e-06   1.6529060e-06   1.2370107e-06   9.1249672e-07   8.9483967e-07   4.1406369e-07   1.2089588e-07   2.1336965e-07   2.1687315e-07  -1.5857204e-07
   0.0000000e+00   0.0000000e+00   1.5554562e-05   2.0568123e-05   2.0382375e-05   1.7313052e-05   1.7234825e-05   1.4637201e-05   1.0125114e-05   6.5839790e-06   4.9754190e-06   3.5415853e-06   2.7781050e-06   2.2481638e-06   1.9597578e-06   1.4043785e-06   8.5774656e-07   6.9846760e-07   3.1925683e-07   5.6352957e-07   8.0081996e-08  -2.4132771e-09   5.6716630e-08
   0.0000000e+00   0.0000000e+00   1.5224457e-05   2.0945665e-05   2.0093656e-05   1.7265338e-05   1.7372238e-05   1.4713682e-05   9.6873600e-06   6.8245795e-06   4.7359176e-06   3.7570571e-06   3.0410877e-06   2.2017475e-06   1.7533692e-06   1.3737074e-06   8.6597817e-07   9.6326880e-07   4.1765801e-07   2.8563130e-07   4.4112021e-08   1.5881547e-07   1.7174159e-07
   0.0000000e+00   0.0000000e+00   1.5278794e-05   2.0764455e-05   2.0359112e-05   1.7227718e-05   1.7377111e-05   1.4481341e-05   1.0266149e-05   6.4418473e-06   5.1334773e-06   3.4073232e-06   2.8170896e-06   2.3581736e-06   1.8773319e-06   1.3998997e-06   1.0837757e-06   4.2437466e-07   6.1456916e-07   5.2820963e-07   1.8714658e-08   8.5414158e-08  -1.2341197e-07
   0.0000000e+00   0.0000000e+00   1.5316511e-05   2.0786370e-05   2.0340325e-05   1.7371833e-05   1.7296737e-05   1.4687355e-05   9.8621085e-06   6.8072841e-06   4.6750652e-06   3.9472638e-06   2.8293834e-06   2.3798386e-06   1.7178289e-06   1.3925198e-06   9.9121587e-07   9.1314882e-07   3.5072566e-07   4.2400356e-07   1.5119296e-07   1.1289523e-07  -1.7665611e-08
   0.0000000e+00   0.0000000e+00   1.5519539e-05   2.0587227e-05   2.0497848e-05   1.7201961e-05   1.7474726e-05   1.4676220e-05   9.9711060e-06   6.7389956e-06   4.8980100e-06   3.5393737e-06   2.8635379e-06   2.3660671e-06   1.9253609e-06   1.3526710e-06   1.0796094e-06   6.1996650e-07   6.8026327e-07   3.1954812e-07   1.8066122e-07   2.4026380e-07  -1.9293398e-07
   0.0000000e+00   0.0000000e+00   1.5308900e-05   2.1055324e-05   1.9999874e-05   1.7552233e-05   1.7341619e-05   1.4522446e-05   9.9522977e-06   6.8677709e-06   4.8313273e-06   3.7780210e-06   2.8931890e-06   2.3237026e-06   1.6790324e-06   1.4919077e-06   1.0006826e-06   7.6033001e-07   5.2649079e-07   3.6986236e-07   1.6470629e-07   2.3634192e-07   4.5938535e-08
   0.0000000e+00   0.0000000e+00   1.5239621e-05   2.0670826e-05   2.0729927e-05   1.7038816e-05   1.7545124e-05   1.4843770e-05   9.8930204e-06   6.4921933e-06   5.0567078e-06   3.4933410e-06   2.8913714e-06   2.3855650e-06   1.8137088e-06   1.2775998e-06   1.0316026e-06   7.2611925e-07   4.1492575e-07   3.7127174e-07   2.2883513e-07   1.8863351e-07  -5.8390739e-08
   0.0000000e+00   0.0000000e+00   1.5367825e-05   2.0708856e-05   2.0260253e-05   1.7386203e-05   1.7387689e-05   1.4645605e-05   1.0102856e-05   6.6497910e-06   4.8832012e-06   3.8486696e-06   2.7202277e-06   2.3627729e-06   1.7352121e-06   1.4097392e-06   8.9837039e-07   7.0539011e-07   4.9554728e-07   3.7771801e-07   1.1911490e-07   2.3693788e-07   1.6199989e-08
   0.0000000e+00   0.0000000e+00   1.5557567e-05   2.0813972e-05   2.0380896e-05   1.7282367e-05   1.7436087e-05   1.4504535e-05   1.0057995e-05   6.7683186e-06   4.8586899e-06   3.5894845e-06   3.0035358e-06   2.0456198e-06   1.9937404e-06   1.2550363e-06   1.0067039e-06   5.9463986e-07   5.2218695e-07   4.1484367e-07   1.6322339e-07   1.1926618e-07   2.6435860e-08
   0.0000000e+00   0.0000000e+00   1.5143585e-05   2.0839318e-05   2.0226526e-05   1.7572205e-05   1.7276358e-05   1.4792104e-05   9.8381661e-06   7.0128203e-06   4.4440931e-06   3.9041897e-06   2.8782169e-06   2.3914545e-06   1.6503162e-06   1.3150333e-06   9.1661508e-07   8.6764550e-07   4.5863459e-07   2.8934306e-07   1.5294810e-07   1.6049884e-07   4.0460147e-08
   0.0000000e+00   0.0000000e+00   1.5395181e-05   2.0854113e-05   2.0341035e-05   1.7083021e-05   1.7609400e-05   1.4589309e-05   1.0033241e-05   6.6100720e-06   5.2158775e-06   3.5047678e-06   2.8031777e-06   2.1927515e-06   1.9247454e-06   1.3005696e-06   1.0513231e-06   5.2791211e-07   6.2927194e-07   3.5778911e-07   2.4000960e-07   1.5304377e-07  -1.8756083e-07
   0.0000000e+00   0.0000000e+00   1.5315967e-05   2.0666355e-05   2.0505569e-05   1.7391580e-05   1.7206365e-05   1.4886177e-05   9.9355575e-06   6.6178791e-06   4.9692098e-06   3.7448792e-06   2.8731690e-06   2.3563468e-06   1.7506524e-06   1.2575271e-06   9.6205122e-07   8.0054008e-07   5.4081812e-07   3.0451898e-07   2.6398055e-07   1.6787507e-07   3.6169094e-08
   0.0000000e+00   0.0000000e+00   1.5466085e-05   2.0815369e-05   2.0414893e-05   1.7117465e-05   1.7704968e-05   1.4385868e-05   1.0214136e-05   6.7390106e-06   4.8973807e-06   3.5738506e-06   2.9754835e-06   2.3992736e-06   1.7773579e-06   1.3710409e-06   1.0099933e-06   5.5809829e-07   6.6406488e-07   3.1262979e-07   3.3177369e-07   2.5816485e-07  -3.5866158e-08
   0.0000000e+00   0.0000000e+00   1.5154718e-05   2.0846890e-05   2.0206066e-05   1.7602582e-05   1.7084763e-05   1.4834913e-05   9.8749142e-06   6.7745632e-06   4.7968456e-06   3.8631470e-06   2.8318127e-06   2.3678660e-06   1.9234840e-06   1.2592410e-06   1.0714643e-06   6.9959151e-07   4.5710181e-07   3.7314373e-07   3.0888069e-07   3.0090357e-07   7.3664935e-08
   0.0000000e+00   0.0000000e+00   1.5503216e-05   2.0738407e-05   2.0386675e-05   1.7194716e-05   1.7498363e-05   1.4725084e-05   9.9194713e-06   6.7804103e-06   4.8002253e-06   3.6389581e-06   2.9806315e-06   2.3422872e-06   1.9462605e-06   1.2971429e-06   9.0445980e-07   7.5344053e-07   6.0958945e-07   3.2950345e-07   2.8671985e-07   2.9023056e-07   1.9375358e-07
   0.0000000e+00   0.0000000e+00   1.5276006e-05   2.0838810e-05   2.0226165e-05   1.7406501e-05   1.7361341e-05   1.4425452e-05   1.0099826e-05   6.6367306e-06   4.8314801e-06   3.8608587e-06   2.6922869e-06   2.4149556e-06   1.7926928e-06   1.4968994e-06   1.0039856e-06   5.2296377e-07   5.1287140e-07   5.6956674e-07   4.1864376e-07   1.3705029e-07   2.4870781e-07
   0.0000000e+00   0.0000000e+00   1.5313197e-05   2.0736226e-05   2.0531063e-05   1.6986400e-05   1.7599017e-05   1.4662157e-05   9.9076224e-06   6.4051183e-06   5.0383933e-06   3.3132001e-06   3.2281562e-06   2.2086645e-06   1.8077650e-06   1.3887959e-06   9.2299388e-07   7.4594010e-07   5.4046546e-07   4.2230431e-07   3.2963956e-07   2.7140300e-07   2.7415393e-07
   0.0000000e+00   0.0000000e+00   1.5261285e-05   2.0909007e-05   2.0228044e-05   1.7427607e-05   1.7176435e-05   1.4699255e-05   9.9275376e-06   6.8017803e-06   4.6932932e-06   3.6522097e-06   2.7346127e-06   2.4292856e-06   1.7704888e-06   1.3186950e-06   1.0014617e-06   7.4085261e-07   4.5608576e-07   3.9359981e-07   3.5268863e-07   1.8878744e-07   1.4484334e-07
   0.0000000e+00   0.0000000e+00   1.5491043e-05   2.0536840e-05   2.0565694e-05   1.7250512e-05   1.7392204e-05   1.4590879e-05   9.8610062e-06   6.5808331e-06   4.7755047e-06   3.5829653e-06   2.7766212e-06   2.2974048e-06   1.7997841e-06   1.3266456e-06   9.6438532e-07   7.4470881e-07   5.3998093e-07   1.8230415e-07   4.0876247e-07   1.4573968e-07   3.2639061e-08
   0.0000000e+00   0.0000000e+00   1.5320556e-05   2.0866104e-05   2.0164309e-05   1.7370878e-05   1.7407774e-05   1.4701081e-05   9.8605560e-06   6.6629659e-06   4.6390096e-06   3.6508077e-06   2.7811250e-06   2.0942878e-06   1.8890433e-06   1.2420940e-06   1.0027123e-06   6.2029989e-07   5.9350242e-07   3.7728077e-07   1.6848040e-07   1.6906193e-07   9.5661264e-08
   0.0000000e+00   0.0000000e+00   1.5387403e-05   2.0798554e-05   2.0362068e-05   1.7236958e-05   1.7504790e-05   1.4442521e-05   1.0204152e-05   6.4458895e-06   4.8626994e-06   3.5201613e-06   2.6675516e-06   2.3685677e-06   1.5962432e-06   1.3791373e-06   1.0013234e-06   4.7538057e-07   6.9831282e-07   3.5747121e-07   2.1482286e-07   1.2078100e-07   1.6466197e-07
   0.0000000e+00   0.0000000e+00   1.5136712e-05   2.0950671e-05   2.0331589e-05   1.7305394e-05   1.7338583e-05   1.4727840e-05   9.7950742e-06   6.7010719e-06   4.8275319e-06   3.4609382e-06   2.9533855e-06   2.1733365e-06   1.6642877e-06   1.1539204e-06   1.0361734e-06   7.2415986e-07   4.8975261e-07   3.3598533e-07   3.7615115e-07   1.4830036e-07   7.5988211e-08
   0.0000000e+00   0.0000000e+00   1.5485113e-05   2.0548718e-05   2.0487059e-05   1.7227729e-05   1.7333954e-05   1.4701035e-05   1.0088810e-05   6.6319171e-06   4.7774265e-06   3.5921821e-06   2.7404631e-06   2.1954104e-06   1.9342683e-06   1.1350093e-06   8.1346786e-07   6.8603782e-07   5.3223931e-07   3.0303181e-07   4.4212698e-07   1.5914380e-07   9.2311971e-08
   0.0000000e+00   0.0000000e+00   1.5340045e-05   2.0797101e-05   2.0278307e-05   1.7317640e-05   1.7428283e-05   1.4769328e-05   9.6551348e-06   6.9052144e-06   4.7200588e-06   3.6752692e-06   2.8241745e-06   2.2769962e-06   1.6296252e-06   1.3631872e-06   6.9172154e-07   7.8519139e-07   4.6283921e-07   2.7320692e-07   3.5720223e-07   2.5265766e-07   1.0519097e-07
   0.0000000e+00   0.0000000e+00   1.5393633e-05   2.0792379e-05   2.0342726e-05   1.7274335e-05   1.7500326e-05   1.4525122e-05   1.0131975e-05   6.6984248e-06   4.8663906e-06   3.5618268e-06   2.8102131e-06   2.2303952e-06   1.7579472e-06   1.1997365e-06   9.6186352e-07   5.5657159e-07   2.5061894e-07   5.6738827e-07   3.7583462e-07  -9.0673673e-08   3.4324398e-07
   0.0000000e+00   0.0000000e+00   1.5192791e-05   2.0873033e-05   2.0340500e-05   1.7256683e-05   1.7265726e-05   1.4822504e-05   1.0014362e-05   6.5914764e-06   4.9391097e-06   3.7239267e-06   2.7577228e-06   2.4334201e-06   1.5566275e-06   1.2697690e-06   8.1840125e-07   6.7304796e-07   4.8844106e-07   2.2971339e-07   1.9551098e-07   1.9790124e-07   2.0067753e-07
   0.0000000e+00   0.0000000e+00   1.5421771e-05   2.0701089e-05   2.0325982e-05   1.7312970e-05   1.7405069e-05   1.4565085e-05   1.0148276e-05   6.7450696e-06   4.8406941e-06   3.6824731e-06   2.8065847e-06   2.1736610e-06   1.8488007e-06   1.3325299e-06   6.5359382e-07   6.7828472e-07   4.2499650e-07   3.5037124e-07   2.5914559e-07   6.4632422e-10   1.6911500e-07
   0.0000000e+00   0.0000000e+00   1.5332147e-05   2.0840569e-05   2.0258949e-05   1.7328764e-05   1.7383023e-05   1.4687488e-05   9.8838336e-06   6.9089451e-06   4.8729639e-06   3.7168411e-06   2.9546627e-06   2.2190325e-06   1.6719977e-06   1.2681661e-06   8.5277907e-07   5.4659057e-07   4.6410156e-07   1.4239549e-07   2.9623092e-07   6.0716108e-09   5.9778110e-08
   0.0000000e+00   0.0000000e+00   1.5413390e-05   2.0592179e-05   2.0412806e-05   1.7138405e-05   1.7426240e-05   1.4641684e-05   9.9799972e-06   6.8788609e-06   4.8262250e-06   3.6186188e-06   2.9634514e-06   2.2642644e-06   1.8182878e-06   1.1281720e-06   9.3149168e-07   5.6164333e-07   4.3568252e-07   1.5974274e-07   2.3113930e-07  -7.4291485e-08   3.6524042e-08
