   0.0000000e+00   0.0000000e+00   2.1868847e-05   2.6902797e-05   2.4262499e-05   1.9535102e-05   1.9050720e-05   1.6128919e-05   1.0920425e-05   7.2036751e-06   5.4582147e-06   4.0257219e-06   2.9261200e-06   2.5384704e-06   1.7857221e-06   1.5248839e-06   9.7377279e-07   4.5874305e-07   4.9354929e-07   2.1713650e-07   8.9931703e-08   3.1056036e-08  -6.9990844e-09
   0.0000000e+00   0.0000000e+00   2.1743437e-05   2.6729684e-05   2.4368001e-05   1.9638674e-05   1.9137255e-05   1.5867285e-05   1.1129438e-05   7.1044951e-06   5.3421800e-06   3.9569900e-06   3.1160289e-06   2.5500644e-06   1.9090805e-06   1.0975256e-06   1.3499215e-06   4.1437062e-07   6.5324315e-07   1.3188307e-07   1.3607840e-07   1.3700472e-07   2.5625473e-08
   0.0000000e+00   0.0000000e+00   2.1732500e-05   2.6919295e-05   2.4121699e-05   1.9616667e-05   1.9199422e-05   1.5863927e-05   1.0746767e-05   7.6162592e-06   5.2550768e-06   3.9335932e-06   3.1037594e-06   2.3435264e-06   2.0560194e-06   1.3606273e-06   9.1308499e-07   5.6793294e-07   6.3993878e-07   2.5887431e-07   3.3065979e-07  -1.9620838e-08  -2.1398852e-08
   0.0000000e+00   0.0000000e+00   2.1997177e-05   2.6650991e-05   2.4434490e-05   1.9541936e-05   1.9153473e-05   1.6112495e-05   1.0694253e-05   7.2036064e-06   5.2643818e-06   4.1444569e-06   3.2202215e-06   2.3910798e-06   2.0607529e-06   1.2168937e-06   1.0422931e-06   6.7911964e-07   6.7735220e-07   1.0299296e-07   2.9559479e-07   2.1983254e-07   2.7709152e-08
   0.0000000e+00   0.0000000e+00   2.1871610e-05   2.6821954e-05   2.4305964e-05   1.9527426e-05   1.9149131e-05   1.6151847e-05   1.0883353e-05   7.2608213e-06   5.2890637e-06   3.9327342e-06   3.1318802e-06   2.3937935e-06   2.0699124e-06   1.4889584e-06   8.9731589e-07   6.4469657e-07   5.9306188e-07   4.8092596e-07   2.9759067e-07  -1.7998440e-08   5.5476121e-08
   0.0000000e+00   0.0000000e+00   2.1809867e-05   2.6766809e-05   2.4354915e-05   1.9650905e-05   1.9034545e-05   1.5800821e-05   1.0975829e-05   7.1638287e-06   5.4001771e-06   4.0449677e-06   3.2530527e-06   2.5789827e-06   1.6545268e-06   1.4934026e-06   1.1360795e-06   5.8403168e-07   6.0206247e-07   3.7246471e-07   3.1821662e-07   1.5348277e-07   2.4841455e-07
   0.0000000e+00   0.0000000e+00   2.1700771e-05   2.6888802e-05   2.4322340e-05   1.9610547e-05   1.9457717e-05   1.5977846e-05   1.0819654e-05   7.3199517e-06   5.0303565e-06   3.9683255e-06   3.0577553e-06   2.6893888e-06   1.9238516e-06   1.5427088e-06   8.2916324e-07   8.2351181e-07   4.0267588e-07   6.1181458e-07   3.1018928e-07   3.0121122e-08   1.5085870e-07
   0.0000000e+00   0.0000000e+00   2.1889919e-05   2.6690639e-05   2.4320425e-05   1.9550347e-05   1.9087183e-05   1.6210399e-05   1.0710020e-05   7.2928292e-06   5.3394037e-06   4.0266527e-06   3.0919691e-06   2.4015274e-06   1.9846209e-06   1.4268387e-06   9.4423160e-07   8.9858105e-07   3.9906303e-07   3.9238179e-07   3.8458313e-07   7.8363499e-08  -3.3002244e-08
   0.0000000e+00   0.0000000e+00   2.1900862e-05   2.6767295e-05   2.4198165e-05   1.9845596e-05   1.8982975e-05   1.6091586e-05   1.0873378e-05   7.1631275e-06   5.1253555e-06   3.8987432e-06   2.9554124e-06   2.6228247e-06   2.0135235e-06   1.3649986e-06   8.5606194e-07   8.4704436e-07   5.7959505e-07   2.0856518e-07   2.9635720e-07   2.9830982e-08   1.6358520e-07
   0.0000000e+00   0.0000000e+00   2.1825816e-05   2.6867501e-05   2.4296101e-05   1.9484592e-05   1.9390260e-05   1.5893787e-05   1.0918927e-05   7.3895831e-06   5.1890411e-06   3.7832599e-06   3.2182631e-06   2.1920121e-06   1.9417253e-06   1.5104051e-06   1.0460110e-06   6.5271820e-07   5.2213602e-07   4.8920731e-07   2.2155498e-07  -6.3492848e-08  -5.2433446e-08
   0.0000000e+00   0.0000000e+00   2.1683534e-05   2.6682255e-05   2.4454488e-05   1.9525538e-05   1.9124889e-05   1.6038597e-05   1.0913469e-05   6.9218568e-06   5.4101542e-06   3.9284678e-06   2.8571269e-06   2.5129325e-06   1.8398437e-06   1.2995051e-06   1.2205609e-06   6.8739837e-07   6.7793644e-07   4.2797495e-07   2.1914305e-07   2.5239845e-07  -5.0589250e-08
   0.0000000e+00   0.0000000e+00   2.1858312e-05   2.6732154e-05   2.4370695e-05   1.9437934e-05   1.9289360e-05   1.6144229e-05   1.0698180e-05   7.5002217e-06   5.0900608e-06   3.9170432e-06   2.9039425e-06   2.4805656e-06   1.9237675e-06   1.2519887e-06   1.0778036e-06   7.8092461e-07   8.4249132e-07   3.8288417e-07   3.5430168e-07   2.6613165e-07   8.6622507e-08
   0.0000000e+00   0.0000000e+00   2.1922748e-05   2.6748005e-05   2.4187048e-05   1.9712523e-05   1.8900366e-05   1.6014830e-05   1.0748377e-05   7.3815627e-06   5.1811217e-06   4.0441123e-06   3.1972324e-06   2.2882100e-06   1.8472092e-06   1.3793317e-06   1.0722455e-06   7.7112571e-07   5.4307264e-07   5.6884983e-07   3.1239665e-07   3.1284813e-07  -3.0034673e-08
   0.0000000e+00   0.0000000e+00   2.1731114e-05   2.7056643e-05   2.4123083e-05   1.9729268e-05   1.9219768e-05   1.5884929e-05   1.0818701e-05   7.2699372e-06   5.1190714e-06   3.8183407e-06   3.1887857e-06   2.5220984e-06   1.9289469e-06   1.4499537e-06   8.4882845e-07   8.3948919e-07   6.7247640e-07   4.4297920e-07   2.9655951e-07   2.9425954e-07   9.0277943e-08
   0.0000000e+00   0.0000000e+00   2.1662458e-05   2.6669495e-05   2.4446625e-05   1.9497849e-05   1.9096708e-05   1.5867654e-05   1.0854797e-05   7.1228624e-06   5.5670935e-06   3.8979647e-06   2.9893376e-06   2.5082254e-06   1.9535837e-06   1.3871507e-06   1.0035818e-06   8.6402963e-07   4.4769712e-07   5.1987632e-07   2.3183711e-07   3.0957909e-07   2.1127713e-07
   0.0000000e+00   0.0000000e+00   2.2051430e-05   2.6638672e-05   2.4441724e-05   1.9443687e-05   1.9096136e-05   1.6066968e-05   1.0834762e-05   6.8484178e-06   5.3192471e-06   3.8938142e-06   3.0485312e-06   2.5657630e-06   1.8224807e-06   1.6587899e-06   1.0191760e-06   6.5008703e-07   4.8754549e-07   6.1982672e-07   4.2586106e-07  -2.9919821e-08   8.8447102e-08
   0.0000000e+00   0.0000000e+00   2.1810667e-05   2.6955755e-05   2.4219928e-05   1.9711260e-05   1.9008052e-05   1.5798656e-05   1.0732017e-05   7.4436816e-06   5.0184972e-06   4.0933510e-06   3.0868111e-06   2.4204917e-06   1.9831134e-06   1.3484404e-06   1.1414659e-06   9.4722139e-07   6.7227592e-07   4.9080080e-07  -1.2781395e-08   4.8573958e-07   1.1958102e-07
   0.0000000e+00   0.0000000e+00   2.1791018e-05   2.6906608e-05   2.4302766e-05   1.9539855e-05   1.9151314e-05   1.5886526e-05   1.0554601e-05   7.4114246e-06   5.1863926e-06   3.7695759e-06   2.9382377e-06   2.5894858e-06   2.0684749e-06   1.3867966e-06   1.0814136e-06   7.2028774e-07   9.0101736e-07   4.7122967e-07   3.0815741e-07   1.8056204e-07   1.6170834e-08
   0.0000000e+00   0.0000000e+00   2.1789585e-05   2.6896896e-05   2.4297675e-05   1.9513634e-05   1.9267913e-05   1.5834823e-05   1.0662885e-05   6.8505501e-06   5.3680933e-06   3.9507458e-06   3.2148239e-06   2.3404011e-06   1.9059962e-06   1.2594476e-06   1.2321476e-06   9.6932445e-07   6.6683532e-07   4.9390252e-07   3.0738678e-07   4.4085644e-07  -7.4559438e-08
   0.0000000e+00   0.0000000e+00   2.2091444e-05   2.6549393e-05   2.4552126e-05   1.9543706e-05   1.8954908e-05   1.5861884e-05   1.0984542e-05   6.9800240e-06   5.2652063e-06   3.7496193e-06   2.8637990e-06   2.5890240e-06   1.9064308e-06   1.4679204e-06   1.0296000e-06   6.9552982e-07   7.9248576e-07   7.2917351e-07   2.9879459e-07   3.6861130e-07  -5.9620248e-08
   0.0000000e+00   0.0000000e+00   2.1804219e-05   2.7068096e-05   2.4184579e-05   1.9719839e-05   1.9062702e-05   1.5823698e-05   1.0655016e-05   7.0991496e-06   5.1169191e-06   3.9025772e-06   3.2761245e-06   2.3574619e-06   1.8198759e-06   1.3316866e-06   9.8887892e-07   8.2068823e-07   7.0588806e-07   6.3934999e-07   3.6419519e-07   4.1612876e-07   2.8992812e-07
   0.0000000e+00   0.0000000e+00   2.1656368e-05   2.6980646e-05   2.4299119e-05   1.9624054e-05   1.9171675e-05   1.6057578e-05   1.0581223e-05   7.2150438e-06   5.0440281e-06   3.9681063e-06   2.9339365e-06   2.4742776e-06   1.9769802e-06   1.3999279e-06   9.9081967e-07   7.9940884e-07   4.2968702e-07   6.9640566e-07   6.4904390e-07   1.3063854e-07   1.0792309e-07
   0.0000000e+00   0.0000000e+00   2.2008289e-05   2.6689582e-05   2.4408726e-05   1.9567289e-05   1.9100497e-05   1.5857284e-05   1.0669397e-05   7.3919132e-06   5.0611484e-06   4.0049736e-06   2.9428511e-06   2.5116844e-06   2.0300567e-06   1.2584284e-06   8.9664911e-07   1.1687442e-06   4.7650749e-07   4.9800400e-07   3.7319330e-07   4.2574459e-07   2.1448066e-07
   0.0000000e+00   0.0000000e+00   2.1916390e-05   2.6716272e-05   2.4414463e-05   1.9525032e-05   1.9326259e-05   1.5859992e-05   1.0826120e-05   6.9155726e-06   5.3433128e-06   3.8223252e-06   3.1899374e-06   2.4194162e-06   1.8253420e-06   1.6429261e-06   8.6771087e-07   8.0659521e-07   6.8635239e-07   6.3324160e-07   4.6545472e-07   4.4905040e-08   1.1891802e-07
   0.0000000e+00   0.0000000e+00   2.1699616e-05   2.6902620e-05   2.4250594e-05   1.9639541e-05   1.9077719e-05   1.5985612e-05   1.0905866e-05   7.1048348e-06   5.2748601e-06   3.8393628e-06   3.1841219e-06   2.5610193e-06   1.8623429e-06   1.3945742e-06   1.1518505e-06   7.6398186e-07   6.7238511e-07   5.3527708e-07   3.4384121e-07   1.4307379e-07   1.8683690e-07
   0.0000000e+00   0.0000000e+00   2.1857328e-05   2.6999413e-05   2.4274106e-05   1.9546122e-05   1.9034644e-05   1.5936212e-05   1.0755160e-05   7.3582778e-06   5.1869101e-06   3.9587444e-06   2.9942464e-06   2.6064249e-06   2.0695293e-06   1.4215923e-06   1.0175410e-06   8.4854958e-07   7.0486993e-07   4.6446675e-07   2.5248295e-07   3.1607891e-07  -6.3951163e-08
   0.0000000e+00   0.0000000e+00   2.1906792e-05   2.6615127e-05   2.4403647e-05   1.9795903e-05   1.8983425e-05   1.5969881e-05   1.0790527e-05   7.1217146e-06   5.1831771e-06   4.1998592e-06   3.0242356e-06   2.5594352e-06   2.1235699e-06   1.3178930e-06   1.3116587e-06   8.5291407e-07   5.8499324e-07   3.6372279e-07   4.4331395e-07   6.2389375e-08  -6.1800669e-08
   0.0000000e+00   0.0000000e+00   2.1956725e-05   2.6714930e-05   2.4351410e-05   1.9420473e-05   1.9383509e-05   1.5929803e-05   1.0658669e-05   7.4001368e-06   5.1016614e-06   3.8721364e-06   3.1268999e-06   2.5240818e-06   2.1199617e-06   1.4886822e-06   1.1784067e-06   7.5357542e-07   9.0892564e-07   3.7574421e-07   2.2972969e-07   2.8269588e-07  -1.5436578e-08
   0.0000000e+00   0.0000000e+00   2.1667733e-05   2.7047397e-05   2.4239494e-05   1.9592191e-05   1.8999555e-05   1.5890984e-05   1.0943637e-05   6.9412449e-06   5.4472207e-06   3.7182442e-06   3.0921919e-06   2.6374082e-06   1.8446774e-06   1.5523963e-06   1.1245095e-06   8.3899027e-07   7.4435064e-07   5.8424718e-07   2.4833057e-07   1.9714183e-07   2.6706545e-07
   0.0000000e+00   0.0000000e+00   2.1773065e-05   2.6993352e-05   2.4356093e-05   1.9521134e-05   1.9170577e-05   1.5918971e-05   1.0827561e-05   7.1563222e-06   5.2107694e-06   3.6930792e-06   3.2503026e-06   2.3590692e-06   2.0200039e-06   1.5561687e-06   1.0998990e-06   7.2229824e-07   6.7170441e-07   4.9301025e-07   5.4470667e-07   2.0695026e-07   7.1840837e-08
   0.0000000e+00   0.0000000e+00   2.2028715e-05   2.6442174e-05   2.4480460e-05   1.9720370e-05   1.8970070e-05   1.5917045e-05   1.0705768e-05   7.2534785e-06   5.0457711e-06   4.1435646e-06   2.8741745e-06   2.4671651e-06   2.1520248e-06   1.3342913e-06   1.0019406e-06   9.3326651e-07   5.1014371e-07   4.1975983e-07   4.4048082e-07   1.7803305e-07   3.7942149e-07
   0.0000000e+00   0.0000000e+00   2.1826570e-05   2.6901118e-05   2.4299468e-05   1.9566894e-05   1.9284211e-05   1.5929207e-05   1.0590489e-05   7.3591455e-06   5.0278741e-06   3.8340804e-06   2.9831999e-06   2.5188674e-06   2.0091898e-06   1.6162758e-06   8.1932325e-07   8.0600313e-07   5.7940690e-07   4.0253633e-07   3.8361603e-07   2.1294771e-07   4.8831943e-08
   0.0000000e+00   0.0000000e+00   2.1785661e-05   2.7014876e-05   2.4233183e-05   1.9557603e-05   1.9158519e-05   1.5828402e-05   1.0834144e-05   7.1167024e-06   5.2362097e-06   4.0580394e-06   2.9798041e-06   2.5990203e-06   1.7786136e-06   1.4737590e-06   1.2346532e-06   6.6548296e-07   4.8573537e-07   5.0740920e-07   3.3381247e-07   2.0159699e-07   2.4470091e-07
   0.0000000e+00   0.0000000e+00   2.1772221e-05   2.6881298e-05   2.4380808e-05   1.9715419e-05   1.9015677e-05   1.5978938e-05   1.0780362e-05   7.0820256e-06   5.3539056e-06   3.7013604e-06   3.1089351e-06   2.7321096e-06   1.9558156e-06   1.5153258e-06   9.7254053e-07   7.6196540e-07   8.3382082e-07   2.5813060e-07   4.8342065e-07   1.8595632e-07   9.7780443e-08
   0.0000000e+00   0.0000000e+00   2.1914666e-05   2.6666821e-05   2.4512847e-05   1.9665145e-05   1.9102499e-05   1.5844371e-05   1.0875327e-05   7.0921383e-06   5.3439653e-06   4.1404155e-06   3.0438794e-06   2.4663416e-06   2.1087260e-06   1.5394621e-06   1.0401521e-06   9.5002133e-07   6.8213490e-07   3.6443450e-07   3.6064912e-07   3.5212409e-07   1.2307655e-07
   0.0000000e+00   0.0000000e+00   2.1942678e-05   2.6820127e-05   2.4396513e-05   1.9506266e-05   1.9201014e-05   1.6102797e-05   1.0544250e-05   7.4024069e-06   5.0733897e-06   3.9729789e-06   3.2724197e-06   2.2878273e-06   2.2774009e-06   1.4913463e-06   1.2855661e-06   6.0281479e-07   6.8401800e-07   5.6589937e-07   5.0901866e-07   8.9918920e-08   1.8470281e-07
   0.0000000e+00   0.0000000e+00   2.1804759e-05   2.7023914e-05   2.4200035e-05   1.9664032e-05   1.9323368e-05   1.5755915e-05   1.0768897e-05   7.3336846e-06   5.1909819e-06   3.9631295e-06   3.1298025e-06   2.7279359e-06   1.9583626e-06   1.4557357e-06   1.2158358e-06   9.4747003e-07   6.8713047e-07   3.6830298e-07   2.9041848e-07   1.1709394e-07   4.6334824e-07
   0.0000000e+00   0.0000000e+00   2.1860060e-05   2.6861075e-05   2.4395933e-05   1.9687766e-05   1.8998779e-05   1.5985261e-05   1.0952502e-05   7.0114233e-06   5.4360480e-06   3.8776329e-06   2.8972538e-06   2.5780298e-06   2.1643668e-06   1.5655729e-06   1.2167141e-06   8.2057767e-07   6.2481774e-07   5.5828485e-07   4.1913012e-07   7.6092938e-08  -3.2672361e-08
   0.0000000e+00   0.0000000e+00   2.1939704e-05   2.6843873e-05   2.4496265e-05   1.9525676e-05   1.9084777e-05   1.6175798e-05   1.0803592e-05   6.9639564e-06   5.3657905e-06   4.0361310e-06   3.1082495e-06   2.5360630e-06   1.9001269e-06   1.7109027e-06   1.0975845e-06   1.0445855e-06   7.4044402e-07   2.8371281e-07   4.7775694e-07   2.4302651e-07   1.3916851e-07
   0.0000000e+00   0.0000000e+00   2.1729011e-05   2.6923060e-05   2.4273462e-05   1.9556801e-05   1.9299674e-05   1.5780917e-05   1.0909692e-05   7.3263673e-06   5.2709174e-06   3.8560452e-06   3.1080256e-06   2.6504574e-06   1.9394652e-06   1.7562519e-06   1.0176307e-06   9.6628105e-07   8.1272617e-07   5.6453337e-07   4.3281048e-07   2.2325551e-07   2.4790259e-07
   0.0000000e+00   0.0000000e+00   2.1938897e-05   2.6834759e-05   2.4315616e-05   1.9515051e-05   1.9250740e-05   1.5927568e-05   1.0632172e-05   7.3979577e-06   5.1546626e-06   4.0071409e-06   3.1899824e-06   2.4912754e-06   1.9771339e-06   1.6389783e-06   1.1953330e-06   8.7670338e-07   6.6433830e-07   5.9107560e-07   4.8433958e-07   2.8274854e-07   2.4110497e-07
   0.0000000e+00   0.0000000e+00   2.1983669e-05   2.6861248e-05   2.4307787e-05   1.9739451e-05   1.8875793e-05   1.6101714e-05   1.0999076e-05   7.0123338e-06   5.2945306e-06   4.0581572e-06   3.1011630e-06   2.5454106e-06   2.1420858e-06   1.3387327e-06   1.3184487e-06   7.8702402e-07   5.9198516e-07   6.0592987e-07   2.8101158e-07   2.8325363e-07   2.3653733e-07
   0.0000000e+00   0.0000000e+00   2.1716238e-05   2.6865531e-05   2.4459872e-05   1.9323876e-05   1.9153455e-05   1.5923302e-05   1.0869856e-05   7.2146559e-06   5.3845397e-06   3.8845155e-06   3.0835827e-06   2.5881491e-06   2.1465999e-06   1.4063961e-06   1.2911920e-06   7.1883215e-07   6.8044994e-07   4.5383348e-07   4.1403248e-07   1.1895226e-07   1.9648891e-07
   0.0000000e+00   0.0000000e+00   2.1776377e-05   2.6732092e-05   2.4288507e-05   1.9627299e-05   1.9159603e-05   1.5874630e-05   1.0548282e-05   7.3619267e-06   5.2734517e-06   3.7832419e-06   3.4787947e-06   2.4306794e-06   2.0436094e-06   1.4127254e-06   1.1890941e-06   9.0935436e-07   6.2639822e-07   5.6695387e-07   3.3407790e-07   2.7995884e-07  -2.3531021e-08
   0.0000000e+00   0.0000000e+00   2.1840624e-05   2.6894442e-05   2.4135479e-05   1.9634661e-05   1.9058733e-05   1.5911060e-05   1.0866154e-05   7.1438667e-06   5.3396857e-06   3.9738784e-06   3.0544650e-06   2.6202592e-06   2.0241428e-06   1.5897094e-06   1.0160411e-06   7.6977796e-07   8.1073409e-07   3.7016429e-07   5.1624170e-07   3.0994579e-07  -1.4298568e-07
   0.0000000e+00   0.0000000e+00   2.1900712e-05   2.6699916e-05   2.4440818e-05   1.9450250e-05   1.8915376e-05   1.6036838e-05   1.0768761e-05   7.0679539e-06   5.0964645e-06   4.2735337e-06   2.8296315e-06   2.6388630e-06   2.0245875e-06   1.4418019e-06   1.0045521e-06   1.0055362e-06   5.5660615e-07   3.9681237e-07   4.1160055e-07   2.2241322e-07   8.5366686e-08
   0.0000000e+00   0.0000000e+00   2.1824948e-05   2.6704722e-05   2.4253424e-05   1.9645779e-05   1.9126895e-05   1.5756972e-05   1.0794138e-05   7.2066814e-06   5.0957606e-06   3.8915214e-06   3.0419069e-06   2.5471008e-06   1.7283181e-06   1.4661601e-06   1.1423692e-06   8.6241891e-07   4.3342715e-07   5.6281533e-07   4.3403426e-07   2.3741526e-07  -1.0161023e-07
   0.0000000e+00   0.0000000e+00   2.1694801e-05   2.6863750e-05   2.4234905e-05   1.9433257e-05   1.9272040e-05   1.5829710e-05   1.0734311e-05   7.4169575e-06   4.9774872e-06   3.6814993e-06   3.0486949e-06   2.5263460e-06   1.8225654e-06   1.3864907e-06   9.1462965e-07   8.6522726e-07   6.0295719e-07   5.6587743e-07   2.9187305e-07   2.5349325e-07   3.4337737e-07
   0.0000000e+00   0.0000000e+00   2.1837381e-05   2.6794047e-05   2.4428298e-05   1.9534125e-05   1.8946934e-05   1.6104779e-05   1.0647404e-05   7.1553295e-06   5.3241492e-06   3.7092866e-06   3.0287747e-06   2.0511454e-06   2.0970792e-06   1.3434124e-06   7.6217589e-07   9.8535497e-07   4.3365813e-07   5.4746528e-07   3.6089239e-07   2.0553175e-07   2.0631965e-07
   0.0000000e+00   0.0000000e+00   2.1871567e-05   2.6845182e-05   2.4227791e-05   1.9723850e-05   1.9091231e-05   1.5920163e-05   1.1024343e-05   6.9827006e-06   5.2595101e-06   3.9863521e-06   2.7842407e-06   2.3559337e-06   1.9020558e-06   1.2345147e-06   9.4145548e-07   8.5927894e-07   4.5454181e-07   4.9417139e-07   4.4000930e-07   1.0140349e-07   8.4442881e-08
   0.0000000e+00   0.0000000e+00   2.1886040e-05   2.6728443e-05   2.4305849e-05   1.9516332e-05   1.9289735e-05   1.5876072e-05   1.0894085e-05   7.4053423e-06   5.0528474e-06   3.8481594e-06   3.0421513e-06   2.4334888e-06   1.8418557e-06   1.2607396e-06   1.1043262e-06   6.4607724e-07   6.2001050e-07   4.7684574e-07   2.1264793e-07   3.5739390e-07   1.7742093e-07
   0.0000000e+00   0.0000000e+00   2.1894428e-05   2.6886071e-05   2.4361239e-05   1.9606199e-05   1.9051373e-05   1.6150198e-05   1.0789548e-05   7.2246307e-06   5.2848304e-06   3.9597862e-06   3.0464275e-06   2.4341848e-06   1.6241859e-06   1.6418167e-06   1.1654062e-06   4.4327581e-07   8.4387079e-07   4.0509451e-07   2.5603993e-07   2.4209908e-07   1.7076289e-08
   0.0000000e+00   0.0000000e+00   2.1652788e-05   2.6854199e-05   2.4373825e-05   1.9624462e-05   1.9170748e-05   1.5970070e-05   1.0883002e-05   7.2801404e-06   5.2001888e-06   3.9782321e-06   3.0563695e-06   2.4797644e-06   1.9259028e-06   1.3689296e-06   1.1056077e-06   7.1361097e-07   8.2605482e-07   3.8647985e-07   3.3882665e-07   3.6750572e-07  -1.6456028e-07
   0.0000000e+00   0.0000000e+00   2.2056362e-05   2.6695763e-05   2.4348341e-05   1.9602223e-05   1.9131799e-05   1.6039532e-05   1.0785229e-05   7.2508487e-06   5.3091630e-06   3.8882336e-06   3.0026708e-06   2.5639931e-06   2.0601999e-06   1.4064657e-06   9.5508722e-07   8.3104027e-07   7.3967266e-07   3.9509678e-07   5.6861529e-07   3.3646054e-07   3.9955662e-08
   0.0000000e+00   0.0000000e+00   2.1833937e-05   2.6967762e-05   2.4241421e-05   1.9600440e-05   1.9354597e-05   1.5834377e-05   1.0899178e-05   7.1119252e-06   5.2160035e-06   3.9951456e-06   3.3110655e-06   2.2565100e-06   2.0986563e-06   1.4257838e-06   1.1441197e-06   6.0878619e-07   5.9939953e-07   5.7792005e-07   3.2369505e-07   4.6964365e-07   2.4818559e-07
   0.0000000e+00   0.0000000e+00   2.1660861e-05   2.6894677e-05   2.4506893e-05   1.9391720e-05   1.9126877e-05   1.6182190e-05   1.0700665e-05   7.1787204e-06   5.3676863e-06   3.7302959e-06   3.2452531e-06   2.6293897e-06   1.9698439e-06   1.4726450e-06   1.1257050e-06   6.6694565e-07   4.8441922e-07   6.4539705e-07   9.3442523e-08   2.9045424e-07   4.8460237e-07
   0.0000000e+00   0.0000000e+00   2.2050392e-05   2.6580985e-05   2.4295716e-05   1.9918634e-05   1.8896453e-05   1.5933947e-05   1.0797858e-05   7.1540035e-06   5.1831385e-06   4.0555587e-06   3.0241724e-06   2.4937442e-06   2.2669017e-06   1.4835726e-06   1.1325228e-06   8.5556513e-07   3.2113411e-07   5.5313927e-07   2.6303553e-07   4.7233236e-08   2.4251142e-07
   0.0000000e+00   0.0000000e+00   2.1804786e-05   2.6945121e-05   2.4272831e-05   1.9607418e-05   1.9271942e-05   1.5992478e-05   1.0671514e-05   7.1509312e-06   5.1757584e-06   4.0676878e-06   3.0629465e-06   2.6466182e-06   1.8772748e-06   1.7120344e-06   1.0532615e-06   9.9083547e-07   5.3587462e-07   2.2095564e-07   5.1260020e-07  -4.0768864e-08  -1.2526209e-08
   0.0000000e+00   0.0000000e+00   2.1774360e-05   2.6901605e-05   2.4305644e-05   1.9438619e-05   1.9276042e-05   1.5859468e-05   1.0907841e-05   7.2415487e-06   5.0513822e-06   3.9750666e-06   3.2859057e-06   2.5968918e-06   1.9612621e-06   1.6151395e-06   9.1735615e-07   1.1083172e-06   6.2255680e-07   2.5760272e-07   2.5548428e-07   1.3675795e-07   1.5632966e-07
   0.0000000e+00   0.0000000e+00   2.1694697e-05   2.6822472e-05   2.4375477e-05   1.9468745e-05   1.9136749e-05   1.6084894e-05   1.0521954e-05   7.1981631e-06   5.2646019e-06   3.8785606e-06   3.1856257e-06   2.6931243e-06   1.9083900e-06   1.8011079e-06   1.1558840e-06   5.2826846e-07   8.8921189e-07   3.5873629e-07   1.5538149e-07   2.0823771e-07  -1.7994260e-08
   0.0000000e+00   0.0000000e+00   2.1931472e-05   2.6515638e-05   2.4338689e-05   1.9852283e-05   1.9048273e-05   1.5914100e-05   1.0908925e-05   6.9766943e-06   5.1382299e-06   4.0383084e-06   3.1390680e-06   2.6007106e-06   2.0601772e-06   1.3848570e-06   1.3229493e-06   8.0106395e-07   5.0674953e-07   6.2461623e-07   2.3749084e-07  -2.9447934e-08   1.0491873e-07
   0.0000000e+00   0.0000000e+00   2.2060092e-05   2.6869489e-05   2.4251091e-05   1.9496265e-05   1.9138490e-05   1.6057525e-05   1.0674858e-05   7.3400288e-06   5.0074300e-06   3.8951916e-06   3.1613131e-06   2.5742513e-06   2.2342933e-06   1.2773552e-06   1.0635420e-06   8.7770121e-07   5.6281675e-07   3.6371395e-07   3.7166052e-07   2.0926545e-07  -1.6469085e-07
   0.0000000e+00   0.0000000e+00   2.1500193e-05   2.6996135e-05   2.4282430e-05   1.9539099e-05   1.9252841e-05   1.5815447e-05   1.0860948e-05   7.0579699e-06   4.9861164e-06   4.1320427e-06   3.1767277e-06   2.4376775e-06   2.2089730e-06   1.3022870e-06   1.0438387e-06   7.7934470e-07   5.5726571e-07   3.5474270e-07   1.6755558e-07   1.9787480e-07   1.9015303e-07
   0.0000000e+00   0.0000000e+00   2.1997101e-05   2.6759853e-05   2.4271827e-05   1.9542060e-05   1.9260911e-05   1.5997983e-05   1.0725545e-05   7.2086609e-06   5.2450150e-06   3.5825601e-06   3.3771157e-06   2.6116718e-06   1.9539705e-06   1.5625817e-06   9.0442370e-07   6.7105356e-07   5.8341578e-07   4.9819073e-07   1.5529579e-07   3.8062957e-08   2.3611564e-07
   0.0000000e+00   0.0000000e+00   2.1974627e-05   2.6737753e-05   2.4460569e-05   1.9782063e-05   1.8722701e-05   1.6105061e-05   1.0649613e-05   7.0782880e-06   5.5024298e-06   3.8620128e-06   2.9648124e-06   3.0164922e-06   1.7563357e-06   1.5116397e-06   1.0127819e-06   6.8638406e-07   6.7717872e-07   3.0305694e-07   3.8069223e-07   1.6642059e-07   1.7483162e-08
   0.0000000e+00   0.0000000e+00   2.1719126e-05   2.7015445e-05   2.4389325e-05   1.9545849e-05   1.9388690e-05   1.5803727e-05   1.0828010e-05   7.0753804e-06   5.0404119e-06   4.2050428e-06   3.1581110e-06   2.5019833e-06   2.1470462e-06   1.4794704e-06   9.6556846e-07   8.5307812e-07   4.8724257e-07   5.3785402e-07   3.7848326e-07   2.2101753e-07   9.8975079e-08
   0.0000000e+00   0.0000000e+00   2.1961330e-05   2.6728827e-05   2.4403800e-05   1.9535675e-05   1.9222520e-05   1.5879195e-05   1.0850217e-05   7.2036241e-06   5.1177153e-06   4.1518247e-06   3.1610773e-06   2.5981128e-06   1.9057661e-06   1.6123006e-06   8.3625355e-07   8.0082032e-07   6.3910772e-07   5.3686136e-07   3.2266681e-07   1.7105927e-07   2.3379140e-07
   0.0000000e+00   0.0000000e+00   2.1843638e-05   2.6939073e-05   2.4480039e-05   1.9675748e-05   1.9114539e-05   1.5793232e-05   1.0689242e-05   7.3937690e-06   5.0904332e-06   3.7950192e-06   3.3947979e-06   2.5946224e-06   2.1069911e-06   1.2690361e-06   1.1121061e-06   7.0118131e-07   5.2372928e-07   5.4626679e-07   1.6080487e-07   2.7856194e-07  -4.0395591e-08
   0.0000000e+00   0.0000000e+00   2.1885953e-05   2.6917851e-05   2.4252065e-05   1.9839812e-05   1.9124973e-05   1.6143838e-05   1.0526915e-05   7.0259161e-06   5.5875871e-06   3.7364985e-06   3.1266011e-06   2.5325983e-06   2.0290174e-06   1.4849667e-06   9.7861334e-07   8.4675059e-07   5.2162142e-07   4.3978824e-07   3.4365283e-07   4.3142578e-08   1.2156293e-07
   0.0000000e+00   0.0000000e+00   2.1772788e-05   2.6722550e-05   2.4374924e-05   1.9638195e-05   1.9020175e-05   1.6107764e-05   1.0832407e-05   6.9020521e-06   5.3112326e-06   4.0203540e-06   2.9205901e-06   2.4619399e-06   2.0427647e-06   1.3847398e-06   9.9851411e-07   7.8849081e-07   6.5303789e-07   2.6826086e-07   3.2865231e-07   1.0917006e-07  -2.0407876e-08
   0.0000000e+00   0.0000000e+00   2.1709906e-05   2.6968197e-05   2.4371886e-05   1.9519412e-05   1.9389086e-05   1.5663873e-05   1.0883279e-05   7.4742402e-06   4.6571763e-06   4.0400942e-06   3.1890113e-06   2.4931828e-06   1.8154363e-06   1.5367981e-06   9.7121745e-07   7.3476093e-07   7.0024686e-07   3.9127767e-07   2.6774643e-07   8.8800014e-08   6.9914985e-09
   0.0000000e+00   0.0000000e+00   2.2166825e-05   2.6493717e-05   2.4385899e-05   1.9678180e-05   1.9091618e-05   1.6127307e-05   1.0827164e-05   7.0316041e-06   5.4242196e-06   3.7534592e-06   3.0594490e-06   2.4701792e-06   1.8497481e-06   1.5408671e-06   1.1234118e-06   7.0571815e-07   5.6903855e-07   5.4394741e-07   5.0072606e-07  -1.9143767e-08   8.0365233e-08
   0.0000000e+00   0.0000000e+00   2.1650094e-05   2.7004722e-05   2.4126935e-05   1.9496294e-05   1.9285033e-05   1.6168631e-05   1.0665834e-05   7.2156668e-06   5.1336174e-06   4.0358536e-06   2.8293227e-06   2.5869681e-06   2.0293444e-06   1.3019895e-06   1.0904718e-06   8.2058693e-07   6.3625362e-07   4.4214994e-07   2.4356896e-07   3.5169964e-07   2.5636209e-07
   0.0000000e+00   0.0000000e+00   2.1608173e-05   2.6784972e-05   2.4306402e-05   1.9646353e-05   1.9084184e-05   1.5850876e-05   1.1113849e-05   7.1828008e-06   5.2716691e-06   3.8370749e-06   3.1251502e-06   2.2721540e-06   2.0898749e-06   1.4343639e-06   1.0073817e-06   8.3642118e-07   6.3485936e-07   2.6704348e-07   3.5739131e-07   2.1983806e-07   1.1689254e-07
   0.0000000e+00   0.0000000e+00   2.1873599e-05   2.6669268e-05   2.4254732e-05   1.9539011e-05   1.9343695e-05   1.5816884e-05   1.0956949e-05   7.4043392e-06   5.0671001e-06   3.9185707e-06   3.2500654e-06   2.3633281e-06   1.9253446e-06   1.4766716e-06   9.4049375e-07   8.9387021e-07   6.1212222e-07   4.5760515e-07   3.8809597e-07   1.5292837e-08   1.3729758e-07
   0.0000000e+00   0.0000000e+00   2.1902273e-05   2.6732030e-05   2.4197891e-05   1.9267538e-05   1.9304558e-05   1.6189846e-05   1.0816914e-05   7.2353578e-06   5.3257145e-06   4.0755885e-06   3.0234326e-06   2.5183849e-06   1.8809508e-06   1.3240721e-06   1.1083598e-06   7.7815935e-07   7.5901062e-07   3.9276685e-07   3.1404701e-07   2.2427812e-07   2.2822185e-07
   0.0000000e+00   0.0000000e+00   2.1694519e-05   2.6692776e-05   2.4353601e-05   1.9731940e-05   1.8524028e-05   1.6298285e-05   1.0920589e-05   7.1562195e-06   5.6954545e-06   3.9331148e-06   2.9071825e-06   2.6459913e-06   1.8727694e-06   1.4288190e-06   9.5343603e-07   6.7864624e-07   6.2775331e-07   6.1126821e-07   4.2571168e-07   1.6226329e-07   7.0909948e-08
   0.0000000e+00   0.0000000e+00   2.1747133e-05   2.6693375e-05   2.4151272e-05   1.9584546e-05   1.9436793e-05   1.5656857e-05   1.0932128e-05   7.4752948e-06   5.0809040e-06   4.1654162e-06   3.3477236e-06   2.5269117e-06   1.7295331e-06   1.3474984e-06   9.9098202e-07   8.0384774e-07   6.8090048e-07   3.2550759e-07   4.7922163e-07   1.3803539e-07   2.7356455e-07
   0.0000000e+00   0.0000000e+00   2.1677464e-05   2.6858421e-05   2.3918523e-05   1.9479972e-05   1.9114945e-05   1.6060347e-05   1.0965701e-05   7.3339243e-06   5.3069484e-06   4.1408412e-06   3.0556157e-06   2.5125116e-06   2.0972118e-06   1.4533332e-06   8.0603280e-07   6.5828004e-07   6.8327427e-07   5.1560545e-07   2.5041280e-07   2.9765022e-07   6.2067308e-08
   0.0000000e+00   0.0000000e+00   2.2043525e-05   2.6604957e-05   2.4606619e-05   1.9136151e-05   1.9219797e-05   1.5881102e-05   1.0889027e-05   7.2262837e-06   5.5407136e-06   3.8573044e-06   3.3638159e-06   2.4574549e-06   1.9932224e-06   1.3064881e-06   1.0173102e-06   8.4080239e-07   4.7857259e-07   3.4857777e-07   3.8973553e-07   2.5037630e-07   1.3504540e-07
   0.0000000e+00   0.0000000e+00   2.1479700e-05   2.6700525e-05   2.4269890e-05   1.9794395e-05   1.8910438e-05   1.6118802e-05   1.0892652e-05   7.2648650e-06   5.1323441e-06   4.1475432e-06   3.0187914e-06   2.6312382e-06   1.9396662e-06   1.2644522e-06   1.1893520e-06   7.5664940e-07   4.5321198e-07   6.7964970e-07   2.4076670e-07   5.4898099e-08   2.8575974e-07
   0.0000000e+00   0.0000000e+00   2.1988913e-05   2.6666114e-05   2.3916451e-05   1.9643778e-05   1.9150828e-05   1.5985821e-05   1.0855784e-05   7.3741039e-06   5.4230736e-06   3.9270949e-06   3.0481474e-06   2.4499393e-06   1.7695372e-06   1.6370398e-06   9.7244811e-07   6.9747387e-07   8.6399342e-07   3.4005402e-07   4.1621971e-07   2.6828309e-07   4.0092253e-08
   0.0000000e+00   0.0000000e+00   2.1728911e-05   2.6875970e-05   2.4215300e-05   1.9351806e-05   1.9350702e-05   1.6003381e-05   1.0758738e-05   7.5086182e-06   5.1230581e-06   4.2140077e-06   2.9631728e-06   2.3772966e-06   1.9210254e-06   1.3486355e-06   9.2478928e-07   1.0568061e-06   5.6461266e-07   5.5784830e-07   2.9337048e-07   3.2486119e-07   1.4747602e-07
   0.0000000e+00   0.0000000e+00   2.1686383e-05   2.6516924e-05   2.4583134e-05   1.9432067e-05   1.8979188e-05   1.6177501e-05   1.1041933e-05   7.2442608e-06   5.4267225e-06   3.9611427e-06   3.0479628e-06   2.4524713e-06   1.6192848e-06   1.4796748e-06   1.0077877e-06   8.1499854e-07   7.1955088e-07   3.0478401e-07   6.5553934e-07   4.7498105e-08  -2.4817790e-08
   0.0000000e+00   0.0000000e+00   2.1715146e-05   2.6771380e-05   2.3882507e-05   1.9805288e-05   1.8990588e-05   1.6121727e-05   1.0837105e-05   7.3597466e-06   5.3758158e-06   3.9383108e-06   3.1318775e-06   2.3554533e-06   1.7739243e-06   1.3056242e-06   1.1420266e-06   7.4297844e-07   5.1266687e-07   4.8594399e-07   2.5284783e-07   2.3481617e-07   9.5200285e-08
   0.0000000e+00   0.0000000e+00   2.1867629e-05   2.6653348e-05   2.4226661e-05   1.9397641e-05   1.9512036e-05   1.5729189e-05   1.1124320e-05   7.3001252e-06   5.3599479e-06   3.9541383e-06   2.9683870e-06   2.2666397e-06   2.0013861e-06   1.2892970e-06   1.0770922e-06   6.1770885e-07   6.1104100e-07   5.2790006e-07   8.1183778e-08   1.9057846e-07   1.8267107e-07
   0.0000000e+00   0.0000000e+00   2.1647606e-05   2.6725953e-05   2.4149253e-05   1.9537780e-05   1.8946435e-05   1.6308881e-05   1.0678611e-05   7.4717072e-06   5.2709643e-06   3.9359170e-06   3.0994643e-06   2.3719720e-06   1.7108557e-06   1.3270742e-06   1.0531191e-06   7.8032303e-07   6.2574253e-07   2.1400720e-07   4.4612634e-07   2.2306590e-07  -1.1473477e-07
   0.0000000e+00   0.0000000e+00   2.1854763e-05   2.6342370e-05   2.4565110e-05   1.9278970e-05   1.9215002e-05   1.5914902e-05   1.1074571e-05   7.2295620e-06   5.1742209e-06   3.9794254e-06   2.9480291e-06   2.1915650e-06   2.2201771e-06   1.0967171e-06   1.0305644e-06   7.1070775e-07   5.0451212e-07   4.4143792e-07   2.7560034e-07   1.3663524e-07   8.1090676e-08
   0.0000000e+00   0.0000000e+00   2.1613499e-05   2.7053578e-05   2.3841822e-05   1.9821195e-05   1.8900826e-05   1.6211461e-05   1.0777509e-05   7.2793168e-06   5.4338107e-06   3.7609207e-06   3.1633572e-06   2.5085194e-06   1.4682976e-06   1.6058706e-06   8.0117417e-07   7.0993303e-07   7.3486774e-07   1.6597991e-07   1.5813048e-07   4.1334391e-07  -1.8673231e-07
   0.0000000e+00   0.0000000e+00   2.1856169e-05   2.6633437e-05   2.4115347e-05   1.9496561e-05   1.9307612e-05   1.5798354e-05   1.1012442e-05   7.2239081e-06   5.1304369e-06   4.0850382e-06   2.9202135e-06   2.3823807e-06   1.9210843e-06   1.4210159e-06   1.0679888e-06   5.2779120e-07   3.8381512e-07   5.6287831e-07   1.3586269e-07  -1.2335262e-07   2.6976954e-07
   0.0000000e+00   0.0000000e+00   2.1619007e-05   2.6672102e-05   2.4476052e-05   1.9281033e-05   1.9150142e-05   1.6044336e-05   1.0640593e-05   7.4190662e-06   5.1346792e-06   3.8997450e-06   3.2133382e-06   2.5438180e-06   1.7698148e-06   1.3183309e-06   9.8081944e-07   9.6602128e-07   4.3489848e-07   9.9415026e-08   2.0710523e-07   2.1145482e-07  -1.7718810e-07
   0.0000000e+00   0.0000000e+00   2.2042623e-05   2.6556228e-05   2.4386758e-05   1.9669700e-05   1.9018904e-05   1.6028411e-05   1.1000086e-05   7.1020886e-06   5.3419872e-06   3.7880222e-06   2.9791850e-06   2.3949576e-06   2.0960870e-06   1.5190556e-06   9.2318584e-07   7.5918672e-07   3.2139150e-07   5.8745104e-07   6.5594477e-08  -2.7132357e-08   3.8985100e-08
   0.0000000e+00   0.0000000e+00   2.1686725e-05   2.6973901e-05   2.4069435e-05   1.9623263e-05   1.9187337e-05   1.6095402e-05   1.0527250e-05   7.3594865e-06   5.0827862e-06   4.0111818e-06   3.2488922e-06   2.3511589e-06   1.8763636e-06   1.4808107e-06   9.3622356e-07   1.0405678e-06   4.4843921e-07   3.0778622e-07   1.2164637e-08   1.4347903e-07   1.6011387e-07
   0.0000000e+00   0.0000000e+00   2.1737749e-05   2.6778876e-05   2.4364843e-05   1.9591929e-05   1.9188563e-05   1.5849757e-05   1.1147398e-05   6.9603448e-06   5.5143610e-06   3.6287427e-06   2.9981436e-06   2.5209840e-06   2.0161970e-06   1.5108254e-06   1.1499747e-06   4.4433165e-07   6.7286874e-07   5.8197548e-07  -1.1910809e-08   4.7801070e-08  -1.6288277e-07
   0.0000000e+00   0.0000000e+00   2.1790258e-05   2.6798511e-05   2.4350751e-05   1.9749161e-05   1.9120323e-05   1.6069700e-05   1.0713477e-05   7.3470569e-06   5.0256258e-06   4.2352672e-06   3.0130113e-06   2.5490840e-06   1.8323847e-06   1.5047979e-06   1.0755037e-06   9.7082591e-07   3.8518615e-07   4.6448798e-07   1.3814312e-07   7.8463216e-08  -5.7588800e-08
   0.0000000e+00   0.0000000e+00   2.2003878e-05   2.6584734e-05   2.4520032e-05   1.9575431e-05   1.9320563e-05   1.6071783e-05   1.0823301e-05   7.2811295e-06   5.2640421e-06   3.7962902e-06   3.0628878e-06   2.5339536e-06   2.0652174e-06   1.4720996e-06   1.1857503e-06   6.6779461e-07   7.3325037e-07   3.6044241e-07   1.8513035e-07   2.3001712e-07  -2.1766598e-07
   0.0000000e+00   0.0000000e+00   2.1779444e-05   2.7095755e-05   2.3973575e-05   1.9963472e-05   1.9183910e-05   1.5902786e-05   1.0815430e-05   7.4106733e-06   5.1970710e-06   4.0611399e-06   3.0902088e-06   2.4732926e-06   1.7901186e-06   1.6151769e-06   1.1008783e-06   8.3442325e-07   5.5732193e-07   3.9248232e-07   1.7180461e-07   2.6133759e-07   4.6908788e-08
   0.0000000e+00   0.0000000e+00   2.1691350e-05   2.6675079e-05   2.4772360e-05   1.9391382e-05   1.9412586e-05   1.6251817e-05   1.0746578e-05   7.0002352e-06   5.4398547e-06   3.7520738e-06   3.0814203e-06   2.5497134e-06   1.9216889e-06   1.3713097e-06   1.1138790e-06   7.8580337e-07   4.1657395e-07   3.7759133e-07   2.3926245e-07   2.0977366e-07  -6.9849655e-08
   0.0000000e+00   0.0000000e+00   2.1846621e-05   2.6705267e-05   2.4258559e-05   1.9766949e-05   1.9227595e-05   1.6028995e-05   1.0977744e-05   7.1709305e-06   5.2529554e-06   4.1232429e-06   2.9056516e-06   2.5259721e-06   1.8404987e-06   1.5026959e-06   9.6431597e-07   7.5996343e-07   5.1088176e-07   3.9445749e-07   1.2354526e-07   2.5157067e-07   2.5890435e-08
   0.0000000e+00   0.0000000e+00   2.2040987e-05   2.6831201e-05   2.4378473e-05   1.9651230e-05   1.9282814e-05   1.5863712e-05   1.0926464e-05   7.3146011e-06   5.2100090e-06   3.8388630e-06   3.2177647e-06   2.1760652e-06   2.1214553e-06   1.3535373e-06   1.0533197e-06   6.3636372e-07   5.6486931e-07   4.3935196e-07   1.7322516e-07   1.1024703e-07   3.4936432e-09
   0.0000000e+00   0.0000000e+00   2.1598804e-05   2.6852769e-05   2.4217557e-05   1.9962083e-05   1.9103652e-05   1.6188527e-05   1.0685378e-05   7.5802072e-06   4.7651788e-06   4.1778853e-06   3.0656352e-06   2.5471250e-06   1.7544140e-06   1.4121349e-06   9.8634939e-07   9.2718551e-07   5.0235997e-07   3.0441768e-07   1.3045270e-07   1.4470943e-07   2.0473060e-08
   0.0000000e+00   0.0000000e+00   2.1862143e-05   2.6883738e-05   2.4338375e-05   1.9432673e-05   1.9456880e-05   1.5976593e-05   1.0897726e-05   7.1413456e-06   5.6213644e-06   3.7441243e-06   2.9759035e-06   2.3212629e-06   2.0471634e-06   1.3974408e-06   1.1109046e-06   5.7905015e-07   6.8794810e-07   3.8722840e-07   2.3709894e-07   1.3954943e-07  -2.1054819e-07
   0.0000000e+00   0.0000000e+00   2.1786960e-05   2.6667292e-05   2.4544664e-05   1.9755767e-05   1.9030324e-05   1.6292237e-05   1.0804454e-05   7.1446480e-06   5.3539811e-06   4.0119749e-06   3.0714550e-06   2.5150634e-06   1.8407254e-06   1.3282061e-06   1.0236184e-06   8.7219934e-07   5.9363634e-07   3.2403867e-07   2.7223385e-07   1.5930398e-07   2.1292827e-08
   0.0000000e+00   0.0000000e+00   2.1940356e-05   2.6841846e-05   2.4429388e-05   1.9482160e-05   1.9557650e-05   1.5757696e-05   1.1110111e-05   7.2789644e-06   5.2799087e-06   3.8221206e-06   3.2002117e-06   2.5825466e-06   1.9035290e-06   1.4513749e-06   1.0655942e-06   5.9396064e-07   7.0375557e-07   3.3676315e-07   3.7162775e-07   2.9635817e-07  -1.6444323e-08
   0.0000000e+00   0.0000000e+00   2.1596956e-05   2.6866570e-05   2.4212464e-05   1.9992925e-05   1.8888608e-05   1.6252030e-05   1.0737482e-05   7.3099477e-06   5.1587726e-06   4.1488729e-06   3.0328072e-06   2.5582347e-06   2.0806106e-06   1.3528013e-06   1.1471724e-06   7.3098954e-07   4.6136162e-07   3.8275132e-07   3.3846328e-07   3.4748118e-07   1.0211958e-07
   0.0000000e+00   0.0000000e+00   2.1982663e-05   2.6741225e-05   2.4397228e-05   1.9552010e-05   1.9329615e-05   1.6133770e-05   1.0783659e-05   7.3186889e-06   5.1415577e-06   3.9071815e-06   3.1948182e-06   2.5235627e-06   2.1034211e-06   1.3975509e-06   9.5960979e-07   7.9180683e-07   6.3605194e-07   3.4910011e-07   3.1666156e-07   3.3858990e-07   2.1598169e-07
   0.0000000e+00   0.0000000e+00   2.1731074e-05   2.6848926e-05   2.4219538e-05   1.9774510e-05   1.9179755e-05   1.5792361e-05   1.0979478e-05   7.1400759e-06   5.1860488e-06   4.1378721e-06   2.8941874e-06   2.5978813e-06   1.9301322e-06   1.6074730e-06   1.0564795e-06   5.4363386e-07   5.3510098e-07   6.2551487e-07   4.9742005e-07   1.8086497e-07   2.9219453e-07
   0.0000000e+00   0.0000000e+00   2.1772761e-05   2.6745534e-05   2.4547531e-05   1.9315974e-05   1.9442721e-05   1.6045187e-05   1.0765139e-05   6.8850090e-06   5.3873810e-06   3.5597543e-06   3.4633626e-06   2.3716116e-06   1.9514125e-06   1.4780261e-06   9.7699126e-07   7.9290731e-07   5.6804191e-07   4.6398389e-07   3.8883834e-07   3.2262102e-07   3.3422623e-07
   0.0000000e+00   0.0000000e+00   2.1720962e-05   2.6934489e-05   2.4222511e-05   1.9807176e-05   1.8972953e-05   1.6093227e-05   1.0779107e-05   7.3100437e-06   5.0245444e-06   3.9080574e-06   2.9289761e-06   2.6014009e-06   1.9074164e-06   1.4275348e-06   1.0798942e-06   7.8366639e-07   4.6777450e-07   4.1412903e-07   3.9616785e-07   2.2759869e-07   1.7401470e-07
   0.0000000e+00   0.0000000e+00   2.1965847e-05   2.6537209e-05   2.4593373e-05   1.9621724e-05   1.9225396e-05   1.5973108e-05   1.0702994e-05   7.0781180e-06   5.0943449e-06   3.8242747e-06   2.9450832e-06   2.4634514e-06   1.9344243e-06   1.4264991e-06   1.0543881e-06   8.0515224e-07   5.5225877e-07   1.6578277e-07   4.3566047e-07   1.6803044e-07   2.9420626e-08
   0.0000000e+00   0.0000000e+00   2.1787981e-05   2.6885029e-05   2.4157522e-05   1.9757823e-05   1.9244731e-05   1.6099821e-05   1.0719026e-05   7.1622389e-06   4.9502873e-06   3.8792300e-06   2.9519338e-06   2.2250390e-06   2.0218979e-06   1.3208002e-06   1.0772658e-06   6.8392006e-07   6.2590175e-07   3.8023029e-07   1.7131335e-07   1.7595107e-07   1.0646722e-07
   0.0000000e+00   0.0000000e+00   2.1838303e-05   2.6823400e-05   2.4357229e-05   1.9609552e-05   1.9347483e-05   1.5821646e-05   1.1096940e-05   6.9409493e-06   5.2070677e-06   3.7256025e-06   2.8326185e-06   2.5177176e-06   1.6994642e-06   1.4641491e-06   1.0676905e-06   5.1425440e-07   7.6901676e-07   3.7315544e-07   2.1710348e-07   1.1655952e-07   1.7079607e-07
   0.0000000e+00   0.0000000e+00   2.1578295e-05   2.6967864e-05   2.4333496e-05   1.9672370e-05   1.9157853e-05   1.6136935e-05   1.0648315e-05   7.2291718e-06   5.1778470e-06   3.6858000e-06   3.1578479e-06   2.3183018e-06   1.7513241e-06   1.2095236e-06   1.1086515e-06   7.7158882e-07   5.3972184e-07   3.8002895e-07   4.1531891e-07   1.5107760e-07   7.6895212e-08
   0.0000000e+00   0.0000000e+00   2.1951046e-05   2.6535507e-05   2.4490768e-05   1.9590561e-05   1.9140456e-05   1.6116039e-05   1.0965259e-05   7.1474856e-06   5.1194097e-06   3.8349867e-06   2.9377916e-06   2.3520586e-06   2.0597097e-06   1.1913828e-06   8.4887790e-07   7.3365868e-07   5.7000682e-07   3.1970077e-07   5.0366617e-07   2.0179243e-07   9.8860589e-08
   0.0000000e+00   0.0000000e+00   2.1802727e-05   2.6803809e-05   2.4269366e-05   1.9678047e-05   1.9262472e-05   1.6174494e-05   1.0498047e-05   7.4494033e-06   5.0477838e-06   3.9241377e-06   3.0158883e-06   2.4437684e-06   1.7455733e-06   1.4425509e-06   7.1000801e-07   8.1914635e-07   4.8464432e-07   2.8767641e-07   4.1185598e-07   3.0661562e-07   1.3712450e-07
   0.0000000e+00   0.0000000e+00   2.1862983e-05   2.6803404e-05   2.4340032e-05   1.9641107e-05   1.9323315e-05   1.5920723e-05   1.1017141e-05   7.2369653e-06   5.2350733e-06   3.7933357e-06   2.9859095e-06   2.3856546e-06   1.8799233e-06   1.2731958e-06   1.0048474e-06   5.7269347e-07   2.5358750e-07   6.0761448e-07   4.1098889e-07  -7.8523627e-08   3.8562590e-07
   0.0000000e+00   0.0000000e+00   2.1641690e-05   2.6897576e-05   2.4337354e-05   1.9613612e-05   1.9084197e-05   1.6230539e-05   1.0896686e-05   7.1170384e-06   5.3190538e-06   3.9983161e-06   2.9404800e-06   2.5856759e-06   1.6637024e-06   1.3534170e-06   8.5530843e-07   7.0616289e-07   5.1770354e-07   2.2818725e-07   2.0952096e-07   2.1925108e-07   2.1369148e-07
   0.0000000e+00   0.0000000e+00   2.1903104e-05   2.6699969e-05   2.4321960e-05   1.9679463e-05   1.9216488e-05   1.5959893e-05   1.1044941e-05   7.2943426e-06   5.2089918e-06   3.9527386e-06   3.0028943e-06   2.3206803e-06   1.9641082e-06   1.4182349e-06   6.8594545e-07   7.0813297e-07   4.5647911e-07   3.8080054e-07   2.9385939e-07  -6.0801592e-10   1.8789099e-07
   0.0000000e+00   0.0000000e+00   2.1801470e-05   2.6865831e-05   2.4236026e-05   1.9687295e-05   1.9201403e-05   1.6082933e-05   1.0760378e-05   7.4752925e-06   5.2430337e-06   3.9850183e-06   3.1741722e-06   2.3647658e-06   1.7770941e-06   1.3378473e-06   8.9129389e-07   5.5896351e-07   4.9366145e-07   1.5634534e-07   3.0185004e-07  -1.9696563e-08   5.0382678e-08
   0.0000000e+00   0.0000000e+00   2.1891252e-05   2.6583020e-05   2.4411034e-05   1.9469509e-05   1.9233619e-05   1.6033422e-05   1.0870559e-05   7.4507320e-06   5.1872003e-06   3.8751937e-06   3.1791481e-06   2.4317394e-06   1.9394158e-06   1.1967392e-06   9.7945758e-07   5.7620866e-07   4.4187104e-07   1.5003694e-07   2.3400909e-07  -1.2004675e-07   2.3831573e-08
