   0.0000000e+00   0.0000000e+00   3.2178821e-05   3.4644694e-05   2.8702847e-05   2.1825868e-05   2.0622518e-05   1.7320635e-05   1.1708458e-05   7.6979914e-06   5.7878997e-06   4.2512770e-06   3.0709170e-06   2.6559587e-06   1.8937254e-06   1.6370266e-06   1.0351839e-06   4.8676958e-07   4.8766066e-07   1.9739625e-07   2.5969983e-08  -8.7165635e-09  -1.3405822e-08
   0.0000000e+00   0.0000000e+00   3.2033226e-05   3.4461773e-05   2.8826944e-05   2.1938022e-05   2.0713604e-05   1.7033151e-05   1.1917716e-05   7.5752473e-06   5.6767535e-06   4.1759786e-06   3.2727453e-06   2.6844689e-06   2.0011842e-06   1.1701128e-06   1.4280897e-06   4.3782504e-07   6.7856149e-07   1.1887018e-07   1.1661118e-07   1.3608958e-07   2.0444695e-08
   0.0000000e+00   0.0000000e+00   3.2036631e-05   3.4656932e-05   2.8577808e-05   2.1911570e-05   2.0785754e-05   1.7019449e-05   1.1490187e-05   8.1145527e-06   5.5694500e-06   4.1666235e-06   3.2805256e-06   2.4555309e-06   2.1590920e-06   1.4191531e-06   9.1603215e-07   5.8010033e-07   6.8404233e-07   2.9432417e-07   3.2685710e-07  -3.2640692e-08  -3.2315935e-08
   0.0000000e+00   0.0000000e+00   3.2312677e-05   3.4381967e-05   2.8916958e-05   2.1841448e-05   2.0736672e-05   1.7303133e-05   1.1423145e-05   7.6505657e-06   5.5791866e-06   4.3957225e-06   3.4154048e-06   2.5131844e-06   2.1757126e-06   1.2759562e-06   1.0726778e-06   7.1662140e-07   7.1729983e-07   1.0779568e-07   3.0751187e-07   1.8765679e-07   1.1978619e-08
   0.0000000e+00   0.0000000e+00   3.2179589e-05   3.4556684e-05   2.8786540e-05   2.1838496e-05   2.0731821e-05   1.7369654e-05   1.1628083e-05   7.6879169e-06   5.6026229e-06   4.1899507e-06   3.3233632e-06   2.5103363e-06   2.1762899e-06   1.5852763e-06   9.1441103e-07   6.5904135e-07   6.2468985e-07   5.3376777e-07   3.3792401e-07  -3.6831892e-08   9.0292236e-09
   0.0000000e+00   0.0000000e+00   3.2107058e-05   3.4513178e-05   2.8821865e-05   2.1985439e-05   2.0631596e-05   1.6994591e-05   1.1741246e-05   7.5809562e-06   5.7158536e-06   4.3005057e-06   3.4721472e-06   2.6908990e-06   1.7391670e-06   1.6087095e-06   1.1757591e-06   5.8281955e-07   6.2686917e-07   4.2347213e-07   3.6189346e-07   1.4867946e-07   2.4284384e-07
   0.0000000e+00   0.0000000e+00   3.1982017e-05   3.4651886e-05   2.8785407e-05   2.1939946e-05   2.1109276e-05   1.7190241e-05   1.1572224e-05   7.7585182e-06   5.2994978e-06   4.2105144e-06   3.2639480e-06   2.8344659e-06   2.0447906e-06   1.6293576e-06   8.3425999e-07   8.5167136e-07   4.4177850e-07   6.6087330e-07   3.4537152e-07   6.0734735e-08   1.5983439e-07
   0.0000000e+00   0.0000000e+00   3.2199689e-05   3.4424749e-05   2.8787768e-05   2.1870252e-05   2.0697848e-05   1.7451050e-05   1.1452750e-05   7.7369295e-06   5.6215722e-06   4.2449205e-06   3.2796372e-06   2.5602817e-06   2.1106989e-06   1.5105519e-06   9.8536225e-07   9.1365860e-07   4.2908530e-07   4.6035325e-07   4.0181354e-07   5.4563479e-08  -6.7205164e-08
   0.0000000e+00   0.0000000e+00   3.2194963e-05   3.4510154e-05   2.8653569e-05   2.2188402e-05   2.0588963e-05   1.7335795e-05   1.1614987e-05   7.5921785e-06   5.4230086e-06   4.0702548e-06   3.0969920e-06   2.7613330e-06   2.1419132e-06   1.4614333e-06   8.8704542e-07   8.6301378e-07   5.9292881e-07   2.2834467e-07   3.1626055e-07  -1.1510947e-08   1.2482400e-07
   0.0000000e+00   0.0000000e+00   3.2119955e-05   3.4609635e-05   2.8761862e-05   2.1791144e-05   2.1027472e-05   1.7122984e-05   1.1677086e-05   7.8493804e-06   5.4930592e-06   3.9593633e-06   3.3560336e-06   2.2872530e-06   2.0633215e-06   1.6054612e-06   1.0918993e-06   6.5451735e-07   5.5400795e-07   5.1953856e-07   2.0844296e-07  -1.5541454e-07  -9.6121596e-08
   0.0000000e+00   0.0000000e+00   3.1956530e-05   3.4400913e-05   2.8945462e-05   2.1818078e-05   2.0725758e-05   1.7285924e-05   1.1656552e-05   7.3572842e-06   5.7293296e-06   4.0966570e-06   2.9666714e-06   2.6145437e-06   1.9284050e-06   1.3669159e-06   1.2995429e-06   7.6298392e-07   7.4691013e-07   4.5521489e-07   2.1623765e-07   2.3664077e-07  -7.3518052e-08
   0.0000000e+00   0.0000000e+00   3.2148400e-05   3.4451208e-05   2.8845510e-05   2.1731652e-05   2.0886826e-05   1.7386103e-05   1.1448257e-05   7.9725705e-06   5.4009984e-06   4.1013518e-06   3.0423719e-06   2.5861823e-06   1.9658105e-06   1.2759921e-06   1.1350518e-06   8.7766415e-07   9.3896506e-07   4.2760288e-07   3.8750957e-07   3.2177573e-07   1.0086089e-07
   0.0000000e+00   0.0000000e+00   3.2232365e-05   3.4474982e-05   2.8649893e-05   2.2031476e-05   2.0456315e-05   1.7217506e-05   1.1503505e-05   7.8620969e-06   5.4954353e-06   4.2699940e-06   3.3819701e-06   2.4241126e-06   1.9072222e-06   1.4095497e-06   1.0936767e-06   8.1958433e-07   5.9380659e-07   6.3495150e-07   3.2336357e-07   3.4182347e-07  -2.5049076e-08
   0.0000000e+00   0.0000000e+00   3.2011045e-05   3.4826855e-05   2.8579519e-05   2.2054888e-05   2.0807367e-05   1.7055436e-05   1.1565705e-05   7.7188561e-06   5.4212755e-06   4.0514042e-06   3.3897325e-06   2.6663784e-06   2.0197183e-06   1.5070458e-06   8.7757775e-07   8.9436656e-07   7.2004678e-07   4.7223779e-07   3.3478346e-07   3.1729465e-07   1.0670627e-07
   0.0000000e+00   0.0000000e+00   3.1946838e-05   3.4405926e-05   2.8932656e-05   2.1795257e-05   2.0686452e-05   1.7031227e-05   1.1588532e-05   7.5581788e-06   5.9102890e-06   4.1009448e-06   3.1324118e-06   2.6685766e-06   2.0682371e-06   1.4584078e-06   1.0351432e-06   8.8019584e-07   4.4732283e-07   5.4888142e-07   2.6440594e-07   3.6947915e-07   2.4125075e-07
   0.0000000e+00   0.0000000e+00   3.2360302e-05   3.4385583e-05   2.8927463e-05   2.1718111e-05   2.0697376e-05   1.7256822e-05   1.1545545e-05   7.2823786e-06   5.6531758e-06   4.0977939e-06   3.1636225e-06   2.7175740e-06   1.9614447e-06   1.7587014e-06   1.0469586e-06   6.6317165e-07   5.1020760e-07   6.5615097e-07   4.4416561e-07  -6.3473166e-08   1.0390598e-07
   0.0000000e+00   0.0000000e+00   3.2102798e-05   3.4733548e-05   2.8695749e-05   2.2009006e-05   2.0594773e-05   1.6958282e-05   1.1414460e-05   7.9256324e-06   5.3604676e-06   4.3331233e-06   3.2074554e-06   2.5599365e-06   2.1123269e-06   1.4139423e-06   1.1994459e-06   1.0400837e-06   7.5104299e-07   5.1532356e-07  -3.7614331e-08   4.8929104e-07   1.6727178e-07
   0.0000000e+00   0.0000000e+00   3.2077449e-05   3.4685156e-05   2.8789882e-05   2.1826034e-05   2.0751380e-05   1.7057502e-05   1.1206925e-05   7.8803168e-06   5.5073970e-06   3.9794904e-06   3.0918980e-06   2.7438673e-06   2.1957919e-06   1.4193539e-06   1.1350750e-06   8.1735737e-07   1.0113694e-06   5.0873439e-07   2.8177899e-07   1.7032865e-07   5.2631854e-08
   0.0000000e+00   0.0000000e+00   3.2089149e-05   3.4677079e-05   2.8783759e-05   2.1797616e-05   2.0890560e-05   1.6986165e-05   1.1351526e-05   7.2510279e-06   5.6985727e-06   4.1602198e-06   3.3716478e-06   2.4821868e-06   2.0279551e-06   1.2832949e-06   1.2961236e-06   1.0595188e-06   7.4272566e-07   5.7672139e-07   3.0429067e-07   4.5902271e-07  -6.2691079e-08
   0.0000000e+00   0.0000000e+00   3.2427342e-05   3.4299235e-05   2.9065053e-05   2.1833623e-05   2.0548667e-05   1.7007013e-05   1.1720030e-05   7.3814886e-06   5.5662867e-06   3.9373517e-06   3.0119450e-06   2.7460806e-06   1.9933855e-06   1.5011475e-06   1.0711417e-06   7.8109201e-07   8.7749402e-07   8.0834434e-07   3.5356041e-07   3.7144616e-07  -6.3999266e-08
   0.0000000e+00   0.0000000e+00   3.2109641e-05   3.4856315e-05   2.8665949e-05   2.2043221e-05   2.0672798e-05   1.6971333e-05   1.1363681e-05   7.4985655e-06   5.3943422e-06   4.1045791e-06   3.4532720e-06   2.5025531e-06   1.9063044e-06   1.3289500e-06   9.8909811e-07   8.5450137e-07   7.6730663e-07   7.3208423e-07   4.5894976e-07   4.7601031e-07   3.2822402e-07
   0.0000000e+00   0.0000000e+00   3.1936921e-05   3.4755652e-05   2.8781375e-05   2.1956677e-05   2.0797834e-05   1.7245675e-05   1.1290855e-05   7.6204406e-06   5.3380982e-06   4.1882809e-06   3.0966737e-06   2.5993527e-06   2.0971650e-06   1.4500705e-06   1.0189683e-06   8.0483898e-07   4.2120271e-07   7.6400300e-07   7.4104099e-07   1.9012418e-07   1.3120778e-07
   0.0000000e+00   0.0000000e+00   3.2320033e-05   3.4420045e-05   2.8897159e-05   2.1896243e-05   2.0727008e-05   1.7025557e-05   1.1393251e-05   7.8317607e-06   5.3529270e-06   4.2235229e-06   3.1084669e-06   2.6504740e-06   2.1277442e-06   1.3090417e-06   9.4247696e-07   1.2245663e-06   5.0559760e-07   5.4627350e-07   4.3930532e-07   4.6190036e-07   2.1819119e-07
   0.0000000e+00   0.0000000e+00   3.2210708e-05   3.4451816e-05   2.8887634e-05   2.1843769e-05   2.0965725e-05   1.7040549e-05   1.1559043e-05   7.3311367e-06   5.6471349e-06   4.0031250e-06   3.3810641e-06   2.5613056e-06   1.9029401e-06   1.6916209e-06   8.9380205e-07   8.6138596e-07   7.5726081e-07   7.0486465e-07   5.2422513e-07   3.3338601e-08   9.5001894e-08
   0.0000000e+00   0.0000000e+00   3.1975575e-05   3.4649416e-05   2.8716562e-05   2.1958169e-05   2.0675448e-05   1.7168628e-05   1.1666257e-05   7.5539579e-06   5.5845067e-06   4.0042714e-06   3.3554179e-06   2.7224032e-06   1.9589856e-06   1.4237398e-06   1.1888745e-06   8.1700654e-07   7.3347428e-07   5.8911422e-07   3.6779014e-07   1.3255911e-07   1.8156119e-07
   0.0000000e+00   0.0000000e+00   3.2146476e-05   3.4770383e-05   2.8734958e-05   2.1854952e-05   2.0625008e-05   1.7107008e-05   1.1510092e-05   7.8187168e-06   5.5159953e-06   4.1872227e-06   3.1523793e-06   2.7765336e-06   2.1965470e-06   1.4754886e-06   1.0344753e-06   8.8214557e-07   7.6026623e-07   5.2626496e-07   2.4970660e-07   3.3678958e-07  -4.6547974e-08
   0.0000000e+00   0.0000000e+00   3.2207176e-05   3.4356417e-05   2.8890974e-05   2.2107763e-05   2.0568035e-05   1.7152795e-05   1.1539759e-05   7.5635744e-06   5.4897564e-06   4.4481621e-06   3.2018183e-06   2.7437361e-06   2.2674758e-06   1.3982338e-06   1.4034085e-06   9.1715356e-07   6.2246414e-07   3.7702972e-07   4.1305105e-07   4.4233794e-08  -9.9687874e-08
   0.0000000e+00   0.0000000e+00   3.2260283e-05   3.4470508e-05   2.8834887e-05   2.1709548e-05   2.0998939e-05   1.7121210e-05   1.1398149e-05   7.8487956e-06   5.3820308e-06   4.0782411e-06   3.2880093e-06   2.6853434e-06   2.2620982e-06   1.5776243e-06   1.2868860e-06   8.3495291e-07   9.7810664e-07   4.0607773e-07   2.1705655e-07   2.8274687e-07  -4.3768459e-08
   0.0000000e+00   0.0000000e+00   3.1943542e-05   3.4833145e-05   2.8718818e-05   2.1889193e-05   2.0587358e-05   1.7081400e-05   1.1700976e-05   7.3641918e-06   5.7504908e-06   3.8787098e-06   3.2506923e-06   2.8088330e-06   1.9315030e-06   1.6275081e-06   1.1761646e-06   9.2340838e-07   8.5319925e-07   6.3462960e-07   2.7382629e-07   1.7951666e-07   2.9326691e-07
   0.0000000e+00   0.0000000e+00   3.2064305e-05   3.4768906e-05   2.8848815e-05   2.1821947e-05   2.0774296e-05   1.7085365e-05   1.1577510e-05   7.6191400e-06   5.5046530e-06   3.8490693e-06   3.3956555e-06   2.5067495e-06   2.1643893e-06   1.6514892e-06   1.1102624e-06   7.6280594e-07   7.4634693e-07   5.3782691e-07   6.1746647e-07   2.5609384e-07   1.1409705e-07
   0.0000000e+00   0.0000000e+00   3.2330809e-05   3.4163982e-05   2.8987384e-05   2.2050715e-05   2.0565594e-05   1.7064911e-05   1.1419141e-05   7.7288369e-06   5.3423164e-06   4.3422237e-06   2.9884791e-06   2.5963773e-06   2.3033465e-06   1.4367793e-06   1.0488068e-06   9.3646111e-07   5.2346479e-07   4.4465691e-07   4.7760483e-07   2.3669013e-07   4.4704467e-07
   0.0000000e+00   0.0000000e+00   3.2111038e-05   3.4660501e-05   2.8785231e-05   2.1903094e-05   2.0907251e-05   1.7075421e-05   1.1293036e-05   7.8050425e-06   5.3086587e-06   4.0026457e-06   3.1081900e-06   2.6596733e-06   2.1330823e-06   1.7159314e-06   8.3700962e-07   8.0877186e-07   5.9657384e-07   4.1709205e-07   4.1682452e-07   2.3084367e-07   3.1862250e-08
   0.0000000e+00   0.0000000e+00   3.2060707e-05   3.4785025e-05   2.8714110e-05   2.1885773e-05   2.0771251e-05   1.6984053e-05   1.1563799e-05   7.5416920e-06   5.5408818e-06   4.2619122e-06   3.0990882e-06   2.7692697e-06   1.8600421e-06   1.5480881e-06   1.2661425e-06   6.7911361e-07   4.9600413e-07   5.2610801e-07   3.4359365e-07   2.3928538e-07   2.9405172e-07
   0.0000000e+00   0.0000000e+00   3.2052394e-05   3.4647393e-05   2.8871615e-05   2.2056762e-05   2.0610161e-05   1.7143697e-05   1.1509933e-05   7.5068501e-06   5.6810750e-06   3.9121596e-06   3.2623636e-06   2.9144508e-06   2.0576133e-06   1.5814175e-06   1.0189597e-06   7.9532418e-07   9.0049059e-07   2.6874147e-07   4.9065164e-07   2.2491486e-07   1.2559313e-07
   0.0000000e+00   0.0000000e+00   3.2211574e-05   3.4415851e-05   2.9017920e-05   2.2000189e-05   2.0690286e-05   1.7017710e-05   1.1590687e-05   7.5249809e-06   5.6856188e-06   4.3904038e-06   3.1840302e-06   2.6271864e-06   2.2454988e-06   1.6453981e-06   1.1025049e-06   9.8286398e-07   7.6373539e-07   3.9348132e-07   3.6730580e-07   4.0431249e-07   1.2913607e-07
   0.0000000e+00   0.0000000e+00   3.2243071e-05   3.4589761e-05   2.8888640e-05   2.1810689e-05   2.0804146e-05   1.7291482e-05   1.1246476e-05   7.8435260e-06   5.3875192e-06   4.2145239e-06   3.4285379e-06   2.4340293e-06   2.4276860e-06   1.5957728e-06   1.3453948e-06   6.2195528e-07   7.3043282e-07   6.2852382e-07   5.5232033e-07   1.3627030e-07   2.3791111e-07
   0.0000000e+00   0.0000000e+00   3.2099346e-05   3.4814573e-05   2.8672030e-05   2.1990681e-05   2.0930322e-05   1.6932361e-05   1.1486854e-05   7.7633549e-06   5.5064852e-06   4.1843318e-06   3.2572232e-06   2.8931377e-06   2.1107744e-06   1.5620344e-06   1.2819448e-06   1.0104627e-06   7.2302822e-07   3.6551018e-07   2.8467505e-07   1.3112826e-07   4.7394499e-07
   0.0000000e+00   0.0000000e+00   3.2173790e-05   3.4637178e-05   2.8887567e-05   2.2001181e-05   2.0585157e-05   1.7187800e-05   1.1707588e-05   7.4182667e-06   5.7598086e-06   4.0936038e-06   2.9819848e-06   2.7031983e-06   2.3125599e-06   1.6669792e-06   1.3101187e-06   8.9197397e-07   6.6867284e-07   5.5244675e-07   4.6100081e-07   7.3814228e-08  -7.2494778e-08
   0.0000000e+00   0.0000000e+00   3.2263280e-05   3.4632081e-05   2.8983926e-05   2.1825450e-05   2.0677562e-05   1.7396602e-05   1.1547223e-05   7.3631300e-06   5.6836843e-06   4.2895213e-06   3.2280761e-06   2.6417608e-06   2.0369544e-06   1.8223757e-06   1.1769642e-06   1.1200950e-06   7.8700918e-07   2.9412112e-07   5.0442344e-07   2.5767869e-07   9.6669346e-08
   0.0000000e+00   0.0000000e+00   3.2040320e-05   3.4724402e-05   2.8745064e-05   2.1846199e-05   2.0913774e-05   1.6973563e-05   1.1671577e-05   7.7593231e-06   5.5709606e-06   4.0995596e-06   3.2568214e-06   2.7732160e-06   2.0649175e-06   1.8474435e-06   1.1093797e-06   1.0659171e-06   8.6821956e-07   6.3899859e-07   4.7970360e-07   2.7332780e-07   2.6766301e-07
   0.0000000e+00   0.0000000e+00   3.2260778e-05   3.4638302e-05   2.8782866e-05   2.1803344e-05   2.0841344e-05   1.7133187e-05   1.1381704e-05   7.8490548e-06   5.4406387e-06   4.2420338e-06   3.3509173e-06   2.6329415e-06   2.0821915e-06   1.7188981e-06   1.2849060e-06   9.4359331e-07   7.0471145e-07   6.4880948e-07   5.4642709e-07   3.5760601e-07   3.2004220e-07
   0.0000000e+00   0.0000000e+00   3.2302651e-05   3.4663524e-05   2.8789300e-05   2.2040331e-05   2.0429108e-05   1.7316190e-05   1.1770487e-05   7.4545824e-06   5.6117024e-06   4.2762390e-06   3.2413798e-06   2.7094945e-06   2.2729434e-06   1.3941606e-06   1.4068542e-06   8.1660471e-07   5.9399957e-07   6.2719090e-07   3.1137770e-07   3.0907620e-07   2.8512474e-07
   0.0000000e+00   0.0000000e+00   3.1994627e-05   3.4657500e-05   2.8959836e-05   2.1596412e-05   2.0737531e-05   1.7112719e-05   1.1628523e-05   7.6661127e-06   5.7196066e-06   4.0824752e-06   3.2336216e-06   2.7476051e-06   2.2973998e-06   1.4642316e-06   1.3828046e-06   7.3905892e-07   6.9394770e-07   4.8443059e-07   4.4049582e-07   9.0205575e-08   2.0565528e-07
   0.0000000e+00   0.0000000e+00   3.2042775e-05   3.4495704e-05   2.8765773e-05   2.1936879e-05   2.0754123e-05   1.7036351e-05   1.1266997e-05   7.8304265e-06   5.6151994e-06   3.9828351e-06   3.6849776e-06   2.5741383e-06   2.1698604e-06   1.4611380e-06   1.2632947e-06   9.7744703e-07   6.5979515e-07   6.3141522e-07   3.9735139e-07   2.7791771e-07  -6.1892848e-08
   0.0000000e+00   0.0000000e+00   3.2109714e-05   3.4642726e-05   2.8591976e-05   2.1943753e-05   2.0646952e-05   1.7076265e-05   1.1585105e-05   7.5814778e-06   5.6747244e-06   4.2078359e-06   3.2760111e-06   2.7913031e-06   2.1468186e-06   1.6638335e-06   1.0593503e-06   8.4827309e-07   8.3557023e-07   4.1240824e-07   6.2676889e-07   3.4096553e-07  -1.8770373e-07
   0.0000000e+00   0.0000000e+00   3.2173928e-05   3.4419463e-05   2.8918554e-05   2.1733111e-05   2.0499105e-05   1.7209846e-05   1.1485795e-05   7.4853006e-06   5.4033239e-06   4.5031534e-06   3.0153844e-06   2.8188986e-06   2.1289968e-06   1.5142579e-06   1.0814097e-06   1.0916463e-06   5.7818744e-07   3.9883446e-07   4.4298244e-07   2.4819909e-07   6.0140458e-08
   0.0000000e+00   0.0000000e+00   3.2098847e-05   3.4416324e-05   2.8730561e-05   2.1932037e-05   2.0719826e-05   1.6904152e-05   1.1523015e-05   7.6558772e-06   5.3812805e-06   4.0524606e-06   3.1996271e-06   2.6994976e-06   1.8270659e-06   1.5195143e-06   1.2187739e-06   9.3405367e-07   4.5895996e-07   5.8011602e-07   4.8807465e-07   2.7702274e-07  -1.4174563e-07
   0.0000000e+00   0.0000000e+00   3.1974767e-05   3.4592089e-05   2.8712482e-05   2.1716267e-05   2.0857638e-05   1.6990125e-05   1.1479310e-05   7.8854637e-06   5.2276687e-06   3.8028120e-06   3.1918189e-06   2.6667872e-06   1.9151369e-06   1.4533531e-06   9.2915388e-07   9.2113947e-07   6.8535672e-07   5.9444329e-07   3.4070254e-07   3.2411933e-07   3.5702320e-07
   0.0000000e+00   0.0000000e+00   3.2130662e-05   3.4530760e-05   2.8927570e-05   2.1832891e-05   2.0516107e-05   1.7295419e-05   1.1399505e-05   7.6044548e-06   5.6156923e-06   3.8461794e-06   3.1324928e-06   2.1497606e-06   2.1746962e-06   1.3825686e-06   7.5779877e-07   1.0405988e-06   4.7689622e-07   5.9075381e-07   3.8802114e-07   2.4372665e-07   2.3552374e-07
   0.0000000e+00   0.0000000e+00   3.2180094e-05   3.4584154e-05   2.8710203e-05   2.2038708e-05   2.0685873e-05   1.7108814e-05   1.1825827e-05   7.4203454e-06   5.5481805e-06   4.1897069e-06   2.8807340e-06   2.4372355e-06   1.9792226e-06   1.2801368e-06   9.4585295e-07   9.0571478e-07   4.8681892e-07   5.2772685e-07   4.6749790e-07   9.4878864e-08   1.0405105e-07
   0.0000000e+00   0.0000000e+00   3.2201831e-05   3.4470835e-05   2.8786717e-05   2.1809583e-05   2.0920515e-05   1.7050537e-05   1.1685398e-05   7.8937792e-06   5.3484869e-06   4.0568962e-06   3.1848451e-06   2.5319339e-06   1.9153649e-06   1.3134917e-06   1.1603927e-06   6.4637743e-07   6.4588164e-07   5.1358757e-07   2.4975967e-07   4.0798341e-07   2.1974289e-07
   0.0000000e+00   0.0000000e+00   3.2199590e-05   3.4649449e-05   2.8847142e-05   2.1899023e-05   2.0650063e-05   1.7378141e-05   1.1557426e-05   7.6864344e-06   5.6042977e-06   4.2017650e-06   3.2125065e-06   2.5206632e-06   1.6995327e-06   1.7251485e-06   1.2482694e-06   4.7069901e-07   8.9159477e-07   4.2089007e-07   2.6750135e-07   2.2765775e-07   3.9008508e-09
   0.0000000e+00   0.0000000e+00   3.1943004e-05   3.4620793e-05   2.8852804e-05   2.1927342e-05   2.0767289e-05   1.7189770e-05   1.1648539e-05   7.7236000e-06   5.5087457e-06   4.2076122e-06   3.2269954e-06   2.6009429e-06   2.0225596e-06   1.4542055e-06   1.1718545e-06   7.6637861e-07   8.7103615e-07   4.5673886e-07   3.5636646e-07   3.5863917e-07  -1.6792798e-07
   0.0000000e+00   0.0000000e+00   3.2372762e-05   3.4456974e-05   2.8818346e-05   2.1907917e-05   2.0729001e-05   1.7269109e-05   1.1529838e-05   7.7074092e-06   5.6088325e-06   4.1275521e-06   3.1612556e-06   2.6889757e-06   2.1921992e-06   1.4855916e-06   9.8091527e-07   8.8485956e-07   8.0509591e-07   4.9255181e-07   6.3764924e-07   3.6298596e-07   7.7440106e-08
   0.0000000e+00   0.0000000e+00   3.2143107e-05   3.4754634e-05   2.8706838e-05   2.1904303e-05   2.0972822e-05   1.7035092e-05   1.1635202e-05   7.5444664e-06   5.5141436e-06   4.2467027e-06   3.4933628e-06   2.3750968e-06   2.2594259e-06   1.4976617e-06   1.1454740e-06   5.8730581e-07   6.2657034e-07   6.4260809e-07   4.0048445e-07   5.7841623e-07   3.0503787e-07
   0.0000000e+00   0.0000000e+00   3.1943058e-05   3.4678178e-05   2.8999601e-05   2.1684431e-05   2.0739099e-05   1.7391314e-05   1.1394096e-05   7.5975399e-06   5.6736922e-06   3.9334650e-06   3.4238951e-06   2.7840756e-06   2.1318285e-06   1.5775278e-06   1.1618660e-06   6.4328594e-07   4.6518167e-07   6.4292834e-07   1.0640515e-07   3.8133356e-07   5.5983730e-07
   0.0000000e+00   0.0000000e+00   3.2367807e-05   3.4331712e-05   2.8775892e-05   2.2267162e-05   2.0485608e-05   1.7135162e-05   1.1507907e-05   7.5618977e-06   5.4675279e-06   4.2863180e-06   3.1749566e-06   2.6315588e-06   2.4158539e-06   1.6288103e-06   1.2169215e-06   8.7939674e-07   3.1303830e-07   5.6336404e-07   2.2177862e-07   4.2907512e-08   2.9413115e-07
   0.0000000e+00   0.0000000e+00   3.2098378e-05   3.4707289e-05   2.8760520e-05   2.1938366e-05   2.0883603e-05   1.7200287e-05   1.1396778e-05   7.5673665e-06   5.4537750e-06   4.2975826e-06   3.2486091e-06   2.7757628e-06   1.9576344e-06   1.8550787e-06   1.1528150e-06   1.0451998e-06   5.8801947e-07   2.2081004e-07   4.8381025e-07  -8.2336832e-08   2.4256989e-08
   0.0000000e+00   0.0000000e+00   3.2043932e-05   3.4654771e-05   2.8779485e-05   2.1754982e-05   2.0889447e-05   1.7066437e-05   1.1657366e-05   7.6547649e-06   5.3149242e-06   4.2029797e-06   3.5245632e-06   2.7426920e-06   2.0351279e-06   1.7029165e-06   1.0174734e-06   1.1602242e-06   6.6233753e-07   2.6851961e-07   2.5381652e-07   1.0743288e-07   1.6674886e-07
   0.0000000e+00   0.0000000e+00   3.1967651e-05   3.4546876e-05   2.8832939e-05   2.1785341e-05   2.0748179e-05   1.7301620e-05   1.1243522e-05   7.6006877e-06   5.5272553e-06   4.0952459e-06   3.4299360e-06   2.8687261e-06   2.0273212e-06   1.9174186e-06   1.2509562e-06   5.6231022e-07   9.3580672e-07   3.8700858e-07   1.4005423e-07   1.9369460e-07  -5.0129273e-08
   0.0000000e+00   0.0000000e+00   3.2232154e-05   3.4214696e-05   2.8781176e-05   2.2184178e-05   2.0657510e-05   1.7133039e-05   1.1645430e-05   7.3609217e-06   5.3710974e-06   4.2462793e-06   3.3529384e-06   2.7894573e-06   2.1811343e-06   1.4813478e-06   1.4057708e-06   8.6488052e-07   5.7278470e-07   6.8429881e-07   2.3044637e-07  -5.6142230e-08   6.9425276e-08
   0.0000000e+00   0.0000000e+00   3.2381216e-05   3.4617642e-05   2.8676510e-05   2.1796362e-05   2.0759866e-05   1.7277420e-05   1.1422238e-05   7.7606919e-06   5.2305404e-06   4.0639593e-06   3.3398026e-06   2.7630640e-06   2.3616433e-06   1.3240660e-06   1.1174803e-06   9.3526711e-07   6.0716434e-07   4.0022496e-07   3.7995025e-07   2.3494765e-07  -1.7983051e-07
   0.0000000e+00   0.0000000e+00   3.1775220e-05   3.4761262e-05   2.8736431e-05   2.1831753e-05   2.0868389e-05   1.7004255e-05   1.1630647e-05   7.4819832e-06   5.2132259e-06   4.3303062e-06   3.3619235e-06   2.6329053e-06   2.3450091e-06   1.3259861e-06   1.0421750e-06   7.9758098e-07   6.1526873e-07   3.7045879e-07   1.4446218e-07   1.9078142e-07   1.8471228e-07
   0.0000000e+00   0.0000000e+00   3.2321870e-05   3.4517096e-05   2.8718727e-05   2.1855532e-05   2.0854384e-05   1.7178172e-05   1.1470396e-05   7.6281972e-06   5.5030728e-06   3.7492678e-06   3.5783617e-06   2.8378165e-06   2.0753887e-06   1.6149975e-06   9.2456634e-07   6.5853084e-07   6.0845440e-07   5.1774265e-07   1.2310090e-07   4.3745729e-08   2.6687823e-07
   0.0000000e+00   0.0000000e+00   3.2300955e-05   3.4500106e-05   2.8946042e-05   2.2117532e-05   2.0271460e-05   1.7296335e-05   1.1349788e-05   7.4910604e-06   5.8008291e-06   4.0609207e-06   3.1470288e-06   3.2303187e-06   1.8642213e-06   1.5831034e-06   1.0260867e-06   6.9913347e-07   7.4579242e-07   3.1552437e-07   3.9430913e-07   1.3542406e-07   4.4723439e-08
   0.0000000e+00   0.0000000e+00   3.2018655e-05   3.4818466e-05   2.8872870e-05   2.1876678e-05   2.1001104e-05   1.6974824e-05   1.1545629e-05   7.4981599e-06   5.3097051e-06   4.4628518e-06   3.3577430e-06   2.6861353e-06   2.2912807e-06   1.5427552e-06   9.9962722e-07   8.7755933e-07   5.5202071e-07   5.8869102e-07   4.2986358e-07   2.5639878e-07   1.1911983e-07
   0.0000000e+00   0.0000000e+00   3.2275057e-05   3.4506702e-05   2.8909461e-05   2.1867181e-05   2.0829933e-05   1.7050945e-05   1.1555578e-05   7.6409251e-06   5.4195634e-06   4.4001963e-06   3.3665008e-06   2.7891035e-06   2.0351492e-06   1.6599520e-06   8.2826938e-07   8.2929824e-07   6.9888392e-07   6.3496657e-07   3.5705150e-07   2.1144376e-07   2.3376354e-07
   0.0000000e+00   0.0000000e+00   3.2146851e-05   3.4733173e-05   2.8997045e-05   2.2034408e-05   2.0709638e-05   1.6942335e-05   1.1395882e-05   7.8399098e-06   5.3954918e-06   4.0099571e-06   3.6223501e-06   2.7780702e-06   2.2699276e-06   1.3203725e-06   1.1216412e-06   7.2336763e-07   5.2663677e-07   5.8646771e-07   1.9065558e-07   2.7366386e-07  -7.3270968e-08
   0.0000000e+00   0.0000000e+00   3.2174976e-05   3.4698678e-05   2.8737211e-05   2.2225075e-05   2.0721729e-05   1.7327904e-05   1.1216936e-05   7.4417985e-06   5.9144377e-06   3.9451193e-06   3.3120689e-06   2.6895120e-06   2.1789729e-06   1.5700708e-06   1.0326128e-06   9.0025395e-07   5.8387673e-07   4.6092470e-07   3.5935943e-07   4.4917950e-08   1.2017621e-07
   0.0000000e+00   0.0000000e+00   3.2051594e-05   3.4470329e-05   2.8867993e-05   2.1981095e-05   2.0627916e-05   1.7297787e-05   1.1551739e-05   7.2880366e-06   5.5911278e-06   4.2333290e-06   3.0596786e-06   2.5871088e-06   2.1518906e-06   1.4509400e-06   1.0385714e-06   8.1427748e-07   7.0696387e-07   2.7943190e-07   3.4681347e-07   6.5329452e-08  -6.4630314e-08
   0.0000000e+00   0.0000000e+00   3.1984142e-05   3.4721714e-05   2.8845860e-05   2.1846548e-05   2.1036758e-05   1.6844677e-05   1.1635100e-05   7.8937555e-06   4.8867641e-06   4.2664919e-06   3.3567730e-06   2.6063767e-06   1.9025650e-06   1.6338422e-06   9.9780152e-07   7.4924020e-07   7.5155407e-07   4.4065013e-07   2.7812055e-07   3.4402643e-08  -7.2236318e-08
   0.0000000e+00   0.0000000e+00   3.2487071e-05   3.4202356e-05   2.8844968e-05   2.1986803e-05   2.0739990e-05   1.7358538e-05   1.1579205e-05   7.4384234e-06   5.7077850e-06   3.9532110e-06   3.2305836e-06   2.6092589e-06   1.9636855e-06   1.6341957e-06   1.1791892e-06   7.4878915e-07   6.3640243e-07   6.1148853e-07   5.4711734e-07  -2.3251809e-08   4.6176648e-08
   0.0000000e+00   0.0000000e+00   3.1931144e-05   3.4762543e-05   2.8558750e-05   2.1773960e-05   2.0936968e-05   1.7400691e-05   1.1437191e-05   7.6296228e-06   5.4027678e-06   4.2343254e-06   2.9474254e-06   2.7312249e-06   2.1486078e-06   1.3741854e-06   1.1544346e-06   8.6171912e-07   6.7662666e-07   4.5331797e-07   2.8456770e-07   4.4574600e-07   3.0732079e-07
   0.0000000e+00   0.0000000e+00   3.1877200e-05   3.4526656e-05   2.8766342e-05   2.1930146e-05   2.0702870e-05   1.7046330e-05   1.1933239e-05   7.6362394e-06   5.5362661e-06   4.0328846e-06   3.2529531e-06   2.3724176e-06   2.2050585e-06   1.5199208e-06   1.0603519e-06   8.9847947e-07   6.6192183e-07   2.2612336e-07   3.4302005e-07   2.6874960e-07   1.2543369e-07
   0.0000000e+00   0.0000000e+00   3.2169897e-05   3.4391629e-05   2.8708120e-05   2.1817777e-05   2.0990839e-05   1.6989847e-05   1.1757183e-05   7.8937101e-06   5.3411568e-06   4.1406120e-06   3.4097175e-06   2.4720825e-06   2.0358927e-06   1.5312575e-06   9.8359317e-07   9.7962550e-07   6.7354222e-07   4.7655553e-07   3.6781603e-07   2.1659117e-08   1.3423360e-07
   0.0000000e+00   0.0000000e+00   3.2177744e-05   3.4459365e-05   2.8633700e-05   2.1514868e-05   2.0925976e-05   1.7419574e-05   1.1595979e-05   7.6881142e-06   5.6425365e-06   4.3170112e-06   3.2013063e-06   2.6393550e-06   1.9750373e-06   1.3689324e-06   1.1255904e-06   8.3606523e-07   8.4925904e-07   4.5783418e-07   3.5151544e-07   2.0922378e-07   2.1835696e-07
   0.0000000e+00   0.0000000e+00   3.1951025e-05   3.4414210e-05   2.8801598e-05   2.2000024e-05   2.0068417e-05   1.7510803e-05   1.1717742e-05   7.6197521e-06   6.0597645e-06   4.1799876e-06   3.0558683e-06   2.7741114e-06   1.9537702e-06   1.4505202e-06   9.7264467e-07   7.2140261e-07   7.0518871e-07   6.4982351e-07   4.7157101e-07   2.1007190e-07   1.0006662e-07
   0.0000000e+00   0.0000000e+00   3.2003474e-05   3.4421799e-05   2.8576938e-05   2.1853888e-05   2.1032678e-05   1.6814622e-05   1.1725464e-05   7.9600677e-06   5.4093966e-06   4.4404942e-06   3.5343655e-06   2.6747900e-06   1.8169844e-06   1.3644980e-06   9.9730539e-07   8.1716126e-07   7.5746533e-07   3.7841946e-07   4.9414689e-07   1.5550492e-07   3.1767917e-07
   0.0000000e+00   0.0000000e+00   3.1953670e-05   3.4605731e-05   2.8327082e-05   2.1737133e-05   2.0695614e-05   1.7238963e-05   1.1750161e-05   7.8042603e-06   5.6499530e-06   4.3947612e-06   3.2603944e-06   2.6872203e-06   2.2197050e-06   1.5057074e-06   7.8431890e-07   6.6326419e-07   7.5112899e-07   5.7025835e-07   2.5858469e-07   3.2882704e-07   8.6409287e-08
   0.0000000e+00   0.0000000e+00   3.2348686e-05   3.4340334e-05   2.9076904e-05   2.1386892e-05   2.0808726e-05   1.7044427e-05   1.1654976e-05   7.6769547e-06   5.8653036e-06   4.0867440e-06   3.5854546e-06   2.6452594e-06   2.0905711e-06   1.3469654e-06   1.0638500e-06   8.5077403e-07   4.7088636e-07   3.7550814e-07   4.2107504e-07   2.6908421e-07   1.5942777e-07
   0.0000000e+00   0.0000000e+00   3.1748459e-05   3.4435976e-05   2.8719198e-05   2.2108266e-05   2.0491350e-05   1.7309487e-05   1.1634520e-05   7.7145396e-06   5.4154584e-06   4.3793148e-06   3.1902887e-06   2.7849217e-06   2.0323491e-06   1.3349515e-06   1.2622347e-06   7.9234513e-07   4.7297800e-07   7.0211183e-07   2.3418478e-07   8.1694701e-08   3.0350449e-07
   0.0000000e+00   0.0000000e+00   3.2294120e-05   3.4398425e-05   2.8334283e-05   2.1954154e-05   2.0756370e-05   1.7182374e-05   1.1601506e-05   7.8497269e-06   5.7381144e-06   4.1368667e-06   3.1962556e-06   2.5572181e-06   1.8272674e-06   1.7339912e-06   1.0235203e-06   7.4822935e-07   9.7288785e-07   3.8076033e-07   4.3262835e-07   2.7109735e-07   6.7508232e-08
   0.0000000e+00   0.0000000e+00   3.2007989e-05   3.4607005e-05   2.8672615e-05   2.1631653e-05   2.0978641e-05   1.7215878e-05   1.1526088e-05   7.9913307e-06   5.4491561e-06   4.4710728e-06   3.0975220e-06   2.4660046e-06   1.9519453e-06   1.4292710e-06   9.7704901e-07   1.1232673e-06   6.4554149e-07   6.1030596e-07   3.5547129e-07   3.5547288e-07   1.4728774e-07
   0.0000000e+00   0.0000000e+00   3.1951058e-05   3.4216264e-05   2.9065848e-05   2.1725176e-05   2.0560063e-05   1.7413018e-05   1.1846590e-05   7.7131172e-06   5.7744869e-06   4.2190491e-06   3.2129933e-06   2.5204993e-06   1.6171563e-06   1.5510847e-06   1.0813109e-06   8.9744748e-07   7.8091574e-07   3.4152032e-07   7.0365780e-07   7.9777919e-08  -3.2674514e-08
   0.0000000e+00   0.0000000e+00   3.1980311e-05   3.4479144e-05   2.8300024e-05   2.2123777e-05   2.0581932e-05   1.7347176e-05   1.1621497e-05   7.8360472e-06   5.7298598e-06   4.1649228e-06   3.3114065e-06   2.4422429e-06   1.7962443e-06   1.3776182e-06   1.2100089e-06   7.8980923e-07   5.4405842e-07   4.9664885e-07   2.7012041e-07   2.5054663e-07   8.8784304e-08
   0.0000000e+00   0.0000000e+00   3.2130320e-05   3.4361226e-05   2.8651410e-05   2.1690843e-05   2.1143836e-05   1.6917420e-05   1.1911562e-05   7.7886871e-06   5.7083898e-06   4.1696940e-06   3.1039565e-06   2.3573934e-06   2.0902853e-06   1.3665540e-06   1.1223149e-06   6.4800838e-07   6.5840879e-07   5.3003890e-07   8.8019895e-08   1.9423692e-07   1.5100055e-07
   0.0000000e+00   0.0000000e+00   3.1895423e-05   3.4419252e-05   2.8587829e-05   2.1809923e-05   2.0550238e-05   1.7549221e-05   1.1437158e-05   7.9845731e-06   5.5874025e-06   4.1437811e-06   3.2436253e-06   2.4536896e-06   1.7772290e-06   1.3965284e-06   1.1256266e-06   8.4653925e-07   6.5202750e-07   2.5004863e-07   4.9336006e-07   2.3807898e-07  -1.1990309e-07
   0.0000000e+00   0.0000000e+00   3.2113421e-05   3.4017423e-05   2.9015126e-05   2.1535910e-05   2.0815767e-05   1.7151749e-05   1.1845839e-05   7.7183340e-06   5.4891984e-06   4.1839844e-06   3.0979697e-06   2.2671304e-06   2.3074422e-06   1.1491238e-06   1.0741345e-06   7.7375535e-07   5.1221912e-07   4.5963324e-07   3.0670003e-07   1.6325833e-07   5.5631030e-08
   0.0000000e+00   0.0000000e+00   3.1868494e-05   3.4785451e-05   2.8243066e-05   2.2104387e-05   2.0475354e-05   1.7440267e-05   1.1549703e-05   7.7643144e-06   5.7349221e-06   3.9568358e-06   3.3591809e-06   2.6085327e-06   1.5345336e-06   1.6385936e-06   8.3079999e-07   7.5805895e-07   7.7592927e-07   1.9654817e-07   1.5634885e-07   4.0702864e-07  -1.8552322e-07
   0.0000000e+00   0.0000000e+00   3.2126060e-05   3.4343509e-05   2.8545632e-05   2.1754238e-05   2.0918738e-05   1.6990016e-05   1.1780387e-05   7.6808101e-06   5.4287516e-06   4.3172536e-06   3.0819854e-06   2.4915471e-06   2.0349883e-06   1.4776357e-06   1.1130047e-06   5.6038954e-07   3.9815001e-07   5.5622252e-07   1.1695050e-07  -1.4216876e-07   2.7769102e-07
   0.0000000e+00   0.0000000e+00   3.1892494e-05   3.4380391e-05   2.8959306e-05   2.1529548e-05   2.0742005e-05   1.7244171e-05   1.1393376e-05   7.8807907e-06   5.4021812e-06   4.1405510e-06   3.4084862e-06   2.6583446e-06   1.8686308e-06   1.3937502e-06   1.0353961e-06   1.0325726e-06   4.5028153e-07   5.8397891e-08   1.9827613e-07   1.8316155e-07  -1.9201077e-07
   0.0000000e+00   0.0000000e+00   3.2347791e-05   3.4263747e-05   2.8871194e-05   2.1986438e-05   2.0580592e-05   1.7238724e-05   1.1757247e-05   7.5303205e-06   5.6358308e-06   3.9931242e-06   3.1586785e-06   2.5099098e-06   2.2020695e-06   1.6183297e-06   9.9940735e-07   8.1131498e-07   3.1655955e-07   5.8326026e-07   4.7205454e-08  -5.9081081e-08   1.0401796e-08
   0.0000000e+00   0.0000000e+00   3.1965377e-05   3.4723740e-05   2.8522403e-05   2.1949327e-05   2.0783311e-05   1.7295901e-05   1.1248191e-05   7.8083185e-06   5.3637646e-06   4.1980588e-06   3.4138973e-06   2.4737440e-06   1.9828351e-06   1.5802534e-06   9.9960596e-07   1.1106185e-06   4.7797329e-07   3.3247758e-07  -2.5722626e-08   9.7856542e-08   1.3545038e-07
   0.0000000e+00   0.0000000e+00   3.2016058e-05   3.4514185e-05   2.8850960e-05   2.1921109e-05   2.0788411e-05   1.7034052e-05   1.1894050e-05   7.4146933e-06   5.8218729e-06   3.7910600e-06   3.1319814e-06   2.6620387e-06   2.1334197e-06   1.6089308e-06   1.1873309e-06   4.5103576e-07   7.3998950e-07   6.4394663e-07  -5.3603138e-08  -2.3581856e-08  -2.1040167e-07
   0.0000000e+00   0.0000000e+00   3.2078096e-05   3.4535340e-05   2.8837274e-05   2.2095615e-05   2.0737727e-05   1.7270500e-05   1.1430084e-05   7.8098674e-06   5.3189242e-06   4.4717526e-06   3.1488987e-06   2.6928974e-06   1.9170345e-06   1.6137841e-06   1.1563127e-06   9.9306374e-07   4.3479739e-07   5.0824286e-07   1.1607026e-07   1.3137544e-09  -1.1136730e-07
   0.0000000e+00   0.0000000e+00   3.2303775e-05   3.4306846e-05   2.9016293e-05   2.1925342e-05   2.0972815e-05   1.7281827e-05   1.1544353e-05   7.7417408e-06   5.5658074e-06   4.0141808e-06   3.2361675e-06   2.6754215e-06   2.1775977e-06   1.5958511e-06   1.2998822e-06   7.0614874e-07   7.7382083e-07   4.1745400e-07   1.9057923e-07   1.8903681e-07  -2.3801425e-07
   0.0000000e+00   0.0000000e+00   3.2061977e-05   3.4857225e-05   2.8425482e-05   2.2348357e-05   2.0846261e-05   1.7111388e-05   1.1555816e-05   7.8606217e-06   5.5035753e-06   4.3127811e-06   3.2350197e-06   2.5930219e-06   1.8746640e-06   1.7283140e-06   1.2169703e-06   9.1559423e-07   5.7193733e-07   4.0585934e-07   1.8854375e-07   2.8142719e-07   5.6472501e-08
   0.0000000e+00   0.0000000e+00   3.1958756e-05   3.4400055e-05   2.9288149e-05   2.1718954e-05   2.1092133e-05   1.7476403e-05   1.1480295e-05   7.4233108e-06   5.7592888e-06   3.9831830e-06   3.2262187e-06   2.6833386e-06   1.9918205e-06   1.4495197e-06   1.1897405e-06   8.4309977e-07   3.9837758e-07   3.5380910e-07   2.4862592e-07   2.3841542e-07  -8.2556404e-08
   0.0000000e+00   0.0000000e+00   3.2138094e-05   3.4420376e-05   2.8727020e-05   2.2111877e-05   2.0883799e-05   1.7219674e-05   1.1723846e-05   7.6136771e-06   5.5571204e-06   4.3429295e-06   3.0634967e-06   2.6665821e-06   1.9043998e-06   1.5774965e-06   1.0246044e-06   8.1660664e-07   4.9756858e-07   4.0324645e-07   1.3725466e-07   2.5110108e-07   5.3794153e-08
   0.0000000e+00   0.0000000e+00   3.2337626e-05   3.4564757e-05   2.8844146e-05   2.1981152e-05   2.0940943e-05   1.7024611e-05   1.1673127e-05   7.7826189e-06   5.4877019e-06   4.0334808e-06   3.4058958e-06   2.2861605e-06   2.2124830e-06   1.4470021e-06   1.0639917e-06   6.6996733e-07   6.2035247e-07   4.4612949e-07   1.9567877e-07   9.0946116e-08  -4.3015017e-08
   0.0000000e+00   0.0000000e+00   3.1868822e-05   3.4585850e-05   2.8679102e-05   2.2304179e-05   2.0745027e-05   1.7394652e-05   1.1403154e-05   8.0669206e-06   5.0347294e-06   4.3870964e-06   3.2056435e-06   2.6692737e-06   1.8335528e-06   1.5168619e-06   1.0421338e-06   9.7130317e-07   5.5390711e-07   3.1545298e-07   8.6650921e-08   1.0070248e-07  -7.6125879e-09
   0.0000000e+00   0.0000000e+00   3.2144351e-05   3.4639164e-05   2.8807946e-05   2.1739343e-05   2.1101538e-05   1.7185115e-05   1.1632908e-05   7.5987082e-06   5.9611839e-06   3.9331744e-06   3.1044469e-06   2.4071221e-06   2.1334683e-06   1.4928079e-06   1.1422394e-06   6.3592432e-07   7.5554817e-07   4.1668886e-07   2.1513804e-07   1.1619792e-07  -2.3301428e-07
   0.0000000e+00   0.0000000e+00   3.2070020e-05   3.4400888e-05   2.9065723e-05   2.2078728e-05   2.0654907e-05   1.7510636e-05   1.1554375e-05   7.5895905e-06   5.6883287e-06   4.2243719e-06   3.2323881e-06   2.6462460e-06   1.8803639e-06   1.3709032e-06   1.0667281e-06   9.5632083e-07   6.4691636e-07   3.4337003e-07   2.7121015e-07   1.1762114e-07   5.9394623e-09
   0.0000000e+00   0.0000000e+00   3.2221073e-05   3.4594814e-05   2.8935290e-05   2.1813383e-05   2.1202346e-05   1.6956648e-05   1.1886295e-05   7.7350815e-06   5.6134108e-06   4.0174873e-06   3.4011041e-06   2.7587209e-06   2.0043960e-06   1.4996955e-06   1.0959637e-06   6.2584371e-07   7.2833575e-07   3.5800593e-07   4.2368239e-07   3.4886463e-07   1.8857497e-08
   0.0000000e+00   0.0000000e+00   3.1843781e-05   3.4607383e-05   2.8711433e-05   2.2340742e-05   2.0492100e-05   1.7501816e-05   1.1484625e-05   7.7564737e-06   5.4643215e-06   4.3799414e-06   3.2012224e-06   2.7384297e-06   2.2353222e-06   1.4411534e-06   1.2038895e-06   7.5247658e-07   4.3258447e-07   3.7450155e-07   3.6689892e-07   4.0239104e-07   1.5533661e-07
   0.0000000e+00   0.0000000e+00   3.2266296e-05   3.4456611e-05   2.8889956e-05   2.1868243e-05   2.0950323e-05   1.7374361e-05   1.1537976e-05   7.7628283e-06   5.4143625e-06   4.1317985e-06   3.3719136e-06   2.6848979e-06   2.2442111e-06   1.4965425e-06   1.0018324e-06   8.1150995e-07   6.3975705e-07   3.6691722e-07   3.4241765e-07   3.9952585e-07   2.3027231e-07
   0.0000000e+00   0.0000000e+00   3.1993339e-05   3.4567405e-05   2.8691340e-05   2.2095512e-05   2.0791384e-05   1.6982234e-05   1.1739547e-05   7.5540961e-06   5.4582110e-06   4.3703189e-06   3.0739116e-06   2.7627166e-06   2.0543084e-06   1.6934634e-06   1.0808587e-06   5.5651464e-07   5.4195039e-07   6.7760897e-07   6.0326880e-07   2.4922159e-07   3.4087665e-07
   0.0000000e+00   0.0000000e+00   3.2040185e-05   3.4473986e-05   2.9031367e-05   2.1605842e-05   2.1068661e-05   1.7250666e-05   1.1506463e-05   7.2632251e-06   5.6515523e-06   3.7839529e-06   3.6593901e-06   2.5080856e-06   2.0903915e-06   1.5340460e-06   1.0146533e-06   8.3216122e-07   5.7401979e-07   5.1201255e-07   4.6485664e-07   3.8434118e-07   4.1354542e-07
   0.0000000e+00   0.0000000e+00   3.1994696e-05   3.4687695e-05   2.8689376e-05   2.2147800e-05   2.0558567e-05   1.7303035e-05   1.1508242e-05   7.7114946e-06   5.2786140e-06   4.1328262e-06   3.0881877e-06   2.7481494e-06   2.0349200e-06   1.5299539e-06   1.1574306e-06   8.0604934e-07   4.6168151e-07   4.2142744e-07   4.4237984e-07   2.8733467e-07   2.0951865e-07
   0.0000000e+00   0.0000000e+00   3.2247684e-05   3.4277058e-05   2.9096944e-05   2.1966045e-05   2.0861346e-05   1.7172128e-05   1.1424007e-05   7.4728746e-06   5.3313856e-06   4.0122936e-06   3.0715833e-06   2.6018840e-06   2.0561533e-06   1.5210737e-06   1.1478796e-06   8.7435075e-07   5.2591793e-07   1.3363191e-07   4.5162074e-07   2.0559339e-07   1.2625421e-08
   0.0000000e+00   0.0000000e+00   3.2061642e-05   3.4634242e-05   2.8632610e-05   2.2121249e-05   2.0884752e-05   1.7325503e-05   1.1463837e-05   7.5577250e-06   5.1872007e-06   4.0356144e-06   3.0739532e-06   2.3386838e-06   2.1307842e-06   1.3657518e-06   1.1464788e-06   7.6604090e-07   6.4000642e-07   3.5821341e-07   1.6953433e-07   1.8142914e-07   1.2061795e-07
   0.0000000e+00   0.0000000e+00   3.2084230e-05   3.4576053e-05   2.8817687e-05   2.1962525e-05   2.0982696e-05   1.7034308e-05   1.1872467e-05   7.3555375e-06   5.4747934e-06   3.8493527e-06   2.9606238e-06   2.6258397e-06   1.7866241e-06   1.5276980e-06   1.1077285e-06   5.6512869e-07   8.4493450e-07   3.7612179e-07   2.0447158e-07   1.0365533e-07   1.6894637e-07
   0.0000000e+00   0.0000000e+00   3.1820728e-05   3.4702327e-05   2.8798848e-05   2.2009535e-05   2.0760679e-05   1.7380682e-05   1.1385813e-05   7.6771603e-06   5.4686489e-06   3.8566441e-06   3.3304377e-06   2.4350074e-06   1.8001402e-06   1.2358294e-06   1.1686608e-06   8.0735083e-07   5.9287447e-07   4.4860340e-07   4.4982673e-07   1.4606415e-07   6.5028104e-08
   0.0000000e+00   0.0000000e+00   3.2213575e-05   3.4242468e-05   2.8960634e-05   2.1914027e-05   2.0727164e-05   1.7368840e-05   1.1718770e-05   7.5688354e-06   5.3885801e-06   4.0247351e-06   3.1238455e-06   2.5015795e-06   2.1406984e-06   1.2240988e-06   8.6755171e-07   7.7866861e-07   6.0046580e-07   3.2228766e-07   5.7502291e-07   2.7070752e-07   9.9977711e-08
   0.0000000e+00   0.0000000e+00   3.2069547e-05   3.4528835e-05   2.8725368e-05   2.2002809e-05   2.0883048e-05   1.7413404e-05   1.1221719e-05   7.8996754e-06   5.3016538e-06   4.1026037e-06   3.1748489e-06   2.5979477e-06   1.8551785e-06   1.4960082e-06   7.0207142e-07   8.2694902e-07   4.9565881e-07   2.9314862e-07   4.7868372e-07   3.9268465e-07   1.6909819e-07
   0.0000000e+00   0.0000000e+00   3.2141754e-05   3.4537170e-05   2.8810278e-05   2.1971357e-05   2.0928650e-05   1.7147793e-05   1.1787604e-05   7.6974002e-06   5.5421547e-06   3.9657266e-06   3.1049883e-06   2.5163126e-06   1.9932281e-06   1.3238886e-06   1.0227527e-06   5.6989444e-07   2.5765988e-07   6.3349813e-07   4.3579468e-07  -4.2083585e-08   4.3276899e-07
   0.0000000e+00   0.0000000e+00   3.1903888e-05   3.4644021e-05   2.8807166e-05   2.1939617e-05   2.0695197e-05   1.7463008e-05   1.1656844e-05   7.5641160e-06   5.6493213e-06   4.2314937e-06   3.0806220e-06   2.6917783e-06   1.7577498e-06   1.4297588e-06   8.6636265e-07   7.2955811e-07   5.3661307e-07   2.1235226e-07   2.1759045e-07   2.4573831e-07   2.1059141e-07
   0.0000000e+00   0.0000000e+00   3.2200893e-05   3.4422825e-05   2.8786513e-05   2.2009703e-05   2.0816924e-05   1.7183129e-05   1.1826273e-05   7.7662162e-06   5.5146529e-06   4.1797434e-06   3.1784573e-06   2.4371500e-06   2.0467162e-06   1.4822252e-06   7.1981600e-07   7.1712270e-07   4.8353121e-07   4.2513534e-07   3.3222571e-07   9.7603783e-09   2.0322835e-07
   0.0000000e+00   0.0000000e+00   3.2084365e-05   3.4620851e-05   2.8677141e-05   2.2006090e-05   2.0799653e-05   1.7310442e-05   1.1534147e-05   7.9567453e-06   5.5499268e-06   4.2013335e-06   3.3644271e-06   2.4899452e-06   1.8462475e-06   1.3872451e-06   9.0219226e-07   5.5162491e-07   5.2672311e-07   1.8232777e-07   2.9249279e-07  -6.4285771e-08   3.3258406e-08
   0.0000000e+00   0.0000000e+00   3.2186519e-05   3.4301247e-05   2.8868519e-05   2.1758888e-05   2.0818412e-05   1.7244107e-05   1.1662897e-05   7.9515739e-06   5.4794396e-06   4.0755599e-06   3.3728506e-06   2.5785839e-06   2.0401669e-06   1.2464016e-06   1.0055563e-06   5.6976114e-07   4.1893350e-07   1.4535408e-07   2.2320174e-07  -1.7544909e-07  -9.2144674e-09
