   0.0000000e+00   0.0000000e+00   4.9369275e-05   4.4232995e-05   3.3298053e-05   2.3938537e-05   2.1887736e-05   1.8242905e-05   1.2379663e-05   8.1391472e-06   6.0362336e-06   4.4239305e-06   3.1699230e-06   2.7237770e-06   1.9911399e-06   1.7632759e-06   1.0960828e-06   5.4228508e-07   4.4335067e-07   1.7646722e-07  -1.0382287e-07  -5.8960211e-08  -1.5587974e-08
   0.0000000e+00   0.0000000e+00   4.9215909e-05   4.4032990e-05   3.3460481e-05   2.4046682e-05   2.1986059e-05   1.7931634e-05   1.2556818e-05   7.9931888e-06   5.9490876e-06   4.3468294e-06   3.3754704e-06   2.7760323e-06   2.0731293e-06   1.2526597e-06   1.4870601e-06   4.6803200e-07   6.8282100e-07   1.1715650e-07   6.5653254e-08   1.4739325e-07   1.8144847e-08
   0.0000000e+00   0.0000000e+00   4.9233164e-05   4.4231077e-05   3.3228131e-05   2.4018209e-05   2.2064538e-05   1.7909155e-05   1.2095675e-05   8.5078927e-06   5.8275568e-06   4.3504820e-06   3.4361703e-06   2.5345087e-06   2.2193742e-06   1.4563666e-06   8.5560595e-07   5.9276800e-07   7.1111259e-07   3.7552184e-07   2.8571927e-07  -2.3255932e-08  -6.8376501e-08
   0.0000000e+00   0.0000000e+00   4.9512226e-05   4.3956403e-05   3.3599536e-05   2.3956127e-05   2.2005532e-05   1.8239571e-05   1.2002331e-05   8.0061036e-06   5.8240371e-06   4.5976708e-06   3.5798460e-06   2.6082862e-06   2.2598620e-06   1.3424661e-06   1.0579220e-06   7.6071274e-07   7.5318360e-07   1.0955326e-07   3.1726825e-07   1.0678460e-07  -3.9755474e-09
   0.0000000e+00   0.0000000e+00   4.9360417e-05   4.4133896e-05   3.3456552e-05   2.3987974e-05   2.1995818e-05   1.8348295e-05   1.2221104e-05   7.9808979e-06   5.8530313e-06   4.4346666e-06   3.4898383e-06   2.5851498e-06   2.2391521e-06   1.6955923e-06   8.8557630e-07   6.6537700e-07   6.3185837e-07   6.2181391e-07   3.8314428e-07  -4.1539344e-08  -9.9753628e-08
   0.0000000e+00   0.0000000e+00   4.9277398e-05   4.4119206e-05   3.3454606e-05   2.4164794e-05   2.1938193e-05   1.7971459e-05   1.2364361e-05   7.8750736e-06   5.9465710e-06   4.5267566e-06   3.6900394e-06   2.7224519e-06   1.8152073e-06   1.7439596e-06   1.1835770e-06   5.5716129e-07   6.2289433e-07   5.0072987e-07   4.2100092e-07   1.2197550e-07   2.1602808e-07
   0.0000000e+00   0.0000000e+00   4.9141494e-05   4.4283730e-05   3.3412245e-05   2.4111723e-05   2.2470616e-05   1.8173070e-05   1.2188503e-05   8.0840009e-06   5.4914740e-06   4.4225972e-06   3.4717586e-06   2.9239043e-06   2.1596720e-06   1.6945124e-06   7.9839225e-07   8.5429758e-07   5.0648015e-07   6.9847465e-07   3.7957631e-07   1.3368184e-07   1.6399852e-07
   0.0000000e+00   0.0000000e+00   4.9383405e-05   4.4025095e-05   3.3423810e-05   2.4022467e-05   2.2024822e-05   1.8461073e-05   1.2053893e-05   8.0768768e-06   5.8031328e-06   4.3899513e-06   3.4718830e-06   2.7134615e-06   2.2301610e-06   1.5760835e-06   1.0178732e-06   8.7528366e-07   4.7510082e-07   5.7358159e-07   3.9367697e-07   2.2311067e-08  -1.3721593e-07
   0.0000000e+00   0.0000000e+00   4.9359238e-05   4.4111432e-05   3.3283515e-05   2.4356472e-05   2.1913937e-05   1.8368377e-05   1.2195727e-05   7.9086749e-06   5.6752820e-06   4.1484973e-06   3.1856855e-06   2.8649904e-06   2.2509262e-06   1.5753579e-06   9.1270687e-07   8.2645579e-07   5.9188056e-07   2.5530895e-07   3.5961122e-07  -7.9747458e-08   4.8330644e-08
   0.0000000e+00   0.0000000e+00   4.9283437e-05   4.4197182e-05   3.3417698e-05   2.3925006e-05   2.2367965e-05   1.8161358e-05   1.2268312e-05   8.2098459e-06   5.7491593e-06   4.0721220e-06   3.4248512e-06   2.3512582e-06   2.1872140e-06   1.6891447e-06   1.1128177e-06   6.1494194e-07   5.8403339e-07   5.5851979e-07   1.7923010e-07  -3.1398761e-07  -1.6064726e-07
   0.0000000e+00   0.0000000e+00   4.9098118e-05   4.3958975e-05   3.3627100e-05   2.3919214e-05   2.2024042e-05   1.8346460e-05   1.2221659e-05   7.7153400e-06   5.9849954e-06   4.1656999e-06   3.0138140e-06   2.6714472e-06   2.0033378e-06   1.4302589e-06   1.3559684e-06   8.8351669e-07   8.1524882e-07   4.8134609e-07   1.9445382e-07   1.9342500e-07  -1.0024647e-07
   0.0000000e+00   0.0000000e+00   4.9305880e-05   4.3999997e-05   3.3509506e-05   2.3848683e-05   2.2153079e-05   1.8421677e-05   1.2054007e-05   8.3427176e-06   5.6683257e-06   4.1999128e-06   3.1551931e-06   2.6425348e-06   1.9169372e-06   1.2666662e-06   1.1743817e-06   1.0184963e-06   1.0473268e-06   4.7410128e-07   4.3087812e-07   3.9801429e-07   1.3293153e-07
   0.0000000e+00   0.0000000e+00   4.9421094e-05   4.4040753e-05   3.3305605e-05   2.4172130e-05   2.1693231e-05   1.8181392e-05   1.2137219e-05   8.2454080e-06   5.7700227e-06   4.4230651e-06   3.5498895e-06   2.5631236e-06   1.9255083e-06   1.3918644e-06   1.0536526e-06   8.7181161e-07   6.4204340e-07   7.3035648e-07   2.9610496e-07   3.8064150e-07  -1.7513150e-08
   0.0000000e+00   0.0000000e+00   4.9174931e-05   4.4440720e-05   3.3228138e-05   2.4213967e-05   2.2073174e-05   1.7962117e-05   1.2175152e-05   8.0588097e-06   5.6628837e-06   4.2737247e-06   3.5666828e-06   2.7992335e-06   2.0645582e-06   1.5371502e-06   9.0530000e-07   9.4187493e-07   7.8046997e-07   4.7387886e-07   4.0294069e-07   3.2196388e-07   1.2572062e-07
   0.0000000e+00   0.0000000e+00   4.9101018e-05   4.4009361e-05   3.3592805e-05   2.3918899e-05   2.1988146e-05   1.7935950e-05   1.2160216e-05   7.8923495e-06   6.1704450e-06   4.2390361e-06   3.2220332e-06   2.8286470e-06   2.1716335e-06   1.5063963e-06   1.0514422e-06   8.5005388e-07   4.2616367e-07   5.7026313e-07   3.0827351e-07   4.7330266e-07   2.7367986e-07
   0.0000000e+00   0.0000000e+00   4.9525916e-05   4.4008884e-05   3.3592816e-05   2.3782794e-05   2.2025679e-05   1.8203869e-05   1.2069366e-05   7.6571823e-06   5.9436688e-06   4.2356883e-06   3.1742652e-06   2.8504267e-06   2.1385204e-06   1.8346548e-06   1.0424164e-06   6.3466541e-07   5.4639236e-07   6.7080379e-07   4.6091097e-07  -1.4133580e-07   1.4048821e-07
   0.0000000e+00   0.0000000e+00   4.9253395e-05   4.4376131e-05   3.3374821e-05   2.4093766e-05   2.1894528e-05   1.7878538e-05   1.1882480e-05   8.3334489e-06   5.7034154e-06   4.5288011e-06   3.2366322e-06   2.6800012e-06   2.2399499e-06   1.4545238e-06   1.2320784e-06   1.1617882e-06   8.4916820e-07   5.2145481e-07  -6.0608492e-08   4.4116885e-07   2.6902495e-07
   0.0000000e+00   0.0000000e+00   4.9212784e-05   4.4337139e-05   3.3475455e-05   2.3908755e-05   2.2067630e-05   1.7987906e-05   1.1650679e-05   8.2448187e-06   5.7911670e-06   4.1473531e-06   3.2165360e-06   2.8782276e-06   2.3124458e-06   1.3846466e-06   1.1667782e-06   9.5591031e-07   1.1573344e-06   5.2576485e-07   2.2398804e-07   1.1974221e-07   1.4854781e-07
   0.0000000e+00   0.0000000e+00   4.9260696e-05   4.4331649e-05   3.3465760e-05   2.3871571e-05   2.2242541e-05   1.7884566e-05   1.1853159e-05   7.5752446e-06   5.9694048e-06   4.3002328e-06   3.4643374e-06   2.6197740e-06   2.1568530e-06   1.2717343e-06   1.3161570e-06   1.1618644e-06   8.2124643e-07   7.0687639e-07   2.7310577e-07   4.3508635e-07  -1.0170101e-09
   0.0000000e+00   0.0000000e+00   4.9651189e-05   4.3929300e-05   3.3771052e-05   2.3914969e-05   2.1876069e-05   1.7869730e-05   1.2304448e-05   7.6739007e-06   5.7950947e-06   4.0808404e-06   3.1113098e-06   2.9079831e-06   2.0406001e-06   1.4685362e-06   1.1079081e-06   9.1143278e-07   9.6671238e-07   8.7926594e-07   4.4431312e-07   3.2355061e-07  -6.3402346e-08
   0.0000000e+00   0.0000000e+00   4.9302078e-05   4.4509674e-05   3.3353157e-05   2.4173978e-05   2.2016016e-05   1.7842185e-05   1.1923060e-05   7.7679833e-06   5.6039685e-06   4.2299334e-06   3.5913886e-06   2.6425382e-06   1.9851473e-06   1.2392609e-06   9.3566484e-07   8.6952963e-07   8.3592982e-07   8.4155948e-07   6.2062168e-07   5.2657009e-07   3.7844680e-07
   0.0000000e+00   0.0000000e+00   4.9086950e-05   4.4385466e-05   3.3457211e-05   2.4125462e-05   2.2159416e-05   1.8170636e-05   1.1864254e-05   7.8837757e-06   5.5843384e-06   4.3674941e-06   3.2287949e-06   2.6792836e-06   2.2273200e-06   1.4645062e-06   1.0364918e-06   7.5655436e-07   3.8888143e-07   8.1613956e-07   8.4658888e-07   2.9694689e-07   1.5780508e-07
   0.0000000e+00   0.0000000e+00   4.9495797e-05   4.3998520e-05   3.3561268e-05   2.4073450e-05   2.2089816e-05   1.7938921e-05   1.1976429e-05   8.1424678e-06   5.6085046e-06   4.3694636e-06   3.2719649e-06   2.7447643e-06   2.1914336e-06   1.3537591e-06   9.9949875e-07   1.2414690e-06   5.3085279e-07   5.9791381e-07   5.3973116e-07   4.7868218e-07   2.0190056e-07
   0.0000000e+00   0.0000000e+00   4.9365291e-05   4.4033939e-05   3.3532269e-05   2.3992883e-05   2.2330203e-05   1.7981341e-05   1.2125363e-05   7.6619772e-06   5.8693759e-06   4.1033286e-06   3.5495627e-06   2.7082874e-06   1.9452764e-06   1.6634309e-06   9.1326871e-07   9.1896499e-07   8.4528892e-07   7.8129807e-07   5.9646840e-07   1.7186299e-08   3.0476706e-08
   0.0000000e+00   0.0000000e+00   4.9109680e-05   4.4243221e-05   3.3357628e-05   2.4106675e-05   2.1983300e-05   1.8085882e-05   1.2291577e-05   7.9274405e-06   5.8239925e-06   4.0678692e-06   3.4711652e-06   2.8764364e-06   2.0409418e-06   1.4039530e-06   1.1824015e-06   8.8333297e-07   7.9228482e-07   6.6066548e-07   3.7355650e-07   1.1173920e-07   1.5804711e-07
   0.0000000e+00   0.0000000e+00   4.9299804e-05   4.4397508e-05   3.3372271e-05   2.3981824e-05   2.1927211e-05   1.8008252e-05   1.2140065e-05   8.1718681e-06   5.8169630e-06   4.3727678e-06   3.2715784e-06   2.9322928e-06   2.3002328e-06   1.4951387e-06   9.9977285e-07   8.9143850e-07   8.0742541e-07   6.3229891e-07   2.1992309e-07   3.6560732e-07  -3.7983598e-09
   0.0000000e+00   0.0000000e+00   4.9373328e-05   4.3976241e-05   3.3562184e-05   2.4219658e-05   2.1859700e-05   1.8077078e-05   1.2153893e-05   7.9043275e-06   5.7448569e-06   4.6388527e-06   3.3481067e-06   2.9488494e-06   2.4005844e-06   1.4759331e-06   1.4748244e-06   9.9231625e-07   6.5255927e-07   3.8653153e-07   3.1290716e-07   2.6056208e-08  -1.5476353e-07
   0.0000000e+00   0.0000000e+00   4.9421265e-05   4.4105596e-05   3.3508932e-05   2.3810084e-05   2.2311195e-05   1.8078284e-05   1.2004704e-05   8.1698454e-06   5.5916039e-06   4.2329907e-06   3.4044087e-06   2.8248621e-06   2.3899804e-06   1.6523312e-06   1.4264980e-06   9.3322939e-07   1.0192979e-06   4.5714771e-07   1.7478990e-07   2.8519165e-07  -1.0628326e-07
   0.0000000e+00   0.0000000e+00   4.9089464e-05   4.4481891e-05   3.3393953e-05   2.3988470e-05   2.1887659e-05   1.8045250e-05   1.2309863e-05   7.7020868e-06   5.9509016e-06   3.9629249e-06   3.3673068e-06   2.9811458e-06   1.9781876e-06   1.6515658e-06   1.1958460e-06   1.0283943e-06   1.0179191e-06   6.6849509e-07   3.1147144e-07   1.1366511e-07   3.3692399e-07
   0.0000000e+00   0.0000000e+00   4.9229413e-05   4.4402852e-05   3.3542710e-05   2.3933051e-05   2.2086755e-05   1.7985993e-05   1.2181921e-05   8.0288164e-06   5.7299935e-06   3.9270408e-06   3.4586237e-06   2.6579121e-06   2.3208140e-06   1.7386720e-06   1.0419601e-06   7.9407295e-07   8.5130051e-07   5.7455827e-07   7.0783784e-07   3.3062736e-07   1.7910631e-07
   0.0000000e+00   0.0000000e+00   4.9486443e-05   4.3756863e-05   3.3685119e-05   2.4206156e-05   2.1894011e-05   1.7921937e-05   1.1970398e-05   8.1346552e-06   5.6085537e-06   4.4478406e-06   3.0529438e-06   2.6935177e-06   2.4471394e-06   1.5698741e-06   1.0873601e-06   8.7962212e-07   5.2194321e-07   4.5985985e-07   5.1164955e-07   3.2250560e-07   5.5663622e-07
   0.0000000e+00   0.0000000e+00   4.9244376e-05   4.4270768e-05   3.3467204e-05   2.4086399e-05   2.2251888e-05   1.7927865e-05   1.1838479e-05   8.1415365e-06   5.5305140e-06   4.0879859e-06   3.1758641e-06   2.7821525e-06   2.2358502e-06   1.8141244e-06   8.3797579e-07   7.5632187e-07   6.2014738e-07   4.1549828e-07   4.5812243e-07   2.4434675e-07  -2.1790166e-08
   0.0000000e+00   0.0000000e+00   4.9188271e-05   4.4404711e-05   3.3385575e-05   2.4057988e-05   2.2106840e-05   1.7875098e-05   1.2147033e-05   7.8517605e-06   5.7867778e-06   4.3910204e-06   3.1391996e-06   2.9483947e-06   1.9087747e-06   1.5990304e-06   1.2398693e-06   6.9318168e-07   4.8173581e-07   5.3988430e-07   3.2560126e-07   3.0853315e-07   3.6135506e-07
   0.0000000e+00   0.0000000e+00   4.9194630e-05   4.4277753e-05   3.3548113e-05   2.4232713e-05   2.1916132e-05   1.8047705e-05   1.2086661e-05   7.8384965e-06   5.9440054e-06   4.1077951e-06   3.3508516e-06   3.0972078e-06   2.1286885e-06   1.5969772e-06   1.0688017e-06   8.1012473e-07   9.7582449e-07   2.8036581e-07   4.5099387e-07   2.9780895e-07   1.5911429e-07
   0.0000000e+00   0.0000000e+00   4.9363611e-05   4.4042801e-05   3.3706987e-05   2.4169187e-05   2.1976795e-05   1.7944656e-05   1.2129954e-05   7.8591547e-06   5.9932827e-06   4.5967377e-06   3.2478010e-06   2.7966473e-06   2.3574473e-06   1.7628632e-06   1.1555591e-06   9.7176928e-07   8.7485148e-07   4.4519595e-07   3.1662304e-07   4.9210280e-07   1.1746380e-07
   0.0000000e+00   0.0000000e+00   4.9400944e-05   4.4235378e-05   3.3562843e-05   2.3942024e-05   2.2098851e-05   1.8232720e-05   1.1787467e-05   8.1595190e-06   5.6708163e-06   4.4269946e-06   3.5113640e-06   2.5889349e-06   2.5459183e-06   1.7031164e-06   1.3608330e-06   6.3245625e-07   7.6505830e-07   7.2388576e-07   5.7616296e-07   2.3354927e-07   3.1849939e-07
   0.0000000e+00   0.0000000e+00   4.9254268e-05   4.4471875e-05   3.3333010e-05   2.4139461e-05   2.2237002e-05   1.7869610e-05   1.2050696e-05   8.0617710e-06   5.7696370e-06   4.3656169e-06   3.2942430e-06   3.0462720e-06   2.2839911e-06   1.6754482e-06   1.3095732e-06   1.0787992e-06   7.4047745e-07   3.4097380e-07   2.4334344e-07   1.7755978e-07   4.2772464e-07
   0.0000000e+00   0.0000000e+00   4.9365317e-05   4.4282369e-05   3.3568289e-05   2.4129655e-05   2.1867638e-05   1.8173761e-05   1.2308827e-05   7.7096947e-06   6.0208099e-06   4.2744878e-06   2.9659116e-06   2.7777025e-06   2.4626158e-06   1.7490071e-06   1.3967342e-06   9.9106035e-07   7.0622218e-07   4.9783040e-07   5.2059409e-07   8.6690271e-08  -1.5481260e-07
   0.0000000e+00   0.0000000e+00   4.9474886e-05   4.4300421e-05   3.3640164e-05   2.3942017e-05   2.1981663e-05   1.8375020e-05   1.2142516e-05   7.6554543e-06   5.9277204e-06   4.5420466e-06   3.2510243e-06   2.6946379e-06   2.1928433e-06   1.9094655e-06   1.2570038e-06   1.1712975e-06   8.1655560e-07   3.1832812e-07   4.9504348e-07   2.9215823e-07  -1.3513659e-08
   0.0000000e+00   0.0000000e+00   4.9240840e-05   4.4424902e-05   3.3383771e-05   2.3947125e-05   2.2228409e-05   1.7944636e-05   1.2301397e-05   8.0527880e-06   5.7950560e-06   4.3451400e-06   3.3575345e-06   2.8321685e-06   2.1958244e-06   1.8830873e-06   1.2279340e-06   1.1934676e-06   8.9556499e-07   7.4440999e-07   5.2540759e-07   3.4725079e-07   2.7761024e-07
   0.0000000e+00   0.0000000e+00   4.9462145e-05   4.4354831e-05   3.3419001e-05   2.3891478e-05   2.2117465e-05   1.8118788e-05   1.2012408e-05   8.1826629e-06   5.6432018e-06   4.4462840e-06   3.4524683e-06   2.7575304e-06   2.1757430e-06   1.7420535e-06   1.3823125e-06   1.0130971e-06   7.3955215e-07   6.9872448e-07   6.2068017e-07   4.7705481e-07   4.3927099e-07
   0.0000000e+00   0.0000000e+00   4.9490976e-05   4.4374778e-05   3.3451281e-05   2.4140214e-05   2.1664062e-05   1.8296500e-05   1.2398664e-05   7.8230423e-06   5.8665778e-06   4.4261574e-06   3.3161893e-06   2.8763143e-06   2.3808511e-06   1.4200906e-06   1.4920309e-06   8.2554817e-07   5.5622644e-07   6.3024856e-07   3.4501332e-07   3.2860737e-07   3.6513956e-07
   0.0000000e+00   0.0000000e+00   4.9122198e-05   4.4355067e-05   3.3656521e-05   2.3682713e-05   2.2009424e-05   1.8071081e-05   1.2245265e-05   8.0150749e-06   6.0059701e-06   4.2080728e-06   3.3209308e-06   2.9025980e-06   2.4486992e-06   1.4824662e-06   1.4854794e-06   7.2782962e-07   6.7751995e-07   5.1358569e-07   4.7423177e-07   3.5886780e-09   2.2605710e-07
   0.0000000e+00   0.0000000e+00   4.9144579e-05   4.4144690e-05   3.3434495e-05   2.4073071e-05   2.2053802e-05   1.7936452e-05   1.1843794e-05   8.2123233e-06   5.9276149e-06   4.1213966e-06   3.8353223e-06   2.6908624e-06   2.2880502e-06   1.4567817e-06   1.3235559e-06   1.0614737e-06   6.6884530e-07   7.1638641e-07   4.9723286e-07   2.4552310e-07  -1.3314455e-07
   0.0000000e+00   0.0000000e+00   4.9212100e-05   4.4240951e-05   3.3231790e-05   2.4078639e-05   2.1952894e-05   1.7972074e-05   1.2135143e-05   7.9034562e-06   5.9669128e-06   4.3939585e-06   3.5223438e-06   2.9462317e-06   2.2536765e-06   1.6886952e-06   1.0739562e-06   9.6675262e-07   8.0486285e-07   4.5664768e-07   8.1978430e-07   3.6882867e-07  -2.6355085e-07
   0.0000000e+00   0.0000000e+00   4.9279766e-05   4.3971977e-05   3.3580342e-05   2.3816378e-05   2.1822487e-05   1.8117502e-05   1.2028265e-05   7.8041658e-06   5.6641757e-06   4.6391178e-06   3.2282883e-06   2.9792996e-06   2.1968906e-06   1.5639311e-06   1.1775527e-06   1.1813255e-06   5.8631593e-07   3.6938809e-07   4.6518926e-07   2.8633067e-07   5.6161489e-09
   0.0000000e+00   0.0000000e+00   4.9229271e-05   4.3954020e-05   3.3406159e-05   2.4006431e-05   2.2021019e-05   1.7795901e-05   1.2096069e-05   8.0140080e-06   5.6198801e-06   4.0974614e-06   3.3233810e-06   2.8422464e-06   1.9155641e-06   1.5324631e-06   1.2853897e-06   1.0181830e-06   4.8481218e-07   5.6250940e-07   5.4813978e-07   3.5234220e-07  -2.2717003e-07
   0.0000000e+00   0.0000000e+00   4.9128721e-05   4.4143821e-05   3.3405016e-05   2.3811066e-05   2.2111795e-05   1.7894205e-05   1.2091233e-05   8.2631195e-06   5.3944395e-06   3.8166363e-06   3.2847834e-06   2.7967437e-06   1.9982926e-06   1.5034854e-06   9.0257089e-07   9.6792064e-07   8.1340187e-07   5.8429902e-07   4.1982526e-07   4.3745004e-07   3.3770320e-07
   0.0000000e+00   0.0000000e+00   4.9304152e-05   4.4098160e-05   3.3637520e-05   2.3946728e-05   2.1788850e-05   1.8216289e-05   1.2036055e-05   7.9700076e-06   5.8191722e-06   3.8867624e-06   3.1619331e-06   2.2537006e-06   2.1887511e-06   1.3899088e-06   7.1952047e-07   1.0779692e-06   5.4387164e-07   6.2839575e-07   3.9940474e-07   3.0605779e-07   2.7205172e-07
   0.0000000e+00   0.0000000e+00   4.9371520e-05   4.4163789e-05   3.3397879e-05   2.4166611e-05   2.1995282e-05   1.8037037e-05   1.2522565e-05   7.7632867e-06   5.7565217e-06   4.3392979e-06   2.9151513e-06   2.4622991e-06   2.0229759e-06   1.3219410e-06   8.9619300e-07   9.4518703e-07   5.2959876e-07   5.5360482e-07   4.8288490e-07   5.4359806e-08   1.4939754e-07
   0.0000000e+00   0.0000000e+00   4.9408813e-05   4.4061660e-05   3.3467051e-05   2.3909450e-05   2.2273476e-05   1.7969925e-05   1.2353579e-05   8.3041932e-06   5.5874702e-06   4.2176061e-06   3.2772755e-06   2.5889829e-06   1.9540244e-06   1.3477471e-06   1.2133089e-06   6.0077338e-07   6.5933722e-07   5.4573587e-07   3.1987042e-07   4.7316533e-07   2.8724699e-07
   0.0000000e+00   0.0000000e+00   4.9382819e-05   4.4273471e-05   3.3528282e-05   2.3983570e-05   2.1969803e-05   1.8360657e-05   1.2205587e-05   8.0512755e-06   5.8627379e-06   4.4147328e-06   3.3584936e-06   2.5339880e-06   1.7663862e-06   1.7740991e-06   1.3340907e-06   5.2271486e-07   9.1271852e-07   4.1284770e-07   2.8935321e-07   1.6847498e-07  -1.8321055e-08
   0.0000000e+00   0.0000000e+00   4.9104543e-05   4.4258533e-05   3.3511609e-05   2.4040619e-05   2.2056334e-05   1.8191551e-05   1.2269359e-05   8.0486379e-06   5.7469556e-06   4.3942496e-06   3.3701901e-06   2.6784453e-06   2.0948155e-06   1.5415698e-06   1.2277879e-06   8.1656316e-07   8.8649273e-07   5.7577347e-07   3.5179127e-07   3.0730203e-07  -1.4943193e-07
   0.0000000e+00   0.0000000e+00   4.9555445e-05   4.4100660e-05   3.3454860e-05   2.4031482e-05   2.2016440e-05   1.8300621e-05   1.2125013e-05   8.0693353e-06   5.8232094e-06   4.3401365e-06   3.2814994e-06   2.7599774e-06   2.3183418e-06   1.5464940e-06   9.8174587e-07   9.4258860e-07   8.6518469e-07   6.6212112e-07   7.0885932e-07   3.5123173e-07   1.6472953e-07
   0.0000000e+00   0.0000000e+00   4.9326169e-05   4.4423188e-05   3.3348828e-05   2.4022296e-05   2.2281803e-05   1.8021366e-05   1.2200153e-05   7.8960920e-06   5.7358147e-06   4.4877811e-06   3.6172289e-06   2.4725312e-06   2.4375468e-06   1.5524528e-06   1.0609029e-06   5.3331246e-07   6.3561004e-07   7.2530503e-07   5.1368977e-07   7.3941715e-07   3.6949709e-07
   0.0000000e+00   0.0000000e+00   4.9100592e-05   4.4349159e-05   3.3657747e-05   2.3801034e-05   2.2073336e-05   1.8349923e-05   1.1891379e-05   7.9039455e-06   5.9047020e-06   4.0942750e-06   3.5609785e-06   2.8986508e-06   2.3331404e-06   1.6836533e-06   1.1551718e-06   5.6857340e-07   4.2491592e-07   5.7034862e-07   1.2701867e-07   5.3716661e-07   6.4949825e-07
   0.0000000e+00   0.0000000e+00   4.9555751e-05   4.3968859e-05   3.3449269e-05   2.4424484e-05   2.1802902e-05   1.8103621e-05   1.2043276e-05   7.8507328e-06   5.6740123e-06   4.4738522e-06   3.2710757e-06   2.7391054e-06   2.5289776e-06   1.8245501e-06   1.3080048e-06   8.6570446e-07   2.9693177e-07   5.6485885e-07   1.2143812e-07   3.5927936e-08   3.7084314e-07
   0.0000000e+00   0.0000000e+00   4.9255934e-05   4.4328601e-05   3.3457207e-05   2.4107776e-05   2.2182116e-05   1.8187055e-05   1.1977555e-05   7.8774638e-06   5.6561603e-06   4.4693725e-06   3.4147602e-06   2.8531208e-06   1.9882129e-06   1.9992463e-06   1.2942405e-06   1.0549611e-06   6.8275403e-07   2.2536052e-07   3.8084337e-07  -1.4345719e-07   1.1335366e-07
   0.0000000e+00   0.0000000e+00   4.9166858e-05   4.4250977e-05   3.3441429e-05   2.3933124e-05   2.2181575e-05   1.8057959e-05   1.2273052e-05   7.9305692e-06   5.5093478e-06   4.3768723e-06   3.7870300e-06   2.8427544e-06   2.0370589e-06   1.7562900e-06   1.1597815e-06   1.1690576e-06   6.8757697e-07   2.9507632e-07   2.5090799e-07   3.8793047e-08   1.9097089e-07
   0.0000000e+00   0.0000000e+00   4.9092581e-05   4.4104909e-05   3.3445867e-05   2.3949662e-05   2.2063887e-05   1.8296494e-05   1.1820003e-05   7.8916046e-06   5.6732097e-06   4.2698816e-06   3.7110940e-06   3.0131635e-06   2.1412316e-06   2.0005273e-06   1.3592405e-06   5.9545107e-07   9.4697316e-07   4.3097086e-07   9.7410386e-08   1.8123708e-07  -1.1942316e-07
   0.0000000e+00   0.0000000e+00   4.9403257e-05   4.3749846e-05   3.3362547e-05   2.4331892e-05   2.1996428e-05   1.8125071e-05   1.2224475e-05   7.6161186e-06   5.4939569e-06   4.3869941e-06   3.5622436e-06   2.9931114e-06   2.2610029e-06   1.5954513e-06   1.4499784e-06   9.4628348e-07   6.6413895e-07   7.5481745e-07   2.0653006e-07  -9.5446190e-08   3.8997233e-11
   0.0000000e+00   0.0000000e+00   4.9580995e-05   4.4220666e-05   3.3245942e-05   2.3908484e-05   2.2115906e-05   1.8274937e-05   1.2038515e-05   8.0580285e-06   5.3480189e-06   4.1360518e-06   3.4797342e-06   2.9597754e-06   2.4461478e-06   1.3423345e-06   1.1667557e-06   9.8749683e-07   6.4668052e-07   4.5767027e-07   3.5408286e-07   3.0148431e-07  -2.0403731e-07
   0.0000000e+00   0.0000000e+00   4.8936523e-05   4.4390785e-05   3.3350687e-05   2.3948365e-05   2.2180451e-05   1.7959310e-05   1.2303104e-05   7.8204175e-06   5.3353701e-06   4.4495528e-06   3.5022454e-06   2.8783409e-06   2.4451342e-06   1.3014160e-06   9.7026850e-07   7.8821040e-07   7.1211275e-07   3.8550752e-07   9.3620038e-08   1.6026544e-07   1.7340138e-07
   0.0000000e+00   0.0000000e+00   4.9528942e-05   4.4139739e-05   3.3328437e-05   2.4000838e-05   2.2131149e-05   1.8091201e-05   1.2080056e-05   7.9480933e-06   5.6550707e-06   3.8570138e-06   3.7420189e-06   3.1033710e-06   2.1885169e-06   1.6124106e-06   9.4019657e-07   5.9735089e-07   6.1811437e-07   5.3367421e-07   5.2015565e-08   7.3830364e-08   3.0417559e-07
   0.0000000e+00   0.0000000e+00   4.9510181e-05   4.4144497e-05   3.3591645e-05   2.4287294e-05   2.1516164e-05   1.8233144e-05   1.1882488e-05   7.7919203e-06   6.0008915e-06   4.2042520e-06   3.2967009e-06   3.4296647e-06   1.9615729e-06   1.6228702e-06   1.0048026e-06   6.8003578e-07   8.5929128e-07   3.0643943e-07   4.0090757e-07   5.3941076e-08   9.9977775e-08
   0.0000000e+00   0.0000000e+00   4.9199858e-05   4.4507105e-05   3.3529996e-05   2.4051389e-05   2.2296739e-05   1.7918675e-05   1.2087983e-05   7.8313096e-06   5.5030323e-06   4.6712971e-06   3.5437790e-06   2.8590730e-06   2.4340002e-06   1.5740331e-06   1.0230538e-06   8.6091296e-07   6.5486506e-07   6.3382402e-07   4.9463279e-07   2.9662297e-07   1.6461041e-07
   0.0000000e+00   0.0000000e+00   4.9459784e-05   4.4180000e-05   3.3599572e-05   2.4047136e-05   2.2137607e-05   1.7975697e-05   1.2077400e-05   7.9836518e-06   5.6681761e-06   4.5977681e-06   3.5380708e-06   2.9981823e-06   2.1535225e-06   1.6378257e-06   7.8054239e-07   8.3482553e-07   7.7544513e-07   7.8474278e-07   3.8668452e-07   2.7900154e-07   2.0518893e-07
   0.0000000e+00   0.0000000e+00   4.9312373e-05   4.4417924e-05   3.3710749e-05   2.4251165e-05   2.1995194e-05   1.7838844e-05   1.1936098e-05   8.1789294e-06   5.6638655e-06   4.1663238e-06   3.8312446e-06   2.9509090e-06   2.4509677e-06   1.3478874e-06   1.0587082e-06   7.4313760e-07   4.8570786e-07   6.1021399e-07   2.6191927e-07   2.2706098e-07  -1.2610175e-07
   0.0000000e+00   0.0000000e+00   4.9313912e-05   4.4352801e-05   3.3410455e-05   2.4478939e-05   2.2024911e-05   1.8232240e-05   1.1749416e-05   7.7739287e-06   6.1515857e-06   4.1315325e-06   3.4626123e-06   2.8216473e-06   2.3454438e-06   1.6424284e-06   1.0821735e-06   9.5558528e-07   6.8317058e-07   4.6531832e-07   3.5967281e-07   6.6008987e-08   1.1028062e-07
   0.0000000e+00   0.0000000e+00   4.9182105e-05   4.4079621e-05   3.3547811e-05   2.4180028e-05   2.1940203e-05   1.8228226e-05   1.2117031e-05   7.5496469e-06   5.7756083e-06   4.3806613e-06   3.1569982e-06   2.6733462e-06   2.2294764e-06   1.4942590e-06   1.0616252e-06   8.0888140e-07   7.7179550e-07   2.8575263e-07   3.7555375e-07  -2.4219499e-08  -1.2472478e-07
   0.0000000e+00   0.0000000e+00   4.9113532e-05   4.4318294e-05   3.3494951e-05   2.4010797e-05   2.2415084e-05   1.7801280e-05   1.2234610e-05   8.1705766e-06   5.0602771e-06   4.4385938e-06   3.4808920e-06   2.6662669e-06   1.9558292e-06   1.7292643e-06   9.9576926e-07   7.2103916e-07   7.9234809e-07   5.2190603e-07   2.8212705e-07  -5.7626920e-08  -2.3279685e-07
   0.0000000e+00   0.0000000e+00   4.9672883e-05   4.3760225e-05   3.3457236e-05   2.4098043e-05   2.2150760e-05   1.8360490e-05   1.2199674e-05   7.7192817e-06   5.8922355e-06   4.1311760e-06   3.3751471e-06   2.7303879e-06   2.0806956e-06   1.7096550e-06   1.2116843e-06   7.8596815e-07   7.4171083e-07   6.9522076e-07   5.8382085e-07  -9.2651096e-09  -3.6688597e-08
   0.0000000e+00   0.0000000e+00   4.9094760e-05   4.4371085e-05   3.3156550e-05   2.3832268e-05   2.2335977e-05   1.8389626e-05   1.2103776e-05   7.9249139e-06   5.5773016e-06   4.3579685e-06   3.0243559e-06   2.8454140e-06   2.2525526e-06   1.4379899e-06   1.2031253e-06   8.9367052e-07   7.0025953e-07   4.4661169e-07   3.3735228e-07   6.1801342e-07   3.6621009e-07
   0.0000000e+00   0.0000000e+00   4.9033548e-05   4.4128727e-05   3.3411681e-05   2.3989658e-05   2.2059672e-05   1.7983168e-05   1.2657343e-05   7.9949004e-06   5.6942818e-06   4.1831031e-06   3.2875109e-06   2.4531778e-06   2.2849592e-06   1.6068135e-06   1.0926204e-06   9.7108295e-07   6.6763732e-07   1.3501136e-07   2.7593302e-07   3.6943078e-07   1.1441708e-07
   0.0000000e+00   0.0000000e+00   4.9335551e-05   4.3972512e-05   3.3352335e-05   2.3902288e-05   2.2367207e-05   1.7904658e-05   1.2437393e-05   8.3111881e-06   5.5324599e-06   4.3279447e-06   3.5117087e-06   2.5433471e-06   2.1405044e-06   1.5416203e-06   1.0103510e-06   1.0896940e-06   7.4598785e-07   4.9679636e-07   2.7630458e-07   5.5989350e-08   1.2289850e-07
   0.0000000e+00   0.0000000e+00   4.9299360e-05   4.4038512e-05   3.3243559e-05   2.3559178e-05   2.2278342e-05   1.8395132e-05   1.2260294e-05   8.0304999e-06   5.8789101e-06   4.5200532e-06   3.3688814e-06   2.7200263e-06   2.0506361e-06   1.3926820e-06   1.0795346e-06   9.0198989e-07   9.5135522e-07   5.7122872e-07   4.0201783e-07   1.6160534e-07   1.6128378e-07
   0.0000000e+00   0.0000000e+00   4.9038612e-05   4.3990040e-05   3.3414286e-05   2.4033323e-05   2.1340999e-05   1.8459237e-05   1.2405178e-05   7.9962447e-06   6.3543794e-06   4.3956084e-06   3.1679190e-06   2.8339007e-06   2.0249111e-06   1.4031062e-06   9.6489055e-07   7.7625356e-07   8.1685482e-07   6.4610958e-07   5.1567332e-07   3.0955161e-07   1.4114511e-07
   0.0000000e+00   0.0000000e+00   4.9097624e-05   4.4011103e-05   3.3172571e-05   2.3902505e-05   2.2309474e-05   1.7719902e-05   1.2409172e-05   8.3381938e-06   5.7091343e-06   4.6857954e-06   3.6567812e-06   2.8035786e-06   1.8986598e-06   1.3266904e-06   9.6903545e-07   7.7918509e-07   8.6459744e-07   4.6545449e-07   4.6659304e-07   1.7099549e-07   3.8319789e-07
   0.0000000e+00   0.0000000e+00   4.9090202e-05   4.4217984e-05   3.2902819e-05   2.3799761e-05   2.1963182e-05   1.8150175e-05   1.2420205e-05   8.1681219e-06   5.9532404e-06   4.5944766e-06   3.4543411e-06   2.8790721e-06   2.3176813e-06   1.5233768e-06   7.1437421e-07   6.3734319e-07   8.4468576e-07   6.4918606e-07   2.3418708e-07   3.7067380e-07   1.2946104e-07
   0.0000000e+00   0.0000000e+00   4.9526141e-05   4.3950669e-05   3.3697270e-05   2.3459512e-05   2.2103030e-05   1.7933644e-05   1.2294129e-05   8.0287446e-06   6.1000865e-06   4.2802512e-06   3.7888906e-06   2.8599347e-06   2.1475230e-06   1.3526219e-06   1.1104927e-06   8.1624381e-07   4.3177789e-07   4.0298212e-07   4.7296109e-07   2.6896655e-07   1.9889332e-07
   0.0000000e+00   0.0000000e+00   4.8901893e-05   4.4046370e-05   3.3336011e-05   2.4231933e-05   2.1797208e-05   1.8236498e-05   1.2208002e-05   8.0716964e-06   5.6042441e-06   4.5546999e-06   3.3316333e-06   2.9207417e-06   2.0825285e-06   1.4184395e-06   1.3148627e-06   8.3098951e-07   4.7143837e-07   6.9606955e-07   1.9689035e-07   1.4440751e-07   3.0873818e-07
   0.0000000e+00   0.0000000e+00   4.9470647e-05   4.3990869e-05   3.2933905e-05   2.4088129e-05   2.2073611e-05   1.8137358e-05   1.2185320e-05   8.2442011e-06   5.9727736e-06   4.2752413e-06   3.2979426e-06   2.6253533e-06   1.8355050e-06   1.8230454e-06   1.0582622e-06   7.8893140e-07   1.1360914e-06   4.2579180e-07   4.2882658e-07   2.4043709e-07   1.3038365e-07
   0.0000000e+00   0.0000000e+00   4.9161321e-05   4.4174452e-05   3.3311517e-05   2.3737695e-05   2.2313325e-05   1.8202165e-05   1.2166276e-05   8.3618952e-06   5.7485254e-06   4.6815740e-06   3.1771715e-06   2.5139227e-06   1.8972760e-06   1.5208393e-06   1.0241347e-06   1.1547502e-06   7.5751063e-07   6.6023006e-07   4.5280635e-07   3.8379937e-07   1.2851751e-07
   0.0000000e+00   0.0000000e+00   4.9081482e-05   4.3754604e-05   3.3737284e-05   2.3837856e-05   2.1840837e-05   1.8414577e-05   1.2545830e-05   8.0779319e-06   6.0584021e-06   4.4747308e-06   3.3515298e-06   2.5117949e-06   1.5300427e-06   1.6054521e-06   1.1665453e-06   9.9806164e-07   8.4566233e-07   3.8216936e-07   7.2406954e-07   1.5854337e-07  -5.5194565e-08
   0.0000000e+00   0.0000000e+00   4.9105383e-05   4.4027292e-05   3.2893418e-05   2.4262825e-05   2.1877755e-05   1.8335590e-05   1.2283757e-05   8.2111310e-06   6.0434099e-06   4.3333080e-06   3.4829748e-06   2.4812978e-06   1.7376465e-06   1.4548348e-06   1.2704832e-06   8.2030607e-07   5.7637885e-07   4.7458894e-07   2.9640489e-07   2.6588410e-07   6.8571254e-08
   0.0000000e+00   0.0000000e+00   4.9236802e-05   4.3908942e-05   3.3244243e-05   2.3811959e-05   2.2476541e-05   1.7864386e-05   1.2543929e-05   8.1966564e-06   6.0117550e-06   4.3254190e-06   3.1837210e-06   2.4275666e-06   2.1425863e-06   1.4591978e-06   1.1169780e-06   6.8133488e-07   7.0924756e-07   4.9866537e-07   9.0414815e-08   2.1243247e-07   5.7840857e-08
   0.0000000e+00   0.0000000e+00   4.8984952e-05   4.3948592e-05   3.3195207e-05   2.3894032e-05   2.1874930e-05   1.8562756e-05   1.2046893e-05   8.4288877e-06   5.8462965e-06   4.2803576e-06   3.3384422e-06   2.4717290e-06   1.8156685e-06   1.4705188e-06   1.1915174e-06   9.3070184e-07   6.4905737e-07   3.1400415e-07   5.5754828e-07   2.4246239e-07  -1.1747783e-07
   0.0000000e+00   0.0000000e+00   4.9215054e-05   4.3535940e-05   3.3621560e-05   2.3591823e-05   2.2127950e-05   1.8188241e-05   1.2453136e-05   8.1529834e-06   5.7347552e-06   4.3184718e-06   3.2293758e-06   2.2957308e-06   2.3304763e-06   1.2001898e-06   1.0954012e-06   8.6858915e-07   4.7001006e-07   4.7200865e-07   3.4027619e-07   2.1859485e-07   2.0770328e-09
   0.0000000e+00   0.0000000e+00   4.8975369e-05   4.4348635e-05   3.2820033e-05   2.4160976e-05   2.1753511e-05   1.8438070e-05   1.2188537e-05   8.1809039e-06   5.9377007e-06   4.0940995e-06   3.5515357e-06   2.6439598e-06   1.6069048e-06   1.5900127e-06   8.4620530e-07   8.1439333e-07   7.9824054e-07   2.6841417e-07   1.5262827e-07   3.4364103e-07  -1.5287985e-07
   0.0000000e+00   0.0000000e+00   4.9255494e-05   4.3894364e-05   3.3158136e-05   2.3784136e-05   2.2243754e-05   1.7948511e-05   1.2390421e-05   8.0525215e-06   5.6542335e-06   4.4991066e-06   3.2209334e-06   2.5512111e-06   2.1677079e-06   1.4769525e-06   1.1413021e-06   5.9900702e-07   4.2106822e-07   4.9214162e-07   8.5872998e-08  -1.4547815e-07   2.7725130e-07
   0.0000000e+00   0.0000000e+00   4.9040133e-05   4.3932774e-05   3.3634245e-05   2.3576787e-05   2.2022728e-05   1.8206296e-05   1.2029646e-05   8.2315064e-06   5.5768169e-06   4.3595205e-06   3.5909666e-06   2.7020189e-06   1.9588235e-06   1.4743812e-06   1.0679074e-06   1.0933559e-06   4.7293761e-07  -2.1352777e-08   2.0323547e-07   1.1227024e-07  -1.9803196e-07
   0.0000000e+00   0.0000000e+00   4.9524813e-05   4.3809436e-05   3.3555811e-05   2.4129211e-05   2.1829033e-05   1.8206389e-05   1.2370654e-05   7.8476805e-06   5.8397445e-06   4.1615972e-06   3.3364051e-06   2.5885074e-06   2.2577940e-06   1.7008417e-06   1.1116967e-06   8.4751281e-07   3.0825825e-07   5.2514457e-07   3.6102627e-08  -9.9931817e-08  -3.0064434e-08
   0.0000000e+00   0.0000000e+00   4.9116170e-05   4.4312481e-05   3.3173557e-05   2.4118857e-05   2.2055559e-05   1.8266464e-05   1.1820905e-05   8.1599001e-06   5.5763508e-06   4.2906713e-06   3.5223627e-06   2.5750037e-06   2.0787825e-06   1.6771096e-06   1.0542934e-06   1.1753307e-06   5.0721627e-07   3.6733721e-07  -6.0210887e-08  -8.2380600e-09   1.0306596e-07
   0.0000000e+00   0.0000000e+00   4.9171424e-05   4.4096105e-05   3.3522610e-05   2.4092273e-05   2.2087468e-05   1.7973854e-05   1.2460987e-05   7.8177709e-06   6.0364132e-06   3.8843355e-06   3.2068508e-06   2.7878311e-06   2.2303514e-06   1.6917425e-06   1.1747201e-06   4.3992924e-07   8.2871179e-07   7.2461552e-07  -1.0379735e-07  -1.5385076e-07  -2.6093213e-07
   0.0000000e+00   0.0000000e+00   4.9231105e-05   4.4125027e-05   3.3509830e-05   2.4272720e-05   2.2063017e-05   1.8235856e-05   1.1956207e-05   8.2018505e-06   5.5539949e-06   4.6466089e-06   3.2222504e-06   2.8134189e-06   1.9550939e-06   1.7347375e-06   1.2418039e-06   9.4142024e-07   5.2662483e-07   5.5595007e-07   8.9291959e-08  -1.5472170e-07  -1.7724449e-07
   0.0000000e+00   0.0000000e+00   4.9464681e-05   4.3882079e-05   3.3690583e-05   2.4129035e-05   2.2354508e-05   1.8237715e-05   1.2093224e-05   8.1060771e-06   5.7937727e-06   4.1978669e-06   3.3935562e-06   2.7955789e-06   2.2477186e-06   1.7390229e-06   1.4392633e-06   7.2012824e-07   7.9519526e-07   5.0939536e-07   2.0417706e-07   9.0766648e-08  -2.4355489e-07
   0.0000000e+00   0.0000000e+00   4.9209342e-05   4.4459692e-05   3.3066652e-05   2.4576817e-05   2.2270899e-05   1.8098874e-05   1.2142813e-05   8.1933358e-06   5.7435232e-06   4.5503698e-06   3.2986889e-06   2.6865405e-06   1.9251270e-06   1.8306706e-06   1.3737961e-06   1.0155348e-06   5.5863433e-07   4.0151210e-07   2.3713261e-07   2.8637504e-07   8.6225555e-08
   0.0000000e+00   0.0000000e+00   4.9094873e-05   4.3972599e-05   3.3982309e-05   2.3894921e-05   2.2513257e-05   1.8450666e-05   1.2073271e-05   7.7455670e-06   6.0088096e-06   4.2075835e-06   3.3078945e-06   2.7851208e-06   2.0174384e-06   1.5056119e-06   1.2532711e-06   9.1152504e-07   3.4822750e-07   2.7594160e-07   2.6171517e-07   2.8141454e-07  -9.3395535e-08
   0.0000000e+00   0.0000000e+00   4.9288526e-05   4.3979599e-05   3.3367134e-05   2.4285851e-05   2.2296061e-05   1.8140505e-05   1.2299768e-05   7.9771435e-06   5.7845191e-06   4.4918938e-06   3.2042874e-06   2.7931471e-06   1.8974588e-06   1.6409842e-06   1.0863166e-06   8.8548808e-07   4.3187882e-07   4.0424678e-07   1.7915238e-07   2.1334769e-07   1.2342205e-07
   0.0000000e+00   0.0000000e+00   4.9499653e-05   4.4129760e-05   3.3487093e-05   2.4126886e-05   2.2349635e-05   1.7907401e-05   1.2267180e-05   8.1717690e-06   5.6735357e-06   4.1565982e-06   3.5790799e-06   2.3927028e-06   2.2468030e-06   1.5487349e-06   1.0083003e-06   6.9597928e-07   7.1457856e-07   4.1504430e-07   2.5341714e-07   5.7769146e-08  -1.3287881e-07
   0.0000000e+00   0.0000000e+00   4.9007769e-05   4.4157783e-05   3.3315257e-05   2.4450188e-05   2.2143178e-05   1.8338302e-05   1.1954505e-05   8.4580606e-06   5.2638948e-06   4.5153693e-06   3.2826169e-06   2.7515903e-06   1.8865924e-06   1.6632968e-06   1.0734477e-06   9.8919145e-07   6.3016500e-07   3.1641181e-07   1.3554852e-08   9.4733172e-09  -4.6306759e-08
   0.0000000e+00   0.0000000e+00   4.9294413e-05   4.4254961e-05   3.3453638e-05   2.3851886e-05   2.2470047e-05   1.8154306e-05   1.2200400e-05   7.9793390e-06   6.2231388e-06   4.0677460e-06   3.1843006e-06   2.4380404e-06   2.1716166e-06   1.6064369e-06   1.1274341e-06   7.0373841e-07   8.4601601e-07   4.5201838e-07   1.6069889e-07   8.3443055e-08  -2.4565171e-07
   0.0000000e+00   0.0000000e+00   4.9212940e-05   4.4004813e-05   3.3782500e-05   2.4227069e-05   2.1986865e-05   1.8482575e-05   1.2148215e-05   7.9451029e-06   5.9796498e-06   4.3591203e-06   3.3596418e-06   2.7551130e-06   1.8356862e-06   1.3799016e-06   1.0855053e-06   1.0770656e-06   6.9854258e-07   3.6783956e-07   2.5936995e-07   6.4139294e-09  -8.9648905e-10
   0.0000000e+00   0.0000000e+00   4.9350201e-05   4.4204888e-05   3.3662945e-05   2.3974553e-05   2.2555776e-05   1.7923076e-05   1.2512780e-05   8.0856380e-06   5.9106728e-06   4.1509970e-06   3.5811206e-06   2.9456380e-06   2.0782854e-06   1.5015613e-06   1.0824068e-06   6.6622056e-07   7.2514422e-07   3.7824861e-07   5.0362223e-07   4.2662492e-07   7.9253354e-08
   0.0000000e+00   0.0000000e+00   4.8934340e-05   4.4190729e-05   3.3434397e-05   2.4502982e-05   2.1817037e-05   1.8541663e-05   1.2090010e-05   8.0961554e-06   5.7092543e-06   4.5419160e-06   3.3295280e-06   2.9270298e-06   2.3976236e-06   1.5369540e-06   1.2338238e-06   7.7142801e-07   3.4763949e-07   3.3696188e-07   3.9408292e-07   4.6905515e-07   2.5509121e-07
   0.0000000e+00   0.0000000e+00   4.9395145e-05   4.3992422e-05   3.3590801e-05   2.3998449e-05   2.2271583e-05   1.8395483e-05   1.2166718e-05   8.0845575e-06   5.6209615e-06   4.3059690e-06   3.5061305e-06   2.8210236e-06   2.3627729e-06   1.6132632e-06   1.0314512e-06   8.0321024e-07   6.1101179e-07   3.9273846e-07   3.5178090e-07   4.8428683e-07   2.2287396e-07
   0.0000000e+00   0.0000000e+00   4.9107406e-05   4.4102733e-05   3.3355653e-05   2.4227915e-05   2.2110584e-05   1.7950202e-05   1.2342650e-05   7.8715466e-06   5.6134372e-06   4.5624515e-06   3.2373941e-06   2.9150804e-06   2.1737640e-06   1.7373912e-06   1.0614041e-06   5.7390901e-07   5.2532488e-07   7.1921619e-07   7.5936293e-07   3.5656581e-07   3.9263355e-07
   0.0000000e+00   0.0000000e+00   4.9162809e-05   4.4037424e-05   3.3681983e-05   2.3723433e-05   2.2376829e-05   1.8219689e-05   1.2115808e-05   7.5169883e-06   5.8053838e-06   4.0099171e-06   3.8061924e-06   2.6039490e-06   2.2465028e-06   1.5328847e-06   1.0322757e-06   8.7514400e-07   5.3751148e-07   5.7999222e-07   5.6567325e-07   4.5604736e-07   5.2073455e-07
   0.0000000e+00   0.0000000e+00   4.9136033e-05   4.4305783e-05   3.3330049e-05   2.4309902e-05   2.1845824e-05   1.8261593e-05   1.2088140e-05   7.9741403e-06   5.4355141e-06   4.3557029e-06   3.1992013e-06   2.8725085e-06   2.1567362e-06   1.6317016e-06   1.2471926e-06   7.8920675e-07   4.3431982e-07   4.1087270e-07   4.8733813e-07   3.8586700e-07   2.5715414e-07
   0.0000000e+00   0.0000000e+00   4.9382972e-05   4.3908414e-05   3.3786819e-05   2.4154971e-05   2.2222073e-05   1.8126450e-05   1.1997550e-05   7.7378863e-06   5.4778989e-06   4.1403378e-06   3.1470886e-06   2.7122528e-06   2.1699677e-06   1.6183957e-06   1.2548932e-06   9.7384350e-07   4.2645266e-07   8.4304546e-08   4.4839661e-07   2.8212423e-07  -4.2523357e-08
   0.0000000e+00   0.0000000e+00   4.9174705e-05   4.4257020e-05   3.3297394e-05   2.4349025e-05   2.2253211e-05   1.8320145e-05   1.2074673e-05   7.8200046e-06   5.3431950e-06   4.0963960e-06   3.1435577e-06   2.4506751e-06   2.2114907e-06   1.3508209e-06   1.2107736e-06   9.0001953e-07   6.2312341e-07   2.9015308e-07   1.6965905e-07   1.9045676e-07   1.3621498e-07
   0.0000000e+00   0.0000000e+00   4.9161437e-05   4.4185672e-05   3.3445234e-05   2.4179684e-05   2.2314267e-05   1.8038128e-05   1.2500214e-05   7.6900842e-06   5.6543849e-06   3.8518037e-06   3.0542255e-06   2.6748385e-06   1.8757266e-06   1.5699570e-06   1.0949293e-06   6.4981305e-07   9.3111447e-07   3.6731961e-07   1.5743619e-07   7.9312464e-08   1.6383974e-07
   0.0000000e+00   0.0000000e+00   4.8896411e-05   4.4280205e-05   3.3416643e-05   2.4195169e-05   2.2046373e-05   1.8415392e-05   1.1979353e-05   8.0385043e-06   5.7055349e-06   3.9676188e-06   3.4755330e-06   2.5210720e-06   1.7934514e-06   1.2218661e-06   1.2254793e-06   8.2159823e-07   6.4853458e-07   5.7419555e-07   4.7753207e-07   1.2301678e-07   2.7198240e-08
   0.0000000e+00   0.0000000e+00   4.9304836e-05   4.3800061e-05   3.3594784e-05   2.4065204e-05   2.1988239e-05   1.8423070e-05   1.2307037e-05   7.8712819e-06   5.5760620e-06   4.1568032e-06   3.3208323e-06   2.6676892e-06   2.1483588e-06   1.2337950e-06   8.6623720e-07   8.3140509e-07   6.2683495e-07   2.8838977e-07   6.6048057e-07   3.9641253e-07   8.0949441e-08
   0.0000000e+00   0.0000000e+00   4.9179067e-05   4.4096800e-05   3.3348882e-05   2.4163486e-05   2.2189448e-05   1.8445822e-05   1.1795904e-05   8.2333718e-06   5.4645252e-06   4.1783333e-06   3.3079932e-06   2.7530032e-06   1.9687707e-06   1.5220224e-06   6.5668655e-07   7.9153079e-07   4.9772672e-07   2.8307480e-07   5.6437239e-07   5.4195527e-07   1.8619446e-07
   0.0000000e+00   0.0000000e+00   4.9279151e-05   4.4119490e-05   3.3461663e-05   2.4133435e-05   2.2220291e-05   1.8156163e-05   1.2416715e-05   8.0721584e-06   5.7886946e-06   4.0665768e-06   3.1375594e-06   2.6230712e-06   2.1190006e-06   1.3405022e-06   1.0072439e-06   5.4524384e-07   2.7549308e-07   6.3718352e-07   4.3425663e-07   4.0391171e-08   4.8806982e-07
   0.0000000e+00   0.0000000e+00   4.9033475e-05   4.4238488e-05   3.3462708e-05   2.4109309e-05   2.2011269e-05   1.8465005e-05   1.2250200e-05   7.9259225e-06   5.9411059e-06   4.4267294e-06   3.1682505e-06   2.7279559e-06   1.8533738e-06   1.5067764e-06   8.3740878e-07   7.4889175e-07   5.3922207e-07   1.7520755e-07   2.1094260e-07   2.8690269e-07   1.7349971e-07
   0.0000000e+00   0.0000000e+00   4.9363636e-05   4.4000702e-05   3.3419219e-05   2.4182325e-05   2.2117196e-05   1.8179848e-05   1.2468732e-05   8.1438666e-06   5.7438187e-06   4.3657446e-06   3.3523318e-06   2.5157881e-06   2.0840062e-06   1.5196881e-06   7.7912478e-07   6.9022479e-07   5.0562636e-07   5.0066012e-07   3.7718718e-07   4.6585189e-08   2.0894359e-07
   0.0000000e+00   0.0000000e+00   4.9231036e-05   4.4240274e-05   3.3282475e-05   2.4149691e-05   2.2078731e-05   1.8333219e-05   1.2179261e-05   8.3361056e-06   5.7881953e-06   4.3490695e-06   3.5249429e-06   2.6095818e-06   1.8542222e-06   1.4274157e-06   8.6488973e-07   5.1916237e-07   5.7767028e-07   2.3925170e-07   2.5018096e-07  -1.3812043e-07   7.9988034e-09
   0.0000000e+00   0.0000000e+00   4.9348997e-05   4.3885724e-05   3.3477911e-05   2.3879111e-05   2.2078932e-05   1.8212189e-05   1.2348662e-05   8.3727055e-06   5.6886315e-06   4.2001388e-06   3.5585908e-06   2.7102012e-06   2.1248818e-06   1.2701580e-06   1.0009624e-06   5.3686256e-07   3.4058280e-07   1.6285466e-07   1.9751791e-07  -2.3686415e-07  -8.4334388e-08
