   0.0000000e+00   0.0000000e+00   7.8650075e-05   5.5166845e-05   3.7349218e-05   2.5659971e-05   2.2758210e-05   1.8801835e-05   1.2937461e-05   8.5472857e-06   6.1691348e-06   4.5498141e-06   3.2167568e-06   2.7078172e-06   2.0871005e-06   1.9341448e-06   1.1574481e-06   6.6760595e-07   3.2646693e-07   1.8400934e-07  -3.6223420e-07  -1.1006060e-07   1.0152264e-10
   0.0000000e+00   0.0000000e+00   7.8529709e-05   5.4921547e-05   3.7593134e-05   2.5718469e-05   2.2879214e-05   1.8484858e-05   1.3013188e-05   8.3846389e-06   6.1545006e-06   4.4690191e-06   3.4014765e-06   2.8193888e-06   2.1341564e-06   1.3591936e-06   1.5225887e-06   5.1583845e-07   6.4764731e-07   1.5189035e-07  -4.8087401e-08   2.0040360e-07   1.6470732e-08
   0.0000000e+00   0.0000000e+00   7.8551755e-05   5.5124885e-05   3.7434471e-05   2.5685933e-05   2.2943350e-05   1.8470024e-05   1.2547334e-05   8.7632425e-06   6.0362290e-06   4.4755207e-06   3.5949070e-06   2.5786560e-06   2.2107511e-06   1.4791467e-06   6.8422679e-07   6.2115947e-07   7.0275854e-07   5.5971526e-07   1.6709788e-07   4.6466951e-08  -1.5960411e-07
   0.0000000e+00   0.0000000e+00   7.8803983e-05   5.4858752e-05   3.7850557e-05   2.5635825e-05   2.2856901e-05   1.8867840e-05   1.2414083e-05   8.2735960e-06   5.9819113e-06   4.7376507e-06   3.7130360e-06   2.6797190e-06   2.3066411e-06   1.4497438e-06   9.6001952e-07   8.3944650e-07   7.8533583e-07   9.6159376e-08   3.3079900e-07  -6.0197422e-08  -7.0272606e-09
   0.0000000e+00   0.0000000e+00   7.8614365e-05   5.5038767e-05   3.7641606e-05   2.5769017e-05   2.2824504e-05   1.9031617e-05   1.2645259e-05   8.0799009e-06   6.0497055e-06   4.6948730e-06   3.6301922e-06   2.6087837e-06   2.2288025e-06   1.8610973e-06   7.7107023e-07   6.7941056e-07   5.8832330e-07   7.8280129e-07   4.3260007e-07  -4.5060617e-09  -3.2159983e-07
   0.0000000e+00   0.0000000e+00   7.8516787e-05   5.5103450e-05   3.7561309e-05   2.5975311e-05   2.2863793e-05   1.8713377e-05   1.2824614e-05   8.0130458e-06   6.0639213e-06   4.7308818e-06   3.9373417e-06   2.6194020e-06   1.8929494e-06   1.9367999e-06   1.1503059e-06   5.0098743e-07   5.5797034e-07   6.3437864e-07   5.0359819e-07   4.9834718e-08   1.6039741e-07
   0.0000000e+00   0.0000000e+00   7.8386278e-05   5.5307009e-05   3.7506790e-05   2.5905460e-05   2.3448416e-05   1.8876453e-05   1.2656142e-05   8.2810557e-06   5.5989767e-06   4.6181167e-06   3.7119034e-06   2.9084783e-06   2.2970230e-06   1.7284074e-06   6.9099633e-07   8.2726882e-07   6.3163708e-07   7.0415183e-07   3.9841510e-07   2.9865828e-07   1.5340251e-07
   0.0000000e+00   0.0000000e+00   7.8644713e-05   5.5015131e-05   3.7536778e-05   2.5782596e-05   2.2982555e-05   1.9183832e-05   1.2499463e-05   8.2990973e-06   5.8434921e-06   4.4312619e-06   3.7202160e-06   2.8752722e-06   2.3454354e-06   1.6122746e-06   1.0626933e-06   7.3526616e-07   5.5729788e-07   7.7499072e-07   3.2981748e-07  -1.4123176e-08  -2.7487400e-07
   0.0000000e+00   0.0000000e+00   7.8598649e-05   5.5080742e-05   3.7409191e-05   2.6108173e-05   2.2876700e-05   1.9156489e-05   1.2583203e-05   8.0772816e-06   5.9255676e-06   4.0852938e-06   3.2033813e-06   2.9298371e-06   2.3310104e-06   1.7386355e-06   9.4802760e-07   6.9891371e-07   5.7788907e-07   2.8632533e-07   4.6155765e-07  -1.8390844e-07  -8.5630944e-08
   0.0000000e+00   0.0000000e+00   7.8507503e-05   5.5128963e-05   3.7610487e-05   2.5656233e-05   2.3306897e-05   1.9013994e-05   1.2628691e-05   8.4573448e-06   5.9780709e-06   4.1269623e-06   3.4040133e-06   2.3822674e-06   2.3329910e-06   1.7604663e-06   1.0984959e-06   5.0130694e-07   6.2093881e-07   6.2175980e-07   1.3939344e-07  -5.9465248e-07  -2.3735683e-07
   0.0000000e+00   0.0000000e+00   7.8312296e-05   5.4841992e-05   3.7849837e-05   2.5575342e-05   2.2920340e-05   1.9219857e-05   1.2544541e-05   8.0144837e-06   6.1727019e-06   4.0889540e-06   2.9868522e-06   2.6806158e-06   2.0889506e-06   1.5018151e-06   1.3647317e-06   1.1034863e-06   8.7424371e-07   5.0629217e-07   1.4330192e-07   1.0763638e-07  -1.2372483e-07
   0.0000000e+00   0.0000000e+00   7.8536897e-05   5.4855231e-05   3.7699006e-05   2.5563464e-05   2.2952614e-05   1.9241474e-05   1.2479017e-05   8.5829734e-06   5.9146337e-06   4.1771304e-06   3.2687228e-06   2.6355151e-06   1.7113765e-06   1.2295849e-06   1.1891974e-06   1.2457677e-06   1.1615757e-06   5.2035136e-07   4.8965575e-07   5.1381727e-07   1.8896327e-07
   0.0000000e+00   0.0000000e+00   7.8701072e-05   5.4933880e-05   3.7503505e-05   2.5901432e-05   2.2500179e-05   1.8851528e-05   1.2665729e-05   8.5002575e-06   6.0362490e-06   4.4574199e-06   3.7191689e-06   2.7436297e-06   1.8956683e-06   1.3163236e-06   8.9979238e-07   9.4216915e-07   6.7639331e-07   8.9697539e-07   1.7762591e-07   4.4824662e-07  -8.6027949e-09
   0.0000000e+00   0.0000000e+00   7.8451092e-05   5.5379518e-05   3.7417471e-05   2.5990174e-05   2.2897286e-05   1.8528486e-05   1.2646440e-05   8.2584975e-06   5.8388036e-06   4.5312649e-06   3.7255211e-06   2.9239163e-06   2.0359523e-06   1.5398765e-06   9.5495921e-07   9.8331634e-07   8.7232229e-07   4.1284423e-07   5.3595056e-07   2.8379856e-07   1.4455904e-07
   0.0000000e+00   0.0000000e+00   7.8324912e-05   5.5006843e-05   3.7735503e-05   2.5642808e-05   2.2938375e-05   1.8515137e-05   1.2534148e-05   8.1075768e-06   6.3130715e-06   4.3001414e-06   3.2366884e-06   3.0179544e-06   2.2681995e-06   1.5228668e-06   1.0638504e-06   7.4085386e-07   3.8056243e-07   5.7932891e-07   3.6991003e-07   6.6365021e-07   3.0274148e-07
   0.0000000e+00   0.0000000e+00   7.8735960e-05   5.5036391e-05   3.7762948e-05   2.5362682e-05   2.3025692e-05   1.8868333e-05   1.2349446e-05   8.0059963e-06   6.1993514e-06   4.2934344e-06   3.0101037e-06   2.9756641e-06   2.4080894e-06   1.8747583e-06   9.9597980e-07   5.2395882e-07   6.3065937e-07   6.4369289e-07   4.9436886e-07  -3.1792266e-07   2.2652404e-07
   0.0000000e+00   0.0000000e+00   7.8425444e-05   5.5398348e-05   3.7617730e-05   2.5689136e-05   2.2827873e-05   1.8528210e-05   1.2040487e-05   8.6757145e-06   6.1084770e-06   4.6820446e-06   3.1236448e-06   2.7841036e-06   2.3827004e-06   1.4614028e-06   1.2241054e-06   1.3443073e-06   9.8193857e-07   4.8719687e-07  -5.6918399e-08   2.8565222e-07   4.8414989e-07
   0.0000000e+00   0.0000000e+00   7.8371646e-05   5.5370940e-05   3.7711412e-05   2.5527263e-05   2.3026307e-05   1.8642600e-05   1.1809803e-05   8.4823687e-06   6.0543507e-06   4.2686816e-06   3.3347785e-06   2.9929085e-06   2.4296237e-06   1.2321357e-06   1.1707747e-06   1.1726947e-06   1.3627557e-06   4.9774059e-07   1.2599467e-07  -1.0599427e-08   3.6232723e-07
   0.0000000e+00   0.0000000e+00   7.8498051e-05   5.5379176e-05   3.7681457e-05   2.5460977e-05   2.3265608e-05   1.8480576e-05   1.2121454e-05   7.8439152e-06   6.1742126e-06   4.3509795e-06   3.4569457e-06   2.7686372e-06   2.3274240e-06   1.2228550e-06   1.2558253e-06   1.2834363e-06   8.8848225e-07   9.3779266e-07   1.8591284e-07   3.3284550e-07   1.6392710e-07
   0.0000000e+00   0.0000000e+00   7.8985337e-05   5.4967652e-05   3.8003782e-05   2.5507330e-05   2.2889903e-05   1.8356917e-05   1.2726761e-05   7.8466564e-06   5.9405334e-06   4.1949374e-06   3.1415432e-06   3.1168997e-06   2.0195180e-06   1.3368743e-06   1.1594841e-06   1.1365607e-06   1.0491617e-06   9.1541801e-07   6.1552748e-07   1.6989109e-07  -4.9218411e-08
   0.0000000e+00   0.0000000e+00   7.8600038e-05   5.5535926e-05   3.7601549e-05   2.5847981e-05   2.3038876e-05   1.8344817e-05   1.2329555e-05   7.8591638e-06   5.7524844e-06   4.2457905e-06   3.6849765e-06   2.7997694e-06   2.0838627e-06   1.0039978e-06   8.0305978e-07   8.6085527e-07   9.2604927e-07   9.6809720e-07   9.0421679e-07   5.3920940e-07   4.5462494e-07
   0.0000000e+00   0.0000000e+00   7.8317069e-05   5.5353179e-05   3.7673479e-05   2.5898720e-05   2.3195971e-05   1.8754283e-05   1.2313227e-05   7.9377005e-06   5.8085261e-06   4.5128922e-06   3.3380020e-06   2.6767821e-06   2.4129763e-06   1.4244007e-06   1.0669266e-06   6.1515533e-07   3.2492397e-07   8.3133597e-07   9.6642032e-07   4.8648388e-07   1.8365522e-07
   0.0000000e+00   0.0000000e+00   7.8716119e-05   5.4932767e-05   3.7706639e-05   2.5890657e-05   2.3125483e-05   1.8527240e-05   1.2413407e-05   8.2808665e-06   5.8721039e-06   4.4028034e-06   3.4740499e-06   2.7638903e-06   2.2172765e-06   1.4069683e-06   1.1014231e-06   1.1855678e-06   5.6212582e-07   6.5049039e-07   7.0526983e-07   4.5445591e-07   1.5077772e-07
   0.0000000e+00   0.0000000e+00   7.8566613e-05   5.4959673e-05   3.7669157e-05   2.5735797e-05   2.3346620e-05   1.8644003e-05   1.2471085e-05   7.9146466e-06   5.9892263e-06   4.0954569e-06   3.7136595e-06   2.8993695e-06   1.9348747e-06   1.5072571e-06   9.4296536e-07   9.8776184e-07   9.6558836e-07   8.5604808e-07   6.9674070e-07  -3.2934229e-09  -1.0799786e-07
   0.0000000e+00   0.0000000e+00   7.8297919e-05   5.5177261e-05   3.7498328e-05   2.5861522e-05   2.2910195e-05   1.8656234e-05   1.2777065e-05   8.2379584e-06   5.9872841e-06   3.9739325e-06   3.5019968e-06   3.0505623e-06   2.1214685e-06   1.3184933e-06   1.1070377e-06   9.9492604e-07   8.3577760e-07   7.6687820e-07   3.4061836e-07   7.9797324e-08   1.0678055e-07
   0.0000000e+00   0.0000000e+00   7.8513120e-05   5.5385910e-05   3.7515805e-05   2.5681542e-05   2.2877695e-05   1.8548530e-05   1.2650246e-05   8.3776022e-06   6.1232113e-06   4.5329975e-06   3.3468332e-06   3.0681624e-06   2.3686071e-06   1.4826492e-06   8.7892892e-07   8.6562034e-07   8.2923287e-07   8.4610087e-07   1.2623181e-07   4.1897272e-07   8.5066304e-08
   0.0000000e+00   0.0000000e+00   7.8593279e-05   5.5015320e-05   3.7740891e-05   2.5869969e-05   2.2771768e-05   1.8673676e-05   1.2630861e-05   8.1218268e-06   5.9659587e-06   4.7403055e-06   3.4624752e-06   3.2193643e-06   2.5282266e-06   1.5530879e-06   1.5099806e-06   1.1048628e-06   6.6607720e-07   4.0289208e-07   7.7895194e-08   3.8454864e-08  -2.4990257e-07
   0.0000000e+00   0.0000000e+00   7.8624667e-05   5.5153268e-05   3.7715545e-05   2.5477686e-05   2.3218525e-05   1.8763487e-05   1.2462676e-05   8.3099094e-06   5.7347634e-06   4.3429650e-06   3.4651368e-06   2.9297914e-06   2.5059783e-06   1.7139080e-06   1.6397572e-06   1.0503844e-06   9.9619797e-07   5.6437653e-07   7.7371027e-08   3.1587899e-07  -2.3542054e-07
   0.0000000e+00   0.0000000e+00   7.8310659e-05   5.5492106e-05   3.7602709e-05   2.5632669e-05   2.2824677e-05   1.8757817e-05   1.2748858e-05   7.9545225e-06   5.9958838e-06   3.9589054e-06   3.4441568e-06   3.1914858e-06   1.9519600e-06   1.5911111e-06   1.1668475e-06   1.1721363e-06   1.2920766e-06   6.5419556e-07   3.8498467e-07  -5.7795710e-08   4.3192466e-07
   0.0000000e+00   0.0000000e+00   7.8475678e-05   5.5390239e-05   3.7791015e-05   2.5589654e-05   2.3034014e-05   1.8538069e-05   1.2611743e-05   8.4294416e-06   5.8853102e-06   3.9114475e-06   3.3845988e-06   2.8412910e-06   2.5232123e-06   1.8287449e-06   8.2513833e-07   8.1936849e-07   1.0247173e-06   5.7484914e-07   8.3894366e-07   4.3571779e-07   2.7976563e-07
   0.0000000e+00   0.0000000e+00   7.8681966e-05   5.4751134e-05   3.7902904e-05   2.5948351e-05   2.2903521e-05   1.8396127e-05   1.2327199e-05   8.4758030e-06   5.8820451e-06   4.4203753e-06   3.0787355e-06   2.7435317e-06   2.5809300e-06   1.7791060e-06   1.1362424e-06   7.1613277e-07   5.0605348e-07   4.6032028e-07   5.3655242e-07   4.4508636e-07   7.4807900e-07
   0.0000000e+00   0.0000000e+00   7.8390658e-05   5.5229502e-05   3.7680918e-05   2.5902084e-05   2.3246856e-05   1.8380015e-05   1.2210682e-05   8.3385148e-06   5.7111738e-06   4.0554614e-06   3.1838131e-06   2.8986740e-06   2.3094826e-06   1.9306262e-06   8.2307633e-07   6.1157436e-07   6.7737727e-07   3.8609900e-07   5.2268007e-07   2.4905319e-07  -1.5445451e-07
   0.0000000e+00   0.0000000e+00   7.8361292e-05   5.5357570e-05   3.7582846e-05   2.5855052e-05   2.3102868e-05   1.8426656e-05   1.2580760e-05   8.0078607e-06   5.9790932e-06   4.4296066e-06   3.0543474e-06   3.1818936e-06   1.9098786e-06   1.6254718e-06   1.1147409e-06   7.3627291e-07   4.2229857e-07   5.5934242e-07   2.5119158e-07   4.3900559e-07   4.6076988e-07
   0.0000000e+00   0.0000000e+00   7.8390258e-05   5.5291937e-05   3.7739152e-05   2.6004227e-05   2.2847580e-05   1.8637600e-05   1.2491510e-05   8.0767095e-06   6.1225714e-06   4.3382138e-06   3.3377869e-06   3.3145559e-06   2.1523790e-06   1.5231524e-06   1.1545191e-06   7.9570344e-07   1.0723330e-06   3.0290326e-07   3.1912879e-07   4.4245650e-07   1.8826863e-07
   0.0000000e+00   0.0000000e+00   7.8561672e-05   5.5082150e-05   3.7900096e-05   2.5948548e-05   2.2866556e-05   1.8573281e-05   1.2440072e-05   8.0843856e-06   6.2948961e-06   4.7551630e-06   3.1842051e-06   3.0108495e-06   2.4328408e-06   1.9244815e-06   1.2007987e-06   8.7235907e-07   1.0506391e-06   5.4824176e-07   1.3474430e-07   6.6764761e-07   5.4464369e-08
   0.0000000e+00   0.0000000e+00   7.8593417e-05   5.5290540e-05   3.7732250e-05   2.5678179e-05   2.2976601e-05   1.8881568e-05   1.2141427e-05   8.3079913e-06   5.9553336e-06   4.6189598e-06   3.4935224e-06   2.7871822e-06   2.5975742e-06   1.8305035e-06   1.3034365e-06   6.4164243e-07   7.6643306e-07   8.9994182e-07   5.5031347e-07   4.2354466e-07   4.4311716e-07
   0.0000000e+00   0.0000000e+00   7.8454017e-05   5.5495890e-05   3.7530292e-05   2.5860483e-05   2.3152610e-05   1.8515462e-05   1.2448336e-05   8.1755734e-06   5.9908525e-06   4.5218071e-06   3.1856009e-06   3.2075170e-06   2.5120535e-06   1.8176077e-06   1.2538090e-06   1.1805676e-06   7.2670622e-07   2.8703991e-07   1.3076065e-07   2.9949291e-07   2.7219980e-07
   0.0000000e+00   0.0000000e+00   7.8630008e-05   5.5304026e-05   3.7774480e-05   2.5829655e-05   2.2749968e-05   1.8925299e-05   1.2722942e-05   7.8681715e-06   6.2085464e-06   4.4448225e-06   2.7938243e-06   2.7883384e-06   2.6289731e-06   1.7984102e-06   1.4788890e-06   1.1540521e-06   7.3791006e-07   3.4960814e-07   6.3082967e-07   1.4016716e-07  -3.2377753e-07
   0.0000000e+00   0.0000000e+00   7.8798163e-05   5.5358840e-05   3.7771115e-05   2.5642876e-05   2.2918444e-05   1.9048282e-05   1.2565245e-05   7.8317889e-06   6.0787761e-06   4.8472079e-06   3.1206305e-06   2.6803984e-06   2.4127205e-06   1.9552231e-06   1.3460477e-06   1.1664016e-06   8.2228701e-07   3.8513409e-07   4.0263177e-07   3.8768204e-07  -2.5098913e-07
   0.0000000e+00   0.0000000e+00   7.8537116e-05   5.5573440e-05   3.7492096e-05   2.5629832e-05   2.3143046e-05   1.8661469e-05   1.2792692e-05   8.1421722e-06   5.9314807e-06   4.6469395e-06   3.4057380e-06   2.7868437e-06   2.3692617e-06   1.8097667e-06   1.4096041e-06   1.3819214e-06   8.5353753e-07   9.2177021e-07   5.5248387e-07   4.6497837e-07   2.6177472e-07
   0.0000000e+00   0.0000000e+00   7.8742167e-05   5.5541001e-05   3.7536927e-05   2.5512563e-05   2.2987826e-05   1.8846698e-05   1.2538399e-05   8.3615323e-06   5.7371644e-06   4.6390442e-06   3.4725560e-06   2.8768816e-06   2.2748688e-06   1.6661261e-06   1.5003235e-06   1.0965675e-06   7.6951864e-07   7.2819392e-07   7.1010732e-07   6.6649164e-07   6.2262421e-07
   0.0000000e+00   0.0000000e+00   7.8735960e-05   5.5547032e-05   3.7608548e-05   2.5787083e-05   2.2466604e-05   1.8996976e-05   1.2850383e-05   8.1366143e-06   6.0600810e-06   4.4898620e-06   3.2918183e-06   3.0803901e-06   2.4580618e-06   1.4068924e-06   1.5880412e-06   8.0200317e-07   4.6144757e-07   6.0197721e-07   3.9434548e-07   3.2572675e-07   5.0454594e-07
   0.0000000e+00   0.0000000e+00   7.8269863e-05   5.5514218e-05   3.7887206e-05   2.5348036e-05   2.2858079e-05   1.8772755e-05   1.2695283e-05   8.2302104e-06   6.2498530e-06   4.2424476e-06   3.3232554e-06   3.0805347e-06   2.6165717e-06   1.4338727e-06   1.6415147e-06   6.5220803e-07   6.1886203e-07   5.4903393e-07   5.3371031e-07  -2.0154822e-07   2.8861550e-07
   0.0000000e+00   0.0000000e+00   7.8241021e-05   5.5216522e-05   3.7635178e-05   2.5805330e-05   2.2974369e-05   1.8506405e-05   1.2271152e-05   8.5013544e-06   6.2502354e-06   4.1768217e-06   3.8987209e-06   2.7709668e-06   2.4226977e-06   1.3615264e-06   1.3649733e-06   1.1942614e-06   6.2929257e-07   8.3506370e-07   6.6619879e-07   1.5408254e-07  -2.5660367e-07
   0.0000000e+00   0.0000000e+00   7.8303339e-05   5.5194516e-05   3.7380050e-05   2.5810654e-05   2.2924512e-05   1.8509258e-05   1.2483280e-05   8.0668106e-06   6.2322715e-06   4.5164866e-06   3.8613516e-06   3.0775359e-06   2.3474649e-06   1.6379496e-06   1.0302771e-06   1.1857103e-06   6.5808689e-07   4.9492434e-07   1.1766502e-06   3.8309560e-07  -4.0158380e-07
   0.0000000e+00   0.0000000e+00   7.8387959e-05   5.4840839e-05   3.7761984e-05   2.5438447e-05   2.2845890e-05   1.8688748e-05   1.2355309e-05   8.0154396e-06   5.8991177e-06   4.6236914e-06   3.5280007e-06   3.1103884e-06   2.2079773e-06   1.5901904e-06   1.3241962e-06   1.2725129e-06   5.7994561e-07   2.9334436e-07   4.5549442e-07   3.5658431e-07  -9.4521965e-08
   0.0000000e+00   0.0000000e+00   7.8415251e-05   5.4793054e-05   3.7637648e-05   2.5592233e-05   2.2950693e-05   1.8387378e-05   1.2477049e-05   8.2730940e-06   5.8483552e-06   3.9628203e-06   3.4134393e-06   2.9892760e-06   2.0106006e-06   1.4729565e-06   1.3510386e-06   1.1281104e-06   5.1442345e-07   4.8132284e-07   6.1856269e-07   5.0591251e-07  -4.1125156e-07
   0.0000000e+00   0.0000000e+00   7.8373858e-05   5.4988108e-05   3.7691148e-05   2.5467783e-05   2.2908413e-05   1.8482229e-05   1.2562887e-05   8.5462843e-06   5.4697575e-06   3.6790452e-06   3.3296112e-06   2.9308840e-06   2.0855093e-06   1.5500256e-06   8.0333825e-07   9.9474278e-07   1.0434673e-06   4.8570251e-07   5.5187917e-07   6.3275024e-07   2.4306971e-07
   0.0000000e+00   0.0000000e+00   7.8573648e-05   5.4968270e-05   3.7920981e-05   2.5639134e-05   2.2683953e-05   1.8774039e-05   1.2577380e-05   8.2439956e-06   5.9135286e-06   3.8031519e-06   3.0939204e-06   2.4155233e-06   2.0909006e-06   1.3697346e-06   6.3203657e-07   1.0976042e-06   6.5457868e-07   6.5870375e-07   3.7822431e-07   4.1052166e-07   3.2370713e-07
   0.0000000e+00   0.0000000e+00   7.8674588e-05   5.5058077e-05   3.7643851e-05   2.5860663e-05   2.2948909e-05   1.8631521e-05   1.3131029e-05   7.9820729e-06   5.8740166e-06   4.4497478e-06   2.8689742e-06   2.4145202e-06   2.0327286e-06   1.3884910e-06   7.5379177e-07   9.8791429e-07   5.9572153e-07   5.6690214e-07   4.8142948e-07  -6.5781791e-08   2.5409295e-07
   0.0000000e+00   0.0000000e+00   7.8717952e-05   5.5001281e-05   3.7700262e-05   2.5553360e-05   2.3287803e-05   1.8557899e-05   1.2880368e-05   8.6476002e-06   5.7703955e-06   4.3251316e-06   3.3105630e-06   2.6048099e-06   1.9537938e-06   1.3581295e-06   1.2854330e-06   4.6600647e-07   6.6468493e-07   5.6680494e-07   4.5787112e-07   5.5923704e-07   4.0135774e-07
   0.0000000e+00   0.0000000e+00   7.8658013e-05   5.5261451e-05   3.7753132e-05   2.5588766e-05   2.2947017e-05   1.9026280e-05   1.2744998e-05   8.2929073e-06   6.0574484e-06   4.6072541e-06   3.5151684e-06   2.4222672e-06   1.8494060e-06   1.7644147e-06   1.4405626e-06   6.2958054e-07   8.9648660e-07   3.4930110e-07   3.5022677e-07   2.6714467e-08  -5.9114484e-08
   0.0000000e+00   0.0000000e+00   7.8328289e-05   5.5285516e-05   3.7678332e-05   2.5717174e-05   2.2934177e-05   1.8945204e-05   1.2715455e-05   8.2105571e-06   5.9066583e-06   4.5421289e-06   3.4883660e-06   2.7041676e-06   2.1405954e-06   1.6519900e-06   1.2659322e-06   8.6784479e-07   8.3654362e-07   7.9659372e-07   3.0194144e-07   1.7981468e-07  -7.8552603e-08
   0.0000000e+00   0.0000000e+00   7.8790668e-05   5.5154935e-05   3.7563750e-05   2.5748286e-05   2.2874334e-05   1.9136771e-05   1.2541941e-05   8.3290170e-06   5.9235513e-06   4.5371448e-06   3.3608742e-06   2.7502585e-06   2.4489320e-06   1.5847074e-06   9.5138131e-07   1.0264342e-06   8.9674796e-07   9.7202951e-07   7.6911994e-07   2.4784629e-07   3.5662984e-07
   0.0000000e+00   0.0000000e+00   7.8569989e-05   5.5509521e-05   3.7484187e-05   2.5713935e-05   2.3170202e-05   1.8776693e-05   1.2542839e-05   8.1889839e-06   5.8541127e-06   4.7630610e-06   3.6556846e-06   2.5454751e-06   2.6680968e-06   1.5955956e-06   8.2568340e-07   4.4780782e-07   6.1830525e-07   8.4155067e-07   6.7775750e-07   9.9044837e-07   4.2545173e-07
   0.0000000e+00   0.0000000e+00   7.8346304e-05   5.5440014e-05   3.7779442e-05   2.5510701e-05   2.3064222e-05   1.8992328e-05   1.2115295e-05   8.0850459e-06   6.0552838e-06   4.2149791e-06   3.6503679e-06   2.9516546e-06   2.6348923e-06   1.7919575e-06   1.0811876e-06   4.2501142e-07   3.7614078e-07   3.6344872e-07   1.5905346e-07   8.1517715e-07   7.4397860e-07
   0.0000000e+00   0.0000000e+00   7.8808502e-05   5.5028740e-05   3.7657948e-05   2.6116855e-05   2.2800561e-05   1.8785364e-05   1.2372646e-05   7.9910087e-06   5.7905177e-06   4.6302821e-06   3.2905609e-06   2.8213997e-06   2.5653067e-06   2.1321043e-06   1.4203475e-06   7.8463631e-07   2.7679309e-07   5.7709735e-07  -7.9911800e-08   2.0423222e-08   4.9231591e-07
   0.0000000e+00   0.0000000e+00   7.8473931e-05   5.5317621e-05   3.7722588e-05   2.5889629e-05   2.3038290e-05   1.8929302e-05   1.2395441e-05   8.0759255e-06   5.7825241e-06   4.5615820e-06   3.5750925e-06   2.8632865e-06   1.9452059e-06   2.1509250e-06   1.5245458e-06   9.6646318e-07   8.8291210e-07   2.4375674e-07   1.4649039e-07  -2.3631391e-07   3.1306089e-07
   0.0000000e+00   0.0000000e+00   7.8320823e-05   5.5181015e-05   3.7633439e-05   2.5792449e-05   2.3011813e-05   1.8809737e-05   1.2753498e-05   8.0152395e-06   5.6422355e-06   4.4810731e-06   4.1304138e-06   2.8719708e-06   1.9239765e-06   1.7473034e-06   1.4028362e-06   1.0952124e-06   6.8510906e-07   3.5570963e-07   2.6908026e-07  -1.0704925e-07   2.4733197e-07
   0.0000000e+00   0.0000000e+00   7.8257421e-05   5.4976670e-05   3.7515194e-05   2.5759882e-05   2.2982404e-05   1.9034092e-05   1.2232652e-05   8.0675254e-06   5.6551826e-06   4.4014078e-06   4.0961590e-06   3.0943540e-06   2.2791194e-06   2.0237942e-06   1.4990934e-06   6.3026835e-07   8.8922741e-07   5.1458784e-07   4.7750903e-10   1.9665444e-07  -2.5759365e-07
   0.0000000e+00   0.0000000e+00   7.8643592e-05   5.4625067e-05   3.7366844e-05   2.6047606e-05   2.3004415e-05   1.8838100e-05   1.2611269e-05   7.7076829e-06   5.4892439e-06   4.4458561e-06   3.7805346e-06   3.2492228e-06   2.2627150e-06   1.7713797e-06   1.4119795e-06   1.0694525e-06   7.9777840e-07   8.5474397e-07   1.4405551e-07  -1.4213377e-07  -1.3089722e-07
   0.0000000e+00   0.0000000e+00   7.8873272e-05   5.5187087e-05   3.7263933e-05   2.5574904e-05   2.3158058e-05   1.9010899e-05   1.2505493e-05   8.2036713e-06   5.3413250e-06   4.0761147e-06   3.5628068e-06   3.1951240e-06   2.4574235e-06   1.3314823e-06   1.2257710e-06   1.0429359e-06   6.5971091e-07   5.6373108e-07   2.5553092e-07   4.6519145e-07  -2.5706535e-07
   0.0000000e+00   0.0000000e+00   7.8200916e-05   5.5408247e-05   3.7435660e-05   2.5672272e-05   2.3079941e-05   1.8626433e-05   1.2922086e-05   8.0804839e-06   5.3225699e-06   4.4787735e-06   3.5773155e-06   3.2398593e-06   2.4914714e-06   1.2143385e-06   7.7687855e-07   7.4044806e-07   8.9871946e-07   4.0409938e-07  -9.6038200e-09   9.5118409e-08   1.5444151e-07
   0.0000000e+00   0.0000000e+00   7.8825622e-05   5.5132037e-05   3.7423404e-05   2.5757026e-05   2.2979772e-05   1.8655235e-05   1.2548740e-05   8.1607504e-06   5.6746912e-06   3.9007418e-06   3.8642120e-06   3.4594004e-06   2.2979586e-06   1.5190715e-06   9.9492627e-07   4.4937633e-07   6.0236806e-07   5.5500328e-07  -8.4644022e-08   1.5646334e-07   3.5740362e-07
   0.0000000e+00   0.0000000e+00   7.8803707e-05   5.5208246e-05   3.7685793e-05   2.6075022e-05   2.2367713e-05   1.8859639e-05   1.2202581e-05   7.9589281e-06   6.0783500e-06   4.2923762e-06   3.3972981e-06   3.6131567e-06   2.0543189e-06   1.6203452e-06   9.3945852e-07   6.0464640e-07   1.0829406e-06   2.4055581e-07   4.1853946e-07  -1.3697894e-07   2.1891029e-07
   0.0000000e+00   0.0000000e+00   7.8471283e-05   5.5606277e-05   3.7674145e-05   2.5849949e-05   2.3160204e-05   1.8614466e-05   1.2414574e-05   8.0838417e-06   5.5981368e-06   4.8306429e-06   3.7329162e-06   3.0134070e-06   2.5920999e-06   1.5659199e-06   1.0552852e-06   7.6006836e-07   8.3913301e-07   6.4842385e-07   5.8720030e-07   3.4095342e-07   2.5481546e-07
   0.0000000e+00   0.0000000e+00   7.8712466e-05   5.5291192e-05   3.7789185e-05   2.5863583e-05   2.3044602e-05   1.8608916e-05   1.2354954e-05   8.2263186e-06   5.8779942e-06   4.7346521e-06   3.6589786e-06   3.2626078e-06   2.2607085e-06   1.5024192e-06   6.8345201e-07   8.1121721e-07   8.8144651e-07   1.0376230e-06   3.8202992e-07   4.0496982e-07   1.2120111e-07
   0.0000000e+00   0.0000000e+00   7.8514517e-05   5.5535722e-05   3.7945210e-05   2.6114565e-05   2.2864553e-05   1.8437662e-05   1.2273285e-05   8.3914229e-06   5.9309327e-06   4.2292313e-06   4.0348577e-06   3.1088628e-06   2.6825912e-06   1.3440044e-06   8.7157969e-07   7.9158229e-07   3.4620444e-07   6.0450429e-07   4.2588738e-07   9.7979836e-08  -2.1252953e-07
   0.0000000e+00   0.0000000e+00   7.8483863e-05   5.5392557e-05   3.7598711e-05   2.6401523e-05   2.2947295e-05   1.8759212e-05   1.2114778e-05   8.0366653e-06   6.2631484e-06   4.3322539e-06   3.5740925e-06   2.9124003e-06   2.5604118e-06   1.7085105e-06   1.1310728e-06   1.0197497e-06   8.6721116e-07   4.2994387e-07   3.2760258e-07   1.3325995e-07   9.2387204e-08
   0.0000000e+00   0.0000000e+00   7.8335084e-05   5.5068555e-05   3.7738515e-05   2.6033982e-05   2.2850107e-05   1.8829900e-05   1.2515879e-05   7.6588740e-06   5.8333958e-06   4.4498638e-06   3.2065395e-06   2.7224212e-06   2.2642632e-06   1.5047625e-06   1.0769664e-06   7.4637586e-07   8.6875127e-07   2.7432952e-07   4.4529227e-07  -1.9525086e-07  -1.9732646e-07
   0.0000000e+00   0.0000000e+00   7.8288351e-05   5.5243367e-05   3.7642832e-05   2.5784360e-05   2.3449236e-05   1.8505922e-05   1.2650569e-05   8.2576325e-06   5.2032487e-06   4.5488496e-06   3.5552937e-06   2.6460700e-06   1.9608356e-06   1.8442990e-06   9.5851203e-07   6.1354905e-07   8.1424832e-07   6.6746884e-07   2.7966320e-07  -2.0067318e-07  -5.3304939e-07
   0.0000000e+00   0.0000000e+00   7.8914971e-05   5.4677566e-05   3.7526024e-05   2.5748153e-05   2.3297371e-05   1.9081019e-05   1.2675101e-05   7.8289231e-06   5.9657450e-06   4.3139235e-06   3.5084627e-06   2.8369243e-06   2.2275167e-06   1.7603036e-06   1.2062826e-06   8.2073439e-07   9.2357010e-07   8.0416879e-07   5.8932653e-07   4.9366086e-08  -2.0903920e-07
   0.0000000e+00   0.0000000e+00   7.8365163e-05   5.5326320e-05   3.7242615e-05   2.5379790e-05   2.3438433e-05   1.9053579e-05   1.2695916e-05   8.0740701e-06   5.6251993e-06   4.3934142e-06   3.0615602e-06   2.9263890e-06   2.3467232e-06   1.4964212e-06   1.2348630e-06   9.1762161e-07   6.9479364e-07   4.1297491e-07   4.0018222e-07   9.3956817e-07   4.2229416e-07
   0.0000000e+00   0.0000000e+00   7.8313737e-05   5.5107772e-05   3.7586258e-05   2.5536976e-05   2.3097789e-05   1.8568964e-05   1.3313950e-05   8.2446431e-06   5.7037637e-06   4.3123282e-06   3.1659345e-06   2.5414340e-06   2.3073339e-06   1.7210530e-06   1.0883407e-06   1.0748726e-06   6.3822574e-07  -3.0949487e-08   1.0645208e-07   5.8524057e-07   4.4812623e-08
   0.0000000e+00   0.0000000e+00   7.8575802e-05   5.4921602e-05   3.7554375e-05   2.5548823e-05   2.3406556e-05   1.8489251e-05   1.2976587e-05   8.6730925e-06   5.6302074e-06   4.4928515e-06   3.5348612e-06   2.5761585e-06   2.2589061e-06   1.4839533e-06   1.0116380e-06   1.2553407e-06   8.3123973e-07   5.3971320e-07   3.7967499e-08   1.6462995e-07   9.8156299e-08
   0.0000000e+00   0.0000000e+00   7.8441393e-05   5.4974003e-05   3.7359001e-05   2.5151037e-05   2.3315415e-05   1.9033681e-05   1.2820533e-05   8.2197021e-06   6.0013540e-06   4.6934138e-06   3.5722026e-06   2.7415863e-06   2.1110066e-06   1.4123145e-06   9.2244426e-07   9.8734415e-07   1.0568345e-06   7.8404059e-07   4.8349074e-07   4.7911989e-08   1.8835555e-08
   0.0000000e+00   0.0000000e+00   7.8105237e-05   5.4943837e-05   3.7515223e-05   2.5539477e-05   2.2294902e-05   1.9055940e-05   1.2991427e-05   8.2761617e-06   6.5702479e-06   4.5880397e-06   3.2336297e-06   2.7772951e-06   2.1283231e-06   1.2349606e-06   9.3034038e-07   8.6998568e-07   9.9892134e-07   5.3569499e-07   5.5723365e-07   5.1284195e-07   1.9545844e-07
   0.0000000e+00   0.0000000e+00   7.8198609e-05   5.4977358e-05   3.7271304e-05   2.5455027e-05   2.3164424e-05   1.8317902e-05   1.2991959e-05   8.5680176e-06   6.0084471e-06   4.9102064e-06   3.6750566e-06   2.9239093e-06   1.9941751e-06   1.2091077e-06   9.1784176e-07   6.3346931e-07   1.0358003e-06   6.2163758e-07   3.5442801e-07   1.7701451e-07   4.8545041e-07
   0.0000000e+00   0.0000000e+00   7.8267571e-05   5.5218265e-05   3.6976795e-05   2.5432446e-05   2.2810229e-05   1.8718398e-05   1.2990963e-05   8.3884170e-06   6.2413883e-06   4.7102412e-06   3.6492133e-06   3.1267266e-06   2.3803564e-06   1.5052618e-06   5.7245353e-07   5.6074293e-07   1.0017593e-06   7.7445651e-07   1.3295534e-07   4.4003835e-07   2.0705470e-07
   0.0000000e+00   0.0000000e+00   7.8788347e-05   5.4961110e-05   3.7753227e-05   2.5144804e-05   2.3028841e-05   1.8461835e-05   1.2812876e-05   8.2615070e-06   6.2140070e-06   4.4490998e-06   3.9769479e-06   3.1484533e-06   2.1386857e-06   1.3050258e-06   1.1863208e-06   7.2037028e-07   3.2872487e-07   4.4059254e-07   5.8033129e-07   2.2173585e-07   2.6463144e-07
   0.0000000e+00   0.0000000e+00   7.8159967e-05   5.5072560e-05   3.7428988e-05   2.5907408e-05   2.2780703e-05   1.8821118e-05   1.2571223e-05   8.3334198e-06   5.6644267e-06   4.6758787e-06   3.4474679e-06   3.0398658e-06   2.0720242e-06   1.5520201e-06   1.3296586e-06   8.9389317e-07   4.3023206e-07   6.4475864e-07   1.0159528e-07   2.8469427e-07   2.8534387e-07
   0.0000000e+00   0.0000000e+00   7.8718193e-05   5.4952881e-05   3.7066220e-05   2.5811882e-05   2.3011602e-05   1.8806444e-05   1.2551805e-05   8.5813845e-06   6.1063679e-06   4.3109067e-06   3.3477008e-06   2.6654911e-06   1.7624386e-06   1.9226668e-06   1.0660717e-06   7.9889224e-07   1.4165907e-06   4.7362599e-07   3.8902829e-07   1.3702832e-07   2.7425148e-07
   0.0000000e+00   0.0000000e+00   7.8396719e-05   5.5053250e-05   3.7461516e-05   2.5442543e-05   2.3267019e-05   1.8923009e-05   1.2675590e-05   8.5701340e-06   6.0636366e-06   4.8403858e-06   3.1826930e-06   2.5333886e-06   1.7079419e-06   1.6584501e-06   1.0697121e-06   1.1118673e-06   9.2765561e-07   6.9070330e-07   6.2519655e-07   4.0430228e-07   6.7882468e-08
   0.0000000e+00   0.0000000e+00   7.8289988e-05   5.4626216e-05   3.7939335e-05   2.5529724e-05   2.2720355e-05   1.9127867e-05   1.3161705e-05   8.2986116e-06   6.2606623e-06   4.7777680e-06   3.4714403e-06   2.3914592e-06   1.3219787e-06   1.6468434e-06   1.2801597e-06   1.1375521e-06   9.1768720e-07   4.2661858e-07   6.7851306e-07   3.3444712e-07  -1.1213713e-07
   0.0000000e+00   0.0000000e+00   7.8284153e-05   5.4917182e-05   3.6999474e-05   2.5988018e-05   2.2789720e-05   1.9022518e-05   1.2833780e-05   8.4494213e-06   6.3331136e-06   4.4076869e-06   3.6962424e-06   2.4624967e-06   1.5472300e-06   1.5668800e-06   1.3334113e-06   8.1294451e-07   6.1635450e-07   3.9668566e-07   3.4582834e-07   2.8310393e-07   2.4291426e-08
   0.0000000e+00   0.0000000e+00   7.8368146e-05   5.4795182e-05   3.7336846e-05   2.5532234e-05   2.3416636e-05   1.8518480e-05   1.2960081e-05   8.5233005e-06   6.2847876e-06   4.4095955e-06   3.1782124e-06   2.5072268e-06   2.1493306e-06   1.6061637e-06   1.0037759e-06   7.3224214e-07   7.8249110e-07   4.0521280e-07   8.2593061e-08   2.7810509e-07  -1.5276325e-07
   0.0000000e+00   0.0000000e+00   7.8094883e-05   5.4825567e-05   3.7285245e-05   2.5562247e-05   2.2839704e-05   1.9305528e-05   1.2476859e-05   8.8085253e-06   6.0488933e-06   4.3205805e-06   3.3779149e-06   2.4030048e-06   1.8219775e-06   1.5753532e-06   1.2459454e-06   1.0636793e-06   5.7880516e-07   4.4095370e-07   6.5293119e-07   2.1836044e-07  -9.8197269e-08
   0.0000000e+00   0.0000000e+00   7.8339493e-05   5.4411004e-05   3.7706170e-05   2.5198877e-05   2.3069846e-05   1.9014860e-05   1.2838506e-05   8.5620313e-06   5.8900046e-06   4.3660398e-06   3.3740921e-06   2.2634570e-06   2.2537390e-06   1.2796282e-06   1.0684647e-06   1.0482986e-06   3.2178448e-07   4.7978267e-07   3.7116112e-07   3.4455903e-07  -1.1250385e-07
   0.0000000e+00   0.0000000e+00   7.8120873e-05   5.5225559e-05   3.6920977e-05   2.5697986e-05   2.2657532e-05   1.9157760e-05   1.2668998e-05   8.5441179e-06   6.0135117e-06   4.1433291e-06   3.7877171e-06   2.5753179e-06   1.7316171e-06   1.3941437e-06   8.5833528e-07   8.8854961e-07   7.8220802e-07   4.4123482e-07   1.4260795e-07   1.6356512e-07  -4.6862038e-08
   0.0000000e+00   0.0000000e+00   7.8446545e-05   5.4786819e-05   3.7299138e-05   2.5301209e-05   2.3215802e-05   1.8626328e-05   1.2798048e-05   8.3362484e-06   5.7882330e-06   4.6386931e-06   3.3393642e-06   2.5329318e-06   2.3822101e-06   1.3664654e-06   1.1587957e-06   6.5329931e-07   4.7527058e-07   3.1403584e-07   4.6972140e-08  -1.0995221e-07   2.6179069e-07
   0.0000000e+00   0.0000000e+00   7.8273821e-05   5.4832748e-05   3.7846072e-05   2.5176378e-05   2.2887349e-05   1.8878503e-05   1.2569350e-05   8.4449839e-06   5.6253025e-06   4.5820543e-06   3.7815344e-06   2.6213138e-06   2.0593054e-06   1.5854091e-06   1.0586938e-06   1.1412026e-06   5.3688660e-07  -1.7924630e-07   2.6337045e-07  -4.2032742e-08  -1.8042365e-07
   0.0000000e+00   0.0000000e+00   7.8779383e-05   5.4673361e-05   3.7795697e-05   2.5870637e-05   2.2663062e-05   1.8873141e-05   1.2824584e-05   8.0183790e-06   5.9343724e-06   4.3066061e-06   3.5561598e-06   2.6245600e-06   2.2205375e-06   1.7647139e-06   1.3073642e-06   8.5192084e-07   3.0505973e-07   3.6672381e-07   5.8585492e-08  -1.4931973e-07  -8.3718334e-08
   0.0000000e+00   0.0000000e+00   7.8349301e-05   5.5217643e-05   3.7380134e-05   2.5913690e-05   2.2880002e-05   1.8983141e-05   1.2218036e-05   8.4080611e-06   5.7310813e-06   4.2393913e-06   3.5522780e-06   2.6671337e-06   2.1806034e-06   1.7793968e-06   1.0941530e-06   1.2414739e-06   5.2943778e-07   4.3076960e-07  -7.4735503e-08  -2.2480926e-07   7.8979085e-08
   0.0000000e+00   0.0000000e+00   7.8413592e-05   5.5033859e-05   3.7694841e-05   2.5899348e-05   2.2985827e-05   1.8616916e-05   1.2793746e-05   8.2125771e-06   6.1213027e-06   3.9054944e-06   3.2060309e-06   2.9147654e-06   2.3096352e-06   1.7555996e-06   1.0735164e-06   4.0654703e-07   9.5967061e-07   8.3857702e-07  -1.5395739e-07  -3.8141718e-07  -2.9854084e-07
   0.0000000e+00   0.0000000e+00   7.8454068e-05   5.5070388e-05   3.7701750e-05   2.6032019e-05   2.3004121e-05   1.8934888e-05   1.2213952e-05   8.5541142e-06   5.7295842e-06   4.7501289e-06   3.2055530e-06   2.9189732e-06   1.9119518e-06   1.8977280e-06   1.3526011e-06   7.4079816e-07   7.1794540e-07   5.9760805e-07   7.3883328e-08  -4.4645199e-07  -2.4639226e-07
   0.0000000e+00   0.0000000e+00   7.8667683e-05   5.4822915e-05   3.7859314e-05   2.5968993e-05   2.3386512e-05   1.8870103e-05   1.2420222e-05   8.3577488e-06   5.9386193e-06   4.3500554e-06   3.5636542e-06   2.9095766e-06   2.2418312e-06   1.9242273e-06   1.6348080e-06   6.7711619e-07   7.8441934e-07   6.6881228e-07   2.4010421e-07  -1.1657959e-07  -2.0541276e-07
   0.0000000e+00   0.0000000e+00   7.8426550e-05   5.5384957e-05   3.7242386e-05   2.6414984e-05   2.3415954e-05   1.8823803e-05   1.2563287e-05   8.3700043e-06   5.8995133e-06   4.8162401e-06   3.2258010e-06   2.7614794e-06   1.9342936e-06   1.9165977e-06   1.6101575e-06   1.1571926e-06   4.9490876e-07   3.6328251e-07   3.5730372e-07   2.5512753e-07   1.5452090e-07
   0.0000000e+00   0.0000000e+00   7.8306839e-05   5.4903918e-05   3.8161081e-05   2.5701213e-05   2.3607459e-05   1.9106226e-05   1.2518611e-05   7.9506617e-06   6.1819815e-06   4.4776475e-06   3.2836895e-06   2.8640366e-06   1.9934582e-06   1.5286045e-06   1.2864135e-06   1.0176739e-06   2.5070995e-07   1.0369881e-07   2.8579095e-07   3.5658525e-07  -1.0499075e-07
   0.0000000e+00   0.0000000e+00   7.8487959e-05   5.4888907e-05   3.7503451e-05   2.6049000e-05   2.3414601e-05   1.8706716e-05   1.2656840e-05   8.2759507e-06   5.9230197e-06   4.5383986e-06   3.3518984e-06   2.9278262e-06   1.7616055e-06   1.7118258e-06   1.1654932e-06   9.8767885e-07   2.6212254e-07   4.0868474e-07   2.8612902e-07   8.4537014e-08   2.8929861e-07
   0.0000000e+00   0.0000000e+00   7.8721634e-05   5.5003424e-05   3.7650680e-05   2.5824422e-05   2.3474777e-05   1.8414443e-05   1.2691923e-05   8.4943886e-06   5.7376315e-06   4.1785770e-06   3.7709694e-06   2.5228469e-06   2.1859560e-06   1.6935895e-06   8.1997672e-07   7.1761974e-07   9.0714627e-07   2.9342092e-07   3.9681387e-07   8.9276124e-09  -3.0629391e-07
   0.0000000e+00   0.0000000e+00   7.8232646e-05   5.5051973e-05   3.7447677e-05   2.6137455e-05   2.3266775e-05   1.8942708e-05   1.2304439e-05   8.7338849e-06   5.4813740e-06   4.5454908e-06   3.2648932e-06   2.7892536e-06   1.9100560e-06   1.9108998e-06   1.0688327e-06   9.5454391e-07   7.5917745e-07   2.9962254e-07  -1.0085768e-07  -1.5733545e-07  -9.3258855e-08
   0.0000000e+00   0.0000000e+00   7.8515724e-05   5.5253415e-05   3.7595291e-05   2.5507747e-05   2.3492314e-05   1.8834175e-05   1.2559602e-05   8.2891138e-06   6.3886100e-06   4.1498661e-06   3.2115299e-06   2.3976233e-06   2.1439846e-06   1.7812915e-06   1.0258431e-06   7.9226072e-07   9.8057581e-07   5.0426610e-07   5.0054290e-08   5.0319027e-08  -2.3095747e-07
   0.0000000e+00   0.0000000e+00   7.8405013e-05   5.5009008e-05   3.8034694e-05   2.5966237e-05   2.2912713e-05   1.9161052e-05   1.2544459e-05   8.2145980e-06   6.2415438e-06   4.3718073e-06   3.4722707e-06   2.8558129e-06   1.6429871e-06   1.3561366e-06   1.0700866e-06   1.2817603e-06   7.3618031e-07   4.0620009e-07   2.4145402e-07  -2.4251267e-07   2.2242222e-08
   0.0000000e+00   0.0000000e+00   7.8510122e-05   5.5180120e-05   3.7979211e-05   2.5730531e-05   2.3536440e-05   1.8593462e-05   1.2963844e-05   8.2952865e-06   6.2131335e-06   4.2019083e-06   3.7451209e-06   3.1750506e-06   2.1246267e-06   1.4339612e-06   9.9160934e-07   7.4053713e-07   6.7277011e-07   3.9878759e-07   6.3825888e-07   5.4261886e-07   1.7809701e-07
   0.0000000e+00   0.0000000e+00   7.8051766e-05   5.5110948e-05   3.7756967e-05   2.6224037e-05   2.2782560e-05   1.9355009e-05   1.2538771e-05   8.2993174e-06   5.8876926e-06   4.6182681e-06   3.3985380e-06   3.1569407e-06   2.5843551e-06   1.6581929e-06   1.2256105e-06   8.1021659e-07   1.6446769e-07   2.5560837e-07   4.1953604e-07   5.4732817e-07   4.3645051e-07
   0.0000000e+00   0.0000000e+00   7.8550285e-05   5.4810447e-05   3.7872895e-05   2.5677509e-05   2.3196715e-05   1.9156092e-05   1.2667387e-05   8.2519427e-06   5.7744737e-06   4.4208400e-06   3.5897178e-06   2.9200366e-06   2.4363374e-06   1.7922115e-06   1.0483330e-06   7.4687421e-07   5.4009729e-07   4.5127618e-07   3.1168355e-07   6.1985924e-07   1.6381665e-07
   0.0000000e+00   0.0000000e+00   7.8264369e-05   5.4921038e-05   3.7556809e-05   2.5929863e-05   2.3052040e-05   1.8672547e-05   1.2739238e-05   8.0983045e-06   5.5950059e-06   4.7228541e-06   3.4009304e-06   3.0664512e-06   2.3038046e-06   1.7083818e-06   9.6764927e-07   6.2766600e-07   4.7053024e-07   7.3195235e-07   1.0069264e-06   5.2061614e-07   4.3818073e-07
   0.0000000e+00   0.0000000e+00   7.8341618e-05   5.4913184e-05   3.7808823e-05   2.5448468e-05   2.3243276e-05   1.8900344e-05   1.2611117e-05   7.6177835e-06   5.8057872e-06   4.2924994e-06   3.8826838e-06   2.6230757e-06   2.4728868e-06   1.4213928e-06   1.0293493e-06   9.5105167e-07   4.1749934e-07   6.9453699e-07   7.0381770e-07   5.1853073e-07   6.7669185e-07
   0.0000000e+00   0.0000000e+00   7.8350087e-05   5.5317614e-05   3.7458427e-05   2.6048565e-05   2.2745486e-05   1.8894681e-05   1.2500467e-05   8.0589507e-06   5.4607272e-06   4.6430368e-06   3.2363714e-06   2.9790024e-06   2.2715810e-06   1.7440850e-06   1.3754409e-06   6.9158506e-07   3.9082144e-07   3.7785608e-07   5.1473410e-07   5.5670580e-07   3.1917619e-07
   0.0000000e+00   0.0000000e+00   7.8559555e-05   5.4993201e-05   3.7990158e-05   2.5952617e-05   2.3236615e-05   1.8784080e-05   1.2401958e-05   7.8404528e-06   5.5356300e-06   4.2001352e-06   3.1493705e-06   2.8040497e-06   2.2777701e-06   1.7345092e-06   1.3874821e-06   1.1440394e-06   1.9316650e-07   2.4847189e-08   4.0784124e-07   4.4761967e-07  -1.8844385e-07
   0.0000000e+00   0.0000000e+00   7.8291414e-05   5.5290780e-05   3.7479600e-05   2.6253641e-05   2.3273778e-05   1.9023102e-05   1.2551496e-05   7.9008523e-06   5.4210564e-06   4.0307291e-06   3.1671323e-06   2.5895542e-06   2.2606275e-06   1.2254179e-06   1.2665978e-06   1.1537909e-06   5.4487509e-07   1.4543636e-07   1.9073502e-07   2.0671465e-07   1.5298238e-07
   0.0000000e+00   0.0000000e+00   7.8245888e-05   5.5157579e-05   3.7553436e-05   2.6066315e-05   2.3225815e-05   1.8808516e-05   1.2952502e-05   7.9651954e-06   5.7363523e-06   3.6609929e-06   3.1318666e-06   2.6246780e-06   2.0139219e-06   1.5984270e-06   9.7395821e-07   8.0392624e-07   1.0410408e-06   3.4458225e-07   4.3225540e-08   4.3204658e-08   1.6635275e-07
   0.0000000e+00   0.0000000e+00   7.7970217e-05   5.5211916e-05   3.7475962e-05   2.6017196e-05   2.2891172e-05   1.9227262e-05   1.2396027e-05   8.3120376e-06   5.9113313e-06   4.0117502e-06   3.6030608e-06   2.5754298e-06   1.6971845e-06   1.1500258e-06   1.3104578e-06   7.8765459e-07   6.9524458e-07   8.2425845e-07   4.8895839e-07   6.2020732e-08  -5.4287696e-08
   0.0000000e+00   0.0000000e+00   7.8390520e-05   5.4726246e-05   3.7707836e-05   2.5819932e-05   2.2788026e-05   1.9269944e-05   1.2678895e-05   8.0252066e-06   5.6694207e-06   4.2338984e-06   3.5657024e-06   2.8954610e-06   2.0282141e-06   1.2302619e-06   8.3739729e-07   9.1740020e-07   6.5861991e-07   1.6603606e-07   7.6544455e-07   6.3561782e-07   7.2830546e-09
   0.0000000e+00   0.0000000e+00   7.8307959e-05   5.5009419e-05   3.7454472e-05   2.5945603e-05   2.3064011e-05   1.9254159e-05   1.2197896e-05   8.4172234e-06   5.5109067e-06   4.0997420e-06   3.4358268e-06   2.9274588e-06   2.0998702e-06   1.5275945e-06   5.5559758e-07   6.8192111e-07   5.0010232e-07   2.4611930e-07   6.7702962e-07   8.0419488e-07   1.5512246e-07
   0.0000000e+00   0.0000000e+00   7.8471901e-05   5.5055891e-05   3.7626294e-05   2.5893458e-05   2.3086201e-05   1.8910572e-05   1.2881790e-05   8.3641089e-06   5.9921231e-06   4.0700370e-06   3.0346321e-06   2.7127342e-06   2.2963848e-06   1.2952306e-06   9.5442931e-07   4.9679147e-07   3.3043517e-07   6.1306247e-07   3.7125290e-07   2.0355874e-07   5.5740520e-07
   0.0000000e+00   0.0000000e+00   7.8244193e-05   5.5176650e-05   3.7651931e-05   2.5904665e-05   2.2943204e-05   1.9186615e-05   1.2616296e-05   8.1979279e-06   6.2164313e-06   4.6087139e-06   3.1866430e-06   2.6417624e-06   1.9897577e-06   1.6000348e-06   7.3661744e-07   7.8096684e-07   5.1740966e-07   1.0124256e-07   1.7558170e-07   3.6518148e-07   6.6038183e-08
   0.0000000e+00   0.0000000e+00   7.8583726e-05   5.4945544e-05   3.7525635e-05   2.5994859e-05   2.3015969e-05   1.8903078e-05   1.2962462e-05   8.4119511e-06   5.8659057e-06   4.5127258e-06   3.5687813e-06   2.5507850e-06   2.0450643e-06   1.5225432e-06   9.1717351e-07   5.9580674e-07   5.1653109e-07   6.3817930e-07   4.3135566e-07   1.3453891e-07   1.9360151e-07
   0.0000000e+00   0.0000000e+00   7.8433870e-05   5.5248500e-05   3.7367678e-05   2.5883854e-05   2.2922224e-05   1.9146035e-05   1.2668134e-05   8.5813135e-06   5.9677400e-06   4.4007402e-06   3.6499521e-06   2.7526762e-06   1.7571881e-06   1.4886507e-06   7.4274988e-07   4.5126399e-07   6.8002026e-07   3.5714726e-07   1.3809715e-07  -2.5617655e-07  -2.0165107e-08
   0.0000000e+00   0.0000000e+00   7.8568664e-05   5.4871747e-05   3.7539769e-05   2.5611669e-05   2.2892382e-05   1.8886445e-05   1.2939926e-05   8.7099716e-06   5.7922402e-06   4.2124052e-06   3.7698733e-06   2.8397385e-06   2.1988544e-06   1.2537398e-06   9.5113023e-07   4.8017466e-07   1.5316307e-07   2.3801370e-07   1.6170229e-07  -2.9351119e-07  -2.4032377e-07
