   0.0000000e+00   0.0000000e+00   1.2262732e-04   6.4879539e-05   3.9809860e-05   2.6711263e-05   2.3180044e-05   1.8919525e-05   1.3367871e-05   8.9198074e-06   6.1433307e-06   4.6521077e-06   3.2058388e-06   2.5697022e-06   2.1824908e-06   2.1618921e-06   1.2064347e-06   8.9507893e-07   1.1839541e-07   2.6183085e-07  -7.7847039e-07  -1.4040027e-07   5.1785925e-08
   0.0000000e+00   0.0000000e+00   1.2260213e-04   6.4537613e-05   4.0206163e-05   2.6641670e-05   2.3340219e-05   1.8649936e-05   1.3243398e-05   8.7530761e-06   6.2826866e-06   4.5370261e-06   3.3283609e-06   2.8325337e-06   2.1928570e-06   1.4926857e-06   1.5311657e-06   5.7987404e-07   5.5641760e-07   2.3958012e-07  -2.3607083e-07   3.2270796e-07   1.1298958e-08
   0.0000000e+00   0.0000000e+00   1.2259776e-04   6.4752254e-05   4.0224899e-05   2.6575366e-05   2.3350825e-05   1.8666244e-05   1.2833031e-05   8.8399520e-06   6.2027962e-06   4.5259139e-06   3.7848749e-06   2.5881798e-06   2.1190053e-06   1.5036815e-06   3.7949209e-07   6.8528186e-07   6.3833744e-07   8.9275483e-07  -6.5733097e-08   2.1921551e-07  -3.3129635e-07
   0.0000000e+00   0.0000000e+00   1.2278034e-04   6.4501743e-05   4.0690251e-05   2.6539294e-05   2.3218987e-05   1.9157129e-05   1.2651357e-05   8.4757239e-06   6.0290540e-06   4.7966787e-06   3.8089877e-06   2.7325698e-06   2.3113930e-06   1.6207832e-06   7.5806935e-07   9.7852956e-07   8.1348088e-07   4.2529130e-08   3.6888468e-07  -3.3845447e-07   3.2925946e-08
   0.0000000e+00   0.0000000e+00   1.2251826e-04   6.4687862e-05   4.0312159e-05   2.6899785e-05   2.3111706e-05   1.9384861e-05   1.2894759e-05   7.9389283e-06   6.2070721e-06   4.9835221e-06   3.7212706e-06   2.5871670e-06   2.1122369e-06   2.1105652e-06   5.4602793e-07   7.2504099e-07   4.6845665e-07   1.0340317e-06   4.6716005e-07   1.1523063e-07  -6.8138661e-07
   0.0000000e+00   0.0000000e+00   1.2239109e-04   6.4926877e-05   4.0094612e-05   2.7110756e-05   2.3322269e-05   1.9209736e-05   1.3098765e-05   7.9771607e-06   6.0484940e-06   4.8905508e-06   4.2347715e-06   2.3415828e-06   1.9789645e-06   2.2105137e-06   1.0775767e-06   4.2309421e-07   4.0576549e-07   8.4227213e-07   6.0744770e-07  -8.9458077e-08   9.1523582e-08
   0.0000000e+00   0.0000000e+00   1.2230730e-04   6.5173306e-05   4.0026720e-05   2.7005768e-05   2.3959023e-05   1.9245614e-05   1.2952942e-05   8.3543628e-06   5.6266481e-06   4.8033748e-06   3.9842930e-06   2.7418330e-06   2.4913591e-06   1.7170028e-06   4.9687645e-07   7.7781846e-07   8.4316667e-07   6.4548112e-07   3.8319843e-07   5.8520277e-07   1.1079847e-07
   0.0000000e+00   0.0000000e+00   1.2257420e-04   6.4847809e-05   4.0089439e-05   2.6841748e-05   2.3477429e-05   1.9564208e-05   1.2785385e-05   8.4074290e-06   5.7084990e-06   4.3502168e-06   4.0578911e-06   3.0450210e-06   2.4389924e-06   1.5952821e-06   1.1532451e-06   4.6420061e-07   6.7709988e-07   1.0868770e-06   1.7455807e-07  -3.8639513e-08  -4.9429855e-07
   0.0000000e+00   0.0000000e+00   1.2250588e-04   6.4853433e-05   3.9999199e-05   2.7117740e-05   2.3399263e-05   1.9665531e-05   1.2755157e-05   8.0593545e-06   6.2379208e-06   3.8499816e-06   3.1450279e-06   2.9529124e-06   2.3576524e-06   1.9709548e-06   1.0026665e-06   4.7029033e-07   5.6003921e-07   2.9941216e-07   6.5241568e-07  -3.1634110e-07  -2.7348827e-07
   0.0000000e+00   0.0000000e+00   1.2236008e-04   6.4839136e-05   4.0343988e-05   2.6671059e-05   2.3743380e-05   1.9672938e-05   1.2697378e-05   8.5849460e-06   6.1898813e-06   4.1521180e-06   3.2888929e-06   2.3781311e-06   2.5077463e-06   1.8055332e-06   1.0496817e-06   2.9394457e-07   6.8068908e-07   7.2231808e-07   1.1174100e-07  -1.0113091e-06  -2.8902591e-07
   0.0000000e+00   0.0000000e+00   1.2219831e-04   6.4473497e-05   4.0619409e-05   2.6451216e-05   2.3328137e-05   1.9902369e-05   1.2560946e-05   8.2891747e-06   6.2807553e-06   3.8474009e-06   2.8941797e-06   2.6547648e-06   2.2144163e-06   1.5837603e-06   1.2929894e-06   1.4566643e-06   9.0389858e-07   5.2978010e-07   6.3215651e-08  -1.5524808e-08  -1.2712100e-07
   0.0000000e+00   0.0000000e+00   1.2243829e-04   6.4433087e-05   4.0393861e-05   2.6590495e-05   2.3179931e-05   1.9839912e-05   1.2683641e-05   8.6581404e-06   6.1609690e-06   4.0125929e-06   3.4190873e-06   2.5684042e-06   1.3177017e-06   1.1986942e-06   1.1752559e-06   1.5664934e-06   1.2542322e-06   5.4979762e-07   5.5867804e-07   6.6910070e-07   2.5722753e-07
   0.0000000e+00   0.0000000e+00   1.2266783e-04   6.4592306e-05   4.0249241e-05   2.6905849e-05   2.2795224e-05   1.9172532e-05   1.3100172e-05   8.5882193e-06   6.3137413e-06   4.3172176e-06   3.8954236e-06   2.9942694e-06   1.8303245e-06   1.1967320e-06   6.0288664e-07   1.0440810e-06   6.6852942e-07   1.1725466e-06  -8.5071505e-08   5.6423630e-07  -7.6095485e-09
   0.0000000e+00   0.0000000e+00   1.2246340e-04   6.5047738e-05   4.0152689e-05   2.7083806e-05   2.3178367e-05   1.8706976e-05   1.2987884e-05   8.2908500e-06   5.9318213e-06   4.8698594e-06   3.8553826e-06   3.0199724e-06   1.9104434e-06   1.5220485e-06   1.0502367e-06   1.0151267e-06   1.0099452e-06   2.4396945e-07   7.6513248e-07   1.7127705e-07   1.6722390e-07
   0.0000000e+00   0.0000000e+00   1.2220572e-04   6.4859451e-05   4.0314575e-05   2.6671993e-05   2.3485978e-05   1.8727080e-05   1.2686583e-05   8.1944654e-06   6.3130783e-06   4.2776792e-06   3.1635434e-06   3.2474559e-06   2.3476628e-06   1.5049972e-06   1.0970971e-06   5.3817331e-07   3.1291233e-07   5.7932192e-07   4.3513020e-07   9.6576605e-07   3.0656719e-07
   0.0000000e+00   0.0000000e+00   1.2257196e-04   6.4930478e-05   4.0407947e-05   2.6102432e-05   2.3654604e-05   1.9238874e-05   1.2352632e-05   8.3477644e-06   6.4070050e-06   4.2771062e-06   2.6384469e-06   3.0941387e-06   2.7961414e-06   1.8642728e-06   9.1168965e-07   3.0425073e-07   7.9961046e-07   5.6199980e-07   5.7471181e-07  -6.2991757e-07   3.8176310e-07
   0.0000000e+00   0.0000000e+00   1.2216164e-04   6.5234766e-05   4.0443385e-05   2.6457887e-05   2.3326476e-05   1.8895198e-05   1.1822738e-05   8.9480254e-06   6.6008097e-06   4.7874778e-06   2.8374382e-06   2.8809573e-06   2.5368320e-06   1.4315801e-06   1.1560783e-06   1.5976574e-06   1.1446793e-06   3.9327475e-07   9.7626787e-09  -1.9397726e-08   8.4594177e-07
   0.0000000e+00   0.0000000e+00   1.2212174e-04   6.5207445e-05   4.0504536e-05   2.6357073e-05   2.3545545e-05   1.9016312e-05   1.1643560e-05   8.5753636e-06   6.2922127e-06   4.3267119e-06   3.4829111e-06   3.0697679e-06   2.5528791e-06   9.3440423e-07   1.1534848e-06   1.4682776e-06   1.6216406e-06   3.9949069e-07   3.8823984e-09  -2.3899969e-07   7.1816419e-07
   0.0000000e+00   0.0000000e+00   1.2237318e-04   6.5269109e-05   4.0404055e-05   2.6220767e-05   2.3905057e-05   1.8747396e-05   1.2132177e-05   8.0887357e-06   6.3047369e-06   4.2991951e-06   3.3181432e-06   2.9266494e-06   2.5648812e-06   1.1500574e-06   1.0901863e-06   1.4179260e-06   9.0592494e-07   1.3064955e-06   1.7840797e-08   1.4317635e-07   4.5935258e-07
   0.0000000e+00   0.0000000e+00   1.2303615e-04   6.4858323e-05   4.0731775e-05   2.6257680e-05   2.3553343e-05   1.8397408e-05   1.3006732e-05   7.9007905e-06   5.9840690e-06   4.3073842e-06   3.0808535e-06   3.4059201e-06   1.8986153e-06   1.1077778e-06   1.2427921e-06   1.4757173e-06   1.0981121e-06   8.6977326e-07   9.0048070e-07  -1.2351059e-07  -9.6563948e-09
   0.0000000e+00   0.0000000e+00   1.2260774e-04   6.5357250e-05   4.0410076e-05   2.6714584e-05   2.3692832e-05   1.8425424e-05   1.2588203e-05   7.7502064e-06   5.8560940e-06   4.1238491e-06   3.7364161e-06   2.9859864e-06   2.2297204e-06   6.0936333e-07   5.9992675e-07   8.3065487e-07   1.0436976e-06   1.0867375e-06   1.3240331e-06   4.7293318e-07   5.6979894e-07
   0.0000000e+00   0.0000000e+00   1.2223395e-04   6.5061504e-05   4.0424828e-05   2.6950836e-05   2.3837607e-05   1.8940595e-05   1.2665260e-05   7.7226823e-06   6.0359966e-06   4.6368673e-06   3.4302873e-06   2.5463401e-06   2.6919631e-06   1.3105996e-06   1.1478623e-06   3.6808794e-07   2.3621196e-07   7.9460614e-07   1.0743553e-06   7.7402859e-07   1.9075621e-07
   0.0000000e+00   0.0000000e+00   1.2254226e-04   6.4672960e-05   4.0275423e-05   2.7050224e-05   2.3757662e-05   1.8724346e-05   1.2711708e-05   8.2171018e-06   6.1919682e-06   4.2755823e-06   3.7419400e-06   2.6788307e-06   2.2007350e-06   1.4842515e-06   1.2671022e-06   1.0305745e-06   6.1368928e-07   6.9374096e-07   9.5334394e-07   3.6872342e-07   6.5723349e-08
   0.0000000e+00   0.0000000e+00   1.2238827e-04   6.4664047e-05   4.0273128e-05   2.6738486e-05   2.3946553e-05   1.9027109e-05   1.2528341e-05   8.1073986e-06   5.9928152e-06   3.9788865e-06   3.8791186e-06   3.1576471e-06   1.8659908e-06   1.2017612e-06   1.0058699e-06   1.0649911e-06   1.1233112e-06   9.0893440e-07   8.2756787e-07  -2.3244381e-08  -3.3383574e-07
   0.0000000e+00   0.0000000e+00   1.2212820e-04   6.4873740e-05   4.0130326e-05   2.6926729e-05   2.3361388e-05   1.8817425e-05   1.3120186e-05   8.5022748e-06   6.0651150e-06   3.6914128e-06   3.4344193e-06   3.2632390e-06   2.2159709e-06   1.1765443e-06   9.5668418e-07   1.1788289e-06   8.3420372e-07   9.0925948e-07   2.5366319e-07   4.0785903e-08   2.7998173e-08
   0.0000000e+00   0.0000000e+00   1.2237906e-04   6.5161126e-05   4.0152150e-05   2.6633710e-05   2.3436591e-05   1.8653620e-05   1.3048311e-05   8.3742580e-06   6.4603396e-06   4.6926043e-06   3.3696308e-06   3.1608145e-06   2.3844345e-06   1.4564596e-06   6.6125125e-07   8.0282734e-07   8.0336679e-07   1.2113170e-06  -6.2298525e-08   5.0320659e-07   2.2845241e-07
   0.0000000e+00   0.0000000e+00   1.2243247e-04   6.4956876e-05   4.0399584e-05   2.6715941e-05   2.3231381e-05   1.8892752e-05   1.2971744e-05   8.2097149e-06   6.1600235e-06   4.7052404e-06   3.5340865e-06   3.5723813e-06   2.6286643e-06   1.6220321e-06   1.4863999e-06   1.2763167e-06   6.5413263e-07   4.3902403e-07  -3.2392535e-07   1.2516634e-07  -4.0249788e-07
   0.0000000e+00   0.0000000e+00   1.2243551e-04   6.5075757e-05   4.0445320e-05   2.6400781e-05   2.3617682e-05   1.9160134e-05   1.2751845e-05   8.2229762e-06   5.8262303e-06   4.4236772e-06   3.4580582e-06   2.9663961e-06   2.6156576e-06   1.7483121e-06   1.9470995e-06   1.1646684e-06   8.6352037e-07   7.6394696e-07  -9.2873528e-08   4.1522961e-07  -4.4894165e-07
   0.0000000e+00   0.0000000e+00   1.2221995e-04   6.5267835e-05   4.0314499e-05   2.6494470e-05   2.3334398e-05   1.9215475e-05   1.2989596e-05   8.1200214e-06   5.8509095e-06   3.8765820e-06   3.4944287e-06   3.4682150e-06   1.8181662e-06   1.4397135e-06   1.0856526e-06   1.3430960e-06   1.6991946e-06   5.4536417e-07   5.2683669e-07  -3.8355557e-07   6.1591300e-07
   0.0000000e+00   0.0000000e+00   1.2239949e-04   6.5142725e-05   4.0600844e-05   2.6434678e-05   2.3561466e-05   1.8675762e-05   1.2837727e-05   8.8547567e-06   5.9682106e-06   3.8206672e-06   3.1285767e-06   3.0688791e-06   2.7797837e-06   1.9337824e-06   4.1723416e-07   8.5632058e-07   1.2784485e-06   4.9881726e-07   1.0146459e-06   5.5679641e-07   4.0723887e-07
   0.0000000e+00   0.0000000e+00   1.2249159e-04   6.4613465e-05   4.0605635e-05   2.6947258e-05   2.3558869e-05   1.8443518e-05   1.2464829e-05   8.7385633e-06   6.1858332e-06   4.2320926e-06   3.0971771e-06   2.7207684e-06   2.6845544e-06   2.0764810e-06   1.2280403e-06   4.2410639e-07   4.8119597e-07   4.5086426e-07   5.3658027e-07   5.9288482e-07   1.0332060e-06
   0.0000000e+00   0.0000000e+00   1.2210633e-04   6.4966582e-05   4.0393803e-05   2.7055183e-05   2.3815275e-05   1.8362571e-05   1.2418997e-05   8.3733121e-06   5.8700311e-06   3.8890175e-06   3.1555958e-06   3.0173562e-06   2.3482596e-06   2.0775844e-06   8.0310531e-07   3.5592413e-07   8.0605736e-07   3.1451415e-07   6.2782198e-07   2.4418412e-07  -3.9431754e-07
   0.0000000e+00   0.0000000e+00   1.2217188e-04   6.5044362e-05   4.0295898e-05   2.6961201e-05   2.3704008e-05   1.8590874e-05   1.2879220e-05   7.9726597e-06   6.1277078e-06   4.3800751e-06   2.8184547e-06   3.5125288e-06   1.8475527e-06   1.6429641e-06   8.5576721e-07   8.5542899e-07   2.9563148e-07   6.0830678e-07   1.0039267e-07   6.3935283e-07   5.9816523e-07
   0.0000000e+00   0.0000000e+00   1.2221502e-04   6.5138112e-05   4.0426326e-05   2.7027296e-05   2.3329369e-05   1.8887917e-05   1.2715487e-05   8.2295974e-06   6.1737705e-06   4.6568684e-06   3.1992927e-06   3.5783826e-06   2.1159749e-06   1.3243199e-06   1.3208845e-06   7.4075905e-07   1.1926081e-06   3.4826641e-07   7.1269419e-08   6.7876914e-07   1.9291922e-07
   0.0000000e+00   0.0000000e+00   1.2239622e-04   6.5004264e-05   4.0558407e-05   2.7043528e-05   2.3270281e-05   1.8880672e-05   1.2472016e-05   8.2007909e-06   6.6063703e-06   4.8482943e-06   2.9548366e-06   3.2875103e-06   2.4499918e-06   2.1511337e-06   1.2407720e-06   6.4156012e-07   1.3098444e-06   7.0999420e-07  -2.3252373e-07   9.7056522e-07  -9.5424724e-08
   0.0000000e+00   0.0000000e+00   1.2238782e-04   6.5223714e-05   4.0347226e-05   2.6724443e-05   2.3339262e-05   1.9213881e-05   1.2309491e-05   8.2576335e-06   6.2548725e-06   4.7855988e-06   3.3653112e-06   3.0453155e-06   2.5305601e-06   1.9883428e-06   1.1508308e-06   6.6887026e-07   7.0054546e-07   1.1906033e-06   4.4289797e-07   7.1141437e-07   6.1191213e-07
   0.0000000e+00   0.0000000e+00   1.2227106e-04   6.5298111e-05   4.0278559e-05   2.6807873e-05   2.3608987e-05   1.8820638e-05   1.2684000e-05   8.0707023e-06   6.1768856e-06   4.6625323e-06   2.9018540e-06   3.3824190e-06   2.8001032e-06   1.9927977e-06   1.0729215e-06   1.3415801e-06   6.7813716e-07   2.1508023e-07  -7.9663856e-08   5.3679884e-07  -2.6001485e-08
   0.0000000e+00   0.0000000e+00   1.2254198e-04   6.5129476e-05   4.0491770e-05   2.6773432e-05   2.3140003e-05   1.9443956e-05   1.2917267e-05   7.8959492e-06   6.3046696e-06   4.6247715e-06   2.4521983e-06   2.7384276e-06   2.8065326e-06   1.7964367e-06   1.5561549e-06   1.3991103e-06   7.6825785e-07   7.3286976e-08   8.2952653e-07   2.4395635e-07  -5.9146498e-07
   0.0000000e+00   0.0000000e+00   1.2284284e-04   6.5221153e-05   4.0325463e-05   2.6631427e-05   2.3425675e-05   1.9354618e-05   1.2788464e-05   7.9096371e-06   6.1078772e-06   5.2382443e-06   2.8095253e-06   2.6066125e-06   2.7235724e-06   1.9417455e-06   1.4458550e-06   1.0687335e-06   8.0331330e-07   5.2357103e-07   1.8442236e-07   5.9132782e-07  -6.4265214e-07
   0.0000000e+00   0.0000000e+00   1.2249654e-04   6.5633008e-05   4.0035575e-05   2.6595761e-05   2.3566028e-05   1.9084477e-05   1.3141256e-05   7.9760230e-06   5.9772597e-06   5.0301719e-06   3.4097548e-06   2.6031573e-06   2.6189698e-06   1.5764123e-06   1.6659953e-06   1.6473142e-06   6.9257914e-07   1.1983226e-06   5.3063195e-07   6.2925454e-07   2.0907585e-07
   0.0000000e+00   0.0000000e+00   1.2267404e-04   6.5656954e-05   4.0106257e-05   2.6324451e-05   2.3384111e-05   1.9284646e-05   1.2965646e-05   8.3558007e-06   5.7103657e-06   4.8360107e-06   3.3926792e-06   2.9976654e-06   2.3898924e-06   1.4677116e-06   1.6421196e-06   1.1909840e-06   7.9866777e-07   7.1588994e-07   7.9843716e-07   9.1424363e-07   8.5951029e-07
   0.0000000e+00   0.0000000e+00   1.2261502e-04   6.5627974e-05   4.0210252e-05   2.6675045e-05   2.2748605e-05   1.9378114e-05   1.3075435e-05   8.4260746e-06   6.1887745e-06   4.4551043e-06   3.1417949e-06   3.3439073e-06   2.4840872e-06   1.3595926e-06   1.7020160e-06   7.4610233e-07   3.1230567e-07   5.3704213e-07   4.7343178e-07   2.8051556e-07   7.0812018e-07
   0.0000000e+00   0.0000000e+00   1.2200006e-04   6.5594046e-05   4.0632942e-05   2.6276663e-05   2.3184366e-05   1.9217008e-05   1.2952635e-05   8.2623319e-06   6.4458513e-06   4.1858298e-06   3.2367402e-06   3.2931678e-06   2.8085960e-06   1.2971776e-06   1.8903487e-06   4.8255430e-07   5.2704047e-07   5.9750511e-07   6.4172104e-07  -5.5693272e-07   4.2782983e-07
   0.0000000e+00   0.0000000e+00   1.2188878e-04   6.5171269e-05   4.0347179e-05   2.6812730e-05   2.3447585e-05   1.8701348e-05   1.2546567e-05   8.6924474e-06   6.6090151e-06   4.1231183e-06   3.8493677e-06   2.8068532e-06   2.5977151e-06   1.1557536e-06   1.3813034e-06   1.3925483e-06   5.2271463e-07   9.8179589e-07   9.0383577e-07  -4.1047126e-09  -4.3131612e-07
   0.0000000e+00   0.0000000e+00   1.2194827e-04   6.4946500e-05   3.9999562e-05   2.6842039e-05   2.3524834e-05   1.8627334e-05   1.2621036e-05   8.0312748e-06   6.4687401e-06   4.5561628e-06   4.3317204e-06   3.1584477e-06   2.4258809e-06   1.5016420e-06   8.8918682e-07   1.5546550e-06   3.4457253e-07   5.0751567e-07   1.7289849e-06   3.5663496e-07  -6.1353398e-07
   0.0000000e+00   0.0000000e+00   1.2207762e-04   6.4455809e-05   4.0459134e-05   2.6264886e-05   2.3537817e-05   1.8878374e-05   1.2443394e-05   8.1180178e-06   6.1291644e-06   4.4081130e-06   3.9429474e-06   3.1797617e-06   2.1329067e-06   1.5958325e-06   1.5396512e-06   1.3379912e-06   5.7034674e-07   1.7632919e-07   3.8317350e-07   4.7523781e-07  -2.3764477e-07
   0.0000000e+00   0.0000000e+00   1.2225643e-04   6.4359483e-05   4.0441617e-05   2.6340609e-05   2.3445953e-05   1.8660152e-05   1.2630469e-05   8.4258045e-06   6.1150663e-06   3.6175936e-06   3.4621910e-06   3.1377344e-06   2.1327396e-06   1.3141138e-06   1.4291538e-06   1.2640585e-06   5.4286136e-07   3.2742435e-07   6.9676679e-07   7.6602231e-07  -7.2033663e-07
   0.0000000e+00   0.0000000e+00   1.2233501e-04   6.4532927e-05   4.0590858e-05   2.6369506e-05   2.3138567e-05   1.8725079e-05   1.2891520e-05   8.7375611e-06   5.4543543e-06   3.3915653e-06   3.3496924e-06   3.0645151e-06   2.1870283e-06   1.6145470e-06   6.1016539e-07   9.7911129e-07   1.4120436e-06   2.4815412e-07   7.4329068e-07   9.1848409e-07   4.0292061e-08
   0.0000000e+00   0.0000000e+00   1.2253576e-04   6.4553722e-05   4.0778923e-05   2.6597605e-05   2.3139031e-05   1.8896808e-05   1.3032830e-05   8.4150906e-06   5.8984519e-06   3.5969379e-06   2.9255025e-06   2.6998839e-06   1.8362745e-06   1.3385143e-06   5.0589790e-07   1.1029840e-06   8.0877760e-07   6.8763791e-07   3.0695830e-07   5.6171126e-07   3.8708191e-07
   0.0000000e+00   0.0000000e+00   1.2269639e-04   6.4667598e-05   4.0437590e-05   2.6787933e-05   2.3489194e-05   1.8842733e-05   1.3657864e-05   8.0278469e-06   5.8942455e-06   4.5623538e-06   2.7473632e-06   2.2862785e-06   2.0245641e-06   1.5206826e-06   4.9079517e-07   1.0611830e-06   6.8480000e-07   5.5996321e-07   4.6957609e-07  -3.0056083e-07   4.4444150e-07
   0.0000000e+00   0.0000000e+00   1.2271544e-04   6.4723310e-05   4.0484592e-05   2.6401945e-05   2.3913384e-05   1.8745493e-05   1.3217651e-05   8.9422192e-06   5.8970636e-06   4.3629852e-06   3.2826792e-06   2.6019397e-06   1.9120475e-06   1.3321211e-06   1.4093350e-06   2.0352438e-07   6.7980568e-07   5.6558895e-07   6.7487161e-07   6.6070646e-07   5.6288570e-07
   0.0000000e+00   0.0000000e+00   1.2262308e-04   6.5039094e-05   4.0526174e-05   2.6365486e-05   2.3528142e-05   1.9317225e-05   1.3188575e-05   8.3762334e-06   6.1724859e-06   4.7749118e-06   3.7100249e-06   2.1362905e-06   1.9839008e-06   1.6687891e-06   1.5732015e-06   8.1475372e-07   8.4426267e-07   2.0256837e-07   4.8673814e-07  -2.1567602e-07  -1.2160127e-07
   0.0000000e+00   0.0000000e+00   1.2217963e-04   6.5146793e-05   4.0332685e-05   2.6642578e-05   2.3310575e-05   1.9415031e-05   1.2960349e-05   8.1687285e-06   5.9956419e-06   4.6392079e-06   3.5790622e-06   2.6873058e-06   2.1494511e-06   1.8047893e-06   1.2728115e-06   9.1946305e-07   6.8209130e-07   1.1516131e-06   1.8814468e-07  -3.0911689e-08   6.8808781e-08
   0.0000000e+00   0.0000000e+00   1.2265099e-04   6.5066713e-05   4.0098654e-05   2.6766411e-05   2.3187766e-05   1.9788740e-05   1.2743970e-05   8.4904332e-06   5.8779442e-06   4.7190715e-06   3.3956869e-06   2.6400892e-06   2.5825052e-06   1.5957228e-06   8.8996478e-07   1.1533149e-06   8.5712520e-07   1.4432303e-06   7.9272888e-07   7.3900774e-09   6.9095819e-07
   0.0000000e+00   0.0000000e+00   1.2243159e-04   6.5466847e-05   4.0084724e-05   2.6665901e-05   2.3530916e-05   1.9301302e-05   1.2618154e-05   8.4477224e-06   5.8295450e-06   5.1034099e-06   3.5771484e-06   2.5840068e-06   2.9616110e-06   1.6383703e-06   4.1957830e-07   3.5855177e-07   5.7709877e-07   9.8892156e-07   8.6946085e-07   1.3355930e-06   4.4003005e-07
   0.0000000e+00   0.0000000e+00   1.2227740e-04   6.5398985e-05   4.0305575e-05   2.6509771e-05   2.3667186e-05   1.9260326e-05   1.2013040e-05   8.1451153e-06   6.1370961e-06   4.2834822e-06   3.6996553e-06   2.9182559e-06   3.0709600e-06   1.8776824e-06   9.4413150e-07   2.2803971e-07   3.6125286e-07  -1.0966430e-08   2.0675185e-07   1.2291620e-06   8.0714864e-07
   0.0000000e+00   0.0000000e+00   1.2270577e-04   6.4968910e-05   4.0388040e-05   2.6974212e-05   2.3449824e-05   1.9128396e-05   1.2487137e-05   7.9748033e-06   5.8132127e-06   4.7777421e-06   3.2125947e-06   2.8975819e-06   2.4668636e-06   2.5757604e-06   1.5455346e-06   6.2530125e-07   2.5115145e-07   6.4144456e-07  -3.9078006e-07  -1.0419877e-08   6.5821666e-07
   0.0000000e+00   0.0000000e+00   1.2234993e-04   6.5097825e-05   4.0563686e-05   2.6965401e-05   2.3318584e-05   1.9405217e-05   1.2636665e-05   8.1825565e-06   5.8370806e-06   4.5491083e-06   3.7332884e-06   2.8089821e-06   1.8234941e-06   2.2978379e-06   1.8576537e-06   7.2994538e-07   1.2352723e-06   2.7683657e-07  -2.3510073e-07  -3.5609841e-07   6.5275952e-07
   0.0000000e+00   0.0000000e+00   1.2207234e-04   6.4875770e-05   4.0339059e-05   2.7063277e-05   2.3243165e-05   1.9310190e-05   1.3096291e-05   7.8663634e-06   5.7451834e-06   4.4824801e-06   4.5838337e-06   2.8120066e-06   1.6839493e-06   1.6531010e-06   1.7883411e-06   9.0795061e-07   6.4790703e-07   4.5187431e-07   3.4237783e-07  -3.5419711e-07   3.5261519e-07
   0.0000000e+00   0.0000000e+00   1.2204926e-04   6.4590567e-05   4.0006911e-05   2.6930391e-05   2.3404589e-05   1.9482333e-05   1.2469693e-05   8.1553580e-06   5.4430243e-06   4.4856520e-06   4.6082969e-06   3.0518752e-06   2.4797064e-06   1.9527317e-06   1.6735083e-06   6.6540099e-07   7.3153831e-07   6.6228569e-07  -1.7380053e-07   2.7869629e-07  -4.8150611e-07
   0.0000000e+00   0.0000000e+00   1.2254727e-04   6.4299194e-05   3.9753606e-05   2.6994292e-05   2.3631041e-05   1.9223224e-05   1.2775283e-05   7.6309925e-06   5.3782405e-06   4.4250514e-06   3.9872771e-06   3.5718153e-06   2.1335954e-06   2.0526149e-06   1.2359280e-06   1.2440801e-06   9.7188683e-07   9.8457735e-07   3.2794560e-08  -1.8361470e-07  -3.2698367e-07
   0.0000000e+00   0.0000000e+00   1.2285168e-04   6.4961379e-05   3.9710565e-05   2.6454472e-05   2.3848892e-05   1.9447132e-05   1.2786301e-05   8.1858161e-06   5.2397977e-06   3.8730423e-06   3.5659084e-06   3.4760408e-06   2.3759517e-06   1.2973341e-06   1.3190019e-06   1.1041170e-06   6.0781383e-07   7.4198306e-07   4.7713087e-08   7.6829252e-07  -3.6015530e-07
   0.0000000e+00   0.0000000e+00   1.2215901e-04   6.5268789e-05   3.9966493e-05   2.6723150e-05   2.3457140e-05   1.8947516e-05   1.3517709e-05   8.2707320e-06   5.1583161e-06   4.4328362e-06   3.5617188e-06   3.7395944e-06   2.4714147e-06   1.0848536e-06   4.3824542e-07   6.5884547e-07   1.2100446e-06   4.1629079e-07  -1.6664066e-07  -9.0110159e-09   1.3115644e-07
   0.0000000e+00   0.0000000e+00   1.2279816e-04   6.4906701e-05   3.9995561e-05   2.6820497e-05   2.3317039e-05   1.8815481e-05   1.2873649e-05   8.2634479e-06   5.5612131e-06   3.8915259e-06   3.9352608e-06   3.9215206e-06   2.3925359e-06   1.3091429e-06   1.1544273e-06   1.9692180e-07   5.4845344e-07   6.0511854e-07  -3.0321530e-07   3.2243094e-07   4.2325985e-07
   0.0000000e+00   0.0000000e+00   1.2275275e-04   6.5153225e-05   4.0172708e-05   2.7184227e-05   2.2763687e-05   1.9154511e-05   1.2277190e-05   7.9818356e-06   6.0396815e-06   4.3306668e-06   3.4309498e-06   3.7566169e-06   2.1382230e-06   1.5808788e-06   8.2982791e-07   4.6074902e-07   1.4642424e-06   7.7935645e-08   4.8869714e-07  -4.8224712e-07   4.3437305e-07
   0.0000000e+00   0.0000000e+00   1.2241746e-04   6.5557317e-05   4.0266728e-05   2.6966769e-05   2.3488867e-05   1.9061890e-05   1.2502103e-05   8.2751421e-06   5.5593246e-06   4.9433934e-06   3.9284537e-06   3.1150289e-06   2.7724893e-06   1.5165085e-06   1.1259351e-06   5.3576190e-07   1.1251359e-06   5.9034608e-07   7.1593013e-07   3.7841320e-07   3.9501859e-07
   0.0000000e+00   0.0000000e+00   1.2261831e-04   6.5291162e-05   4.0431787e-05   2.7007474e-05   2.3466839e-05   1.8927267e-05   1.2332197e-05   8.3617288e-06   6.0644270e-06   4.8017155e-06   3.6927911e-06   3.6021290e-06   2.3441366e-06   1.2360433e-06   5.5661707e-07   7.5793673e-07   1.0075505e-06   1.4193220e-06   2.8491488e-07   6.2029557e-07  -4.7781619e-08
   0.0000000e+00   0.0000000e+00   1.2231078e-04   6.5542961e-05   4.0664247e-05   2.7300423e-05   2.3217706e-05   1.8725232e-05   1.2389126e-05   8.4586054e-06   6.2338581e-06   4.1465710e-06   4.2468050e-06   3.2187190e-06   2.9651890e-06   1.3149652e-06   5.2746265e-07   9.2236934e-07   6.4294355e-08   5.5960385e-07   7.2757308e-07  -1.4885401e-07  -3.2125371e-07
   0.0000000e+00   0.0000000e+00   1.2225746e-04   6.5248394e-05   4.0256924e-05   2.7690152e-05   2.3418617e-05   1.8830300e-05   1.2317334e-05   8.2639899e-06   6.2037643e-06   4.5826023e-06   3.6298027e-06   2.9270104e-06   2.8321808e-06   1.7554045e-06   1.1845570e-06   1.0775352e-06   1.1681059e-06   3.3346836e-07   2.4195012e-07   2.7415325e-07   6.4609061e-08
   0.0000000e+00   0.0000000e+00   1.2207618e-04   6.4892811e-05   4.0407394e-05   2.7241626e-05   2.3238865e-05   1.9057925e-05   1.2762871e-05   7.6133251e-06   5.7522698e-06   4.4403046e-06   3.2089470e-06   2.7557685e-06   2.2466324e-06   1.4743515e-06   1.1086645e-06   6.1193037e-07   1.0109336e-06   2.2218194e-07   5.9480976e-07  -4.6326690e-07  -2.5782072e-07
   0.0000000e+00   0.0000000e+00   1.2210170e-04   6.4906701e-05   4.0283212e-05   2.6839589e-05   2.4050094e-05   1.8959759e-05   1.2855734e-05   8.1295393e-06   5.3619497e-06   4.5858783e-06   3.5807982e-06   2.5315869e-06   1.9055816e-06   2.0066964e-06   8.8766808e-07   4.1441979e-07   8.0486313e-07   8.9875203e-07   2.7035597e-07  -3.7160626e-07  -9.7791701e-07
   0.0000000e+00   0.0000000e+00   1.2278237e-04   6.4415137e-05   4.0010975e-05   2.6603522e-05   2.4145837e-05   1.9459771e-05   1.2976060e-05   7.7499235e-06   5.9259373e-06   4.5206816e-06   3.6355063e-06   2.9154794e-06   2.4225535e-06   1.7656131e-06   1.1517296e-06   8.5190311e-07   1.1967685e-06   9.2590375e-07   5.3185153e-07   1.7442713e-07  -4.8279946e-07
   0.0000000e+00   0.0000000e+00   1.2235303e-04   6.5063003e-05   3.9810428e-05   2.6058939e-05   2.4193405e-05   1.9302594e-05   1.3232654e-05   8.0611762e-06   5.5504293e-06   4.3337677e-06   3.0717074e-06   2.9678677e-06   2.4276690e-06   1.5454212e-06   1.2536977e-06   9.3698549e-07   6.5422461e-07   3.5007378e-07   4.5575644e-07   1.4258495e-06   4.5365766e-07
   0.0000000e+00   0.0000000e+00   1.2235220e-04   6.4898697e-05   4.0294472e-05   2.6212962e-05   2.3757515e-05   1.8723433e-05   1.3914107e-05   8.3679306e-06   5.5377777e-06   4.4687508e-06   2.8444949e-06   2.6774662e-06   2.2462752e-06   1.8943088e-06   1.0284716e-06   1.2225080e-06   5.7407715e-07  -2.6126230e-07  -1.8680782e-07   9.5448650e-07  -1.2451987e-07
   0.0000000e+00   0.0000000e+00   1.2249009e-04   6.4664600e-05   4.0334791e-05   2.6453939e-05   2.4040586e-05   1.8688415e-05   1.3319961e-05   9.0015028e-06   5.6272625e-06   4.6380446e-06   3.4643565e-06   2.5802644e-06   2.4156834e-06   1.3370926e-06   9.8610133e-07   1.4828825e-06   9.0692487e-07   6.3331203e-07  -3.9365912e-07   3.9447150e-07   5.4490368e-08
   0.0000000e+00   0.0000000e+00   1.2216652e-04   6.4712702e-05   3.9971852e-05   2.5983947e-05   2.3991528e-05   1.9275740e-05   1.3277141e-05   8.1966136e-06   5.9880249e-06   4.8331813e-06   3.8639228e-06   2.6856708e-06   2.1491828e-06   1.4654352e-06   6.1906604e-07   1.0948028e-06   1.1299843e-06   1.1174852e-06   6.0683931e-07  -1.5428348e-07  -2.1405707e-07
   0.0000000e+00   0.0000000e+00   1.2170107e-04   6.4751366e-05   4.0100629e-05   2.6167507e-05   2.2907507e-05   1.9209176e-05   1.3469006e-05   8.4530775e-06   6.6945149e-06   4.7604221e-06   3.2419323e-06   2.5637262e-06   2.3147559e-06   9.1496236e-07   8.9045869e-07   1.0179857e-06   1.2710811e-06   2.5469313e-07   5.9617781e-07   8.4292304e-07   2.4952442e-07
   0.0000000e+00   0.0000000e+00   1.2188603e-04   6.4771033e-05   3.9878949e-05   2.6176996e-05   2.3517026e-05   1.8588014e-05   1.3458770e-05   8.6021155e-06   6.3166290e-06   5.1149368e-06   3.5401820e-06   3.0462550e-06   2.1235812e-06   1.0092753e-06   8.9196209e-07   3.3589626e-07   1.2761446e-06   8.7044282e-07   1.3043483e-07   1.6221746e-07   6.2495241e-07
   0.0000000e+00   0.0000000e+00   1.2204926e-04   6.5063250e-05   3.9544819e-05   2.6340462e-05   2.3138322e-05   1.8903042e-05   1.3466941e-05   8.4240910e-06   6.5352287e-06   4.6838795e-06   3.8447238e-06   3.4373311e-06   2.3889343e-06   1.4715621e-06   3.4573517e-07   4.3518494e-07   1.2420593e-06   9.4200317e-07  -8.2460431e-08   5.5292685e-07   3.1554021e-07
   0.0000000e+00   0.0000000e+00   1.2273290e-04   6.4817221e-05   4.0175695e-05   2.6170092e-05   2.3537310e-05   1.8563858e-05   1.3223813e-05   8.3528021e-06   6.1765477e-06   4.5993679e-06   4.1269036e-06   3.5312821e-06   2.0361522e-06   1.1852472e-06   1.3334262e-06   5.6650458e-07   1.4576578e-07   4.9561521e-07   7.7481513e-07   9.4154565e-08   3.6895591e-07
   0.0000000e+00   0.0000000e+00   1.2213163e-04   6.4978136e-05   3.9958260e-05   2.6790136e-05   2.3415043e-05   1.9011924e-05   1.2685865e-05   8.5052243e-06   5.5783389e-06   4.7654512e-06   3.5376372e-06   3.1321704e-06   1.9921088e-06   1.7666965e-06   1.2812401e-06   1.0050517e-06   3.3592860e-07   5.5487567e-07  -7.1647342e-08   5.4227320e-07   2.0618563e-07
   0.0000000e+00   0.0000000e+00   1.2261863e-04   6.4731772e-05   3.9749157e-05   2.6808724e-05   2.3468821e-05   1.9164519e-05   1.2645654e-05   8.9027963e-06   6.1251026e-06   4.2200140e-06   3.3607496e-06   2.6975160e-06   1.5945649e-06   2.0416692e-06   1.0361163e-06   7.4494505e-07   1.8417712e-06   5.0900360e-07   3.1268135e-07  -7.2290490e-08   5.3585353e-07
   0.0000000e+00   0.0000000e+00   1.2230474e-04   6.4642278e-05   4.0100069e-05   2.6442296e-05   2.3767316e-05   1.9345158e-05   1.3042778e-05   8.5536885e-06   6.4326327e-06   4.9337864e-06   3.0965825e-06   2.5674772e-06   1.3581738e-06   1.8688361e-06   1.1105022e-06   9.5649193e-07   1.1691141e-06   6.6630685e-07   8.9924322e-07   4.0495360e-07  -4.8923141e-08
   0.0000000e+00   0.0000000e+00   1.2219664e-04   6.4262189e-05   4.0668237e-05   2.6475022e-05   2.3100371e-05   1.9488609e-05   1.3708858e-05   8.3370624e-06   6.3378507e-06   5.1642883e-06   3.5711892e-06   2.1472199e-06   1.0095164e-06   1.6742389e-06   1.4225568e-06   1.3294815e-06   9.8175178e-07   4.8223325e-07   5.1650784e-07   6.4060970e-07  -2.2763577e-07
   0.0000000e+00   0.0000000e+00   1.2210479e-04   6.4594715e-05   3.9612532e-05   2.6978954e-05   2.3248056e-05   1.9367011e-05   1.3266377e-05   8.5076017e-06   6.6127664e-06   4.3317164e-06   3.9978113e-06   2.3878961e-06   1.2021017e-06   1.7447591e-06   1.4094989e-06   7.3917897e-07   6.7022114e-07   2.4752865e-07   4.3277592e-07   2.9349948e-07  -4.1562565e-08
   0.0000000e+00   0.0000000e+00   1.2209792e-04   6.4464497e-05   3.9922503e-05   2.6557753e-05   2.3880428e-05   1.8835375e-05   1.3092726e-05   8.7598919e-06   6.5381510e-06   4.4208341e-06   3.0543511e-06   2.6310804e-06   2.1059218e-06   1.8347877e-06   7.3039007e-07   8.1242052e-07   9.0110842e-07   2.2911615e-07   6.5237856e-08   4.3207052e-07  -5.0827856e-07
   0.0000000e+00   0.0000000e+00   1.2181477e-04   6.4522035e-05   3.9834722e-05   2.6508565e-05   2.3357399e-05   1.9735082e-05   1.2704763e-05   9.1163211e-06   6.1803512e-06   4.2521165e-06   3.3657816e-06   2.2435472e-06   1.8005874e-06   1.7182017e-06   1.2826531e-06   1.2648952e-06   4.0286153e-07   6.5732132e-07   7.7721035e-07   1.3885330e-07  -4.2301828e-08
   0.0000000e+00   0.0000000e+00   1.2207468e-04   6.4106884e-05   4.0252849e-05   2.6051641e-05   2.3568482e-05   1.9629708e-05   1.2922887e-05   8.9568512e-06   5.9423542e-06   4.3119230e-06   3.5580695e-06   2.1796072e-06   2.0533300e-06   1.4335109e-06   9.5284753e-07   1.3547043e-06   2.9961875e-08   4.8324051e-07   3.8445910e-07   5.8128393e-07  -3.2395818e-07
   0.0000000e+00   0.0000000e+00   1.2188424e-04   6.4837877e-05   3.9574930e-05   2.6366946e-05   2.3116074e-05   1.9551664e-05   1.2975794e-05   8.8610495e-06   5.9325980e-06   4.0774348e-06   4.1134704e-06   2.3638393e-06   1.9657014e-06   1.0082033e-06   8.9362055e-07   9.7908560e-07   7.0557246e-07   7.6686047e-07   1.2336908e-07  -1.8051253e-07   1.7533070e-07
   0.0000000e+00   0.0000000e+00   1.2229789e-04   6.4468106e-05   3.9976119e-05   2.5954467e-05   2.3805222e-05   1.8985684e-05   1.2943064e-05   8.5246320e-06   5.8306200e-06   4.7408030e-06   3.4243144e-06   2.4196445e-06   2.7289227e-06   1.1045000e-06   1.1860919e-06   7.2008561e-07   5.8886792e-07  -1.5308109e-08   9.5042507e-09  -7.2278667e-09   2.1600901e-07
   0.0000000e+00   0.0000000e+00   1.2220778e-04   6.4522945e-05   4.0582912e-05   2.6020090e-05   2.3249322e-05   1.9212037e-05   1.3041381e-05   8.5091006e-06   5.5083487e-06   4.8242978e-06   3.9875331e-06   2.3766488e-06   2.1799528e-06   1.7494042e-06   9.7908674e-07   1.1699029e-06   6.7274419e-07  -4.3600829e-07   4.2803086e-07  -3.0979078e-07  -1.1464352e-07
   0.0000000e+00   0.0000000e+00   1.2269532e-04   6.4267115e-05   4.0584808e-05   2.6917714e-05   2.2999820e-05   1.9195615e-05   1.3097184e-05   8.0090413e-06   5.9233225e-06   4.4378253e-06   3.8433627e-06   2.6158777e-06   2.0543387e-06   1.7985934e-06   1.6219599e-06   8.0121856e-07   3.2598086e-07   8.4650750e-08   1.4429159e-07  -1.9245759e-07  -1.4880838e-07
   0.0000000e+00   0.0000000e+00   1.2225918e-04   6.4843902e-05   4.0149327e-05   2.7012431e-05   2.3154276e-05   1.9444207e-05   1.2415493e-05   8.5428937e-06   5.8658102e-06   4.0091036e-06   3.4913655e-06   2.7571193e-06   2.3053472e-06   1.8912134e-06   1.1056850e-06   1.3128539e-06   5.2299129e-07   5.3772231e-07  -4.8896869e-08  -5.6984277e-07   8.8445489e-08
   0.0000000e+00   0.0000000e+00   1.2233747e-04   6.4781576e-05   4.0323499e-05   2.7051517e-05   2.3395627e-05   1.8925151e-05   1.2850071e-05   8.6470218e-06   6.0345501e-06   3.8821281e-06   3.1318939e-06   3.0564113e-06   2.3703133e-06   1.7946738e-06   8.5854600e-07   3.6123075e-07   1.1297050e-06   9.8508872e-07  -1.8821868e-07  -7.0514557e-07  -2.9759502e-07
   0.0000000e+00   0.0000000e+00   1.2234641e-04   6.4808308e-05   4.0391802e-05   2.7031894e-05   2.3473627e-05   1.9379941e-05   1.2144076e-05   8.8885963e-06   5.8446099e-06   4.7810254e-06   3.0721085e-06   3.0264596e-06   1.7562277e-06   2.1133035e-06   1.5142687e-06   3.3653231e-07   1.0606046e-06   6.0104770e-07   1.0208669e-07  -8.8178388e-07  -2.9357471e-07
   0.0000000e+00   0.0000000e+00   1.2247519e-04   6.4587803e-05   4.0488587e-05   2.7127351e-05   2.3980903e-05   1.9119818e-05   1.2494073e-05   8.4907633e-06   5.9875174e-06   4.4472563e-06   3.7839804e-06   3.0176654e-06   2.1274186e-06   2.1491148e-06   1.8843892e-06   5.5652907e-07   7.2596794e-07   9.0809840e-07   3.0200496e-07  -4.5842134e-07  -9.2059828e-08
   0.0000000e+00   0.0000000e+00   1.2231701e-04   6.5036118e-05   3.9953444e-05   2.7514976e-05   2.4225343e-05   1.9241259e-05   1.2813526e-05   8.3478772e-06   5.9469721e-06   5.1445609e-06   2.9646146e-06   2.8297331e-06   1.9055879e-06   1.9660724e-06   1.9306656e-06   1.3446422e-06   3.6896776e-07   2.7613058e-07   5.6845516e-07   1.6344728e-07   2.7030873e-07
   0.0000000e+00   0.0000000e+00   1.2219377e-04   6.4649270e-05   4.0764578e-05   2.6828877e-05   2.4269355e-05   1.9383042e-05   1.2814245e-05   8.0258387e-06   6.2705249e-06   4.8397933e-06   3.1124396e-06   2.9413316e-06   1.9352769e-06   1.5159654e-06   1.2625201e-06   1.1767731e-06   1.1662834e-07  -1.7821340e-07   3.2420442e-07   4.8282152e-07  -1.3136545e-07
   0.0000000e+00   0.0000000e+00   1.2231412e-04   6.4603722e-05   4.0115494e-05   2.7068838e-05   2.4179839e-05   1.8867897e-05   1.2742403e-05   8.5355477e-06   5.9790736e-06   4.4446801e-06   3.5252424e-06   3.0929643e-06   1.4600562e-06   1.8076760e-06   1.2747479e-06   1.1354095e-06  -5.6470089e-08   4.4723058e-07   4.8513658e-07  -1.8625241e-07   6.0001207e-07
   0.0000000e+00   0.0000000e+00   1.2258079e-04   6.4603832e-05   4.0353258e-05   2.6716199e-05   2.4270712e-05   1.8467326e-05   1.2965143e-05   8.7584349e-06   5.6523877e-06   4.0887503e-06   4.0141863e-06   2.6835978e-06   1.9989704e-06   1.9172257e-06   4.4799486e-07   7.3726181e-07   1.2518299e-06   2.6257160e-08   6.6771975e-07  -4.4787246e-08  -5.9018822e-07
   0.0000000e+00   0.0000000e+00   1.2216659e-04   6.4673026e-05   4.0060240e-05   2.7026459e-05   2.4087665e-05   1.9154830e-05   1.2432013e-05   8.8632278e-06   5.7263619e-06   4.4774401e-06   3.1252596e-06   2.7890426e-06   1.8966854e-06   2.2824595e-06   1.0335987e-06   8.4119756e-07   9.4913355e-07   2.6764670e-07  -2.4936165e-07  -4.0338060e-07  -1.2778817e-07
   0.0000000e+00   0.0000000e+00   1.2240167e-04   6.5098204e-05   4.0202463e-05   2.6377302e-05   2.4090437e-05   1.9197714e-05   1.2676387e-05   8.5391630e-06   6.4250207e-06   4.1962221e-06   3.1960537e-06   2.2842958e-06   2.0536284e-06   2.0490547e-06   7.9670912e-07   9.0486469e-07   1.1597378e-06   5.7954401e-07  -1.2573820e-07   4.4277680e-08  -1.7991405e-07
   0.0000000e+00   0.0000000e+00   1.2221946e-04   6.4881227e-05   4.0797680e-05   2.6990587e-05   2.3318291e-05   1.9514666e-05   1.2709267e-05   8.3968880e-06   6.4798242e-06   4.2244510e-06   3.5896469e-06   2.9723835e-06   1.2691376e-06   1.3228569e-06   1.0185757e-06   1.5982303e-06   7.3477577e-07   4.5936912e-07   2.3670319e-07  -6.6732514e-07   1.0552425e-07
   0.0000000e+00   0.0000000e+00   1.2228017e-04   6.4950953e-05   4.0882584e-05   2.6753767e-05   2.4068873e-05   1.8901441e-05   1.3218058e-05   8.3294553e-06   6.5553677e-06   4.1459443e-06   3.8846324e-06   3.4468414e-06   2.1465723e-06   1.2923773e-06   8.1259458e-07   8.6856596e-07   5.6152231e-07   4.1273020e-07   8.2743372e-07   6.9014766e-07   3.0744499e-07
   0.0000000e+00   0.0000000e+00   1.2179630e-04   6.4802873e-05   4.0686027e-05   2.7157937e-05   2.3303117e-05   1.9925450e-05   1.2811584e-05   8.3415780e-06   5.9866516e-06   4.6002910e-06   3.3824276e-06   3.4333968e-06   2.7886956e-06   1.8042053e-06   1.1735311e-06   9.0089520e-07  -1.3475400e-07   1.3379119e-07   4.4337969e-07   6.1442762e-07   7.0930690e-07
   0.0000000e+00   0.0000000e+00   1.2231564e-04   6.4324020e-05   4.0755738e-05   2.6548913e-05   2.3630017e-05   1.9615418e-05   1.3036290e-05   8.2439756e-06   5.8983424e-06   4.4690191e-06   3.6130086e-06   2.9690373e-06   2.4281183e-06   2.0684604e-06   1.0513252e-06   6.2421583e-07   4.3318633e-07   5.7124561e-07   1.8167275e-07   8.3286716e-07   2.7390897e-08
   0.0000000e+00   0.0000000e+00   1.2206323e-04   6.4428023e-05   4.0291277e-05   2.6883632e-05   2.3561111e-05   1.9126937e-05   1.2863694e-05   8.2693259e-06   5.3671524e-06   4.8448160e-06   3.5814965e-06   3.2179821e-06   2.4475737e-06   1.5893800e-06   7.7603801e-07   7.5057204e-07   3.7548514e-07   6.8631510e-07   1.3599002e-06   7.2804255e-07   4.5985323e-07
   0.0000000e+00   0.0000000e+00   1.2218005e-04   6.4513966e-05   4.0381343e-05   2.6497131e-05   2.3552984e-05   1.9257295e-05   1.3028728e-05   7.5556813e-06   5.6280264e-06   4.6784498e-06   3.8641510e-06   2.5192498e-06   2.8162499e-06   1.1491625e-06   1.0181798e-06   1.0958912e-06   1.8242446e-07   8.7785668e-07   8.6922932e-07   5.2556663e-07   8.8683890e-07
   0.0000000e+00   0.0000000e+00   1.2222638e-04   6.5195309e-05   4.0036772e-05   2.7039405e-05   2.3183680e-05   1.9147315e-05   1.2734158e-05   7.9571564e-06   5.3408471e-06   5.0453359e-06   3.1668155e-06   3.0683386e-06   2.3507801e-06   1.8674530e-06   1.5618436e-06   4.7274017e-07   3.6734212e-07   3.1957262e-07   4.9785245e-07   8.0753978e-07   3.8037288e-07
   0.0000000e+00   0.0000000e+00   1.2235505e-04   6.5019420e-05   4.0670071e-05   2.7004784e-05   2.3853909e-05   1.9104718e-05   1.2615756e-05   7.7827581e-06   5.5272412e-06   4.1862336e-06   3.0600156e-06   2.8824595e-06   2.3712994e-06   1.8780588e-06   1.5237813e-06   1.4147885e-06  -2.0656336e-07  -9.1745411e-09   3.0971560e-07   7.4191621e-07  -4.6648466e-07
   0.0000000e+00   0.0000000e+00   1.2197279e-04   6.5195381e-05   4.0157956e-05   2.7541864e-05   2.3854556e-05   1.9368570e-05   1.2899263e-05   7.7564619e-06   5.4578700e-06   3.8447570e-06   3.1593584e-06   2.7872104e-06   2.2774839e-06   9.5733458e-07   1.3113677e-06   1.5600051e-06   3.8641716e-07  -7.8156901e-08   2.6320851e-07   2.2197170e-07   1.7555449e-07
   0.0000000e+00   0.0000000e+00   1.2193357e-04   6.4925007e-05   4.0101517e-05   2.7343222e-05   2.3595025e-05   1.9314699e-05   1.3197993e-05   8.2178813e-06   5.7306138e-06   3.2380954e-06   3.2449152e-06   2.4336930e-06   2.2539739e-06   1.6352338e-06   6.9536497e-07   1.0433645e-06   1.1748598e-06   3.0473507e-07  -1.4815676e-07   7.2317548e-09   1.8627227e-07
   0.0000000e+00   0.0000000e+00   1.2161941e-04   6.4959931e-05   3.9926548e-05   2.7169286e-05   2.3192264e-05   1.9809753e-05   1.2592285e-05   8.4949952e-06   6.1043802e-06   3.9924453e-06   3.7056341e-06   2.6060907e-06   1.4972791e-06   1.0074591e-06   1.4685191e-06   6.7364658e-07   7.0522316e-07   1.2433592e-06   4.6238060e-07  -4.6397151e-08  -1.7626233e-07
   0.0000000e+00   0.0000000e+00   1.2204646e-04   6.4492277e-05   4.0289546e-05   2.6868796e-05   2.3000766e-05   1.9900475e-05   1.2796503e-05   8.0147829e-06   5.6648646e-06   4.2643037e-06   3.8624271e-06   3.2108749e-06   1.7362453e-06   1.2485335e-06   7.7377916e-07   1.0625522e-06   7.0716226e-07  -9.4450371e-08   8.7908774e-07   1.0128549e-06  -1.5032298e-07
   0.0000000e+00   0.0000000e+00   1.2203569e-04   6.4707077e-05   3.9999853e-05   2.7067184e-05   2.3419061e-05   1.9815092e-05   1.2403356e-05   8.4346993e-06   5.4390594e-06   3.8440553e-06   3.5859086e-06   3.1057411e-06   2.2520132e-06   1.5283321e-06   4.0066161e-07   4.8293157e-07   5.1599443e-07   1.7962688e-07   8.0769723e-07   1.1867326e-06   4.1785174e-08
   0.0000000e+00   0.0000000e+00   1.2231029e-04   6.4798609e-05   4.0291106e-05   2.6917854e-05   2.3422681e-05   1.9379679e-05   1.3157829e-05   8.5723041e-06   6.1688138e-06   3.9692459e-06   2.7713031e-06   2.7998408e-06   2.5422414e-06   1.1597505e-06   8.8688569e-07   4.2964942e-07   4.4518245e-07   5.7082281e-07   2.1644504e-07   4.5432975e-07   6.3522936e-07
   0.0000000e+00   0.0000000e+00   1.2214899e-04   6.4872344e-05   4.0391042e-05   2.7009513e-05   2.3422537e-05   1.9578541e-05   1.2684834e-05   8.3687637e-06   6.4880528e-06   4.7985050e-06   3.1315155e-06   2.3947096e-06   2.2035736e-06   1.7239486e-06   5.3184453e-07   8.5694495e-07   4.6549297e-07  -1.7489667e-08   1.0853589e-07   4.9940962e-07  -1.3522772e-07
   0.0000000e+00   0.0000000e+00   1.2244731e-04   6.4697175e-05   4.0054147e-05   2.7163180e-05   2.3416254e-05   1.9295567e-05   1.3306020e-05   8.5694119e-06   5.8342475e-06   4.6126997e-06   3.8610897e-06   2.5408838e-06   1.9103315e-06   1.4721160e-06   1.1891557e-06   4.0129424e-07   5.0293727e-07   8.5234643e-07   4.8609280e-07   2.8280226e-07   1.4520374e-07
   0.0000000e+00   0.0000000e+00   1.2226398e-04   6.5115644e-05   3.9911880e-05   2.6888638e-05   2.3222135e-05   1.9758538e-05   1.2947369e-05   8.6457712e-06   6.1236374e-06   4.3372179e-06   3.7108628e-06   2.9475011e-06   1.5242339e-06   1.6211635e-06   5.1125693e-07   3.5188086e-07   8.6264595e-07   5.4154168e-07  -6.5674747e-08  -4.1726017e-07  -3.7299412e-08
   0.0000000e+00   0.0000000e+00   1.2240472e-04   6.4741653e-05   4.0020237e-05   2.6657284e-05   2.3159628e-05   1.9227242e-05   1.3429889e-05   8.9532950e-06   5.7778434e-06   4.0804334e-06   4.0405689e-06   2.9644552e-06   2.2633894e-06   1.1800296e-06   8.5861359e-07   4.2793357e-07  -1.7384005e-07   4.0364591e-07   1.2855121e-07  -3.2126655e-07  -4.9393509e-07
