   0.0000000e+00   0.0000000e+00  -1.1193678e-05  -1.6360198e-05  -1.6857837e-05  -1.4912277e-05  -1.5343976e-05  -1.3232053e-05  -9.0501289e-06  -6.0404295e-06  -4.6139066e-06  -3.4356945e-06  -2.5209933e-06  -2.2001857e-06  -1.5246490e-06  -1.2908974e-06  -8.3360806e-07  -4.1151199e-07  -4.5224240e-07  -2.2234120e-07  -1.3452733e-07  -7.3987472e-08  -4.2142752e-09
   0.0000000e+00   0.0000000e+00  -1.1115884e-05  -1.6209948e-05  -1.6946160e-05  -1.4994471e-05  -1.5418547e-05  -1.3019732e-05  -9.2352075e-06  -5.9687513e-06  -4.5130232e-06  -3.3831498e-06  -2.6820157e-06  -2.1862131e-06  -1.6527509e-06  -9.4478406e-07  -1.1486386e-06  -3.6662053e-07  -5.6583536e-07  -1.4909052e-07  -1.3866003e-07  -1.3432860e-07  -3.5550396e-08
   0.0000000e+00   0.0000000e+00  -1.1077224e-05  -1.6377800e-05  -1.6724567e-05  -1.4982608e-05  -1.5461352e-05  -1.3028289e-05  -8.9381183e-06  -6.3871680e-06  -4.4574676e-06  -3.3441211e-06  -2.6615205e-06  -2.0291550e-06  -1.7661544e-06  -1.1841531e-06  -8.1134948e-07  -5.1824810e-07  -5.3528834e-07  -2.2355513e-07  -2.9201624e-07  -1.3879089e-08   1.9060105e-08
   0.0000000e+00   0.0000000e+00  -1.1317443e-05  -1.6136690e-05  -1.6988015e-05  -1.4906782e-05  -1.5426842e-05  -1.3218628e-05  -8.9009991e-06  -6.0730063e-06  -4.4586213e-06  -3.5191110e-06  -2.7423887e-06  -2.0637901e-06  -1.7607665e-06  -1.0634601e-06  -9.1393809e-07  -5.8989968e-07  -5.7642137e-07  -9.5594274e-08  -2.6285193e-07  -2.1132536e-07  -5.0069175e-08
   0.0000000e+00   0.0000000e+00  -1.1196090e-05  -1.6298171e-05  -1.6868427e-05  -1.4892372e-05  -1.5414744e-05  -1.3238747e-05  -9.0509629e-06  -6.1294409e-06  -4.4854842e-06  -3.3349882e-06  -2.6676751e-06  -2.0652583e-06  -1.7746728e-06  -1.2733841e-06  -7.9494168e-07  -5.7642114e-07  -5.0338309e-07  -4.0144940e-07  -2.2721677e-07  -2.2163700e-08  -6.5931928e-08
   0.0000000e+00   0.0000000e+00  -1.1157555e-05  -1.6228900e-05  -1.6921047e-05  -1.4977151e-05  -1.5309572e-05  -1.2945956e-05  -9.1260436e-06  -6.0537459e-06  -4.5789052e-06  -3.4280167e-06  -2.7620661e-06  -2.2189840e-06  -1.4346799e-06  -1.2611763e-06  -9.9030046e-07  -5.3193912e-07  -5.1794643e-07  -2.9700655e-07  -2.5274150e-07  -1.3582896e-07  -2.2670110e-07
   0.0000000e+00   0.0000000e+00  -1.1074103e-05  -1.6335473e-05  -1.6887030e-05  -1.4952176e-05  -1.5634461e-05  -1.3087244e-05  -8.9898695e-06  -6.1809064e-06  -4.2910369e-06  -3.3811764e-06  -2.5929742e-06  -2.3009236e-06  -1.6373679e-06  -1.3174424e-06  -7.4806206e-07  -7.1755994e-07  -3.4073727e-07  -5.0113749e-07  -2.5095741e-07  -1.1926607e-08  -1.2454925e-07
   0.0000000e+00   0.0000000e+00  -1.1217066e-05  -1.6181799e-05  -1.6892995e-05  -1.4894602e-05  -1.5345458e-05  -1.3264293e-05  -8.9084133e-06  -6.1493197e-06  -4.5584370e-06  -3.4316336e-06  -2.6530754e-06  -2.0409534e-06  -1.6923926e-06  -1.2164378e-06  -8.2354870e-07  -7.9048021e-07  -3.4366684e-07  -3.1392273e-07  -3.1672232e-07  -1.0204027e-07   5.6561733e-09
   0.0000000e+00   0.0000000e+00  -1.1235940e-05  -1.6239073e-05  -1.6788388e-05  -1.5144085e-05  -1.5251583e-05  -1.3163618e-05  -9.0411768e-06  -6.0508687e-06  -4.3569107e-06  -3.3742433e-06  -2.5492650e-06  -2.2563895e-06  -1.7058311e-06  -1.1668872e-06  -7.5484462e-07  -7.4183760e-07  -5.1569862e-07  -1.7618812e-07  -2.6934330e-07  -6.3345567e-08  -1.7644547e-07
   0.0000000e+00   0.0000000e+00  -1.1178908e-05  -1.6323116e-05  -1.6877093e-05  -1.4848123e-05  -1.5590618e-05  -1.3002885e-05  -9.0679396e-06  -6.2261197e-06  -4.4192502e-06  -3.2593830e-06  -2.7962612e-06  -1.9100539e-06  -1.6649516e-06  -1.2831918e-06  -9.0463197e-07  -5.8620003e-07  -4.4450519e-07  -4.2536550e-07  -2.1010224e-07  -2.4438709e-08   8.4002290e-09
   0.0000000e+00   0.0000000e+00  -1.1057340e-05  -1.6189921e-05  -1.6987520e-05  -1.4902492e-05  -1.5376738e-05  -1.3119962e-05  -9.0744970e-06  -5.8325481e-06  -4.5915167e-06  -3.4004829e-06  -2.4909350e-06  -2.1944720e-06  -1.5976082e-06  -1.1260954e-06  -1.0309114e-06  -5.7093047e-07  -5.4563492e-07  -3.6507015e-07  -1.9699073e-07  -2.3913481e-07   2.1998275e-08
   0.0000000e+00   0.0000000e+00  -1.1210902e-05  -1.6213618e-05  -1.6939481e-05  -1.4816543e-05  -1.5527006e-05  -1.3214426e-05  -8.8824154e-06  -6.3117404e-06  -4.3196101e-06  -3.3667443e-06  -2.5256834e-06  -2.1568737e-06  -1.6909282e-06  -1.1210500e-06  -9.2221097e-07  -6.3193289e-07  -6.7474042e-07  -3.0019407e-07  -2.9528377e-07  -1.8655547e-07  -7.8657735e-08
   0.0000000e+00   0.0000000e+00  -1.1240289e-05  -1.6236545e-05  -1.6775950e-05  -1.5047523e-05  -1.5217908e-05  -1.3125325e-05  -8.9323075e-06  -6.1996493e-06  -4.3955065e-06  -3.4484792e-06  -2.7414515e-06  -1.9700049e-06  -1.6262135e-06  -1.2176748e-06  -9.4183645e-07  -6.6111534e-07  -4.4208645e-07  -4.5938350e-07  -2.6025225e-07  -2.5538108e-07   3.1889783e-08
   0.0000000e+00   0.0000000e+00  -1.1110917e-05  -1.6464839e-05  -1.6730512e-05  -1.5054165e-05  -1.5476708e-05  -1.3031456e-05  -9.0016501e-06  -6.1205260e-06  -4.3470823e-06  -3.2589799e-06  -2.7109868e-06  -2.1688097e-06  -1.6627357e-06  -1.2665838e-06  -7.5464993e-07  -7.0975369e-07  -5.7659418e-07  -3.5845525e-07  -2.4789560e-07  -2.3157882e-07  -6.8984981e-08
   0.0000000e+00   0.0000000e+00  -1.1027775e-05  -1.6161033e-05  -1.6984697e-05  -1.4875367e-05  -1.5371770e-05  -1.3032406e-05  -9.0317089e-06  -6.0151110e-06  -4.6990608e-06  -3.3373594e-06  -2.5836234e-06  -2.1390238e-06  -1.6747510e-06  -1.1908967e-06  -8.9205258e-07  -7.5574746e-07  -4.0652560e-07  -4.4511708e-07  -1.8108088e-07  -2.3959478e-07  -1.5850519e-07
   0.0000000e+00   0.0000000e+00  -1.1356234e-05  -1.6121336e-05  -1.6982369e-05  -1.4835063e-05  -1.5370606e-05  -1.3182099e-05  -9.0419016e-06  -5.7687780e-06  -4.5074444e-06  -3.3330969e-06  -2.6437849e-06  -2.1933399e-06  -1.5480560e-06  -1.4100501e-06  -8.9436440e-07  -5.7250719e-07  -4.3032699e-07  -5.2122982e-07  -3.6722244e-07   4.4922253e-09  -7.3045598e-08
   0.0000000e+00   0.0000000e+00  -1.1155726e-05  -1.6375458e-05  -1.6797043e-05  -1.5052180e-05  -1.5299267e-05  -1.2980540e-05  -8.9560372e-06  -6.2708500e-06  -4.2322959e-06  -3.4906247e-06  -2.6756591e-06  -2.0751274e-06  -1.6893373e-06  -1.1623063e-06  -9.7580846e-07  -7.8327867e-07  -5.3895076e-07  -4.1640587e-07  -2.1167237e-08  -4.1702495e-07  -8.0979440e-08
   0.0000000e+00   0.0000000e+00  -1.1137013e-05  -1.6331720e-05  -1.6861797e-05  -1.4909268e-05  -1.5417641e-05  -1.3042706e-05  -8.8403121e-06  -6.2306176e-06  -4.4026310e-06  -3.2251100e-06  -2.5335848e-06  -2.2146735e-06  -1.7614615e-06  -1.2156073e-06  -9.3018787e-07  -5.7151294e-07  -7.2351554e-07  -3.7954609e-07  -2.9798559e-07  -1.6088418e-07  -2.3439783e-09
   0.0000000e+00   0.0000000e+00  -1.1134046e-05  -1.6320340e-05  -1.6855231e-05  -1.4892747e-05  -1.5497661e-05  -1.3018786e-05  -8.8988909e-06  -5.8135020e-06  -4.5476327e-06  -3.3791446e-06  -2.7671658e-06  -2.0081218e-06  -1.6301739e-06  -1.1241270e-06  -1.0423756e-06  -8.0064780e-07  -5.2625228e-07  -3.8217615e-07  -2.7296826e-07  -3.5984255e-07   5.3228156e-08
   0.0000000e+00   0.0000000e+00  -1.1370559e-05  -1.6042153e-05  -1.7057295e-05  -1.4904985e-05  -1.5258362e-05  -1.3028884e-05  -9.1654319e-06  -5.9134200e-06  -4.4748590e-06  -3.2339058e-06  -2.4650021e-06  -2.2203756e-06  -1.6514896e-06  -1.2886740e-06  -9.0484508e-07  -5.6655676e-07  -6.3622366e-07  -5.7315907e-07  -2.2718795e-07  -3.1005675e-07   4.8080889e-08
   0.0000000e+00   0.0000000e+00  -1.1144526e-05  -1.6464825e-05  -1.6760971e-05  -1.5042343e-05  -1.5324267e-05  -1.3005976e-05  -8.8845118e-06  -6.0212687e-06  -4.3711630e-06  -3.3398246e-06  -2.8146737e-06  -2.0180507e-06  -1.5842285e-06  -1.2005944e-06  -8.9140315e-07  -7.1143705e-07  -5.8238277e-07  -4.8747944e-07  -2.5973551e-07  -3.0363958e-07  -2.2808115e-07
   0.0000000e+00   0.0000000e+00  -1.1033419e-05  -1.6393826e-05  -1.6861602e-05  -1.4953554e-05  -1.5416070e-05  -1.3169806e-05  -8.8295028e-06  -6.1087976e-06  -4.2945630e-06  -3.3994231e-06  -2.5170102e-06  -2.1327346e-06  -1.6999346e-06  -1.2240890e-06  -8.8192729e-07  -7.0857396e-07  -3.9818150e-07  -5.5322135e-07  -4.9129193e-07  -7.8008725e-08  -7.0255460e-08
   0.0000000e+00   0.0000000e+00  -1.1311099e-05  -1.6181348e-05  -1.6943908e-05  -1.4911661e-05  -1.5347478e-05  -1.3017241e-05  -8.8878460e-06  -6.2411250e-06  -4.3147215e-06  -3.4199322e-06  -2.5370537e-06  -2.1518354e-06  -1.7477411e-06  -1.1126267e-06  -7.8607087e-07  -9.9935505e-07  -3.9899516e-07  -4.0948220e-07  -2.8192215e-07  -3.3697808e-07  -1.8073990e-07
   0.0000000e+00   0.0000000e+00  -1.1252283e-05  -1.6187665e-05  -1.6969767e-05  -1.4874913e-05  -1.5538461e-05  -1.3005591e-05  -9.0143303e-06  -5.8469991e-06  -4.5445113e-06  -3.2876906e-06  -2.7238050e-06  -2.0809227e-06  -1.5925378e-06  -1.4257364e-06  -7.7424647e-07  -6.8350948e-07  -5.6601550e-07  -4.9970299e-07  -3.6463911e-07  -5.4927757e-08  -1.1732773e-07
   0.0000000e+00   0.0000000e+00  -1.1065188e-05  -1.6356606e-05  -1.6824473e-05  -1.4982386e-05  -1.5346381e-05  -1.3113668e-05  -9.0622289e-06  -5.9934955e-06  -4.4707649e-06  -3.3166314e-06  -2.7275894e-06  -2.1812809e-06  -1.6094343e-06  -1.2333267e-06  -1.0051064e-06  -6.5228312e-07  -5.4874215e-07  -4.4160632e-07  -2.8209109e-07  -1.3878157e-07  -1.6724188e-07
   0.0000000e+00   0.0000000e+00  -1.1208035e-05  -1.6414655e-05  -1.6854256e-05  -1.4901379e-05  -1.5315763e-05  -1.3077536e-05  -8.9413625e-06  -6.1897440e-06  -4.3994287e-06  -3.3702042e-06  -2.5755373e-06  -2.2142201e-06  -1.7594485e-06  -1.2352922e-06  -8.9885106e-07  -7.3310105e-07  -5.8940054e-07  -3.7168303e-07  -2.3106618e-07  -2.6898789e-07   6.1085146e-08
   0.0000000e+00   0.0000000e+00  -1.1230664e-05  -1.6112455e-05  -1.6946498e-05  -1.5117490e-05  -1.5276433e-05  -1.3096838e-05  -8.9729529e-06  -6.0031380e-06  -4.3996474e-06  -3.5754042e-06  -2.5795537e-06  -2.1718756e-06  -1.7886870e-06  -1.1323476e-06  -1.0958881e-06  -7.1765879e-07  -4.9571400e-07  -3.1931148e-07  -4.1322957e-07  -7.5978157e-08   1.3903606e-08
   0.0000000e+00   0.0000000e+00  -1.1278194e-05  -1.6181013e-05  -1.6907537e-05  -1.4805987e-05  -1.5601787e-05  -1.3064297e-05  -8.8645802e-06  -6.2370091e-06  -4.3511327e-06  -3.3160497e-06  -2.6939028e-06  -2.1419153e-06  -1.7938075e-06  -1.2646183e-06  -9.7849079e-07  -6.1578231e-07  -7.4275363e-07  -3.2252305e-07  -2.1427392e-07  -2.6136499e-07  -3.1811178e-09
   0.0000000e+00   0.0000000e+00  -1.1042592e-05  -1.6451393e-05  -1.6809410e-05  -1.4951519e-05  -1.5287080e-05  -1.3033054e-05  -9.0986705e-06  -5.8655210e-06  -4.6280288e-06  -3.2217602e-06  -2.6607527e-06  -2.2450529e-06  -1.5919543e-06  -1.3258095e-06  -9.6217491e-07  -6.8998384e-07  -5.8617741e-07  -4.7404083e-07  -2.0529599e-07  -1.7919929e-07  -2.2217505e-07
   0.0000000e+00   0.0000000e+00  -1.1131865e-05  -1.6408620e-05  -1.6903161e-05  -1.4884240e-05  -1.5426222e-05  -1.3067524e-05  -9.0061303e-06  -6.0270536e-06  -4.4421076e-06  -3.1968420e-06  -2.8107406e-06  -2.0204704e-06  -1.7073047e-06  -1.3271615e-06  -9.6969427e-07  -6.1769384e-07  -5.4745806e-07  -4.0277939e-07  -4.1882018e-07  -1.5244524e-07  -2.3100000e-08
   0.0000000e+00   0.0000000e+00  -1.1332715e-05  -1.5971058e-05  -1.6998894e-05  -1.5040475e-05  -1.5261068e-05  -1.3077506e-05  -8.9227342e-06  -6.1051123e-06  -4.2983170e-06  -3.5641317e-06  -2.5049651e-06  -2.1269423e-06  -1.8186382e-06  -1.1306649e-06  -8.7297781e-07  -8.3259562e-07  -4.4624619e-07  -3.6069960e-07  -3.5566464e-07  -1.1271801e-07  -2.8912774e-07
   0.0000000e+00   0.0000000e+00  -1.1180893e-05  -1.6333328e-05  -1.6861177e-05  -1.4901281e-05  -1.5514523e-05  -1.3088223e-05  -8.8332927e-06  -6.2097574e-06  -4.2913525e-06  -3.3131062e-06  -2.5968179e-06  -2.1653732e-06  -1.7071035e-06  -1.3818430e-06  -7.3579815e-07  -7.1543383e-07  -5.2568652e-07  -3.4458580e-07  -3.1936455e-07  -1.7682416e-07  -4.1639396e-08
   0.0000000e+00   0.0000000e+00  -1.1138368e-05  -1.6437702e-05  -1.6795784e-05  -1.4904865e-05  -1.5409525e-05  -1.2998741e-05  -9.0322301e-06  -6.0120078e-06  -4.4521471e-06  -3.4831824e-06  -2.5890254e-06  -2.2140364e-06  -1.5428998e-06  -1.2694292e-06  -1.0753332e-06  -6.0769031e-07  -4.2529265e-07  -4.4707684e-07  -2.8401206e-07  -1.5625578e-07  -1.7737439e-07
   0.0000000e+00   0.0000000e+00  -1.1140396e-05  -1.6309354e-05  -1.6926138e-05  -1.5024948e-05  -1.5297572e-05  -1.3126387e-05  -8.9767427e-06  -5.9865833e-06  -4.5370593e-06  -3.1706068e-06  -2.6766588e-06  -2.3180080e-06  -1.6807214e-06  -1.3019231e-06  -8.5130551e-07  -6.5839498e-07  -6.9886437e-07  -2.2801763e-07  -4.1424505e-07  -1.3986350e-07  -6.5315355e-08
   0.0000000e+00   0.0000000e+00  -1.1233966e-05  -1.6153472e-05  -1.7023833e-05  -1.4988868e-05  -1.5375650e-05  -1.3002154e-05  -9.0726398e-06  -5.9876693e-06  -4.5170477e-06  -3.5228343e-06  -2.6227783e-06  -2.1054823e-06  -1.7807305e-06  -1.3073849e-06  -8.8862464e-07  -8.1978567e-07  -5.5030330e-07  -3.1445828e-07  -3.0015724e-07  -2.7674014e-07  -9.8257068e-08
   0.0000000e+00   0.0000000e+00  -1.1270471e-05  -1.6258107e-05  -1.6936265e-05  -1.4871097e-05  -1.5448346e-05  -1.3216180e-05  -8.7924800e-06  -6.2446261e-06  -4.3077575e-06  -3.3818978e-06  -2.8156869e-06  -1.9567367e-06  -1.9217007e-06  -1.2607346e-06  -1.0937189e-06  -5.3596443e-07  -5.7454491e-07  -4.6474790e-07  -4.0834277e-07  -5.6588430e-08  -1.2369620e-07
   0.0000000e+00   0.0000000e+00  -1.1140594e-05  -1.6424357e-05  -1.6776326e-05  -1.4991794e-05  -1.5556034e-05  -1.2921225e-05  -8.9767163e-06  -6.1991605e-06  -4.3998853e-06  -3.3933561e-06  -2.7086758e-06  -2.3323450e-06  -1.6451379e-06  -1.2285414e-06  -1.0327954e-06  -8.0272031e-07  -5.8487166e-07  -3.3364995e-07  -2.6037526e-07  -1.1003853e-07  -3.7940691e-07
   0.0000000e+00   0.0000000e+00  -1.1188984e-05  -1.6288326e-05  -1.6936061e-05  -1.5023887e-05  -1.5281694e-05  -1.3109372e-05  -9.1101656e-06  -5.9298100e-06  -4.6159853e-06  -3.3171432e-06  -2.5457155e-06  -2.2173526e-06  -1.8357831e-06  -1.3213014e-06  -1.0116531e-06  -6.9048139e-07  -5.2591884e-07  -4.9802958e-07  -3.4601192e-07  -8.0469398e-08  -2.3940552e-09
   0.0000000e+00   0.0000000e+00  -1.1242397e-05  -1.6272430e-05  -1.7022283e-05  -1.4890865e-05  -1.5358124e-05  -1.3254398e-05  -8.9830601e-06  -5.9024951e-06  -4.5497854e-06  -3.4416412e-06  -2.6964110e-06  -2.2037623e-06  -1.6098082e-06  -1.4413336e-06  -9.2564477e-07  -8.6398808e-07  -6.1952539e-07  -2.5909878e-07  -3.9119502e-07  -2.1776023e-07  -1.4005015e-07
   0.0000000e+00   0.0000000e+00  -1.1075524e-05  -1.6327816e-05  -1.6841381e-05  -1.4925190e-05  -1.5533788e-05  -1.2927615e-05  -9.0738977e-06  -6.1802243e-06  -4.4807111e-06  -3.2877222e-06  -2.6864618e-06  -2.2849863e-06  -1.6549687e-06  -1.4899665e-06  -8.4803389e-07  -7.9284871e-07  -6.7068811e-07  -4.4586639e-07  -3.4687392e-07  -1.5490438e-07  -2.0391170e-07
   0.0000000e+00   0.0000000e+00  -1.1244237e-05  -1.6257978e-05  -1.6879319e-05  -1.4893100e-05  -1.5495589e-05  -1.3057345e-05  -8.8313991e-06  -6.2369982e-06  -4.3866876e-06  -3.4229442e-06  -2.7404149e-06  -2.1394621e-06  -1.7017682e-06  -1.3987333e-06  -1.0063617e-06  -7.3240045e-07  -5.6536430e-07  -4.7449603e-07  -3.7652060e-07  -1.9915181e-07  -1.4457603e-07
   0.0000000e+00   0.0000000e+00  -1.1290384e-05  -1.6277503e-05  -1.6868529e-05  -1.5075492e-05  -1.5203958e-05  -1.3192244e-05  -9.1390539e-06  -5.9097811e-06  -4.4920102e-06  -3.4632862e-06  -2.6854154e-06  -2.1706303e-06  -1.8208167e-06  -1.1621873e-06  -1.1147819e-06  -6.8650962e-07  -5.2300845e-07  -5.2771844e-07  -2.2271844e-07  -2.2934016e-07  -1.7642725e-07
   0.0000000e+00   0.0000000e+00  -1.1076693e-05  -1.6297867e-05  -1.6986980e-05  -1.4738965e-05  -1.5425023e-05  -1.3061859e-05  -9.0331978e-06  -6.0755979e-06  -4.5556703e-06  -3.3322724e-06  -2.6521009e-06  -2.2099528e-06  -1.8145429e-06  -1.2194361e-06  -1.0872075e-06  -6.3271494e-07  -5.9874071e-07  -3.8064996e-07  -3.5597373e-07  -1.1681657e-07  -1.7123143e-07
   0.0000000e+00   0.0000000e+00  -1.1144182e-05  -1.6190086e-05  -1.6861923e-05  -1.4977055e-05  -1.5425669e-05  -1.3033570e-05  -8.7828776e-06  -6.1971073e-06  -4.4573121e-06  -3.2383223e-06  -2.9574267e-06  -2.0755526e-06  -1.7400414e-06  -1.2256753e-06  -1.0119664e-06  -7.6636854e-07  -5.2719429e-07  -4.6473946e-07  -2.4768121e-07  -2.4852477e-07  -5.9743424e-09
   0.0000000e+00   0.0000000e+00  -1.1192650e-05  -1.6348218e-05  -1.6733777e-05  -1.4990666e-05  -1.5343043e-05  -1.3064525e-05  -9.0620752e-06  -6.0213538e-06  -4.5169477e-06  -3.3886083e-06  -2.5792260e-06  -2.2262150e-06  -1.7239936e-06  -1.3614369e-06  -8.7658003e-07  -6.4123549e-07  -6.9431616e-07  -2.9378259e-07  -3.8720904e-07  -2.4833756e-07   9.2920160e-08
   0.0000000e+00   0.0000000e+00  -1.1248085e-05  -1.6191472e-05  -1.6994107e-05  -1.4835655e-05  -1.5229544e-05  -1.3171166e-05  -8.9704936e-06  -5.9803679e-06  -4.3297136e-06  -3.6389790e-06  -2.4279486e-06  -2.2279883e-06  -1.7358029e-06  -1.2400458e-06  -8.5382032e-07  -8.3107824e-07  -4.8304838e-07  -3.4618074e-07  -3.4401003e-07  -1.7668260e-07  -9.5056194e-08
   0.0000000e+00   0.0000000e+00  -1.1183299e-05  -1.6202428e-05  -1.6826307e-05  -1.5008566e-05  -1.5397909e-05  -1.2943312e-05  -8.9924979e-06  -6.0775578e-06  -4.3514096e-06  -3.3587885e-06  -2.6237478e-06  -2.1827511e-06  -1.4845231e-06  -1.2820173e-06  -9.5999951e-07  -7.2437928e-07  -3.7426051e-07  -4.7942854e-07  -3.3927691e-07  -1.8919110e-07   6.5694081e-08
   0.0000000e+00   0.0000000e+00  -1.1067453e-05  -1.6326176e-05  -1.6817314e-05  -1.4823403e-05  -1.5525913e-05  -1.2995885e-05  -8.9317573e-06  -6.2448416e-06  -4.2638362e-06  -3.2208047e-06  -2.6403609e-06  -2.1750664e-06  -1.5848071e-06  -1.1967894e-06  -8.1814210e-07  -7.3171674e-07  -4.8368793e-07  -4.6873365e-07  -2.3128091e-07  -1.6684747e-07  -2.8660153e-07
   0.0000000e+00   0.0000000e+00  -1.1185595e-05  -1.6261531e-05  -1.6963988e-05  -1.4906332e-05  -1.5250456e-05  -1.3213117e-05  -8.8430961e-06  -6.0333900e-06  -4.5402790e-06  -3.2275836e-06  -2.6529940e-06  -1.8020488e-06  -1.8258061e-06  -1.1829597e-06  -7.0465785e-07  -8.3557978e-07  -3.6547382e-07  -4.5398019e-07  -2.8916170e-07  -1.5994816e-07  -1.5549428e-07
   0.0000000e+00   0.0000000e+00  -1.1201620e-05  -1.6306754e-05  -1.6804870e-05  -1.5048554e-05  -1.5370544e-05  -1.3043601e-05  -9.1429611e-06  -5.8831051e-06  -4.4781673e-06  -3.4296761e-06  -2.4471458e-06  -2.0667135e-06  -1.6599867e-06  -1.0983370e-06  -8.3910629e-07  -7.4114678e-07  -3.9254147e-07  -4.1167198e-07  -3.6643681e-07  -8.7327180e-08  -6.5825148e-08
   0.0000000e+00   0.0000000e+00  -1.1210042e-05  -1.6198281e-05  -1.6868913e-05  -1.4892769e-05  -1.5504536e-05  -1.3024102e-05  -9.0240210e-06  -6.2177583e-06  -4.2958472e-06  -3.2977989e-06  -2.6348514e-06  -2.1255030e-06  -1.6084335e-06  -1.1012670e-06  -9.6127803e-07  -5.7687237e-07  -5.3674836e-07  -3.9793446e-07  -1.6892898e-07  -2.7899986e-07  -1.2417640e-07
   0.0000000e+00   0.0000000e+00  -1.1226814e-05  -1.6325177e-05  -1.6914651e-05  -1.4960694e-05  -1.5328278e-05  -1.3217125e-05  -8.9601472e-06  -6.0666575e-06  -4.4824615e-06  -3.3709396e-06  -2.6201383e-06  -2.1264323e-06  -1.4196713e-06  -1.4088732e-06  -9.8068256e-07  -4.0138661e-07  -7.0578682e-07  -3.4714358e-07  -2.2729498e-07  -2.1624039e-07  -3.0359054e-08
   0.0000000e+00   0.0000000e+00  -1.1015830e-05  -1.6300053e-05  -1.6924827e-05  -1.4978080e-05  -1.5421125e-05  -1.3077349e-05  -9.0304820e-06  -6.1410824e-06  -4.4049402e-06  -3.3926926e-06  -2.6282964e-06  -2.1365856e-06  -1.6618151e-06  -1.1726090e-06  -9.4506061e-07  -5.9882370e-07  -6.9636138e-07  -2.9951761e-07  -2.7926427e-07  -3.2764316e-07   1.3837136e-07
   0.0000000e+00   0.0000000e+00  -1.1358267e-05  -1.6159274e-05  -1.6912369e-05  -1.4948901e-05  -1.5396290e-05  -1.3130425e-05  -8.9698024e-06  -6.1015162e-06  -4.5121942e-06  -3.3118297e-06  -2.5789018e-06  -2.2099541e-06  -1.7507600e-06  -1.2060138e-06  -8.4368526e-07  -7.0821739e-07  -6.0775670e-07  -2.8453994e-07  -4.4586380e-07  -2.5574857e-07  -1.9736836e-08
   0.0000000e+00   0.0000000e+00  -1.1162000e-05  -1.6384094e-05  -1.6815658e-05  -1.4959079e-05  -1.5562669e-05  -1.2977168e-05  -9.0694111e-06  -6.0118668e-06  -4.4338954e-06  -3.3976694e-06  -2.8293584e-06  -1.9465397e-06  -1.7686941e-06  -1.2265127e-06  -1.0194855e-06  -5.7208877e-07  -5.1848298e-07  -4.6315370e-07  -2.2919178e-07  -3.2912706e-07  -1.6319163e-07
   0.0000000e+00   0.0000000e+00  -1.1038465e-05  -1.6321967e-05  -1.7031223e-05  -1.4775567e-05  -1.5384407e-05  -1.3264515e-05  -8.9315145e-06  -6.0701054e-06  -4.5664879e-06  -3.1968277e-06  -2.7800240e-06  -2.2406928e-06  -1.6519796e-06  -1.2456418e-06  -9.8316286e-07  -6.1968473e-07  -4.6093214e-07  -5.6574038e-07  -7.7821170e-08  -1.9061329e-07  -3.6739209e-07
   0.0000000e+00   0.0000000e+00  -1.1346136e-05  -1.6072230e-05  -1.6858477e-05  -1.5197280e-05  -1.5195214e-05  -1.3061785e-05  -9.0013427e-06  -6.0662328e-06  -4.4169151e-06  -3.4627321e-06  -2.6057728e-06  -2.1310263e-06  -1.9137894e-06  -1.2287122e-06  -9.5121408e-07  -7.5181475e-07  -3.0532985e-07  -4.9652505e-07  -2.6022400e-07  -5.2566193e-08  -1.7435437e-07
   0.0000000e+00   0.0000000e+00  -1.1152560e-05  -1.6379530e-05  -1.6837708e-05  -1.4940689e-05  -1.5502410e-05  -1.3102269e-05  -8.8946072e-06  -6.0519455e-06  -4.4189655e-06  -3.4720108e-06  -2.6124317e-06  -2.2793843e-06  -1.6164071e-06  -1.4189294e-06  -8.8061978e-07  -8.3381855e-07  -4.5697746e-07  -2.1044248e-07  -4.7232106e-07  -7.4620079e-09   3.2887034e-08
   0.0000000e+00   0.0000000e+00  -1.1145319e-05  -1.6344587e-05  -1.6872993e-05  -1.4814616e-05  -1.5497297e-05  -1.2996972e-05  -9.0762251e-06  -6.1315086e-06  -4.3267196e-06  -3.3870774e-06  -2.7796557e-06  -2.2137817e-06  -1.6950236e-06  -1.3746933e-06  -7.5448924e-07  -9.4072260e-07  -5.2298952e-07  -2.4233887e-07  -2.3371496e-07  -1.4524092e-07  -1.4414516e-07
   0.0000000e+00   0.0000000e+00  -1.1065670e-05  -1.6298145e-05  -1.6944025e-05  -1.4830803e-05  -1.5387799e-05  -1.3177963e-05  -8.7620992e-06  -6.1072028e-06  -4.5006914e-06  -3.3213316e-06  -2.6849650e-06  -2.2786244e-06  -1.6252322e-06  -1.5120946e-06  -9.6580561e-07  -4.5173542e-07  -7.4929915e-07  -3.0737175e-07  -1.5295986e-07  -2.1234955e-07  -6.4958489e-10
   0.0000000e+00   0.0000000e+00  -1.1257966e-05  -1.6049111e-05  -1.6915716e-05  -1.5157816e-05  -1.5315140e-05  -1.3023503e-05  -9.0859685e-06  -5.9270474e-06  -4.4167223e-06  -3.4639882e-06  -2.6622954e-06  -2.1950291e-06  -1.7492538e-06  -1.1800838e-06  -1.1052662e-06  -6.8005551e-07  -4.0578360e-07  -5.0894209e-07  -2.2890264e-07   4.8213491e-09  -1.2644678e-07
   0.0000000e+00   0.0000000e+00  -1.1361258e-05  -1.6320942e-05  -1.6861777e-05  -1.4861987e-05  -1.5384958e-05  -1.3158763e-05  -8.8739962e-06  -6.2136319e-06  -4.3198343e-06  -3.3585532e-06  -2.7072467e-06  -2.1722394e-06  -1.8966193e-06  -1.1163943e-06  -9.2454241e-07  -7.3691655e-07  -4.7593846e-07  -3.0416973e-07  -3.1916332e-07  -1.8199084e-07   1.3103974e-07
   0.0000000e+00   0.0000000e+00  -1.0899867e-05  -1.6426198e-05  -1.6857675e-05  -1.4915803e-05  -1.5483920e-05  -1.2959526e-05  -9.0343055e-06  -5.9740310e-06  -4.2888596e-06  -3.5562762e-06  -2.7069839e-06  -2.0585569e-06  -1.8710451e-06  -1.1547379e-06  -9.3788952e-07  -6.9035332e-07  -4.6823538e-07  -3.1161079e-07  -1.7307522e-07  -1.7951656e-07  -1.7914817e-07
   0.0000000e+00   0.0000000e+00  -1.1299308e-05  -1.6217877e-05  -1.6863280e-05  -1.4895392e-05  -1.5509953e-05  -1.3126426e-05  -8.9199293e-06  -6.1082769e-06  -4.4945873e-06  -3.0937449e-06  -2.8768684e-06  -2.1772992e-06  -1.6662740e-06  -1.3608072e-06  -8.1143816e-07  -6.1923521e-07  -5.0377463e-07  -4.4006524e-07  -1.6087427e-07  -4.6511705e-08  -1.8241043e-07
   0.0000000e+00   0.0000000e+00  -1.1275143e-05  -1.6201202e-05  -1.6989812e-05  -1.5094131e-05  -1.5068392e-05  -1.3215747e-05  -8.8883280e-06  -5.9919703e-06  -4.6817499e-06  -3.3197148e-06  -2.5214094e-06  -2.5362008e-06  -1.4983029e-06  -1.3036769e-06  -9.0744749e-07  -6.0948628e-07  -5.6845317e-07  -2.5846046e-07  -3.2924760e-07  -1.6981703e-07   5.6602483e-09
   0.0000000e+00   0.0000000e+00  -1.1077513e-05  -1.6406291e-05  -1.6933222e-05  -1.4886839e-05  -1.5604881e-05  -1.2972037e-05  -9.0256917e-06  -5.9865902e-06  -4.3095447e-06  -3.5586102e-06  -2.6935227e-06  -2.0961841e-06  -1.8204212e-06  -1.2812351e-06  -8.5047179e-07  -7.4622864e-07  -3.9272024e-07  -4.3933238e-07  -2.9409236e-07  -1.6118102e-07  -8.7329148e-08
   0.0000000e+00   0.0000000e+00  -1.1264166e-05  -1.6184322e-05  -1.6924603e-05  -1.4877699e-05  -1.5467245e-05  -1.3034106e-05  -9.0594676e-06  -6.0822117e-06  -4.3508981e-06  -3.5298324e-06  -2.6676551e-06  -2.1999006e-06  -1.6088597e-06  -1.4004950e-06  -7.7099725e-07  -6.9561935e-07  -5.3175410e-07  -4.0597050e-07  -2.5655973e-07  -1.2729735e-07  -1.9341347e-07
   0.0000000e+00   0.0000000e+00  -1.1182846e-05  -1.6343485e-05  -1.6990576e-05  -1.4981674e-05  -1.5372991e-05  -1.2976867e-05  -8.9175264e-06  -6.2457289e-06  -4.3254763e-06  -3.2380151e-06  -2.8717195e-06  -2.1846652e-06  -1.7698763e-06  -1.1117511e-06  -9.7982593e-07  -6.2365223e-07  -4.6548041e-07  -4.4693007e-07  -1.3693004e-07  -2.3960789e-07   3.6857517e-09
   0.0000000e+00   0.0000000e+00  -1.1215839e-05  -1.6345866e-05  -1.6809021e-05  -1.5105849e-05  -1.5390919e-05  -1.3249188e-05  -8.7875496e-06  -5.9534782e-06  -4.7356166e-06  -3.2044195e-06  -2.6668633e-06  -2.1546400e-06  -1.7152541e-06  -1.2688711e-06  -8.4675355e-07  -7.2341089e-07  -4.2988259e-07  -3.7543040e-07  -2.9419047e-07  -5.0821637e-08  -1.0661292e-07
   0.0000000e+00   0.0000000e+00  -1.1135007e-05  -1.6187276e-05  -1.6918164e-05  -1.4960841e-05  -1.5284473e-05  -1.3215769e-05  -9.0378653e-06  -5.8519627e-06  -4.5375150e-06  -3.4392865e-06  -2.5281820e-06  -2.1197313e-06  -1.7510125e-06  -1.1944059e-06  -8.7395216e-07  -6.8652173e-07  -5.4513691e-07  -2.3945717e-07  -2.8623947e-07  -1.3167063e-07  -2.9279613e-08
   0.0000000e+00   0.0000000e+00  -1.1075876e-05  -1.6408112e-05  -1.6925105e-05  -1.4866587e-05  -1.5581425e-05  -1.2839367e-05  -9.0468084e-06  -6.3313823e-06  -4.0071836e-06  -3.4544366e-06  -2.7401582e-06  -2.1566507e-06  -1.5653268e-06  -1.3139337e-06  -8.5166801e-07  -6.4767323e-07  -5.8063961e-07  -3.2456313e-07  -2.3007986e-07  -1.3125594e-07  -5.5847529e-08
   0.0000000e+00   0.0000000e+00  -1.1458075e-05  -1.6017455e-05  -1.6951039e-05  -1.5013968e-05  -1.5328747e-05  -1.3196113e-05  -9.0123576e-06  -5.9463355e-06  -4.6289406e-06  -3.2329963e-06  -2.6300286e-06  -2.1204853e-06  -1.5881848e-06  -1.3088205e-06  -9.6530391e-07  -6.0233270e-07  -4.6720768e-07  -4.3117288e-07  -4.0518248e-07   1.6073747e-09  -8.8142187e-08
   0.0000000e+00   0.0000000e+00  -1.1023521e-05  -1.6442527e-05  -1.6744852e-05  -1.4878215e-05  -1.5488948e-05  -1.3238627e-05  -8.8373417e-06  -6.1133305e-06  -4.3855453e-06  -3.4683492e-06  -2.4680830e-06  -2.2220097e-06  -1.7324400e-06  -1.1230018e-06  -9.2784035e-07  -7.0869243e-07  -5.3203252e-07  -3.8716792e-07  -1.8644090e-07  -2.5004016e-07  -1.8460575e-07
   0.0000000e+00   0.0000000e+00  -1.1011878e-05  -1.6252301e-05  -1.6894375e-05  -1.4999133e-05  -1.5343478e-05  -1.2974084e-05  -9.2121381e-06  -6.0433053e-06  -4.5075785e-06  -3.3019173e-06  -2.7093258e-06  -1.9808606e-06  -1.7890808e-06  -1.2293261e-06  -8.6661589e-07  -7.0235780e-07  -5.5224086e-07  -2.6530978e-07  -3.2275119e-07  -1.7000607e-07  -9.1468976e-08
   0.0000000e+00   0.0000000e+00  -1.1208361e-05  -1.6179589e-05  -1.6846947e-05  -1.4929510e-05  -1.5539375e-05  -1.2969096e-05  -9.0727253e-06  -6.2179602e-06  -4.3193522e-06  -3.3527651e-06  -2.7986641e-06  -2.0524733e-06  -1.6543934e-06  -1.2834155e-06  -8.1575968e-07  -7.4317416e-07  -4.9760462e-07  -4.0210836e-07  -3.4939353e-07  -1.9344466e-08  -1.2672254e-07
   0.0000000e+00   0.0000000e+00  -1.1257414e-05  -1.6219275e-05  -1.6816870e-05  -1.4703764e-05  -1.5542848e-05  -1.3247618e-05  -8.9713803e-06  -6.0846955e-06  -4.5112984e-06  -3.4710929e-06  -2.5903771e-06  -2.1758124e-06  -1.6327105e-06  -1.1639873e-06  -9.7758993e-07  -6.5742256e-07  -6.0668287e-07  -3.0976395e-07  -2.5013335e-07  -2.1169946e-07  -1.9595075e-07
   0.0000000e+00   0.0000000e+00  -1.1073401e-05  -1.6196538e-05  -1.6937969e-05  -1.5097686e-05  -1.4903496e-05  -1.3366058e-05  -9.0469039e-06  -6.0119137e-06  -4.7948038e-06  -3.3364804e-06  -2.5085803e-06  -2.2760971e-06  -1.6309067e-06  -1.2730401e-06  -8.5078938e-07  -5.8516440e-07  -5.0828436e-07  -4.9946578e-07  -3.3643491e-07  -1.2079242e-07  -3.4477871e-08
   0.0000000e+00   0.0000000e+00  -1.1132164e-05  -1.6188171e-05  -1.6783128e-05  -1.4965757e-05  -1.5669066e-05  -1.2839450e-05  -9.0623362e-06  -6.2721620e-06  -4.2956044e-06  -3.5157398e-06  -2.8544935e-06  -2.1580704e-06  -1.5084480e-06  -1.2036713e-06  -8.9345428e-07  -7.1141181e-07  -5.5174695e-07  -2.6076225e-07  -3.9958596e-07  -1.0447940e-07  -2.1613511e-07
   0.0000000e+00   0.0000000e+00  -1.1049572e-05  -1.6322072e-05  -1.6583142e-05  -1.4896951e-05  -1.5389385e-05  -1.3184125e-05  -9.1013217e-06  -6.1585429e-06  -4.4741200e-06  -3.5149078e-06  -2.5860668e-06  -2.1389587e-06  -1.7892517e-06  -1.2712463e-06  -7.5121005e-07  -5.9741222e-07  -5.6355566e-07  -4.2391977e-07  -2.0932750e-07  -2.4416678e-07  -3.1333780e-08
   0.0000000e+00   0.0000000e+00  -1.1359542e-05  -1.6105882e-05  -1.7143559e-05  -1.4589064e-05  -1.5489059e-05  -1.3030242e-05  -9.0472122e-06  -6.0845573e-06  -4.6970245e-06  -3.2760083e-06  -2.8551558e-06  -2.0758334e-06  -1.7137370e-06  -1.1525692e-06  -8.9177001e-07  -7.4109465e-07  -4.4388148e-07  -2.9284433e-07  -3.3047911e-07  -1.9896258e-07  -1.0985007e-07
   0.0000000e+00   0.0000000e+00  -1.0888130e-05  -1.6199765e-05  -1.6860582e-05  -1.5127731e-05  -1.5215350e-05  -1.3227464e-05  -9.0546109e-06  -6.1285546e-06  -4.3563532e-06  -3.5454070e-06  -2.5814070e-06  -2.2544027e-06  -1.6734700e-06  -1.0965134e-06  -1.0098234e-06  -6.6226147e-07  -3.8661608e-07  -5.8740625e-07  -2.1292452e-07  -4.1758923e-08  -2.3162154e-07
   0.0000000e+00   0.0000000e+00  -1.1314490e-05  -1.6156249e-05  -1.6584778e-05  -1.4987939e-05  -1.5412415e-05  -1.3099761e-05  -9.0292915e-06  -6.1921000e-06  -4.6062323e-06  -3.3492654e-06  -2.6391631e-06  -2.1253952e-06  -1.5551775e-06  -1.3992610e-06  -8.3642237e-07  -5.8475825e-07  -6.9681630e-07  -2.6461345e-07  -3.5857667e-07  -2.2661622e-07  -1.9337817e-08
   0.0000000e+00   0.0000000e+00  -1.1097470e-05  -1.6349994e-05  -1.6803853e-05  -1.4768284e-05  -1.5556781e-05  -1.3113740e-05  -8.9208406e-06  -6.3056359e-06  -4.3307837e-06  -3.5817932e-06  -2.5648390e-06  -2.0849129e-06  -1.7062449e-06  -1.1635732e-06  -7.9538773e-07  -8.8328983e-07  -4.4000114e-07  -4.5756138e-07  -2.0950877e-07  -2.6238303e-07  -1.2969161e-07
   0.0000000e+00   0.0000000e+00  -1.1079223e-05  -1.6051061e-05  -1.7126617e-05  -1.4810892e-05  -1.5279538e-05  -1.3231494e-05  -9.1549227e-06  -6.0758971e-06  -4.5759239e-06  -3.3597942e-06  -2.6273108e-06  -2.1628869e-06  -1.4648471e-06  -1.2818313e-06  -8.5804447e-07  -6.6615468e-07  -5.9258173e-07  -2.4425631e-07  -5.3218002e-07  -2.9698194e-08   2.0451177e-08
   0.0000000e+00   0.0000000e+00  -1.1096823e-05  -1.6279084e-05  -1.6543068e-05  -1.5135264e-05  -1.5266058e-05  -1.3208161e-05  -8.9691575e-06  -6.1820292e-06  -4.5247734e-06  -3.3596880e-06  -2.6868820e-06  -2.0677394e-06  -1.5838436e-06  -1.1343062e-06  -9.7149382e-07  -6.3016620e-07  -4.3895170e-07  -4.1819516e-07  -2.1975195e-07  -1.9842484e-07  -8.8300958e-08
   0.0000000e+00   0.0000000e+00  -1.1237245e-05  -1.6163900e-05  -1.6853968e-05  -1.4787251e-05  -1.5705666e-05  -1.2868839e-05  -9.2328473e-06  -6.1093920e-06  -4.5234851e-06  -3.3760543e-06  -2.5782263e-06  -1.9847964e-06  -1.7413572e-06  -1.1125933e-06  -9.2620473e-07  -5.3938089e-07  -5.1282399e-07  -4.6474747e-07  -7.1643981e-08  -1.7862438e-07  -1.7251553e-07
   0.0000000e+00   0.0000000e+00  -1.1045891e-05  -1.6252578e-05  -1.6763986e-05  -1.4936187e-05  -1.5223755e-05  -1.3360895e-05  -8.8481111e-06  -6.2568633e-06  -4.4648136e-06  -3.3685401e-06  -2.6809066e-06  -2.0844277e-06  -1.4951577e-06  -1.1572104e-06  -8.9204059e-07  -6.5176454e-07  -5.3633971e-07  -1.7325335e-07  -3.6400570e-07  -1.8235991e-07   8.8967731e-08
   0.0000000e+00   0.0000000e+00  -1.1229288e-05  -1.5917731e-05  -1.7128968e-05  -1.4702453e-05  -1.5475796e-05  -1.3009229e-05  -9.1921111e-06  -6.0614498e-06  -4.3818472e-06  -3.4101861e-06  -2.5537984e-06  -1.9229126e-06  -1.9335612e-06  -9.5187681e-07  -9.0121966e-07  -5.9841176e-07  -4.3850778e-07  -3.8239310e-07  -2.2291900e-07  -1.0790825e-07  -9.2456098e-08
   0.0000000e+00   0.0000000e+00  -1.1011249e-05  -1.6506448e-05  -1.6524264e-05  -1.5171923e-05  -1.5200981e-05  -1.3282244e-05  -8.9383384e-06  -6.1095616e-06  -4.6129139e-06  -3.2288167e-06  -2.7030833e-06  -2.1873789e-06  -1.2838582e-06  -1.4196328e-06  -6.9832424e-07  -6.1210346e-07  -6.2202525e-07  -1.4032787e-07  -1.5244353e-07  -3.6139559e-07   1.5931526e-07
   0.0000000e+00   0.0000000e+00  -1.1226216e-05  -1.6143951e-05  -1.6751719e-05  -1.4892343e-05  -1.5549522e-05  -1.2938145e-05  -9.1450129e-06  -6.0810485e-06  -4.3579830e-06  -3.4858817e-06  -2.5118231e-06  -2.0595160e-06  -1.6634343e-06  -1.2208170e-06  -9.3130575e-07  -4.5780521e-07  -3.4754339e-07  -5.0138379e-07  -1.4426017e-07   7.9839978e-08  -2.3904249e-07
   0.0000000e+00   0.0000000e+00  -1.1000577e-05  -1.6189331e-05  -1.7018157e-05  -1.4718746e-05  -1.5409252e-05  -1.3162383e-05  -8.8337520e-06  -6.2486702e-06  -4.3845512e-06  -3.3164013e-06  -2.7499259e-06  -2.1971534e-06  -1.5151639e-06  -1.1449487e-06  -8.3431053e-07  -8.1734942e-07  -3.8617759e-07  -1.3028750e-07  -2.1152759e-07  -2.1033954e-07   1.4008282e-07
   0.0000000e+00   0.0000000e+00  -1.1365330e-05  -1.6074531e-05  -1.6947237e-05  -1.5008301e-05  -1.5324973e-05  -1.3123686e-05  -9.1578640e-06  -5.9901981e-06  -4.5487714e-06  -3.2530968e-06  -2.5512657e-06  -2.0712184e-06  -1.8012341e-06  -1.2764095e-06  -7.9064404e-07  -6.3292168e-07  -3.0826030e-07  -5.2404539e-07  -8.8015327e-08  -1.4989391e-08  -6.6690063e-08
   0.0000000e+00   0.0000000e+00  -1.1056533e-05  -1.6419772e-05  -1.6679511e-05  -1.4970313e-05  -1.5432908e-05  -1.3208357e-05  -8.7542285e-06  -6.2157137e-06  -4.3298951e-06  -3.4517454e-06  -2.7958883e-06  -2.0263751e-06  -1.6113137e-06  -1.2571593e-06  -7.8861399e-07  -8.7916777e-07  -3.8337754e-07  -2.6353666e-07  -6.5645089e-08  -1.5991928e-07  -1.6978377e-07
   0.0000000e+00   0.0000000e+00  -1.1117593e-05  -1.6244650e-05  -1.6922502e-05  -1.4919404e-05  -1.5445994e-05  -1.2988002e-05  -9.2856917e-06  -5.8580827e-06  -4.6921627e-06  -3.1358959e-06  -2.5969591e-06  -2.1701894e-06  -1.7189657e-06  -1.2762230e-06  -1.0002988e-06  -3.9323476e-07  -5.5914455e-07  -4.7632017e-07  -3.8737582e-08  -1.0293991e-07   9.1959052e-08
   0.0000000e+00   0.0000000e+00  -1.1135991e-05  -1.6278218e-05  -1.6894403e-05  -1.5059560e-05  -1.5356010e-05  -1.3183021e-05  -8.9119430e-06  -6.1976407e-06  -4.2699780e-06  -3.6154884e-06  -2.6065197e-06  -2.1853812e-06  -1.5797191e-06  -1.2725137e-06  -8.9933684e-07  -8.3857066e-07  -3.1891574e-07  -3.8482861e-07  -1.5483882e-07  -1.2451338e-07  -8.8509697e-09
   0.0000000e+00   0.0000000e+00  -1.1333986e-05  -1.6087481e-05  -1.7043290e-05  -1.4891917e-05  -1.5520223e-05  -1.3156380e-05  -9.0210879e-06  -6.1238338e-06  -4.4776948e-06  -3.2429107e-06  -2.6346729e-06  -2.1719759e-06  -1.7644769e-06  -1.2283350e-06  -9.7523218e-07  -5.6600095e-07  -6.1950431e-07  -2.8483146e-07  -1.7465486e-07  -2.3176953e-07   1.6596186e-07
   0.0000000e+00   0.0000000e+00  -1.1129716e-05  -1.6513794e-05  -1.6591090e-05  -1.5209011e-05  -1.5391759e-05  -1.3026775e-05  -8.9939476e-06  -6.2510530e-06  -4.4097305e-06  -3.4597704e-06  -2.6578325e-06  -2.1441781e-06  -1.5452987e-06  -1.3596325e-06  -9.0263114e-07  -6.8828291e-07  -4.8512277e-07  -3.4176378e-07  -1.5697911e-07  -2.1168094e-07  -4.5857625e-08
   0.0000000e+00   0.0000000e+00  -1.1085236e-05  -1.6165372e-05  -1.7251645e-05  -1.4750302e-05  -1.5574515e-05  -1.3311766e-05  -8.9452760e-06  -5.9095864e-06  -4.6186874e-06  -3.2002345e-06  -2.6640946e-06  -2.1927892e-06  -1.6758607e-06  -1.1698120e-06  -9.4408222e-07  -6.6014792e-07  -3.9880797e-07  -3.4846786e-07  -2.1530757e-07  -1.7052589e-07   4.8475570e-08
   0.0000000e+00   0.0000000e+00  -1.1180186e-05  -1.6210051e-05  -1.6826076e-05  -1.5066887e-05  -1.5438933e-05  -1.3138257e-05  -9.1308730e-06  -6.0579796e-06  -4.4560816e-06  -3.5294547e-06  -2.5030483e-06  -2.1758813e-06  -1.5999838e-06  -1.2995442e-06  -8.2362550e-07  -6.4797473e-07  -4.6342325e-07  -3.5379412e-07  -1.1544461e-07  -2.1658056e-07  -1.3296209e-08
   0.0000000e+00   0.0000000e+00  -1.1372028e-05  -1.6290540e-05  -1.6943852e-05  -1.4971001e-05  -1.5481723e-05  -1.3015363e-05  -9.0954600e-06  -6.1504566e-06  -4.4472918e-06  -3.2935661e-06  -2.7613082e-06  -1.8877050e-06  -1.8397009e-06  -1.1460985e-06  -9.3784661e-07  -5.4525043e-07  -4.8144847e-07  -3.8033355e-07  -1.5644501e-07  -1.1973985e-07  -3.7190176e-08
   0.0000000e+00   0.0000000e+00  -1.0979293e-05  -1.6327147e-05  -1.6797943e-05  -1.5238520e-05  -1.5339270e-05  -1.3270513e-05  -8.8929683e-06  -6.3763259e-06  -4.0692989e-06  -3.5796857e-06  -2.6514604e-06  -2.2064057e-06  -1.5219333e-06  -1.2117881e-06  -8.3700326e-07  -7.9754824e-07  -4.1488033e-07  -2.7209131e-07  -1.5931121e-07  -1.6066501e-07  -5.2572862e-08
   0.0000000e+00   0.0000000e+00  -1.1226475e-05  -1.6320872e-05  -1.6907741e-05  -1.4791060e-05  -1.5645834e-05  -1.3081585e-05  -9.0720359e-06  -6.0098496e-06  -4.7554308e-06  -3.2208131e-06  -2.5893030e-06  -2.0298758e-06  -1.7744703e-06  -1.1929819e-06  -9.7326756e-07  -4.7789479e-07  -5.7248360e-07  -3.2605149e-07  -2.3120371e-07  -1.5679782e-07   1.6517575e-07
   0.0000000e+00   0.0000000e+00  -1.1133657e-05  -1.6170758e-05  -1.7034698e-05  -1.5082063e-05  -1.5271078e-05  -1.3355030e-05  -8.9744008e-06  -6.0217699e-06  -4.5322772e-06  -3.4338439e-06  -2.6410573e-06  -2.1689750e-06  -1.6247533e-06  -1.1663485e-06  -8.8437298e-07  -7.3108328e-07  -4.8739901e-07  -2.8239432e-07  -2.4848273e-07  -1.6151682e-07  -4.5552291e-08
   0.0000000e+00   0.0000000e+00  -1.1289085e-05  -1.6288004e-05  -1.6972510e-05  -1.4816141e-05  -1.5734411e-05  -1.2896352e-05  -9.2272921e-06  -6.1266260e-06  -4.4677167e-06  -3.2783544e-06  -2.7254998e-06  -2.1994124e-06  -1.6299946e-06  -1.2658134e-06  -9.3781574e-07  -5.1425269e-07  -6.1462930e-07  -2.8507344e-07  -2.9709167e-07  -2.2603065e-07   4.3148013e-08
   0.0000000e+00   0.0000000e+00  -1.0997066e-05  -1.6329141e-05  -1.6770695e-05  -1.5268804e-05  -1.5165302e-05  -1.3303582e-05  -8.9211571e-06  -6.1650121e-06  -4.3810655e-06  -3.5353385e-06  -2.5992551e-06  -2.1613575e-06  -1.7567182e-06  -1.1553765e-06  -9.8152066e-07  -6.5668905e-07  -4.3175459e-07  -3.5266802e-07  -2.7746074e-07  -2.6117456e-07  -5.6169689e-08
   0.0000000e+00   0.0000000e+00  -1.1317617e-05  -1.6226060e-05  -1.6944910e-05  -1.4894044e-05  -1.5549778e-05  -1.3200205e-05  -8.9672394e-06  -6.1661508e-06  -4.3974937e-06  -3.3297881e-06  -2.7356382e-06  -2.1406133e-06  -1.7743882e-06  -1.1881060e-06  -8.3701337e-07  -7.0011617e-07  -5.6825985e-07  -3.0474703e-07  -2.5639224e-07  -2.4878142e-07  -1.7047934e-07
   0.0000000e+00   0.0000000e+00  -1.1108436e-05  -1.6324660e-05  -1.6797743e-05  -1.5093879e-05  -1.5422964e-05  -1.2940137e-05  -9.1263319e-06  -6.0561329e-06  -4.4127610e-06  -3.5424989e-06  -2.4644009e-06  -2.2128579e-06  -1.6384547e-06  -1.3697908e-06  -9.3111987e-07  -4.9227697e-07  -4.7856759e-07  -5.1209042e-07  -3.5502649e-07  -1.0847688e-07  -2.0924530e-07
   0.0000000e+00   0.0000000e+00  -1.1147010e-05  -1.6222626e-05  -1.7075798e-05  -1.4712395e-05  -1.5635173e-05  -1.3155128e-05  -8.9600962e-06  -5.8396713e-06  -4.6222203e-06  -3.0342387e-06  -2.9604769e-06  -2.0225623e-06  -1.6527573e-06  -1.2766702e-06  -8.5554814e-07  -6.8809254e-07  -5.0135350e-07  -3.8051058e-07  -2.8242343e-07  -2.2688762e-07  -2.2946240e-07
   0.0000000e+00   0.0000000e+00  -1.1092626e-05  -1.6384127e-05  -1.6796930e-05  -1.5107086e-05  -1.5259246e-05  -1.3185298e-05  -8.9776886e-06  -6.2102622e-06  -4.2958509e-06  -3.3589577e-06  -2.5094760e-06  -2.2317377e-06  -1.6202647e-06  -1.2018609e-06  -9.1604369e-07  -6.8595625e-07  -4.2973639e-07  -3.6448517e-07  -3.1121232e-07  -1.6222957e-07  -1.1792613e-07
   0.0000000e+00   0.0000000e+00  -1.1309391e-05  -1.6041393e-05  -1.7105333e-05  -1.4940634e-05  -1.5446938e-05  -1.3085325e-05  -8.9245596e-06  -5.9986155e-06  -4.3889181e-06  -3.2927774e-06  -2.5706249e-06  -2.1064297e-06  -1.6496813e-06  -1.2164983e-06  -8.7409438e-07  -6.8166759e-07  -5.0762742e-07  -1.8527376e-07  -3.7525444e-07  -1.2841346e-07  -3.2715086e-08
   0.0000000e+00   0.0000000e+00  -1.1142693e-05  -1.6348245e-05  -1.6737218e-05  -1.5051206e-05  -1.5457004e-05  -1.3185389e-05  -8.9107562e-06  -6.0813222e-06  -4.2596707e-06  -3.3674780e-06  -2.5676154e-06  -1.9396066e-06  -1.7344215e-06  -1.1432114e-06  -9.1949738e-07  -5.6280004e-07  -5.4742355e-07  -3.6058182e-07  -1.5966401e-07  -1.5924076e-07  -8.6816193e-08
   0.0000000e+00   0.0000000e+00  -1.1222400e-05  -1.6273503e-05  -1.6929907e-05  -1.4928712e-05  -1.5549065e-05  -1.2947758e-05  -9.2218952e-06  -5.8750716e-06  -4.4552157e-06  -3.2526204e-06  -2.4670037e-06  -2.1857597e-06  -1.4740351e-06  -1.2729993e-06  -9.2053301e-07  -4.3717066e-07  -6.3019479e-07  -3.3053004e-07  -2.0594842e-07  -1.1791343e-07  -1.5227562e-07
   0.0000000e+00   0.0000000e+00  -1.0982823e-05  -1.6431186e-05  -1.6888554e-05  -1.5001285e-05  -1.5396181e-05  -1.3206450e-05  -8.8501065e-06  -6.1024321e-06  -4.4193289e-06  -3.1883892e-06  -2.7162905e-06  -2.0028526e-06  -1.5455411e-06  -1.0771424e-06  -9.4998546e-07  -6.6773430e-07  -4.4140052e-07  -3.0154891e-07  -3.3388389e-07  -1.4192857e-07  -6.8642400e-08
   0.0000000e+00   0.0000000e+00  -1.1306369e-05  -1.6056001e-05  -1.7044214e-05  -1.4920187e-05  -1.5407582e-05  -1.3172348e-05  -9.1204129e-06  -6.0389802e-06  -4.3728910e-06  -3.3023991e-06  -2.5214465e-06  -2.0196633e-06  -1.7806285e-06  -1.0555019e-06  -7.6385169e-07  -6.3197615e-07  -4.8735382e-07  -2.7997032e-07  -3.8746941e-07  -1.2849306e-07  -8.5682110e-08
   0.0000000e+00   0.0000000e+00  -1.1162947e-05  -1.6287862e-05  -1.6844562e-05  -1.5017610e-05  -1.5472555e-05  -1.3249081e-05  -8.7209701e-06  -6.2832496e-06  -4.3284599e-06  -3.3757672e-06  -2.5979914e-06  -2.0923560e-06  -1.4990269e-06  -1.2633616e-06  -6.5269415e-07  -7.3383649e-07  -4.3098595e-07  -2.5346660e-07  -3.0966578e-07  -2.1524669e-07  -7.7179067e-08
   0.0000000e+00   0.0000000e+00  -1.1220155e-05  -1.6275777e-05  -1.6911294e-05  -1.4963367e-05  -1.5556552e-05  -1.3013558e-05  -9.1575030e-06  -6.0897978e-06  -4.4439585e-06  -3.2773103e-06  -2.5941674e-06  -2.0500790e-06  -1.6201481e-06  -1.1072044e-06  -9.0001720e-07  -5.2486541e-07  -2.4302855e-07  -5.1819637e-07  -3.3720278e-07   9.1363908e-08  -3.0525948e-07
   0.0000000e+00   0.0000000e+00  -1.1034032e-05  -1.6352255e-05  -1.6902382e-05  -1.4961909e-05  -1.5328536e-05  -1.3297484e-05  -9.0393705e-06  -5.9979825e-06  -4.5057614e-06  -3.4131035e-06  -2.5376025e-06  -2.2454701e-06  -1.4323000e-06  -1.1751370e-06  -7.6238109e-07  -6.2889609e-07  -4.5194872e-07  -2.2089949e-07  -1.7859605e-07  -1.7920932e-07  -1.7863599e-07
   0.0000000e+00   0.0000000e+00  -1.1239161e-05  -1.6195760e-05  -1.6894819e-05  -1.5001229e-05  -1.5473994e-05  -1.3052834e-05  -9.1641641e-06  -6.1271053e-06  -4.4204412e-06  -3.3692418e-06  -2.5835941e-06  -2.0003886e-06  -1.7066542e-06  -1.2279600e-06  -6.1423538e-07  -6.3363865e-07  -3.8971928e-07  -3.2336433e-07  -2.2741547e-07  -5.2245417e-09  -1.5038655e-07
   0.0000000e+00   0.0000000e+00  -1.1155511e-05  -1.6321384e-05  -1.6838028e-05  -1.5028647e-05  -1.5440204e-05  -1.3175398e-05  -8.9233299e-06  -6.2732875e-06  -4.4464573e-06  -3.4073289e-06  -2.7054214e-06  -2.0480454e-06  -1.5417827e-06  -1.1773972e-06  -7.9583742e-07  -5.1844899e-07  -4.3158050e-07  -1.3250333e-07  -2.8129881e-07  -2.0414477e-08  -6.2740398e-08
   0.0000000e+00   0.0000000e+00  -1.1234412e-05  -1.6099808e-05  -1.6974562e-05  -1.4857655e-05  -1.5494063e-05  -1.3128505e-05  -9.0096082e-06  -6.2425224e-06  -4.4080016e-06  -3.3159299e-06  -2.7217079e-06  -2.0738337e-06  -1.6768506e-06  -1.0424641e-06  -8.6727459e-07  -5.3065946e-07  -4.1287510e-07  -1.6566028e-07  -2.1930518e-07   4.0153754e-08  -4.0536108e-08
