   0.0000000e+00  -1.4734708e-06   5.5183843e-08   8.8244100e-08   8.2268350e-08   8.7062404e-08   8.7880494e-08   8.1382012e-08   8.6452616e-08   9.1001901e-08   8.5866688e-08   8.8902702e-08   8.7022435e-08   8.0099838e-08   8.0495276e-08   8.5231058e-08   8.5169660e-08   9.1909435e-08   8.6645265e-08   9.1033414e-08   8.0754774e-08   8.1229999e-08   8.3650811e-08
   0.0000000e+00  -1.4752168e-06   5.6482200e-08   8.4802679e-08   8.6038369e-08   8.6334012e-08   8.6892129e-08   8.3408274e-08   8.1321886e-08   8.6790727e-08   8.6023732e-08   8.5640210e-08   8.1507324e-08   8.3266841e-08   8.5683112e-08   8.8921588e-08   8.8572889e-08   8.8527052e-08   8.4742638e-08   8.6752785e-08   8.2568690e-08   8.7013120e-08   8.7280114e-08
   0.0000000e+00  -1.4720871e-06   5.5586032e-08   8.4521560e-08   9.1152401e-08   8.8738886e-08   8.6034973e-08   8.1910450e-08   8.5140755e-08   8.1301998e-08   8.4729024e-08   8.3569162e-08   8.9083287e-08   8.9458368e-08   8.6735042e-08   8.8233861e-08   8.0342652e-08   8.2881350e-08   8.0298605e-08   9.0468269e-08   8.3499017e-08   9.0015163e-08   8.4432010e-08
   0.0000000e+00  -1.4733972e-06   5.2907509e-08   8.2654701e-08   8.9278046e-08   8.4390834e-08   8.2314706e-08   8.2053624e-08   8.3527603e-08   8.8841901e-08   8.6363841e-08   8.5985832e-08   8.7346834e-08   8.8064120e-08   8.7037286e-08   9.1139107e-08   8.5878710e-08   9.0061789e-08   9.0887220e-08   8.7622617e-08   8.9981143e-08   8.2363343e-08   8.5080480e-08
   0.0000000e+00  -1.4709402e-06   5.3158310e-08   8.2967006e-08   8.3667267e-08   9.0369348e-08   8.3960423e-08   8.5675346e-08   8.9734229e-08   8.1665107e-08   8.4393754e-08   8.9864983e-08   8.9214410e-08   8.8756515e-08   8.2721861e-08   8.8877059e-08   8.2616559e-08   8.4953292e-08   7.9968302e-08   8.5784208e-08   8.4893877e-08   9.0401386e-08   8.1567528e-08
   0.0000000e+00  -1.4693708e-06   5.0418500e-08   8.8786265e-08   8.4774591e-08   8.7823437e-08   8.5985008e-08   9.1005525e-08   9.0678753e-08   8.6856659e-08   8.3645830e-08   8.3773578e-08   9.0509772e-08   8.1088935e-08   8.3259145e-08   9.0241237e-08   8.8636867e-08   8.7352660e-08   8.2960248e-08   8.8649386e-08   9.0696169e-08   8.6300133e-08   8.6334147e-08
   0.0000000e+00  -1.4746104e-06   4.9505939e-08   8.6068148e-08   8.2283705e-08   8.5110806e-08   8.4436429e-08   8.2625874e-08   8.3602380e-08   8.2999698e-08   8.3120518e-08   8.5961332e-08   8.9875144e-08   8.3640415e-08   9.0378798e-08   8.9093660e-08   8.3784272e-08   8.2681524e-08   8.8311040e-08   8.5143292e-08   8.3678046e-08   9.0810509e-08   8.8355918e-08
   0.0000000e+00  -1.4761954e-06   4.9528303e-08   8.6214257e-08   8.4041304e-08   8.6396255e-08   8.4645521e-08   8.4714692e-08   8.8240064e-08   8.9525592e-08   8.2999364e-08   8.0041708e-08   8.7402427e-08   8.9629445e-08   8.9231115e-08   8.5895465e-08   8.9744262e-08   8.2420904e-08   8.4176165e-08   9.1262272e-08   8.5551548e-08   8.5862744e-08   7.9706631e-08
   0.0000000e+00  -1.4737462e-06   5.2056450e-08   8.5306567e-08   8.2513139e-08   8.2935593e-08   8.3709921e-08   8.7609322e-08   8.7302354e-08   8.1135546e-08   9.1167948e-08   8.4459316e-08   8.3177966e-08   8.2393221e-08   8.0341856e-08   8.6275421e-08   8.7420844e-08   8.1807691e-08   8.1766643e-08   8.0325790e-08   8.6009443e-08   8.3440710e-08   7.9552073e-08
   0.0000000e+00  -1.4716729e-06   4.8561013e-08   8.0677758e-08   8.4828557e-08   8.7415962e-08   8.2750915e-08   9.0844452e-08   8.5310610e-08   8.5600405e-08   8.9109150e-08   9.0485074e-08   8.6129035e-08   8.4853887e-08   8.8636853e-08   8.8242139e-08   8.6713804e-08   8.1007421e-08   8.4224141e-08   8.8010076e-08   8.9473183e-08   8.0618278e-08   8.2398557e-08
   0.0000000e+00  -1.4753966e-06   5.0730943e-08   8.1358330e-08   8.6097948e-08   8.0914290e-08   7.9670166e-08   8.8606171e-08   8.1706865e-08   8.8859196e-08   8.9040896e-08   8.1701678e-08   7.9725538e-08   8.0112834e-08   8.3933010e-08   8.4609567e-08   8.0111469e-08   8.9741903e-08   8.9689159e-08   9.0600636e-08   8.8818524e-08   8.7185093e-08   8.9052385e-08
   0.0000000e+00  -1.4734059e-06   5.0628536e-08   7.9758102e-08   8.1560437e-08   8.8730651e-08   8.1971045e-08   9.0235183e-08   8.9547939e-08   8.6983412e-08   9.1944834e-08   8.6592948e-08   9.1626994e-08   9.1190088e-08   8.1997754e-08   8.3943846e-08   8.3611930e-08   8.9810008e-08   8.9287532e-08   8.7960821e-08   8.8696083e-08   9.0829978e-08   9.1075535e-08
   0.0000000e+00  -1.4747900e-06   5.0535654e-08   8.4839030e-08   9.0097053e-08   9.0687962e-08   8.7708969e-08   8.4454491e-08   8.9664162e-08   8.6073960e-08   9.0420535e-08   8.1857820e-08   8.5352283e-08   9.1403379e-08   9.0607379e-08   8.8788084e-08   8.0827910e-08   8.3930253e-08   8.1521485e-08   8.9530204e-08   8.0402742e-08   8.3940250e-08   8.2711416e-08
   0.0000000e+00  -1.4770878e-06   5.3848748e-08   8.1609699e-08   8.6726274e-08   9.0131316e-08   8.3106983e-08   8.0159388e-08   8.5009823e-08   8.2114397e-08   8.0919541e-08   9.0308909e-08   9.1033137e-08   9.0265168e-08   8.4797094e-08   8.3614168e-08   8.6952731e-08   8.7111246e-08   9.0799617e-08   8.3340332e-08   8.9807877e-08   8.5450850e-08   8.6908280e-08
   0.0000000e+00  -1.4738134e-06   4.8512689e-08   8.8478572e-08   8.5774353e-08   8.8838291e-08   9.0521958e-08   8.8614861e-08   8.8244811e-08   8.7608562e-08   8.6373682e-08   8.4889159e-08   8.1282835e-08   8.4509367e-08   8.4664528e-08   8.4844437e-08   8.7157645e-08   8.1854196e-08   7.9626048e-08   8.0142378e-08   8.0283819e-08   8.8029374e-08   8.6267974e-08
   0.0000000e+00  -1.4735627e-06   5.0865630e-08   8.9243755e-08   8.8853973e-08   8.1375603e-08   8.6373184e-08   8.8724789e-08   8.3124768e-08   8.8280068e-08   8.9770282e-08   9.0088584e-08   8.0408036e-08   8.1996795e-08   9.1513321e-08   8.9919901e-08   8.8002935e-08   8.1446295e-08   8.8072170e-08   8.6285176e-08   9.0768275e-08   8.2391139e-08   8.6522590e-08
   0.0000000e+00  -1.4690736e-06   4.9513336e-08   8.3425121e-08   9.1605621e-08   8.8160078e-08   8.9028028e-08   9.1571842e-08   7.9884479e-08   8.2032379e-08   9.1105768e-08   9.0631715e-08   8.1663465e-08   8.4811681e-08   8.6839805e-08   8.5163421e-08   8.0804227e-08   8.6341004e-08   8.9423743e-08   8.6590070e-08   8.9682374e-08   8.0410011e-08   8.9451120e-08
   0.0000000e+00  -1.4695256e-06   5.0184877e-08   8.6295834e-08   9.2168129e-08   8.9304542e-08   8.8188266e-08   9.0172300e-08   8.1270926e-08   8.0185721e-08   8.3670059e-08   8.2154891e-08   8.6578133e-08   8.5684725e-08   8.8200530e-08   8.0187952e-08   8.0460666e-08   8.6006501e-08   9.0452851e-08   8.6522746e-08   8.5206040e-08   7.9368121e-08   8.8098950e-08
   0.0000000e+00  -1.4703244e-06   5.0949556e-08   8.9999681e-08   9.1857110e-08   8.4686661e-08   8.8187114e-08   8.6693191e-08   8.0996962e-08   8.7750017e-08   8.8787552e-08   8.5940215e-08   8.0218541e-08   8.2493891e-08   8.8314515e-08   8.7107978e-08   8.1773734e-08   8.4445517e-08   8.2136189e-08   9.1677776e-08   8.6512806e-08   8.2697603e-08   9.0186639e-08
   0.0000000e+00  -1.4759170e-06   5.3597223e-08   8.9904475e-08   8.9792863e-08   8.3117321e-08   8.9460649e-08   8.0569777e-08   8.6085585e-08   8.5134779e-08   8.2473903e-08   8.5246448e-08   8.1222439e-08   8.9163919e-08   8.4493408e-08   7.9378943e-08   8.1251770e-08   8.8464716e-08   8.7556998e-08   8.2945604e-08   9.0550692e-08   8.3064137e-08   8.4956106e-08
   0.0000000e+00  -1.4755810e-06   5.1664284e-08   8.5070369e-08   8.9513563e-08   8.5410072e-08   9.0942166e-08   8.5528860e-08   8.8858094e-08   8.3654406e-08   8.5418392e-08   8.0061469e-08   8.1980836e-08   8.6078053e-08   9.0415796e-08   8.2269274e-08   7.9544037e-08   7.9329794e-08   8.1478852e-08   8.1996113e-08   9.0958380e-08   8.7051454e-08   9.0834632e-08
   0.0000000e+00  -1.4746435e-06   5.2971394e-08   8.3355040e-08   8.7226120e-08   8.7751310e-08   9.0668749e-08   8.6033040e-08   9.1396707e-08   8.0727148e-08   8.5077460e-08   8.8650680e-08   9.0339192e-08   8.4519279e-08   9.1207802e-08   8.6519236e-08   9.0791346e-08   8.5389203e-08   8.4209390e-08   8.2955488e-08   8.3371134e-08   9.0514249e-08   8.9222404e-08
   0.0000000e+00  -1.4689169e-06   5.2207866e-08   8.7847432e-08   8.2430013e-08   8.7746834e-08   8.8685354e-08   8.2828599e-08   8.6631786e-08   8.0136545e-08   8.9622517e-08   8.1575116e-08   8.7377622e-08   8.2969883e-08   8.1789317e-08   8.3630582e-08   8.6649770e-08   8.1121875e-08   8.3182748e-08   8.3973887e-08   9.1067733e-08   8.8398366e-08   8.6711196e-08
   0.0000000e+00  -1.4692918e-06   5.2231591e-08   8.3797012e-08   8.3382893e-08   8.2202199e-08   8.5078455e-08   8.9338016e-08   8.1509874e-08   8.6573884e-08   8.4523265e-08   8.1909903e-08   8.3813063e-08   8.9685670e-08   8.8381995e-08   8.0948510e-08   8.3547171e-08   8.4869491e-08   8.9057089e-08   8.9296961e-08   9.1918189e-08   9.1365450e-08   8.5477325e-08
   0.0000000e+00  -1.4711393e-06   5.0838974e-08   8.2618961e-08   8.4064837e-08   8.9711570e-08   8.7604391e-08   8.1634987e-08   8.5840590e-08   9.0449255e-08   8.9739615e-08   8.1980922e-08   8.0722764e-08   8.6035755e-08   8.8609674e-08   8.6782272e-08   8.3548890e-08   8.8781725e-08   8.6171710e-08   8.8770996e-08   8.5835076e-08   8.4593800e-08   8.2910802e-08
   0.0000000e+00  -1.4721680e-06   5.1334887e-08   8.4149939e-08   8.6791538e-08   8.6430475e-08   8.9603880e-08   8.1765172e-08   8.7785814e-08   8.0574239e-08   8.7501178e-08   9.1556657e-08   9.0884406e-08   9.0901949e-08   8.9887287e-08   8.9825186e-08   8.4702236e-08   8.3111125e-08   8.1336211e-08   9.1356242e-08   8.5348475e-08   8.6811099e-08   8.9973994e-08
   0.0000000e+00  -1.4737108e-06   4.6958490e-08   8.8427825e-08   8.9445123e-08   8.5531077e-08   8.4697206e-08   8.1291589e-08   8.5642434e-08   8.6339810e-08   8.8791438e-08   8.3037598e-08   8.1767716e-08   8.8211479e-08   8.6731539e-08   8.6572406e-08   8.3873992e-08   8.9114941e-08   8.8817082e-08   9.0034867e-08   7.9854331e-08   8.4130654e-08   7.9980957e-08
   0.0000000e+00  -1.4735275e-06   4.6626109e-08   8.7476586e-08   8.9518842e-08   8.9154156e-08   8.3751900e-08   8.6722771e-08   8.9821057e-08   8.2505473e-08   8.3766949e-08   8.4671399e-08   8.2826844e-08   8.0717449e-08   8.3128164e-08   8.1749185e-08   8.8494140e-08   8.8733493e-08   8.2563822e-08   8.8950017e-08   8.4428017e-08   8.9419515e-08   8.4102069e-08
   0.0000000e+00  -1.4744282e-06   5.4353524e-08   8.5772008e-08   8.5551882e-08   8.2142677e-08   8.3192006e-08   8.8105907e-08   8.5938652e-08   8.7552500e-08   8.2033111e-08   8.0755939e-08   8.2235260e-08   8.9108298e-08   8.4459003e-08   8.1941600e-08   8.0101252e-08   8.1571663e-08   9.1415416e-08   8.6066699e-08   9.1122146e-08   8.1389551e-08   8.7666592e-08
   0.0000000e+00  -1.4723070e-06   5.2806080e-08   8.2196863e-08   8.9786631e-08   8.4589175e-08   8.7032213e-08   8.1372654e-08   8.0966352e-08   8.9330349e-08   8.9603617e-08   8.9450033e-08   8.0331048e-08   8.4619103e-08   8.8747605e-08   9.1309438e-08   8.0961378e-08   8.3646064e-08   8.8580492e-08   8.3933315e-08   8.6575369e-08   8.7978727e-08   9.0103320e-08
   0.0000000e+00  -1.4742678e-06   4.6591634e-08   8.6666034e-08   8.4623245e-08   8.3939263e-08   9.1401290e-08   8.5342172e-08   8.3498087e-08   8.5259565e-08   9.0743043e-08   8.2063515e-08   8.3163954e-08   8.0077847e-08   7.9980637e-08   8.5737696e-08   8.9715328e-08   8.2643837e-08   8.1995935e-08   8.2149455e-08   8.1229231e-08   8.3645190e-08   8.9586727e-08
   0.0000000e+00  -1.4697896e-06   4.8791954e-08   8.1507437e-08   8.2337031e-08   8.9072671e-08   8.9932605e-08   8.0434859e-08   8.3529031e-08   8.1732374e-08   8.4195946e-08   7.9452285e-08   7.9782119e-08   8.2699323e-08   8.4525659e-08   8.8662290e-08   8.8795737e-08   8.1676141e-08   8.7157680e-08   8.4756181e-08   8.8375934e-08   8.8537782e-08   8.2419717e-08
   0.0000000e+00  -1.4718094e-06   5.2274444e-08   8.1270592e-08   8.5305864e-08   8.8222350e-08   9.0713826e-08   8.6490594e-08   9.1010030e-08   8.5936875e-08   8.8890893e-08   8.7269505e-08   8.1576673e-08   9.1699519e-08   8.9673023e-08   9.0925461e-08   8.2012725e-08   8.7857870e-08   8.3782872e-08   8.6840181e-08   8.2541959e-08   8.6961258e-08   9.0434014e-08
   0.0000000e+00  -1.4713722e-06   4.7421732e-08   8.4427420e-08   8.6353850e-08   8.5747835e-08   8.5355445e-08   8.3819423e-08   8.4316262e-08   8.5328445e-08   8.1201868e-08   9.0985161e-08   8.6103057e-08   9.0825807e-08   8.8655405e-08   8.1253191e-08   8.8149918e-08   8.6191704e-08   8.8766718e-08   9.0869108e-08   8.4680977e-08   9.0564527e-08   8.9336176e-08
   0.0000000e+00  -1.4770726e-06   4.5354074e-08   8.4985885e-08   8.5417035e-08   9.0589218e-08   8.7995979e-08   8.8634053e-08   8.3006434e-08   8.3325304e-08   8.9771028e-08   8.9402619e-08   8.1460989e-08   8.7359872e-08   8.5226681e-08   9.0966374e-08   9.1677776e-08   8.3488032e-08   8.9051653e-08   9.1869275e-08   8.0902389e-08   8.9202004e-08   8.4139984e-08
   0.0000000e+00  -1.4768552e-06   4.6212062e-08   8.8196693e-08   8.5786375e-08   8.9862723e-08   8.4786535e-08   8.5290232e-08   8.6286953e-08   8.1691070e-08   8.6752564e-08   8.8503974e-08   8.4219757e-08   8.9388706e-08   8.3882966e-08   8.7549019e-08   8.1937138e-08   8.3411251e-08   7.9923019e-08   8.7249276e-08   8.2833388e-08   8.8701469e-08   9.1953829e-08
   0.0000000e+00  -1.4711296e-06   5.2077702e-08   8.4703984e-08   9.0959773e-08   8.8463253e-08   8.8195762e-08   8.5527525e-08   8.8639474e-08   8.2724107e-08   8.5798916e-08   8.8081570e-08   7.9521143e-08   8.1618097e-08   8.6516906e-08   8.9473943e-08   8.2746674e-08   8.7759375e-08   8.7466645e-08   8.7123453e-08   8.1092708e-08   8.9057174e-08   8.0566622e-08
   0.0000000e+00  -1.4713050e-06   5.1056062e-08   8.7271815e-08   8.9521698e-08   8.6694172e-08   8.1568075e-08   8.9206814e-08   8.7001375e-08   8.5720387e-08   8.5397552e-08   8.8786337e-08   8.1128441e-08   7.9829583e-08   8.2928864e-08   8.1590883e-08   8.3318753e-08   8.9579508e-08   9.0200224e-08   8.2149043e-08   8.8928040e-08   9.1306397e-08   8.5585036e-08
   0.0000000e+00  -1.4760011e-06   5.4091426e-08   8.6747470e-08   8.2825608e-08   8.5214353e-08   8.8328676e-08   8.4843123e-08   8.4908805e-08   8.6206974e-08   8.2224439e-08   9.1151151e-08   8.2523741e-08   8.1938644e-08   8.9841805e-08   8.8561450e-08   9.0572229e-08   8.6277069e-08   8.5413816e-08   9.0225193e-08   8.3472571e-08   9.0581707e-08   8.1210956e-08
   0.0000000e+00  -1.4739810e-06   4.6688594e-08   8.8950387e-08   8.8037865e-08   9.0433275e-08   8.5617380e-08   8.6556199e-08   9.0503903e-08   8.1492637e-08   8.1090782e-08   8.8613959e-08   8.8680160e-08   8.2003979e-08   8.8929070e-08   7.9961481e-08   8.4671022e-08   9.0603720e-08   8.4102986e-08   9.1062461e-08   8.8544795e-08   9.1900617e-08   9.0688857e-08
   0.0000000e+00  -1.4777091e-06   4.6375522e-08   9.0168093e-08   8.8825921e-08   8.2743448e-08   8.0972384e-08   8.2480156e-08   8.7980297e-08   8.3783604e-08   8.2581550e-08   8.7437932e-08   8.2813180e-08   8.4927549e-08   8.7395719e-08   8.1634170e-08   8.5146411e-08   8.6317407e-08   8.6999009e-08   8.4620595e-08   8.4673495e-08   8.8238558e-08   9.1566925e-08
   0.0000000e+00  -1.4762875e-06   4.9816137e-08   8.9711953e-08   8.6563034e-08   8.7770779e-08   8.3150987e-08   8.4375436e-08   8.2645890e-08   8.9190905e-08   8.9943335e-08   8.6958515e-08   8.0810182e-08   8.6646118e-08   8.5106919e-08   8.4735667e-08   8.7526260e-08   8.6894957e-08   8.3543689e-08   8.1945956e-08   8.4728718e-08   8.2775557e-08   8.6575241e-08
   0.0000000e+00  -1.4714225e-06   4.6880807e-08   8.8038767e-08   9.0568165e-08   8.8631232e-08   8.2535372e-08   8.7255813e-08   8.7532335e-08   8.1790006e-08   8.3892239e-08   8.1890384e-08   7.9588801e-08   8.4079794e-08   8.8515321e-08   8.4466826e-08   9.1641532e-08   8.6097884e-08   8.5187018e-08   8.6836728e-08   9.1247536e-08   8.2914056e-08   8.8031634e-08
   0.0000000e+00  -1.4717471e-06   4.5559492e-08   8.5077247e-08   8.4549924e-08   8.3171287e-08   8.3736460e-08   8.0086089e-08   8.2303252e-08   8.3964970e-08   9.0944425e-08   8.7223114e-08   8.4593644e-08   8.6012264e-08   9.1398185e-08   8.6261117e-08   8.5326782e-08   8.9652147e-08   8.6355925e-08   8.8292630e-08   9.2369689e-08   8.9214936e-08   8.5621245e-08
   0.0000000e+00  -1.4712305e-06   4.8617071e-08   8.2741124e-08   8.0626307e-08   8.4808370e-08   8.9164878e-08   8.5003904e-08   8.5261235e-08   7.9560543e-08   8.2607578e-08   8.0722550e-08   9.1808516e-08   9.1599929e-08   9.2021921e-08   8.7182457e-08   8.1047887e-08   9.1250264e-08   8.1125606e-08   7.9715008e-08   9.1590891e-08   8.7992106e-08   8.2548716e-08
   0.0000000e+00  -1.4694857e-06   4.9938333e-08   8.1874006e-08   8.6775344e-08   8.3636728e-08   9.0730978e-08   8.6356636e-08   8.3065849e-08   8.3403201e-08   8.8912365e-08   8.1113825e-08   8.9783107e-08   8.6614904e-08   8.1333610e-08   8.0232631e-08   8.5284405e-08   8.4158728e-08   8.4678405e-08   8.3008558e-08   7.9401161e-08   8.2545014e-08   8.0012818e-08
   0.0000000e+00  -1.4701698e-06   5.3940127e-08   8.4566970e-08   9.0923876e-08   8.5250321e-08   8.6221199e-08   8.4181131e-08   8.1759325e-08   8.2901096e-08   9.0633399e-08   8.0497657e-08   7.9426044e-08   8.0977358e-08   8.4655213e-08   8.0505515e-08   8.3127127e-08   8.5552529e-08   8.5684370e-08   8.2389235e-08   8.3939653e-08   9.1797808e-08   8.4948951e-08
   0.0000000e+00  -1.4744904e-06   5.4929636e-08   8.1989285e-08   9.0499441e-08   9.0634103e-08   8.1667260e-08   8.1137067e-08   8.5115879e-08   8.8857178e-08   8.7428475e-08   8.0965080e-08   8.2516593e-08   8.4643581e-08   8.7455945e-08   8.9448314e-08   8.3712465e-08   8.1042906e-08   9.0119840e-08   8.1841385e-08   8.6283549e-08   9.1813774e-08   8.5437399e-08
   0.0000000e+00  -1.4706269e-06   5.4348043e-08   8.4092399e-08   8.9526175e-08   8.7867029e-08   8.8828060e-08   8.2084490e-08   8.9621771e-08   9.1054886e-08   8.8688559e-08   8.3887819e-08   8.0068631e-08   9.0149456e-08   8.0967219e-08   8.0720724e-08   7.8876944e-08   7.9160095e-08   8.2440970e-08   8.3814868e-08   8.1578229e-08   8.4648839e-08   8.5089695e-08
   0.0000000e+00  -1.4726661e-06   5.4914185e-08   8.2722046e-08   8.6645265e-08   8.4781519e-08   8.5721915e-08   8.2765567e-08   9.1104482e-08   8.5506059e-08   8.4163752e-08   8.8859231e-08   8.7345498e-08   8.3564018e-08   8.4545093e-08   9.0198988e-08   8.3481893e-08   8.7489227e-08   8.9090264e-08   8.8173550e-08   8.8531912e-08   8.2101693e-08   8.8033516e-08
   0.0000000e+00  -1.4728251e-06   5.1683191e-08   8.4354710e-08   8.8783771e-08   8.5159300e-08   8.8631936e-08   8.3544720e-08   8.3387249e-08   8.9421412e-08   9.0942336e-08   8.9566001e-08   8.7929024e-08   8.9306482e-08   8.7154639e-08   8.4854484e-08   8.8674057e-08   8.0679797e-08   8.2152908e-08   8.1005965e-08   8.5604739e-08   8.7482427e-08   9.0308980e-08
   0.0000000e+00  -1.4761172e-06   5.0134528e-08   8.2720298e-08   8.8314330e-08   8.1348780e-08   8.5012289e-08   8.1799250e-08   9.0435186e-08   8.7423224e-08   8.5997740e-08   8.6990077e-08   9.1421427e-08   8.0685631e-08   8.5086029e-08   8.0706009e-08   8.3447169e-08   8.9055419e-08   8.8258147e-08   8.4067409e-08   8.9891728e-08   8.3630653e-08   8.1984844e-08
   0.0000000e+00  -1.4741311e-06   4.7391666e-08   8.5957197e-08   8.7094691e-08   8.7541196e-08   8.3491038e-08   8.6859899e-08   8.7713211e-08   8.2299330e-08   8.3927198e-08   8.4035811e-08   8.4581544e-08   8.4680323e-08   8.3398774e-08   8.8057782e-08   8.7355978e-08   8.8021864e-08   8.1674827e-08   9.0942265e-08   8.7701245e-08   8.3038906e-08   8.7730385e-08
   0.0000000e+00  -1.4723282e-06   5.1415576e-08   8.9259913e-08   8.4422382e-08   8.7739906e-08   8.0644448e-08   9.0001983e-08   8.8477812e-08   9.0045035e-08   8.5698531e-08   8.8213085e-08   8.8330786e-08   8.3218261e-08   8.5666464e-08   8.5245595e-08   8.3430379e-08   8.5558661e-08   8.1394944e-08   9.1352540e-08   8.9684882e-08   8.2231963e-08   9.1893646e-08
   0.0000000e+00  -1.4720388e-06   4.7425132e-08   8.6090715e-08   8.6825608e-08   8.5194166e-08   8.0764522e-08   8.8332051e-08   8.2938371e-08   8.6101544e-08   7.9878468e-08   8.7245105e-08   8.1030613e-08   8.0641847e-08   8.6400661e-08   8.8775913e-08   7.9555775e-08   7.9853336e-08   7.9446174e-08   8.2159112e-08   8.3473736e-08   9.0944376e-08   8.9713531e-08
   0.0000000e+00  -1.4759265e-06   4.9794682e-08   8.8241123e-08   8.2010402e-08   8.5690395e-08   9.0724349e-08   8.8382066e-08   8.0221398e-08   7.9706503e-08   8.1331414e-08   8.0762319e-08   8.2759477e-08   8.0084455e-08   9.1372144e-08   9.0449262e-08   8.8999904e-08   8.6705882e-08   9.0002693e-08   8.0976193e-08   8.3030010e-08   9.1622809e-08   9.0030788e-08
   0.0000000e+00  -1.4763589e-06   4.6505857e-08   8.5994955e-08   8.9576098e-08   8.3530928e-08   9.0321947e-08   8.7291511e-08   8.6418339e-08   8.4329322e-08   8.4171518e-08   8.8656577e-08   8.4717307e-08   8.8230550e-08   8.1161666e-08   9.0553186e-08   9.1389367e-08   8.7407749e-08   8.6035158e-08   9.0604544e-08   8.4245301e-08   8.2763158e-08   8.5454850e-08
   0.0000000e+00  -1.4766500e-06   5.0983665e-08   8.2630280e-08   8.8037943e-08   9.0369241e-08   8.0914852e-08   8.3663764e-08   8.4349175e-08   8.6727603e-08   8.6159659e-08   8.2729677e-08   8.5539170e-08   8.4315843e-08   8.1933187e-08   8.2950372e-08   8.9946532e-08   8.1698417e-08   9.1542780e-08   9.1798675e-08   8.3089965e-08   8.1472066e-08   8.9991218e-08
   0.0000000e+00  -1.4705178e-06   4.8547861e-08   8.1532811e-08   8.1902208e-08   9.0441532e-08   8.0178879e-08   8.5440369e-08   9.0593971e-08   8.1902456e-08   8.5358494e-08   8.1177738e-08   9.1639833e-08   8.9603411e-08   8.3985903e-08   8.1622723e-08   9.1957389e-08   8.6759933e-08   8.5666350e-08   8.6831186e-08   9.0299430e-08   8.4010900e-08   8.7213422e-08
   0.0000000e+00  -1.4720060e-06   5.0302631e-08   8.2587491e-08   8.0262367e-08   8.5811109e-08   8.2470052e-08   8.6278305e-08   8.6684558e-08   8.9193513e-08   8.0363726e-08   8.0844806e-08   9.1371874e-08   8.4667043e-08   9.1219825e-08   8.6988244e-08   9.0473762e-08   9.0130577e-08   8.4660599e-08   8.9587608e-08   8.4223842e-08   8.8216545e-08   8.2295806e-08
   0.0000000e+00  -1.4733765e-06   5.3116111e-08   8.8280892e-08   8.3833626e-08   8.2061860e-08   8.6649870e-08   8.8022425e-08   8.7579821e-08   8.3455532e-08   8.1887492e-08   8.1424304e-08   8.2282234e-08   8.8802608e-08   8.1109114e-08   8.8945050e-08   8.0523783e-08   8.4126775e-08   8.7316394e-08   8.9268909e-08   8.6539970e-08   8.6028784e-08   8.2330175e-08
   0.0000000e+00  -1.4707343e-06   5.4590281e-08   8.8399055e-08   8.4993758e-08   8.1934623e-08   8.9946973e-08   9.0560867e-08   8.9975970e-08   8.7820027e-08   8.7400352e-08   8.1575124e-08   7.9840795e-08   8.4852374e-08   8.3009574e-08   8.2492257e-08   8.6186269e-08   8.6990354e-08   8.3228855e-08   8.8524217e-08   8.1442430e-08   8.9796288e-08   8.5949374e-08
   0.0000000e+00  -1.4750650e-06   4.9491284e-08   8.7438089e-08   8.4136921e-08   8.9823828e-08   8.3689542e-08   8.0370839e-08   9.0108067e-08   9.1533863e-08   8.4389910e-08   8.2672535e-08   7.9596120e-08   9.1463860e-08   9.0471133e-08   9.0018425e-08   8.1542609e-08   8.0256243e-08   8.8529845e-08   8.7491287e-08   8.4498048e-08   8.1459866e-08   8.1283474e-08
   0.0000000e+00  -1.4725069e-06   5.3608730e-08   8.3229864e-08   8.4542648e-08   8.6805180e-08   8.3798277e-08   8.0454932e-08   8.4800327e-08   8.4032990e-08   7.9850352e-08   7.9888785e-08   8.0860062e-08   9.0746290e-08   9.1297842e-08   8.4199030e-08   9.1457970e-08   8.5308379e-08   8.3316884e-08   8.6159176e-08   8.0445446e-08   8.6327944e-08   8.7330655e-08
   0.0000000e+00  -1.4749098e-06   4.7222919e-08   8.9031310e-08   8.3728231e-08   8.9107800e-08   8.9269236e-08   9.0543779e-08   8.8375032e-08   8.6657380e-08   8.5817163e-08   8.6638778e-08   8.6484938e-08   8.7529052e-08   8.7931745e-08   8.7622247e-08   8.4956341e-08   8.0992997e-08   9.1643841e-08   8.6006551e-08   9.0507875e-08   8.1236976e-08   8.8010069e-08
   0.0000000e+00  -1.4755808e-06   4.9816833e-08   8.7267047e-08   8.6914142e-08   9.1757627e-08   8.5602053e-08   9.0915385e-08   8.7079123e-08   8.8898453e-08   8.3418911e-08   8.4124366e-08   8.7287930e-08   8.5998728e-08   9.0135458e-08   8.8177835e-08   9.0673538e-08   8.3110578e-08   8.9384706e-08   8.5117613e-08   8.8091156e-08   8.8112145e-08   9.1508952e-08
   0.0000000e+00  -1.4757048e-06   4.9383758e-08   8.8505061e-08   8.7088296e-08   9.1262621e-08   9.0022546e-08   8.8857256e-08   8.0713249e-08   8.0016548e-08   8.2820527e-08   8.3694694e-08   8.0811382e-08   8.9235108e-08   8.9768292e-08   8.3191118e-08   8.1337760e-08   7.9628293e-08   8.1129123e-08   8.9652048e-08   8.3483506e-08   8.9709147e-08   8.3195651e-08
   0.0000000e+00  -1.4736692e-06   4.6338055e-08   8.7463725e-08   8.7963123e-08   9.0793016e-08   8.4924551e-08   8.5449066e-08   8.3070873e-08   8.0958586e-08   8.9781288e-08   8.2995399e-08   8.8721798e-08   8.7571742e-08   9.1958526e-08   9.1452186e-08   8.1941884e-08   8.8443407e-08   8.0895958e-08   7.9641659e-08   8.8749999e-08   8.1118571e-08   8.0149519e-08
   0.0000000e+00  -1.4716746e-06   5.0247426e-08   8.4172882e-08   8.2029096e-08   8.9867989e-08   9.0546621e-08   8.0534271e-08   8.1464940e-08   8.7781729e-08   8.0463636e-08   8.6629107e-08   8.4415305e-08   8.1039872e-08   8.5475421e-08   8.3342925e-08   8.4027398e-08   8.3170427e-08   9.0695231e-08   8.7720871e-08   8.4204103e-08   8.8760082e-08   8.7541935e-08
   0.0000000e+00  -1.4721430e-06   4.7050118e-08   8.5425143e-08   8.5323023e-08   9.0656378e-08   8.2924899e-08   8.0758355e-08   8.6173948e-08   8.3362551e-08   8.0384083e-08   7.9954056e-08   8.0170672e-08   8.2514354e-08   8.1418904e-08   8.0420101e-08   8.3125101e-08   7.9775184e-08   8.3013013e-08   8.0127400e-08   8.6221839e-08   7.9931617e-08   8.0004057e-08
   0.0000000e+00  -1.4723822e-06   5.2296272e-08   8.1017006e-08   8.3545395e-08   8.3221025e-08   8.3527716e-08   9.0707601e-08   9.1065907e-08   8.4785661e-08   9.0281517e-08   8.9117236e-08   8.9886967e-08   8.6546336e-08   8.4780396e-08   9.0492556e-08   8.9144905e-08   8.4655312e-08   8.3973227e-08   9.1123802e-08   9.1223384e-08   8.9807514e-08   8.1175827e-08
   0.0000000e+00  -1.4710574e-06   4.9322814e-08   8.7068585e-08   8.3035772e-08   8.0081108e-08   9.0510468e-08   8.8614257e-08   8.8363073e-08   8.4100961e-08   8.0274944e-08   8.4296246e-08   8.4655674e-08   8.4052054e-08   8.8213064e-08   8.5853081e-08   8.3001829e-08   8.2885158e-08   8.9315868e-08   9.0318196e-08   8.6177586e-08   8.9608939e-08   8.4015490e-08
   0.0000000e+00  -1.4754504e-06   5.2164140e-08   8.5765592e-08   8.7467804e-08   8.0578083e-08   8.6569109e-08   8.0121097e-08   8.8615444e-08   8.5903878e-08   8.4931600e-08   8.1949359e-08   8.3052250e-08   8.2111818e-08   8.2905167e-08   8.2983014e-08   8.3933166e-08   8.5041258e-08   8.4208637e-08   8.2478280e-08   8.1897944e-08   9.1917720e-08   9.1102635e-08
   0.0000000e+00  -1.4769290e-06   5.4526168e-08   8.8356636e-08   9.0546131e-08   8.1226489e-08   8.6613994e-08   8.0238166e-08   9.0767472e-08   8.9698375e-08   8.3455859e-08   8.9971714e-08   7.9846330e-08   8.5543753e-08   8.2504108e-08   8.8900435e-08   8.6317883e-08   9.0369362e-08   8.9484956e-08   8.6141739e-08   7.9434166e-08   8.8790017e-08   8.2619366e-08
   0.0000000e+00  -1.4731486e-06   5.1474270e-08   8.1005254e-08   8.5208178e-08   8.4748336e-08   8.7055191e-08   8.3946318e-08   8.3642654e-08   8.9913080e-08   8.6711324e-08   8.7618204e-08   8.4769901e-08   8.5544691e-08   9.0944596e-08   8.6124494e-08   8.5499401e-08   8.9064713e-08   8.8096904e-08   9.1260802e-08   8.0470016e-08   8.8490545e-08   8.6870472e-08
   0.0000000e+00  -1.4725655e-06   4.6457700e-08   8.0888363e-08   8.2320604e-08   8.1337220e-08   8.6222990e-08   8.2792447e-08   8.9554320e-08   8.2371876e-08   7.9783078e-08   8.1475108e-08   9.0846626e-08   8.8506894e-08   8.7374012e-08   9.0338474e-08   8.0490864e-08   8.2346901e-08   8.1254100e-08   8.8804690e-08   9.1460258e-08   8.6165656e-08   8.1607453e-08
   0.0000000e+00  -1.4699025e-06   4.6549005e-08   8.7662002e-08   9.0551389e-08   8.2027640e-08   8.8652840e-08   7.9739294e-08   8.5346876e-08   8.7132136e-08   8.7636110e-08   9.1976169e-08   9.1260176e-08   8.2408313e-08   8.9063548e-08   7.9743401e-08   8.0401399e-08   8.4337280e-08   9.1234554e-08   8.1950134e-08   8.2572441e-08   9.0072696e-08   9.0323887e-08
   0.0000000e+00  -1.4682267e-06   5.3549545e-08   8.9068735e-08   9.0624170e-08   8.5452129e-08   8.1053130e-08   8.0795644e-08   8.6684949e-08   8.1988567e-08   8.7539988e-08   9.0710685e-08   8.2347903e-08   8.5566072e-08   8.9680626e-08   8.5866063e-08   8.9059448e-08   8.0161087e-08   8.4593971e-08   9.1304713e-08   8.5474916e-08   8.4206263e-08   8.6667541e-08
   0.0000000e+00  -1.4682906e-06   5.0894553e-08   8.9127916e-08   8.8697874e-08   8.7526324e-08   8.3058460e-08   8.0421408e-08   8.7442615e-08   8.3949175e-08   9.0064674e-08   8.2703444e-08   8.5839780e-08   9.2063758e-08   9.0598398e-08   9.0287450e-08   8.3685158e-08   8.1392919e-08   8.6965493e-08   8.9109690e-08   8.1874695e-08   8.5229992e-08   8.6837815e-08
   0.0000000e+00  -1.4702661e-06   5.5061939e-08   9.0669694e-08   8.1303014e-08   8.5603148e-08   8.6907072e-08   8.1061323e-08   8.7574406e-08   8.5391804e-08   7.9715129e-08   8.1943909e-08   8.2363130e-08   9.0538038e-08   8.5381416e-08   8.0493884e-08   8.6330267e-08   8.3594628e-08   7.9800742e-08   8.0932942e-08   8.6902453e-08   8.2360266e-08   8.5864379e-08
   0.0000000e+00  -1.4750848e-06   5.0864600e-08   8.8303800e-08   8.5478035e-08   8.1702780e-08   8.8661757e-08   8.4775195e-08   8.1232074e-08   8.2797122e-08   8.0165186e-08   8.3454040e-08   8.5402938e-08   8.6279620e-08   8.3309907e-08   8.9939562e-08   8.6936971e-08   9.0488726e-08   8.7855256e-08   8.7776080e-08   8.3206871e-08   9.1158235e-08   8.7652658e-08
   0.0000000e+00  -1.4747353e-06   4.8986664e-08   8.4373752e-08   8.7484260e-08   8.8570367e-08   8.4374065e-08   8.5576140e-08   8.1355758e-08   9.0226663e-08   8.8619963e-08   8.6193708e-08   8.7539036e-08   8.8939800e-08   8.4826880e-08   8.6384325e-08   8.4698627e-08   8.0498786e-08   8.9734350e-08   8.8911449e-08   8.7584183e-08   8.1452896e-08   8.8792405e-08
   0.0000000e+00  -1.4716462e-06   5.4719905e-08   8.2185089e-08   8.1644536e-08   8.3754053e-08   8.4034113e-08   8.4908208e-08   8.9364399e-08   8.2387274e-08   9.1201223e-08   9.0457448e-08   8.7615199e-08   9.0749069e-08   8.0409322e-08   8.5269576e-08   8.4988777e-08   7.9655706e-08   8.5866326e-08   8.2849489e-08   8.9805511e-08   8.9100226e-08   8.6293944e-08
   0.0000000e+00  -1.4728299e-06   5.3751318e-08   8.4565016e-08   8.9401738e-08   8.7244651e-08   8.2061938e-08   8.0078948e-08   8.8821437e-08   8.6117048e-08   8.2188258e-08   9.1616286e-08   9.1997343e-08   8.5511125e-08   7.9757520e-08   7.9507146e-08   8.2361275e-08   8.7676405e-08   8.7804516e-08   8.9687767e-08   8.2338666e-08   8.9975160e-08   8.5268319e-08
   0.0000000e+00  -1.4705447e-06   5.1249131e-08   8.2982140e-08   8.1000856e-08   8.0709491e-08   8.1372434e-08   8.2428777e-08   8.8267477e-08   8.3157545e-08   8.9910344e-08   8.3218197e-08   9.1058801e-08   8.8074138e-08   7.9512098e-08   8.5666564e-08   8.8319005e-08   8.4273104e-08   8.5458737e-08   8.0504670e-08   8.2866045e-08   8.1984673e-08   8.0618179e-08
   0.0000000e+00  -1.4722074e-06   4.7431854e-08   8.0794237e-08   8.2898801e-08   8.7483052e-08   8.6429118e-08   8.6287990e-08   8.1133450e-08   8.4395872e-08   8.9006626e-08   8.9223811e-08   8.2902233e-08   8.6329997e-08   8.3790866e-08   8.9871861e-08   8.0132459e-08   8.2421856e-08   8.6094822e-08   8.1486874e-08   8.1936655e-08   8.8414389e-08   8.0112109e-08
   0.0000000e+00  -1.4693003e-06   5.1898112e-08   8.7773117e-08   8.6459814e-08   8.5307171e-08   8.3824652e-08   8.4001087e-08   8.5667807e-08   8.9358409e-08   9.0152170e-08   8.6069093e-08   8.5458630e-08   8.1058161e-08   8.0744414e-08   8.2659042e-08   8.3014086e-08   8.8415113e-08   8.2594141e-08   8.8158210e-08   9.0476995e-08   8.6820997e-08   8.9392898e-08
   0.0000000e+00  -1.4717862e-06   4.9804726e-08   8.4840238e-08   8.1951598e-08   8.1349825e-08   8.0062335e-08   8.8680537e-08   8.0907732e-08   8.8411660e-08   8.6950536e-08   8.2962551e-08   8.6972392e-08   8.6359975e-08   8.0198738e-08   8.7038103e-08   8.1284448e-08   8.9680576e-08   8.1069565e-08   8.1284888e-08   8.0676415e-08   8.7766608e-08   8.0688586e-08
   0.0000000e+00  -1.4685407e-06   5.3098184e-08   8.2483062e-08   8.9045329e-08   8.1751345e-08   8.1505860e-08   8.1808473e-08   8.5857081e-08   9.0242317e-08   8.4582140e-08   8.0740527e-08   8.9878689e-08   8.1551306e-08   9.0565827e-08   7.9842515e-08   8.2318898e-08   8.3923197e-08   8.1164934e-08   9.1452065e-08   9.1132272e-08   8.0820591e-08   8.8071488e-08
   0.0000000e+00  -1.4692466e-06   5.3067854e-08   8.7208662e-08   8.9929628e-08   8.0924572e-08   8.7520156e-08   8.7951712e-08   8.3113562e-08   8.5237346e-08   8.4705839e-08   8.5926885e-08   8.6256271e-08   8.2693454e-08   9.1594757e-08   8.3405510e-08   8.5766764e-08   8.6777312e-08   9.1401134e-08   8.2265636e-08   8.1066162e-08   8.5017170e-08   8.2646025e-08
   0.0000000e+00  -1.4749795e-06   5.2867414e-08   8.5795598e-08   8.6702059e-08   8.5715413e-08   8.1933869e-08   8.0591981e-08   9.0240349e-08   8.8232191e-08   8.1132939e-08   8.5525357e-08   8.9436881e-08   8.1938900e-08   8.4067182e-08   8.7783746e-08   8.3937010e-08   8.4594738e-08   8.8678362e-08   8.2095845e-08   8.8648576e-08   8.1496182e-08   8.4737415e-08
   0.0000000e+00  -1.4705630e-06   5.4097132e-08   8.1390780e-08   8.5193491e-08   8.8951779e-08   8.6174317e-08   8.5334783e-08   8.6210015e-08   8.1447851e-08   8.0373908e-08   8.3453067e-08   8.8933589e-08   8.7393090e-08   8.1391704e-08   8.0890302e-08   8.9955570e-08   8.7525500e-08   8.9388990e-08   8.2361801e-08   8.6261998e-08   8.6619643e-08   8.5199559e-08
   0.0000000e+00  -1.4704101e-06   5.2451110e-08   8.1247592e-08   8.7036305e-08   8.8606626e-08   8.0851663e-08   8.6366406e-08   8.5323485e-08   8.4843016e-08   9.0872092e-08   8.3023423e-08   8.0143387e-08   8.1409418e-08   8.5218495e-08   8.8676941e-08   8.7849067e-08   8.8566871e-08   8.6292893e-08   8.9326292e-08   9.1534133e-08   8.3125805e-08   8.4297362e-08
   0.0000000e+00  -1.4742486e-06   4.9673407e-08   8.5282139e-08   8.1931510e-08   8.7864599e-08   8.5441748e-08   8.4267995e-08   8.0174146e-08   9.1001056e-08   8.4532331e-08   8.5879051e-08   8.4652314e-08   8.8441688e-08   8.9379675e-08   8.9060563e-08   8.2779486e-08   8.2341451e-08   8.4949988e-08   8.8121162e-08   8.8128466e-08   8.1615816e-08   8.2916010e-08
   0.0000000e+00  -1.4766758e-06   4.9269776e-08   8.1617955e-08   8.5479833e-08   8.3606466e-08   8.3054331e-08   9.0931543e-08   8.3265348e-08   8.9378737e-08   9.0386386e-08   8.9529102e-08   8.4153783e-08   8.7537586e-08   8.1610260e-08   8.5703199e-08   9.1139356e-08   8.0059095e-08   9.0942606e-08   8.8921972e-08   9.1923759e-08   8.2757467e-08   8.3567649e-08
   0.0000000e+00  -1.4718381e-06   4.8081780e-08   8.6739092e-08   8.3955015e-08   8.9962846e-08   9.1541075e-08   8.7999183e-08   8.6222293e-08   8.6996032e-08   8.4407404e-08   8.2815326e-08   8.9225239e-08   8.9472913e-08   8.4258069e-08   8.7960203e-08   9.1565163e-08   8.8446278e-08   8.6137753e-08   9.1194565e-08   9.1661278e-08   8.2930647e-08   8.7066368e-08
   0.0000000e+00  -1.4727224e-06   5.3937871e-08   8.1100758e-08   8.5656779e-08   8.3756454e-08   9.0872810e-08   9.0933973e-08   9.1108134e-08   8.4712859e-08   8.1803499e-08   9.0018432e-08   8.0323531e-08   8.1332985e-08   8.0444771e-08   7.9774267e-08   8.5863320e-08   8.9135170e-08   8.5910443e-08   8.2370391e-08   8.6468837e-08   8.2428400e-08   8.5326953e-08
   0.0000000e+00  -1.4735679e-06   5.0177551e-08   8.4942357e-08   8.0689034e-08   8.4824151e-08   8.4283485e-08   8.0428940e-08   8.2319296e-08   7.9760632e-08   8.0240426e-08   8.9844207e-08   8.2830127e-08   8.6242324e-08   8.6569884e-08   8.6559460e-08   8.4726928e-08   8.8904685e-08   8.6720483e-08   7.9712635e-08   8.0849048e-08   8.4923869e-08   8.3728125e-08
   0.0000000e+00  -1.4741306e-06   4.6944354e-08   8.1815529e-08   8.0985153e-08   8.1689450e-08   8.8659796e-08   8.5221913e-08   8.0026780e-08   8.6633882e-08   8.8659384e-08   8.2480234e-08   8.6559339e-08   9.1488936e-08   8.2844679e-08   8.5389246e-08   8.8177956e-08   9.0888705e-08   8.0929269e-08   8.4029750e-08   9.0275769e-08   8.2321584e-08   9.1643095e-08
   0.0000000e+00  -1.4727550e-06   5.0693632e-08   8.0360529e-08   8.6145448e-08   8.1456115e-08   8.8967433e-08   8.0445673e-08   8.5860769e-08   9.0316661e-08   8.4636170e-08   8.2497010e-08   8.8860091e-08   9.1003962e-08   8.3875591e-08   9.0572541e-08   7.9919054e-08   7.9900040e-08   9.0268280e-08   8.1980097e-08   8.9971891e-08   8.9245724e-08   8.1167400e-08
   0.0000000e+00  -1.4749585e-06   5.3306646e-08   8.1284853e-08   8.2260925e-08   8.0195136e-08   9.0349140e-08   8.7282132e-08   8.6353353e-08   8.4003801e-08   9.1346699e-08   8.8875382e-08   8.3717538e-08   8.2795999e-08   8.0992770e-08   8.9119418e-08   8.8736329e-08   8.4916167e-08   8.9165425e-08   8.8997567e-08   8.6538840e-08   8.0697369e-08   8.1537713e-08
   0.0000000e+00  -1.4738408e-06   4.7942539e-08   8.6397506e-08   8.5727550e-08   8.4594781e-08   8.7209273e-08   8.8191712e-08   8.5001801e-08   8.9711037e-08   8.5952166e-08   8.7159627e-08   8.6506645e-08   8.4190461e-08   8.2920486e-08   8.9566377e-08   8.1101355e-08   8.3532882e-08   8.7352042e-08   8.9211639e-08   8.5092623e-08   8.6829907e-08   8.8152660e-08
   0.0000000e+00  -1.4764483e-06   4.5833122e-08   8.4155651e-08   8.6465775e-08   9.0721066e-08   8.6226841e-08   8.7110145e-08   8.5289891e-08   8.6368154e-08   9.0506433e-08   8.4318820e-08   8.7096666e-08   9.1230092e-08   8.2183945e-08   8.3181902e-08   8.1938971e-08   9.0388703e-08   8.8938236e-08   8.9569717e-08   9.0627061e-08   7.9875804e-08   8.3888743e-08
   0.0000000e+00  -1.4713012e-06   4.9910888e-08   8.2315786e-08   8.9191296e-08   8.9008758e-08   8.8991840e-08   8.5198351e-08   8.7265533e-08   8.3636216e-08   9.1072160e-08   8.6865370e-08   8.7777543e-08   9.1270500e-08   9.1423878e-08   8.8547687e-08   8.4959538e-08   8.8924928e-08   8.5683048e-08   8.4559005e-08   8.7003961e-08   8.9247415e-08   9.1442736e-08
   0.0000000e+00  -1.4757611e-06   4.6474870e-08   8.0626059e-08   8.8027726e-08   8.4582574e-08   8.2532637e-08   8.8074529e-08   8.8193190e-08   8.6483503e-08   8.5256573e-08   8.2971717e-08   7.9857593e-08   8.4489294e-08   8.6626983e-08   8.8762675e-08   8.7416474e-08   9.1186877e-08   8.3490889e-08   8.1062709e-08   8.1567137e-08   8.0995072e-08   8.6963269e-08
   0.0000000e+00  -1.4715131e-06   5.2631190e-08   8.0311025e-08   8.8111896e-08   8.3210587e-08   8.0332100e-08   8.2418744e-08   8.8105011e-08   8.3072756e-08   8.6478330e-08   8.5199744e-08   8.4766214e-08   8.5340901e-08   8.3167748e-08   9.0916423e-08   9.0228404e-08   8.5413596e-08   8.2866478e-08   8.6982880e-08   8.2012924e-08   8.9222766e-08   8.5711733e-08
   0.0000000e+00  -1.4695599e-06   5.4141484e-08   8.1534516e-08   8.4534470e-08   8.3209599e-08   8.6588891e-08   9.0305591e-08   8.4071104e-08   8.9965468e-08   8.0506780e-08   8.1300975e-08   8.6129965e-08   8.8869591e-08   9.1751964e-08   8.8050683e-08   8.1124412e-08   8.4930178e-08   8.2967070e-08   7.9733134e-08   8.8245564e-08   9.1820823e-08   9.1330968e-08
   0.0000000e+00  -1.4695116e-06   5.2593798e-08   8.1581582e-08   8.1161062e-08   8.7928406e-08   8.1255294e-08   8.1738932e-08   9.0913552e-08   8.6205162e-08   7.9496900e-08   9.0107349e-08   8.8294406e-08   8.2249457e-08   9.1234696e-08   8.1345533e-08   8.2174914e-08   8.7876408e-08   8.0879310e-08   8.6614037e-08   8.9158753e-08   8.6057774e-08   9.0112032e-08
   0.0000000e+00  -1.4732243e-06   4.9617594e-08   8.8831108e-08   8.8833431e-08   8.9054211e-08   8.9006782e-08   8.7994891e-08   8.9445194e-08   8.4806985e-08   8.0623138e-08   9.1146696e-08   8.5341910e-08   8.6135003e-08   8.4235332e-08   8.5987310e-08   9.1299370e-08   8.4159680e-08   8.6526882e-08   8.4497060e-08   8.1956387e-08   8.6931905e-08   8.6897607e-08
   0.0000000e+00  -1.4742178e-06   4.6830163e-08   8.9026557e-08   8.7580162e-08   8.5558142e-08   9.0133689e-08   8.9775391e-08   8.9375327e-08   8.6594540e-08   8.6359876e-08   8.3830102e-08   7.9246931e-08   7.9769926e-08   8.1272709e-08   8.4423725e-08   8.4196003e-08   9.1551904e-08   8.1425775e-08   8.3180389e-08   7.9726711e-08   8.8502389e-08   8.0453717e-08
   0.0000000e+00  -1.4706628e-06   4.5949065e-08   8.3023089e-08   8.2147295e-08   9.0208466e-08   9.0497714e-08   8.6356181e-08   9.0762626e-08   8.1935958e-08   8.4986191e-08   8.0933319e-08   8.0650089e-08   8.7426336e-08   8.7641794e-08   8.0882572e-08   8.2149661e-08   9.1342642e-08   8.7367624e-08   8.3156188e-08   8.7156351e-08   8.6688779e-08   8.7531703e-08
   0.0000000e+00  -1.4753596e-06   4.7574556e-08   8.2096399e-08   8.0063728e-08   8.8699096e-08   8.1074795e-08   8.5236493e-08   8.4549882e-08   9.1557098e-08   9.1586436e-08   8.0652363e-08   8.7730122e-08   8.1011365e-08   8.9033961e-08   9.0951879e-08   8.2013749e-08   8.7754430e-08   8.9184830e-08   8.8206768e-08   8.4373532e-08   8.4475069e-08   8.5051205e-08
   0.0000000e+00  -1.4697163e-06   4.9920192e-08   8.6404057e-08   8.1742321e-08   8.8188926e-08   8.3049798e-08   8.9671786e-08   8.9279929e-08   8.9865615e-08   9.1904887e-08   9.0020812e-08   9.0063089e-08   9.1401851e-08   8.6531401e-08   8.1177063e-08   8.6924885e-08   8.2437204e-08   8.0942165e-08   9.1648118e-08   8.8944589e-08   8.6445489e-08   8.4643368e-08
   0.0000000e+00  -1.4696143e-06   4.9212463e-08   8.7098336e-08   8.8502141e-08   8.9741143e-08   8.0666389e-08   8.9645617e-08   8.6760416e-08   8.3783583e-08   8.1400309e-08   8.0445133e-08   8.4634770e-08   9.1647564e-08   8.1932221e-08   8.5449017e-08   8.3775291e-08   8.8193033e-08   8.9781253e-08   8.0935145e-08   8.1628578e-08   9.0562438e-08   8.6088654e-08
   0.0000000e+00  -1.4682463e-06   5.3026717e-08   8.5797595e-08   8.2150734e-08   8.9016929e-08   8.6276003e-08   9.1502322e-08   9.1178094e-08   8.9032127e-08   8.7670891e-08   8.1222758e-08   8.6060375e-08   8.6743562e-08   8.9906116e-08   9.0613185e-08   8.7388607e-08   8.1799897e-08   8.2147835e-08   8.0812796e-08   8.3236685e-08   9.1240757e-08   8.6928601e-08
   0.0000000e+00  -1.4687409e-06   5.3201145e-08   8.8013891e-08   8.9562526e-08   8.9702930e-08   8.4376815e-08   8.7507338e-08   8.7968694e-08   8.8393222e-08   9.0703949e-08   8.8609077e-08   8.1542915e-08   8.3909327e-08   8.8849660e-08   8.3832695e-08   8.3663927e-08   8.2439072e-08   8.6897877e-08   8.6909004e-08   8.2121623e-08   8.7413333e-08   8.8005926e-08
   0.0000000e+00  -1.4738438e-06   5.2473457e-08   8.2206846e-08   8.7424247e-08   8.8638856e-08   8.9264788e-08   8.9327429e-08   8.1804764e-08   8.2882558e-08   8.7653753e-08   9.0591492e-08   8.9113101e-08   8.2236063e-08   8.8490445e-08   9.1550874e-08   8.4983398e-08   8.9154184e-08   8.7132008e-08   8.3879804e-08   8.2704602e-08   8.6975220e-08   8.1713424e-08
   0.0000000e+00  -1.4709758e-06   5.2470071e-08   8.6731063e-08   8.1809958e-08   8.9394234e-08   8.4556007e-08   8.2161158e-08   8.7862311e-08   8.9809070e-08   8.4505203e-08   8.4657373e-08   9.1041180e-08   8.9870937e-08   8.5826180e-08   8.1789530e-08   9.0518974e-08   8.3111161e-08   8.1267537e-08   8.6562629e-08   8.7272909e-08   9.0407887e-08   8.8031918e-08
   0.0000000e+00  -1.4710320e-06   4.9506102e-08   8.7681585e-08   8.8004683e-08   8.7341554e-08   8.0092185e-08   8.9335408e-08   8.7405319e-08   8.3548173e-08   8.8309910e-08   8.4964505e-08   8.2719282e-08   8.8369099e-08   8.1208867e-08   8.8057320e-08   8.1253738e-08   7.9506144e-08   8.4945597e-08   8.8711239e-08   8.3253298e-08   7.9614040e-08   7.9437712e-08
   0.0000000e+00  -1.4725006e-06   4.7413494e-08   8.9080984e-08   8.4072369e-08   8.6665359e-08   8.0893670e-08   8.0322948e-08   8.6482970e-08   8.9396174e-08   8.7561766e-08   8.1761378e-08   8.9753122e-08   9.0723219e-08   9.1367959e-08   8.7822428e-08   8.6287791e-08   8.7781004e-08   8.0173592e-08   8.5651060e-08   8.5409518e-08   8.6230663e-08   8.0366476e-08
