  -0.0000000e+00  -6.5242297e-05   2.4347955e-05   1.0704858e-05   4.9402129e-06   5.8879107e-07   1.3821033e-06   2.2664665e-06   2.1077776e-06   1.2180236e-06   7.3519124e-07   1.0838105e-06   2.4051280e-07  -4.3716989e-07  -6.5691330e-07   3.0619537e-07   1.3653872e-07   5.8127654e-07   1.7853469e-07   7.2916066e-07  -4.5686852e-07  -4.0796616e-07  -3.7477523e-08
  -0.0000000e+00  -6.4393964e-05   2.4286421e-05   8.6705741e-06   4.9693199e-06   7.2730501e-07   1.7608916e-06   2.2155780e-06   1.8882790e-06   7.8892793e-07   5.1667115e-07   2.3725960e-07  -3.9042493e-07   1.9025104e-07   3.8933175e-07  -1.9094763e-08   8.5261257e-07   1.5187494e-07   1.6416469e-07   6.1679103e-08  -4.0160040e-07   3.3764917e-07   2.4539622e-07
  -0.0000000e+00  -6.4456806e-05   2.4202298e-05   1.0388560e-05   5.7683956e-06   8.6987762e-07   1.8479722e-06   1.9784670e-06   1.2522069e-06   9.4740773e-07   7.3434029e-07   4.0767048e-08   7.5209834e-07   2.7171222e-07   3.6501527e-07   5.7872745e-07  -5.8027177e-07  -5.3082545e-07  -4.9078113e-07   5.2356899e-07  -3.5615525e-08   4.3264373e-07  -1.7528187e-07
  -0.0000000e+00  -6.4652551e-05   2.4828189e-05   8.7894023e-06   5.7793604e-06   3.0657208e-07   6.5253835e-07   2.5975924e-06   1.5336963e-06   1.1862924e-06   2.6763817e-07   4.3648024e-07   5.3494006e-07   3.9527006e-07   5.2552372e-07   5.1667524e-07   1.3076702e-07   5.9619163e-07   9.6100734e-07  -8.4690939e-08   4.1874048e-07  -2.7876359e-07   7.4089606e-08
  -0.0000000e+00  -6.5086373e-05   2.3673296e-05   9.0422855e-06   4.9229889e-06   7.6761108e-07   1.0809745e-06   3.0025485e-06   2.6764178e-06   6.5156433e-07   6.9755856e-07   7.5820691e-07   5.2114444e-07   1.7130830e-07  -1.3940684e-07   6.3058712e-07  -3.3994073e-07  -1.4902969e-07  -6.8746130e-07   7.8340804e-08   8.5326434e-08   4.2996126e-07  -5.4081505e-07
  -0.0000000e+00  -6.3810825e-05   2.4318879e-05   1.0378378e-05   5.2600922e-06   1.5020282e-06   1.2536570e-06   2.5123122e-06   2.2165343e-06   6.0968989e-07   3.6794620e-07   1.2870231e-07   9.9706642e-07   2.4248715e-08  -5.3615776e-07   5.7717551e-07   6.5889361e-07   1.9526124e-07  -1.8456549e-07   2.8705966e-07   5.1698788e-07  -7.6056807e-08   2.3017395e-07
  -0.0000000e+00  -6.4028201e-05   2.3175913e-05   9.9007812e-06   4.7770081e-06  -5.3175800e-08   2.0933801e-06   2.5741856e-06   1.9683700e-06   1.2377551e-06   1.7981854e-07   2.8688331e-07   4.1823645e-07  -6.5225016e-08   7.0150685e-07   7.7358402e-07  -3.7116692e-07  -1.6253016e-07   2.0243100e-07   3.2444589e-08  -1.2886416e-07   4.2956916e-07   3.8231079e-07
  -0.0000000e+00  -6.5766901e-05   2.3736842e-05   9.4189099e-06   4.9762361e-06   3.9377730e-07   4.3355234e-07   2.4942226e-06   1.4762400e-06   1.1504164e-06   2.1596340e-07  -1.6856399e-08   6.4966656e-07   6.2595785e-07   5.6202919e-07   1.2092823e-07   4.5469454e-07   1.5017161e-08  -2.1945725e-07   7.4430102e-07   1.1604199e-07   2.0324026e-07  -5.9482869e-07
  -0.0000000e+00  -6.4353000e-05   2.4756349e-05   1.0138746e-05   4.8088905e-06   1.3515699e-06   1.3185669e-06   3.2313296e-06   2.4635515e-06   3.8630816e-07   1.3382322e-06   1.6647722e-07  -3.8306987e-07  -6.4780949e-08  -2.1402967e-07   2.7532428e-07   1.3947469e-07  -2.2665817e-07  -8.2375216e-08  -7.9541383e-07   2.4635969e-07  -2.2763999e-07  -2.7496219e-07
  -0.0000000e+00  -6.4918459e-05   2.3304083e-05   9.4019470e-06   4.9898099e-06   2.3299400e-08   1.2047346e-06   2.7050364e-06   1.3345849e-06   1.2344016e-06   8.8849146e-07   7.1947426e-07   8.5612425e-07  -3.5564945e-08   4.8779486e-07   6.1608227e-07   3.8586140e-07  -4.9343379e-07  -2.8636271e-07   4.5219471e-07   6.2170812e-07  -5.8772935e-07  -3.8104568e-07
  -0.0000000e+00  -6.3988111e-05   2.4016485e-05   8.5047723e-06   5.7878156e-06   2.3652591e-07   5.5421509e-07   3.0358606e-06   1.8777714e-06   4.0989448e-07   1.0530626e-06   3.1439015e-08  -6.7672119e-07  -3.5034088e-07   1.6325173e-07  -1.3300060e-07  -2.5709332e-07   3.9708624e-07   5.0320949e-07   4.6293610e-07   1.3394175e-07   2.0497436e-07   2.3655416e-07
  -0.0000000e+00  -6.4703869e-05   2.3783832e-05   9.1830952e-06   5.0703284e-06   4.9800468e-07   1.0550112e-06   3.7713237e-06   1.8413723e-06   1.6346127e-06   1.2402047e-06   4.6012244e-07   6.3310279e-07   9.5089996e-07  -1.0555391e-07  -8.3340055e-08  -1.5287607e-07   4.1782783e-07   6.4750270e-07   9.6028465e-08   1.8289217e-07   5.9112972e-07   5.0791448e-07
  -0.0000000e+00  -6.5061729e-05   2.4808478e-05   9.4211609e-06   5.3792437e-06   1.3449802e-06   9.1022650e-07   1.9572740e-06   1.8055144e-06   8.1097318e-07   9.2808557e-07  -2.0537500e-07   4.6376974e-07   6.9145636e-07   6.8954097e-07   4.9404377e-07  -2.5655004e-07  -6.6023290e-08  -6.7291819e-07   5.6697314e-07  -6.6973740e-07  -5.4592768e-08  -4.2658206e-07
  -0.0000000e+00  -6.5481770e-05   2.3097604e-05   1.0247763e-05   4.8230822e-06   1.4516991e-06   1.8177208e-06   2.4474648e-06   2.1533067e-06   1.0169342e-06  -1.7801916e-07   6.8135495e-07   7.8399836e-07   7.4851476e-07   3.7832500e-08   1.8870045e-07   2.7941688e-08   2.7062742e-07   8.5564125e-07  -1.6529583e-07   5.1488951e-07   3.8573873e-08   1.5370946e-07
  -0.0000000e+00  -6.3478597e-05   2.3950466e-05   9.1856973e-06   5.3911172e-06   5.2034272e-07   1.4773264e-06   1.9379054e-06   1.7890628e-06   3.8342881e-07   1.0315847e-06   3.5904520e-07  -3.3116135e-07   4.8951097e-08   1.3530418e-07  -1.2237486e-07   2.6903234e-07  -5.9597639e-08  -6.8595307e-07  -4.5338442e-07  -7.3368795e-07   3.5768974e-07   2.0047028e-07
  -0.0000000e+00  -6.5260254e-05   2.4574876e-05   9.8271976e-06   5.8340997e-06  -4.5969549e-07   1.2923176e-06   3.8304238e-06   2.4641740e-06   1.1525306e-06   1.1259477e-06   8.2602270e-07  -5.1377128e-07   4.1542130e-08   6.1047348e-07   1.0370463e-06   5.5249069e-07  -4.4247426e-07   4.7155947e-08   2.1022478e-07   1.0442994e-06  -5.2644208e-07  -5.3210361e-09
  -0.0000000e+00  -6.4330045e-05   2.3268925e-05   9.5590176e-06   5.5026226e-06   1.1319389e-06   1.7552117e-06   2.7242227e-06   4.5745065e-07   6.8857503e-07   8.3791343e-07   1.2172678e-06   5.7356264e-08   6.6480411e-08   4.8521014e-07  -8.5858261e-08  -4.7893508e-07   2.9683736e-07   5.7393396e-07   3.1618080e-07  -2.4789976e-08  -4.4804744e-07   5.8739539e-07
  -0.0000000e+00  -6.3793937e-05   2.3401875e-05   9.7724096e-06   5.9299136e-06   7.3500109e-07   1.3060177e-06   3.5493538e-06   1.0611427e-06   1.0654784e-06   6.3518257e-07  -8.8863118e-08  -1.9582536e-08   2.9051242e-07   7.8516803e-07  -2.5286582e-07  -3.0790383e-07  -1.4945012e-07   7.2800816e-07   1.1176591e-07  -2.0865749e-09  -6.4979764e-07   1.8940487e-07
  -0.0000000e+00  -6.4030668e-05   2.3599496e-05   1.0447216e-05   5.6556114e-06  -2.6573690e-07   2.2265212e-06   2.7858646e-06   1.4475792e-06   3.4534756e-07   9.0405024e-07   4.1329912e-07   2.5799250e-07  -1.3915836e-07   7.6570223e-07   4.4628031e-08  -1.2590570e-07   2.5091907e-07  -3.8698857e-07   6.9991751e-07  -1.1804848e-07  -5.8021467e-08   4.2128036e-07
  -0.0000000e+00  -6.5617569e-05   2.5440082e-05   8.9954183e-06   5.9986114e-06   2.8995777e-07   1.2471655e-06   1.4117185e-06   2.4628246e-06   1.1760230e-06   8.1881853e-07   6.5008817e-07  -7.5157971e-07   7.7625003e-07   2.2982647e-08  -1.8329624e-07  -1.0945753e-07   3.7907125e-07   2.3775497e-07  -7.2715842e-08   4.7321794e-07  -1.6231961e-07  -3.5589505e-07
  -0.0000000e+00  -6.5096421e-05   2.3395985e-05   1.0260206e-05   5.3940084e-06   5.4247181e-07   2.1840267e-06   2.4817637e-06   2.1872365e-06   5.5057018e-07   3.5990550e-07  -6.8697040e-07   3.7284147e-07   3.7946657e-07   8.7352993e-07  -2.7870252e-07  -5.3681157e-07  -5.4698580e-07  -2.0699183e-07  -2.9242099e-07   4.4395810e-07  -2.0122298e-08   6.4252021e-07
  -0.0000000e+00  -6.3626881e-05   2.3104632e-05   9.5756341e-06   5.0113249e-06   6.3413654e-07   1.7587270e-06   3.2574794e-06   2.4487110e-06   6.0126968e-07   5.1230688e-07   1.1942337e-06   6.9508320e-07  -4.6463565e-08   8.8363845e-07   4.7151482e-07   8.8103747e-07   3.5773499e-07  -3.6741062e-07  -2.0750836e-07  -1.6681092e-08   3.7775672e-07   5.6003103e-08
  -0.0000000e+00  -6.5389555e-05   2.4906474e-05   9.5663581e-06   5.0741055e-06   7.4883906e-07   1.5752098e-06   1.7370435e-06   1.4726209e-06   6.3501125e-07   1.0280065e-06   7.6007858e-08   3.4003585e-07  -1.3460794e-07   5.8615239e-08  -1.8250489e-07  -8.5701849e-08   7.5955615e-09  -1.6740012e-07  -2.9197355e-07   3.3531589e-07   2.0014728e-07   1.7824215e-07
  -0.0000000e+00  -6.4095744e-05   2.4494422e-05   9.3897825e-06   5.0176291e-06  -2.7578540e-07   1.7584739e-06   3.3935012e-06   1.8612484e-06   7.5398174e-07   6.2947629e-07  -1.9098287e-07   2.1543993e-07   7.6734005e-07   2.1101040e-07   5.9494216e-08  -1.7626539e-07  -6.9487825e-08   2.8591725e-07   4.0771192e-07   8.3086979e-07   4.3622964e-07  -1.8024309e-07
  -0.0000000e+00  -6.3160522e-05   2.3510258e-05   9.0358126e-06   4.7315343e-06   1.0702134e-06   1.3896517e-06   1.8378613e-06   2.0143709e-06   1.2895423e-06   1.2474158e-06  -3.7355332e-07  -2.3797833e-07   2.9339242e-07   5.3904807e-07   6.8659567e-08   7.6383301e-08   4.0284894e-07   8.8930619e-08   2.6430106e-07  -3.3807490e-10  -3.3849011e-07  -1.8424974e-07
  -0.0000000e+00  -6.5437787e-05   2.3013656e-05   1.0434437e-05   5.4967118e-06   6.3784381e-07   1.7518989e-06   2.1813801e-06   1.8710858e-06   7.1008105e-07   8.6523619e-07   1.3228247e-06   6.1152400e-07   7.5539270e-07   7.2121225e-07   7.5646886e-07  -1.9702523e-07  -2.8805960e-07  -4.7550006e-07   7.6391996e-07  -2.7117838e-07   3.8725176e-07   4.5926404e-07
  -0.0000000e+00  -6.4745131e-05   2.4431263e-05   9.2868167e-06   5.4597431e-06   1.1099239e-06   1.1439582e-06   2.1306803e-06   2.1519750e-06   7.2069332e-07   6.1282185e-07   3.9492829e-07  -1.6697106e-07   4.9067683e-07   5.3275483e-07  -1.1937198e-07   1.1520807e-07   5.4847828e-07   3.7500772e-07   2.7902135e-07  -4.0356622e-07  -1.0246970e-07  -6.4011283e-07
  -0.0000000e+00  -6.4848966e-05   2.3830717e-05   9.7338443e-06   5.7424813e-06   5.0183910e-08   1.5231959e-06   3.0799024e-06   1.9058934e-06   1.1605986e-06   3.5853353e-07   3.5547973e-07  -6.7975861e-08  -4.2847938e-07   1.2367195e-07  -2.0755735e-07   5.9486484e-07   1.9410173e-07  -2.1023068e-07   4.2405836e-07  -3.4682540e-07   6.9167822e-07  -2.3792849e-07
  -0.0000000e+00  -6.3662817e-05   2.3577513e-05   1.0007312e-05   5.2316691e-06   4.4941228e-07   8.6509266e-07   2.5030392e-06   2.3001924e-06   4.4644034e-07   6.6320604e-07  -2.9491184e-07  -1.0129400e-07   1.1119971e-06  -2.6640320e-08  -2.0971734e-07  -4.3602955e-07  -4.5379574e-07   7.7935408e-07   8.8530406e-08   6.2983730e-07  -7.7615516e-07   3.7119960e-07
  -0.0000000e+00  -6.5324639e-05   2.3228902e-05   9.9926647e-06   5.8550481e-06   1.4915518e-07   1.6725691e-06   2.3727671e-06   1.5253238e-06   1.7117826e-06   1.2852621e-06   5.5394622e-07   8.2323844e-08   1.0886516e-07   5.5580227e-07   1.1279126e-06  -3.1694046e-07  -1.3139416e-07   4.4047590e-07  -2.6932361e-07   2.5909654e-07   3.1624424e-07   2.4903827e-07
  -0.0000000e+00  -6.4840024e-05   2.5428018e-05   8.6287037e-06   4.9469177e-06   5.8859308e-07   1.7747175e-06   2.3093276e-06   1.2957037e-06   8.1969654e-07   8.6114909e-07   5.7778470e-07   8.8272884e-08  -5.2142508e-07  -8.0191860e-08  -1.9900483e-08   5.2569158e-07  -6.3219495e-08  -2.8863300e-07  -3.6706587e-07  -3.7731789e-07  -5.1002797e-07   6.8109904e-07
  -0.0000000e+00  -6.3530802e-05   2.2978684e-05   9.5338901e-06   4.9322562e-06   7.9356624e-07   2.3476782e-06   2.6219943e-06   1.4464905e-06   1.0907080e-06   4.2920416e-07  -4.0933935e-07  -5.1882915e-07  -3.6742026e-08   1.7909310e-08   8.8386270e-07   2.1954499e-07  -3.4332018e-07   3.2839813e-07  -7.9656338e-08   3.9445112e-07   4.5156162e-07  -6.0705906e-07
  -0.0000000e+00  -6.4835025e-05   2.3712366e-05   9.5804808e-06   5.0409717e-06   2.1090327e-07   1.7260995e-06   1.9879296e-06   2.5685417e-06   6.3306624e-07   8.8448053e-07   9.7389864e-07  -2.3702320e-07   1.2128614e-06   4.0687107e-07   4.8559110e-07  -7.7910784e-08   3.4369927e-07  -3.7792196e-07   1.9000662e-07  -3.8350151e-07  -1.1485157e-07   5.8581281e-07
  -0.0000000e+00  -6.3963569e-05   2.3579258e-05   1.0019607e-05   5.1794959e-06   1.2057988e-06   1.3654866e-06   2.8771237e-06   2.0400521e-06   1.0405086e-06   4.1864934e-07   6.2804997e-07  -3.8945785e-08   1.0256609e-06   4.4320640e-07  -2.8957587e-07   2.2284348e-07  -1.9649036e-07   6.4146616e-07   3.7400582e-07  -8.7737803e-08   4.6444501e-07   2.1020718e-07
  -0.0000000e+00  -6.5028980e-05   2.3727931e-05   8.5857801e-06   5.2007385e-06   1.0514213e-06   1.4680563e-06   2.2943671e-06   1.5548457e-06   1.3603145e-07   9.3735565e-07   1.1087944e-06  -1.8237694e-07   2.5626142e-07   8.5530729e-08   7.1699418e-07   6.7245031e-07  -1.4994674e-07   5.9781604e-07   5.2275510e-07  -7.3473740e-07   4.4027897e-07  -2.8081473e-07
  -0.0000000e+00  -6.5401742e-05   2.3254064e-05   1.0158352e-05   5.5830265e-06   5.4052390e-07   8.6692592e-07   3.4517882e-06   1.6771537e-06   1.1638687e-06   6.4771785e-07   6.7247839e-07   3.7309132e-07   2.5124532e-07   1.4402329e-07   3.4337464e-07  -2.1861711e-08  -4.2016410e-07  -8.2839597e-07   2.3475123e-07  -6.3528006e-08   1.4734972e-07   6.0921894e-07
  -0.0000000e+00  -6.3989130e-05   2.4020486e-05   1.0362191e-05   5.3318754e-06   6.6490134e-07   2.5658303e-06   2.1626349e-06   1.8779317e-06   5.7202124e-07   4.4411769e-07   5.6193545e-07  -4.8863836e-07   2.2061116e-07   4.5142531e-07   4.4142348e-07  -3.1535919e-07   3.5117466e-07   4.8108393e-07   1.4341573e-07  -6.0235482e-07   4.9007422e-08  -2.1421593e-07
  -0.0000000e+00  -6.3956402e-05   2.3903163e-05   9.3793979e-06   5.3339054e-06   1.0608398e-06   1.7498340e-07   2.6655373e-06   2.4560197e-06   8.4931884e-07   9.5736652e-07   1.0200831e-06  -5.3307400e-07  -4.8785654e-07   4.8451696e-08  -2.9453170e-07  -8.2446491e-08   4.2404326e-07   3.5233711e-07  -4.8090493e-07   5.2795997e-07   6.2364506e-07  -2.5471601e-07
  -0.0000000e+00  -6.5764165e-05   2.4550996e-05   9.5082742e-06   5.5937562e-06   3.8058673e-07   1.5087518e-06   3.1261864e-06   2.1274677e-06   5.0808626e-07   7.7991437e-08   1.1498248e-06   1.2804607e-07  -1.0014912e-08   6.4095286e-07   6.4256534e-07   5.2390521e-07   1.0073076e-07   1.8755391e-07   1.3232047e-07  -3.4319592e-07   4.5869325e-07  -5.6767709e-07
  -0.0000000e+00  -6.3599691e-05   2.3012903e-05   1.0456630e-05   4.9750247e-06   6.5258172e-07   1.6665714e-06   2.2339593e-06   2.2263823e-06   7.1205801e-07   2.9643084e-07   7.0557570e-07   4.7870941e-07   8.1288851e-09   4.9293618e-07  -1.8999053e-07  -2.5289222e-07   5.9852607e-07  -2.6963573e-07   6.5791806e-07   1.9993196e-07   4.4988548e-07   3.7508556e-07
  -0.0000000e+00  -6.5399858e-05   2.3646171e-05   1.0126820e-05   5.5775186e-06  -1.0648650e-07   1.3704464e-06   2.5221948e-06   1.7931618e-06   1.0952516e-06   8.8567681e-08   5.2709044e-07   1.7482320e-07   1.7421446e-07   3.4088217e-07  -2.7727268e-07   1.6873135e-07   9.3469673e-08   1.5172819e-07  -1.6907032e-07  -7.4294242e-08   4.7460919e-08   5.9252051e-07
  -0.0000000e+00  -6.5336499e-05   2.4063836e-05   1.0382592e-05   4.9664718e-06   1.9117581e-06   4.4272622e-07   2.5069628e-06   2.0489376e-06   1.1954547e-06   1.0113927e-06   8.7985723e-07  -3.0831575e-07   4.0380144e-07   3.9903503e-07  -2.0629909e-07   4.2046045e-07   2.6160188e-07  -3.7081145e-07  -1.9306020e-07  -2.1068369e-07  -3.7246721e-07   1.1752949e-07
  -0.0000000e+00  -6.4219821e-05   2.2936887e-05   9.6239673e-06   6.6036905e-06  -1.7890693e-07   8.9797152e-07   2.6946100e-06   2.3170878e-06   2.9756239e-07   8.1499104e-07  -2.3628621e-08  -6.0796719e-07  -1.1462605e-07   7.8213588e-07  -2.4914223e-07   1.0449726e-06  -1.3192354e-07   6.3774628e-08  -6.4141128e-09   7.8996766e-07  -5.5613231e-07   3.7671421e-07
  -0.0000000e+00  -6.3737272e-05   2.3544366e-05   9.7603579e-06   4.7367075e-06   6.5500552e-07   1.8525280e-06   2.5640040e-06   9.9581007e-07   1.0974127e-06   1.3711134e-06   7.8871643e-08   6.2094693e-07   2.1212240e-07   8.4716322e-07   1.5822023e-08  -3.7929997e-08   6.4783580e-07  -1.8325181e-08   4.3199609e-07   5.5738701e-07   5.2080907e-07  -9.9177150e-08
  -0.0000000e+00  -6.4310785e-05   2.3604814e-05   9.7827397e-06   4.1087060e-06   4.5691380e-07   1.6468126e-06   2.0821637e-06   2.1601713e-06   1.8376190e-07   5.4627145e-07  -8.7650598e-08   9.6122824e-07   7.9287696e-07   9.1602419e-07   6.0707487e-07  -3.9300659e-07   5.4745090e-07  -1.9547926e-07  -8.8309730e-07   8.7798855e-07   5.1989650e-07  -4.1198780e-07
  -0.0000000e+00  -6.4726075e-05   2.3604262e-05   8.7453209e-06   5.8933842e-06   3.3184588e-07   1.5315161e-06   3.2806652e-06   1.8655494e-06   7.2749185e-07   5.2549842e-07   5.0064801e-07   4.2652994e-07   4.5820056e-07  -1.6304730e-07  -3.2952167e-07  -1.0479861e-07   2.6405306e-07   9.5833208e-08  -1.8190634e-07  -6.1570552e-07  -1.7297215e-07  -4.4013231e-07
  -0.0000000e+00  -6.4490399e-05   2.4913919e-05   9.5631658e-06   5.8071100e-06   5.0732763e-07   2.0010018e-06   2.1787669e-06   1.3501304e-06   5.6236394e-07   1.4615121e-06  -1.8028888e-07  -3.1898352e-07  -5.7631684e-08   6.6426921e-08  -4.6212716e-07   1.4783451e-07   3.7244388e-07  -4.0930708e-08  -2.8342970e-07   6.3768866e-08   9.2803464e-07  -2.8138970e-07
  -0.0000000e+00  -6.3817963e-05   2.4022058e-05   9.4885518e-06   5.4971370e-06   6.0582374e-07   9.7553936e-07   1.9942754e-06   1.5361876e-06   2.0173279e-06   7.0631711e-07  -3.8233568e-07  -9.2077599e-08   5.4417887e-07   4.9625987e-07   1.0218486e-06  -7.3811073e-08  -3.1513838e-07   7.5013429e-07  -1.5367984e-07   2.4122746e-08   6.1752081e-07   1.6630958e-07
  -0.0000000e+00  -6.4507578e-05   2.4332247e-05   8.9703071e-06   6.2344679e-06   1.0803459e-06   1.5407888e-06   2.6878517e-06   2.1942653e-06   1.1565836e-06   1.2371162e-06   5.5589982e-08   6.4762752e-08   3.0618563e-07  -6.2113187e-08  -1.5196936e-07  -7.9848627e-07  -2.6901571e-07  -3.2666264e-07  -7.1834599e-08  -3.5664530e-07  -1.2871384e-07   2.8994410e-08
  -0.0000000e+00  -6.5236032e-05   2.3966397e-05   9.7858847e-06   4.8111206e-06   6.8517505e-07   1.2640880e-06   1.9880629e-06   2.9110272e-06   4.5168542e-07   1.1147826e-07   1.2270561e-06   1.9807642e-07  -2.8733179e-08   2.6272320e-07   8.3347066e-07  -2.2228568e-07   6.8621461e-07   3.9948003e-07   3.7563902e-07   6.1132170e-07  -4.5556925e-07   1.4620846e-07
  -0.0000000e+00  -6.4101332e-05   2.5013538e-05   9.3007566e-06   5.6950398e-06  -1.4623456e-07   2.3453629e-06   1.9989939e-06   1.4061967e-06   1.8430694e-06   1.1581055e-06   4.5705710e-07   4.5461260e-07   7.7736195e-07   6.4107263e-07  -1.4295273e-07   7.8653522e-07  -5.9734180e-07  -2.8220171e-07  -3.8008758e-07  -1.8489239e-07   2.3263794e-07   6.6330693e-07
  -0.0000000e+00  -6.5402994e-05   2.3421655e-05   9.3692124e-06   5.5745281e-06   3.2814535e-07   8.8796759e-07   2.6233085e-06   2.3555385e-06   9.3017758e-07   4.7268927e-07   6.0959735e-07   9.8522207e-07  -1.7816309e-07  -3.1445251e-07  -2.1930951e-07   2.3201324e-07   1.3114283e-07   5.5591056e-07  -1.0052012e-07   4.4810426e-07  -1.2735875e-07  -4.4880480e-07
  -0.0000000e+00  -6.3871455e-05   2.2939046e-05   9.6136373e-06   5.5162673e-06   7.5513043e-07   1.3050941e-06   2.4751976e-06   2.0584030e-06   4.5437605e-07   3.6159813e-07   1.1942416e-07   1.6732861e-07   1.5387941e-07   1.5576815e-07   4.1828378e-07   4.3826532e-07   2.1114651e-07  -2.4218758e-07   5.5992450e-07   1.0425008e-07  -1.0819720e-07  -1.0066586e-08
  -0.0000000e+00  -6.4914479e-05   2.4866020e-05   1.0126814e-05   4.9142063e-06   8.8611631e-07   3.7117869e-07   3.4466607e-06   2.0228829e-06   1.7118246e-06   8.2471672e-07   8.3872800e-07   3.5759442e-07   4.9385797e-08   4.0508743e-07   3.0650060e-07  -2.9914384e-07   2.3733121e-07  -2.7187485e-07   5.0920391e-07   5.3021000e-07  -4.2020028e-07   4.7149931e-07
  -0.0000000e+00  -6.4695647e-05   2.3396653e-05   1.0019708e-05   5.1891670e-06   3.8037223e-07   1.5778290e-06   2.6284017e-06   1.9175552e-06   9.4463792e-07  -2.3912483e-07   6.1336078e-07   3.3022934e-07  -6.6271883e-07   4.6039366e-07   3.7739619e-07  -3.1277483e-07  -6.4130978e-07  -5.8910678e-07  -2.2802834e-07  -3.9823985e-07   5.3582130e-07   3.1460843e-07
  -0.0000000e+00  -6.4010703e-05   2.2731576e-05   1.0111483e-05   5.4943484e-06  -1.2750226e-08   1.3943886e-06   3.3404576e-06   9.0861727e-07   2.3383637e-07   6.3032763e-07  -4.1620521e-07  -9.6317432e-10  -9.4672068e-08   8.2870110e-07   5.9704519e-07   5.0840487e-07   1.8019026e-07   4.3307929e-07  -1.2648972e-07  -5.2864181e-07   4.5468624e-07   5.9619924e-07
  -0.0000000e+00  -6.5641936e-05   2.5147156e-05   9.3823764e-06   4.9531996e-06   1.1269983e-06   1.9012791e-06   2.6138873e-06   2.1781398e-06   9.3227777e-07   4.4163386e-07   1.1154254e-06   1.8626251e-07   2.5198963e-07  -1.4021117e-08   6.2402279e-07   6.8277325e-07   3.4829736e-07  -3.0882330e-07   6.7841955e-07  -5.5311130e-08  -5.2739722e-07   7.9363936e-08
  -0.0000000e+00  -6.4428867e-05   2.3258812e-05   9.5706628e-06   5.6357558e-06   1.1057188e-06   9.7152372e-07   2.8531495e-06   1.5187716e-06   1.1400521e-06   6.2880622e-07   2.9425783e-07   7.3274805e-08   3.6959480e-07  -5.7913144e-07   3.3736949e-08   3.4226525e-07  -4.3228366e-07   7.0685900e-07   3.8157626e-07   1.8919375e-09  -5.1155843e-07   3.6002157e-07
  -0.0000000e+00  -6.4744760e-05   2.3363344e-05   9.2366508e-06   5.0724275e-06   6.7638797e-07   7.7290190e-07   1.8876742e-06   2.7329629e-06   7.7855549e-07   6.2144596e-07  -3.0345254e-07   1.2103516e-06   7.6753872e-07   3.0080525e-08  -3.1734882e-07   4.1473970e-07   2.6669804e-07   9.8111386e-08  -8.0391217e-08   5.4236290e-07  -3.2936549e-07   3.8687233e-07
  -0.0000000e+00  -6.4095257e-05   2.3507653e-05   9.9407398e-06   4.8694724e-06   4.3306082e-07   8.5268999e-07   3.4434097e-06   1.4609531e-06   1.4074158e-06   2.1555327e-07  -1.5214103e-07   8.3903336e-07   1.9705641e-07   5.2199306e-07   5.7013267e-07   9.1844748e-07   8.2613212e-08  -1.3295310e-08   4.7255799e-07  -3.9227749e-07   5.3756480e-07  -3.7653035e-07
  -0.0000000e+00  -6.3619169e-05   2.5519215e-05   8.9946807e-06   4.4270482e-06   7.9818449e-07   1.7136294e-06   2.4889325e-06   2.4903204e-06   3.9457282e-07   1.5291138e-07   2.0583892e-07   6.4108328e-08   6.2416115e-07  -2.3129432e-07   2.7786129e-07  -3.6311360e-07  -1.0150406e-07   2.4075987e-08   5.5172524e-07   2.8255241e-07  -1.3025110e-07  -2.1626720e-07
  -0.0000000e+00  -6.6405235e-05   2.4060837e-05   1.0481960e-05   5.3727467e-06  -1.3255799e-07   1.5052027e-06   3.4923689e-06   1.8161134e-06   1.7542595e-06   9.7439056e-07  -4.5336847e-08  -4.2168114e-07   4.7716444e-08   2.0208076e-07  -2.7680230e-07   1.2578029e-07   4.0591681e-07  -2.5652949e-07   2.8635617e-07  -4.8287279e-07   8.5174446e-07  -9.7524065e-08
  -0.0000000e+00  -6.2986255e-05   2.2774135e-05   1.0174418e-05   5.4833522e-06   8.7819751e-07   1.5971227e-06   1.5343595e-06   2.6684961e-06   1.5170166e-06   1.5573537e-08   4.8836222e-07  -1.5593132e-07   6.3951660e-07   1.0106049e-06   4.7366501e-07  -3.1885207e-07  -5.2340550e-07   5.4857543e-07   2.3836363e-07  -7.4926767e-08  -4.5848009e-07  -2.3460298e-07
  -0.0000000e+00  -6.5009939e-05   2.4943063e-05   9.7048069e-06   4.4041963e-06   8.4952802e-08   1.2096290e-06   2.0986811e-06   1.6529591e-06   9.4152193e-07   4.0276981e-07  -6.5350866e-07  -2.1611275e-07   8.5829572e-07   5.8300583e-07   8.6536993e-08   7.7921254e-07  -1.3470730e-08  -3.6433065e-07   4.1007391e-07  -6.1905530e-07   3.6345401e-08   3.2723784e-07
  -0.0000000e+00  -6.5145337e-05   2.4056937e-05   9.1594557e-06   5.0721610e-06   2.0871098e-06   8.8019391e-07   3.3065066e-06   1.9535678e-06   5.6140317e-07   1.2379874e-06   7.0429650e-07  -1.0135168e-07   9.8394969e-07   1.0581286e-07   3.1290506e-07   3.6362756e-08  -6.7403573e-07   1.0281946e-06  -2.0172855e-07   7.3548631e-07  -5.7924234e-07   1.9949800e-07
  -0.0000000e+00  -6.4427928e-05   2.2555116e-05   1.0649988e-05   5.5180394e-06   6.4037431e-07   1.8679731e-06   3.3172780e-06   2.2841398e-06   1.7262263e-06  -1.8298388e-07   4.5305666e-07   5.9019737e-07  -1.1730223e-07   7.1288201e-07   4.5481804e-07   6.8163189e-07   4.8672568e-08   3.2878404e-07  -6.1423101e-08   2.5814114e-07   2.8870852e-07   5.6447931e-07
  -0.0000000e+00  -6.4963169e-05   2.4953926e-05   9.5551432e-06   5.1029647e-06   4.2650530e-07   1.6700833e-06   2.6773296e-06   1.2809132e-06   2.6860755e-07   2.9207166e-07   5.2270741e-07  -3.2800494e-07   6.7181253e-07   3.9182538e-07   6.9761768e-08  -5.1270888e-07  -5.9288374e-07  -3.6380470e-07   6.8775557e-07  -2.2103963e-07   4.1245337e-07  -5.1893384e-08
  -0.0000000e+00  -6.4247724e-05   2.2734503e-05   1.0021806e-05   5.9812969e-06   1.7063916e-06   1.5374881e-06   2.5084896e-06   1.4614282e-06   1.1158669e-06   1.2017666e-06  -3.3946515e-07   8.0940725e-07   4.1715469e-07   1.2023978e-06   6.9529636e-07  -1.7046385e-07   6.3471202e-07  -5.5243322e-07  -4.0204597e-07   2.9912474e-07  -2.1911202e-07  -6.0602281e-07
  -0.0000000e+00  -6.5343142e-05   2.3858604e-05   9.9691406e-06   3.9848237e-06   9.7419911e-07   1.6769243e-06   2.4425294e-06   1.2666998e-06   6.5039870e-07   6.5116768e-07   5.1373331e-07   3.0931338e-07  -3.3389790e-07   2.7123977e-07   6.0241327e-09   2.4988209e-08  -5.5206620e-08   7.8459999e-07   3.1847398e-07   7.0483260e-08   3.5098898e-07   4.5412688e-07
  -0.0000000e+00  -6.3353902e-05   2.4091669e-05   9.1742522e-06   5.1210677e-06   1.2390586e-06   3.4997890e-07   2.2852723e-06   2.2928593e-06   3.8588513e-07   2.1191036e-07   1.9282024e-07  -5.2584926e-07  -1.2609956e-07  -5.3889934e-08  -3.5724167e-07  -1.2572060e-07  -5.0314441e-07  -1.1070089e-08  -7.3631509e-07   1.9145082e-07  -4.7736489e-07  -5.0288986e-07
  -0.0000000e+00  -6.3932108e-05   2.2833779e-05   9.6826179e-06   5.5893497e-06   7.4355718e-08   2.3244111e-06   2.6179923e-06   2.3292648e-06   1.9301769e-06   4.6987287e-07   6.6317460e-07   1.0568505e-06   5.8713584e-07   2.6243695e-08   9.5586711e-07   6.0992181e-07  -7.7479775e-08   1.3029239e-08   6.0639007e-07   6.3498356e-07   5.1319358e-07  -4.2686364e-07
  -0.0000000e+00  -6.5924098e-05   2.5442523e-05   9.0881331e-06   4.6979685e-06   1.2155120e-07   1.1735017e-06   2.9962087e-06   2.3075595e-06   2.2840808e-07   4.4742234e-07   3.2757634e-07   2.8406274e-07   2.0003107e-07   3.7102606e-07   3.2473480e-07  -3.1570842e-08  -2.2082980e-07   2.8238523e-07   4.8435822e-07   2.9142396e-07   2.5750262e-07  -3.5691852e-07
  -0.0000000e+00  -6.4439642e-05   2.3338864e-05   1.0607563e-05   5.5004571e-06  -6.8159284e-07   1.8887342e-06   2.7262813e-06   2.0623027e-06   9.6382360e-07   4.2070516e-07   2.9795839e-07  -3.0886673e-07  -5.8109627e-08   2.4416343e-07  -3.1934013e-07  -3.2358642e-08  -7.0705397e-08   5.9707889e-10  -2.7323986e-07  -6.2691470e-07   6.1201081e-07   7.3495039e-07
  -0.0000000e+00  -6.3888030e-05   2.3997938e-05   9.8535875e-06   5.8763289e-06   6.9859578e-07   1.5007288e-06   1.2682623e-06   2.6074333e-06   1.3173729e-06   4.7698722e-07   9.0702014e-07  -2.1791958e-07   4.0046963e-08  -1.0613187e-07   7.1388610e-07   9.1190863e-08   6.2887307e-07   6.0060540e-07  -8.7338215e-08  -7.0706125e-07   4.7795561e-07  -3.9752069e-07
  -0.0000000e+00  -6.5259293e-05   2.4365831e-05   8.8582892e-06   5.3428193e-06   3.1683942e-07   2.2688801e-06   2.0397731e-06   1.5911122e-06   2.0025545e-06   5.4055886e-07   3.3320711e-07   4.4967405e-07   9.8249544e-08   9.1771625e-07   2.5041143e-07  -5.9089857e-08   4.5613743e-07   2.3494040e-07   6.1896316e-07  -3.8064334e-07   1.7504479e-07   1.4563615e-07
  -0.0000000e+00  -6.5073531e-05   2.3548411e-05   9.5632340e-06   4.8043348e-06  -9.2099032e-07   1.5815011e-06   2.9385485e-06   2.4225410e-06   3.5863295e-07  -4.1498586e-07   6.6069461e-08   7.4385628e-07   5.7030365e-07   3.1374361e-07   6.4074624e-07  -4.0971483e-07  -2.8791584e-07  -3.0328474e-07   3.3191344e-07   5.7422142e-07  -3.2150922e-08  -3.3173117e-07
  -0.0000000e+00  -6.3588690e-05   2.3386643e-05   9.4188226e-06   6.1379783e-06   1.5649772e-06   5.5714719e-07   2.1367343e-06   2.0370228e-06   5.2550325e-07   1.6196782e-06   1.2331867e-06   4.2876636e-07  -2.2497113e-07   6.1242685e-07  -4.1429732e-07  -2.6339936e-07  -1.2145858e-07   6.4994504e-07  -4.2990061e-07  -2.2127310e-07   4.6416415e-07   3.7474683e-07
  -0.0000000e+00  -6.4075364e-05   2.3798850e-05   9.9507397e-06   5.5349178e-06   6.9252685e-08   2.2272450e-06   1.8210249e-06   1.8374467e-06   1.1220924e-06   1.4804630e-07   7.6418036e-07   1.7171686e-08   4.4401449e-07   4.1013985e-07   3.7091620e-08   5.3566669e-07  -4.2890963e-07   1.1120759e-07   5.6388166e-07   1.1407357e-07  -3.4675907e-07   2.5200859e-07
  -0.0000000e+00  -6.3428946e-05   2.3643570e-05   1.1054254e-05   4.8786255e-06   7.1018400e-07   7.4876107e-07   2.0927012e-06   2.4750391e-06   7.9218677e-07   1.2372132e-06   3.4267558e-07   1.1778297e-07   5.3940113e-07   8.3331952e-07   1.0510215e-06  -1.2886052e-07  -5.5864871e-07   3.5477936e-07   6.2895560e-07  -4.8651492e-07   1.0145364e-07   1.0412420e-07
  -0.0000000e+00  -6.5862747e-05   2.5425663e-05   9.6990161e-06   6.1356163e-06   5.6657772e-09   1.9738050e-06   2.0221935e-06   2.0885577e-06   7.1616176e-07   3.5367071e-07  -3.8407970e-07   5.8352459e-08   8.1804211e-07   2.1722612e-07  -6.4269307e-07   1.3619197e-07   1.4190900e-07  -5.7585282e-07  -6.2216850e-07   2.5801208e-07  -3.0848645e-07   6.2793610e-08
  -0.0000000e+00  -6.3068663e-05   2.2596101e-05   9.2708642e-06   4.6441251e-06   8.0040269e-07   1.5065826e-06   2.8245991e-06   1.6284614e-06   8.6482515e-07  -4.6478354e-07   3.4575362e-07  -2.3225935e-10   3.7142490e-07   9.9449096e-08   3.5663859e-07   5.0044741e-07   7.4005550e-07   7.8156228e-09   5.8421836e-07  -2.2612429e-07   4.0712365e-07   2.7963029e-07
  -0.0000000e+00  -6.6146305e-05   2.4451916e-05   1.0464533e-05   4.7422541e-06   9.7697512e-07   1.1972052e-06   2.7162773e-06   1.1440732e-06   1.4804012e-06   1.3019520e-06   4.3839012e-07   4.3614943e-07   6.7357104e-07  -2.3608207e-07   6.9016210e-07   9.3512966e-08  -8.3749330e-07   8.5261104e-07   2.2642475e-07   1.9216843e-07  -4.4725283e-07   2.6847025e-07
  -0.0000000e+00  -6.4196443e-05   2.4372985e-05   9.7066541e-06   5.1739412e-06  -1.6477337e-07   1.9754902e-06   2.7679114e-06   2.0426899e-06   8.8264181e-07   7.5107124e-07   1.0638922e-06   2.5591217e-07   6.8076582e-07  -1.2870196e-07   3.0340857e-07  -1.1251976e-07  -3.1385250e-07   6.3354669e-08  -2.8447954e-07   3.7206004e-07   4.1612159e-07   1.6734565e-07
  -0.0000000e+00  -6.4214393e-05   2.3999002e-05   7.9924976e-06   6.6394196e-06   1.0947879e-06   3.2225898e-07   1.8495044e-06   2.6401651e-06   8.5810194e-07   1.7592315e-07   9.9358340e-07   8.0208747e-07   5.3478806e-07  -6.8112814e-07  -2.6370085e-07  -2.0680469e-07   4.1671206e-07   4.9501386e-07   2.7471111e-07   2.1335165e-08   6.0942602e-07  -1.5007221e-07
  -0.0000000e+00  -6.4276333e-05   2.3934486e-05   1.0636752e-05   3.7066859e-06   4.4504236e-07   7.0588902e-07   2.7681847e-06   2.0986206e-06   4.6612374e-07   1.1528451e-06  -2.8452001e-07   1.0230115e-06   5.9856421e-07  -4.0407735e-07   1.7362541e-07   7.3931443e-07   6.6427468e-08   6.0016923e-08  -3.9924910e-07  -1.5956228e-07  -2.5900852e-07  -2.6469141e-07
  -0.0000000e+00  -6.4940337e-05   2.3843053e-05   9.1618585e-06   5.3174062e-06   3.8148085e-07   2.8383347e-06   2.1574294e-06   1.6370307e-06   7.7021264e-07   9.9652061e-07   9.4593219e-07  -2.2175418e-07   9.7938468e-08   3.4154687e-07   8.7630514e-07  -3.1262172e-07  -3.7647379e-07   2.1729865e-07  -3.5027817e-08  -4.9054262e-07   4.6456287e-07  -4.0123584e-07
  -0.0000000e+00  -6.4036882e-05   2.3450466e-05   1.0007898e-05   4.9241380e-06   7.7122536e-07   3.0405553e-07   2.9869250e-06   1.2445736e-06   1.4471700e-06   1.0614915e-06   2.2005447e-07   5.1185191e-07   1.5267974e-08  -3.3282691e-07  -1.8784367e-07  -3.6041698e-08   5.5674138e-07   4.8068920e-08   1.1193566e-07   7.9399013e-07   3.1458288e-07   3.7615428e-07
  -0.0000000e+00  -6.4180073e-05   2.5041445e-05   8.3075256e-06   6.2683407e-06  -3.5510183e-08   1.4289708e-06   3.0272392e-06   1.8193741e-06   1.5054549e-06   5.7239566e-07   2.9663713e-07   3.5008134e-07  -1.7681053e-07   2.7924105e-07   4.1628789e-07  -2.2565609e-07   7.5942603e-07  -5.5461356e-07  -2.8186903e-07  -4.7422228e-07   3.7569470e-07  -4.8271340e-07
  -0.0000000e+00  -6.3996071e-05   2.2655313e-05   1.0946505e-05   4.6532191e-06   6.9525248e-07   1.1817956e-07   2.3888863e-06   1.5694159e-06   1.1572249e-06   7.9483686e-07  -6.4049027e-07   1.0529877e-06   3.2776870e-07   4.0812108e-07  -2.0950611e-07  -3.1308264e-07  -2.0296208e-07  -2.1650036e-08   6.6091684e-07   5.2867563e-07  -1.2533107e-07   2.6481709e-07
  -0.0000000e+00  -6.5122636e-05   2.4722671e-05   9.5532278e-06   5.1635861e-06  -3.8149270e-07   2.5029883e-06   2.7945885e-06   1.9782374e-06   1.1771833e-06   3.8373955e-07   9.2476228e-07   1.6268525e-07  -3.6983920e-07   1.0242862e-06   5.7334283e-08   4.7619125e-07   1.7419153e-07   3.8879367e-07  -1.4343017e-08  -2.9607443e-07  -2.4522518e-07  -7.5743243e-09
  -0.0000000e+00  -6.3405110e-05   2.4067449e-05   9.5442547e-06   6.7863352e-06   3.8388296e-07   1.0964499e-06   2.2339696e-06   1.8094296e-06   1.4089396e-06  -1.1922020e-07   1.1547884e-07   9.4962621e-07   1.5522922e-07   1.0186604e-07   2.9992802e-07  -3.8602872e-07   1.9765049e-07   6.7392602e-07  -6.6069100e-07   4.2132046e-07  -1.2631807e-07  -7.8929041e-08
  -0.0000000e+00  -6.5397639e-05   2.5149129e-05   8.4829080e-06   4.8917195e-06   1.3935612e-06   9.7463305e-07   2.4021749e-06   2.6485502e-06   4.6454952e-07   4.9955588e-07   2.9060280e-07   5.2779006e-07   2.0806857e-07  -1.7820862e-07  -1.1637982e-07   6.0404898e-07   3.0044299e-07  -2.9922930e-08  -4.9035801e-08   1.6497154e-07   1.3562737e-07  -2.1746908e-08
  -0.0000000e+00  -6.4373664e-05   2.3077046e-05   9.9777535e-06   4.8920215e-06   6.4841782e-07   9.3081371e-07   3.4237687e-06   1.0660946e-06   8.5875712e-07   7.2717052e-07  -4.0764196e-08   1.1718912e-07  -1.8037953e-07   1.1190682e-07   4.8519252e-07  -2.5693009e-08   7.1240885e-07   1.2501381e-07   3.9264941e-07   4.5804504e-07  -2.8787758e-07   1.9491935e-07
  -0.0000000e+00  -6.3998436e-05   2.4336188e-05   9.7999100e-06   5.2047858e-06   1.0412014e-06   1.6073845e-06   1.8377308e-06   1.9351082e-06   1.3460505e-06   1.3323802e-06   2.6494303e-07  -1.4110279e-07   5.0963337e-07   6.8026225e-07   6.5814959e-07   9.2069513e-08  -8.0422353e-07  -2.6063589e-07   5.8869347e-07   1.1918571e-07  -2.5755853e-07  -3.4797375e-07
  -0.0000000e+00  -6.4985863e-05   2.3368459e-05   9.1372713e-06   4.9087712e-06   2.8570381e-07   6.1414323e-07   3.3678984e-06   1.0896479e-06   1.4611787e-06   3.3797633e-07   1.1878069e-06   8.5124697e-08   7.0687389e-07  -4.6142887e-07   1.2191554e-08   5.6164191e-07  -3.6516423e-07   4.6700447e-07   2.7675429e-07   6.4519850e-07  -2.8515370e-07  -1.0100892e-07
  -0.0000000e+00  -6.5021428e-05   2.4310448e-05   9.0652038e-06   5.8151127e-06   8.7220752e-07   2.3862890e-06   3.3049241e-06   2.0645418e-06   1.3535149e-06   7.9615211e-07  -1.5726293e-07   5.6424500e-07   6.4985051e-07   2.4550729e-07   4.4957392e-07   9.2274882e-07   8.4388248e-08   4.4637471e-08   6.4819454e-07   5.4565430e-07  -6.0350899e-08   8.0732505e-09
  -0.0000000e+00  -6.4465894e-05   2.4056140e-05   1.1077187e-05   3.9291631e-06   9.0269151e-07   1.9370093e-06   2.4836379e-06   1.9870358e-06   9.2675458e-07  -1.4577739e-07   1.1321396e-06  -2.5294008e-07  -1.3512603e-07  -5.9207787e-07  -4.7217316e-07   3.5525218e-08   4.5358149e-07   9.8038740e-08  -3.0823927e-07   4.3843951e-08  -2.4446456e-07   1.5902454e-07
  -0.0000000e+00  -6.4068648e-05   2.3661323e-05   8.3025752e-06   6.2410845e-06  -1.3889758e-07   1.1506860e-06   2.9158377e-06   2.0253049e-06   4.3668610e-08   3.8550476e-07   7.3903885e-07  -2.5276964e-07   4.5146911e-07   4.6943342e-07   2.7033951e-07  -1.9426244e-08   5.6321483e-07   8.0129205e-08  -5.6480474e-07  -4.7049699e-07   2.5133491e-07  -3.5639502e-07
  -0.0000000e+00  -6.4194457e-05   2.3950995e-05   9.5332280e-06   4.0550381e-06   1.3289362e-07   1.7573723e-06   2.1947908e-06   1.1608618e-06   8.1719406e-07   7.7638589e-07   3.1807375e-07   1.6536941e-07   1.0849478e-06  -2.8251984e-07   1.9318365e-07   3.6020239e-07   7.5721266e-07  -5.2902010e-07  -4.6060209e-09   5.1089825e-07  -3.6420653e-07   7.8470117e-07
  -0.0000000e+00  -6.5974491e-05   2.4316994e-05   9.5805117e-06   5.9500094e-06   1.2520120e-07   2.2202707e-06   1.5993512e-06   1.8802162e-06   1.7667406e-06   7.2007248e-07  -3.0322136e-07   9.8070268e-07   3.7861994e-07   1.6181485e-07   8.5366361e-07  -5.3123006e-07  -7.6960987e-07   5.7765538e-07  -3.4740012e-07   5.2605543e-07   5.5828781e-07  -5.0752607e-07
  -0.0000000e+00  -6.3261927e-05   2.3849872e-05   8.8582319e-06   4.0020914e-06   4.4054974e-07   1.5229075e-06   3.2732355e-06   1.5114363e-06   1.4838502e-06   2.6298056e-07   8.0313657e-07  -6.3554928e-08   2.8869590e-07  -4.6503021e-07   5.0120877e-07   3.5624856e-07   1.9080338e-07   4.7822823e-07   3.4742786e-07  -1.8694752e-08  -5.2921376e-07  -2.5145860e-07
  -0.0000000e+00  -6.5566281e-05   2.3483179e-05   1.0759739e-05   5.7870716e-06  -3.8992269e-07   1.9485576e-06   2.7378860e-06   1.8272654e-06   8.1618577e-07   1.2337164e-06   5.6960067e-07   2.7406637e-07  -3.6075355e-07  -2.7613115e-08   8.0587728e-07  -2.4763662e-07  -4.7249495e-07   1.3353518e-07   3.8805038e-07  -1.2090594e-07   4.2410144e-07   8.2469846e-08
  -0.0000000e+00  -6.3629370e-05   2.4224035e-05   8.7740282e-06   5.5575319e-06   1.8785414e-06   7.7416678e-07   3.2022047e-06   1.7886956e-06   6.0987401e-07   9.7116560e-07   1.6227459e-07   2.8935139e-07   1.0373583e-06  -2.1132347e-07  -2.8727348e-07  -4.9001989e-07   7.0991638e-07   4.5447047e-07   2.7994901e-07   5.9590354e-07  -7.3896530e-07  -1.8088340e-07
  -0.0000000e+00  -6.5970067e-05   2.3372593e-05   9.4411653e-06   5.8466071e-06  -1.7698645e-07   2.6644414e-06   1.7080362e-06   2.2094282e-06   8.7110720e-07   1.4861434e-06   1.5426301e-07   4.7072453e-07   9.7340114e-07   7.1100743e-07   4.9460300e-07   8.4022616e-08   1.7281852e-07   1.2252757e-07  -1.7653012e-07   1.2891296e-07   5.7584572e-07   4.7252576e-07
  -0.0000000e+00  -6.3187304e-05   2.3154356e-05   9.4645911e-06   5.0646086e-06   1.7666110e-06   3.0974866e-07   3.3630595e-06   1.9312949e-06   9.4610601e-07   2.3933106e-07   3.6295228e-07  -5.3733316e-07  -1.3853990e-07   3.9013361e-07   2.0340990e-07   3.2454341e-07   7.5044886e-07  -2.3700368e-07  -4.7628896e-07  -3.7541639e-07  -5.0797877e-07   1.5162468e-07
  -0.0000000e+00  -6.5382359e-05   2.4928822e-05   9.0670819e-06   5.9850058e-06  -4.9895868e-07   6.8426658e-07   2.5934266e-06   1.9522749e-06   9.1302974e-07   7.1002057e-07   2.1864000e-07   2.6520939e-07   1.4244023e-07  -4.4454410e-08   7.1639744e-07   3.7840101e-07   6.9532121e-08  -6.1527174e-08   3.3301026e-07  -5.4171034e-07   4.7641748e-07  -9.1762836e-08
  -0.0000000e+00  -6.3849882e-05   2.4053015e-05   9.2106557e-06   4.3615573e-06   6.5193740e-07   1.6844473e-06   2.2605921e-06   1.6681340e-06   1.4513558e-06  -1.7653134e-07   4.1790082e-07   3.1492611e-08   6.3101589e-07   6.6256570e-07   5.4031199e-07  -1.4316062e-07  -1.2020280e-07  -3.2935748e-07  -6.2715606e-07   5.7546805e-07   3.7092224e-07   5.0148185e-07
  -0.0000000e+00  -6.3868778e-05   2.4230721e-05   8.9465902e-06   5.8485489e-06   8.0409507e-08   1.3012274e-06   2.7724079e-06   2.8805202e-06   5.2182963e-07   3.1948181e-07   2.1713349e-07   1.0271278e-06  -2.9262307e-07   8.8917028e-07  -3.0525885e-07  -4.7964852e-07   5.1707497e-07  -4.1020388e-07   2.9020697e-07   3.3092718e-07  -1.7090822e-07   5.6104955e-07
  -0.0000000e+00  -6.4350548e-05   2.3426706e-05   1.0872443e-05   4.7289163e-06   1.3373991e-06   9.1977068e-07   2.4189594e-06   1.7915100e-06   1.1391197e-06  -5.5828753e-08   1.3849320e-06   9.7561049e-08   4.7481319e-07   1.1743457e-07   1.6453821e-07   9.0492881e-07  -8.3889212e-08   2.1763661e-07  -7.7392322e-08  -2.5583068e-07   1.2619145e-07   2.0126772e-07
  -0.0000000e+00  -6.5416687e-05   2.3925089e-05   9.0304638e-06   6.1816563e-06   6.1126457e-07   2.1949961e-06   3.2419343e-06   2.2482309e-06   1.0297910e-06   6.4387780e-07   2.5775324e-07  -5.3634778e-07  -3.0853710e-07  -2.4480508e-07   1.3522232e-07  -1.6232850e-07   9.0314433e-07  -3.2244594e-07  -3.8204126e-07  -4.9222825e-07   5.5401296e-07  -6.2684001e-07
  -0.0000000e+00  -6.4053973e-05   2.3423700e-05   1.0254927e-05   4.3363848e-06   8.4139771e-07   1.7153842e-06   2.7083229e-06   2.1526537e-06   4.6584140e-07   2.8199202e-07  -1.6651972e-08  -1.2630895e-08   2.2691985e-07   8.0130178e-07  -5.3734857e-07  -1.7730032e-07   6.0126638e-07   2.7668284e-07  -1.6837799e-07   2.5580766e-07   8.2897024e-08   3.1830291e-07
  -0.0000000e+00  -6.4715263e-05   2.3609204e-05   9.1605580e-06   4.3635891e-06   5.9553884e-07   1.0540546e-06   1.8588709e-06   2.1568658e-06   1.3141481e-06   1.4602840e-06  -2.0806858e-07   1.6267074e-07  -7.9931766e-08   3.9091387e-07   1.0469796e-06  -1.2317349e-07  -2.5032975e-08   6.1980052e-07   3.3248557e-07  -1.9545521e-07  -1.6344467e-07   2.0890109e-08
  -0.0000000e+00  -6.3875326e-05   2.2635835e-05   9.9947592e-06   4.7973908e-06   1.2320637e-06   9.5140445e-07   3.3466501e-06   1.6261300e-06   1.2379587e-06   1.4615489e-06   5.3329148e-07   1.1306055e-06   8.9345730e-07   2.8342046e-07  -7.0723723e-07   4.3753678e-07  -2.3903377e-07  -5.0330624e-07   6.2642914e-07   5.0310922e-07   4.3206768e-08  -8.8247056e-08
  -0.0000000e+00  -6.4800544e-05   2.4695117e-05   9.4118714e-06   5.8529313e-06   9.1823551e-07   9.1411746e-11   2.7704045e-06   2.2832810e-06   6.7392062e-07  -3.6350929e-08  -1.8619792e-07  -7.7619532e-08   6.4534572e-07  -3.5498584e-08   2.3438955e-07  -2.0674841e-07   4.5581635e-07   7.0119410e-07  -6.3640744e-07  -3.2495564e-07   6.0548268e-07  -6.4480936e-08
  -0.0000000e+00  -6.3555664e-05   2.4180041e-05   9.9655708e-06   4.5088241e-06   5.8999143e-07   1.6376561e-06   4.0263944e-06   1.5718873e-06   1.3889040e-06   5.3803149e-07  -2.1198673e-07   3.3905809e-07   4.1452464e-07   5.2641224e-07   9.1035236e-07   5.8583467e-08  -1.8215221e-07  -8.0084398e-08  -6.2519985e-07  -1.8335261e-07   6.9300285e-07   8.5596128e-08
  -0.0000000e+00  -6.4505090e-05   2.4188039e-05   9.6807562e-06   5.4990169e-06   1.1156807e-06   1.4017426e-06   2.1093688e-06   2.2180186e-06   1.3538108e-06   1.2935310e-06   6.8990880e-07  -4.1634846e-07  -1.3028709e-07   5.8354550e-07  -2.3000916e-07   8.6674774e-08  -1.5895884e-07  -1.8027563e-07   4.8102976e-07   3.8434913e-09  -1.4945400e-07   4.3780918e-07
  -0.0000000e+00  -6.4485001e-05   2.3171484e-05   9.3783419e-06   5.6321783e-06   7.3264596e-07   1.2202854e-06   3.2468104e-06   1.3963523e-06  -3.1507121e-09   6.3487380e-07   9.7150496e-07   5.2041236e-07   1.0031271e-07   3.2127508e-07   8.8586859e-07  -8.4443890e-08   5.1263288e-07   5.8161066e-07  -2.3509453e-07  -3.9837317e-07   2.1265845e-07  -2.8329120e-07
  -0.0000000e+00  -6.4369218e-05   2.4963634e-05   9.7640404e-06   4.5918309e-06   1.0909230e-06   1.4435261e-06   1.9814956e-06   2.2828692e-06   1.6891266e-06   3.6770061e-07   2.3699411e-07   7.3140404e-07   3.7176989e-07   2.1251282e-07  -4.7777288e-08   5.3439987e-07  -9.7228785e-08  -5.1268017e-07   2.5849951e-07   4.0950312e-07   5.0000767e-07   4.5582058e-07
  -0.0000000e+00  -6.4660613e-05   2.2926461e-05   1.0093643e-05   5.0518511e-06   6.9441865e-07   6.6786015e-07   3.2728799e-06   1.5859246e-06   5.2859662e-07   8.3065078e-07   1.3871765e-07   2.7649721e-08   5.3897418e-07  -4.3403128e-07   4.5664217e-07  -2.7342318e-07  -6.8162132e-07   2.6767370e-07   2.7842688e-07   1.9029544e-08  -6.1345662e-07  -3.9455506e-07
  -0.0000000e+00  -6.4374486e-05   2.3999753e-05   9.4142233e-06   5.2818918e-06   5.8334160e-07   9.1553244e-07   1.9929546e-06   1.8030735e-06   1.8101465e-06   6.5150806e-07  -3.9575474e-07   7.7675924e-07   7.6993564e-07   1.0630911e-06   1.8405390e-07   1.9782827e-07   4.0528829e-07  -5.2729968e-07   1.5474429e-08   3.1333738e-07   1.9880406e-07  -3.5955873e-07
