  -0.0000000e+00  -1.0713239e-04   3.2617445e-05   1.8222503e-05   9.3904728e-06   9.8741930e-07   2.3946884e-06   4.7552662e-06   4.0324521e-06   2.1540338e-06   1.4819622e-06   1.9738463e-06   3.3385516e-07  -4.8174354e-07  -1.0179614e-06   6.8550349e-07   3.6814259e-07   8.7115893e-07   3.5017939e-07   1.1335135e-06  -6.8873709e-07  -6.2497173e-07  -9.0496385e-08
  -0.0000000e+00  -1.0559135e-04   3.2625001e-05   1.4251062e-05   9.3211393e-06   1.1979362e-06   3.3880085e-06   4.3488844e-06   4.0535710e-06   1.4266333e-06   1.0632501e-06   4.1915959e-07  -4.5503634e-07   4.5273700e-07   8.0665291e-07  -2.2992232e-07   1.5973345e-06   1.4631759e-07   4.4840596e-07   4.4661594e-08  -6.0009643e-07   5.4236881e-07   4.2556758e-07
  -0.0000000e+00  -1.0566979e-04   3.2275457e-05   1.7863240e-05   1.0361575e-05   1.4407278e-06   3.4714492e-06   4.1424005e-06   2.3324687e-06   2.2216616e-06   1.4483230e-06   2.8760488e-07   1.2554722e-06   3.9608358e-07   7.0914876e-07   1.0721352e-06  -8.2425311e-07  -8.8883405e-07  -6.4475472e-07   7.6165691e-07   1.1770281e-07   6.2166453e-07  -2.6973115e-07
  -0.0000000e+00  -1.0622013e-04   3.4008182e-05   1.4603762e-05   1.0678325e-05   5.2095402e-07   1.5369327e-06   5.2576606e-06   3.2313710e-06   2.0094926e-06   5.2027985e-07   8.6301355e-07   1.1153776e-06   7.1015728e-07   1.0995117e-06   7.3705149e-07   3.4156636e-07   9.1692675e-07   1.6585529e-06  -1.8804332e-07   6.2684575e-07  -3.2257807e-07   1.2626509e-07
  -0.0000000e+00  -1.0704947e-04   3.1371223e-05   1.5282898e-05   9.2315968e-06   1.0794065e-06   2.1688379e-06   6.0097414e-06   4.9660689e-06   1.6547964e-06   1.4261494e-06   1.3143640e-06   8.9169600e-07   2.1779327e-07  -5.0773124e-08   1.1382699e-06  -4.6411122e-07  -2.5359907e-07  -1.0493507e-06   1.7778456e-07   2.8086163e-07   5.7679608e-07  -8.5429684e-07
  -0.0000000e+00  -1.0490344e-04   3.3099521e-05   1.7214334e-05   9.9412891e-06   2.5721984e-06   2.4903634e-06   4.5388902e-06   4.1440676e-06   1.0447774e-06   8.7144457e-07   3.9486204e-07   1.7437050e-06   3.6952051e-07  -8.2086126e-07   8.9706060e-07   1.2073268e-06   2.4099802e-07  -1.4845919e-07   4.0643667e-07   8.2822578e-07  -9.1629083e-08   4.8978427e-07
  -0.0000000e+00  -1.0469530e-04   3.0646261e-05   1.6669854e-05   8.9573032e-06  -1.9038896e-07   4.1002831e-06   5.4178017e-06   4.0360196e-06   2.6880059e-06   4.1803386e-07   5.6107183e-07   5.5890325e-07   1.2979254e-07   1.1213519e-06   1.4516992e-06  -5.9069242e-07  -1.1316144e-07   1.6721003e-07   1.8929636e-07  -7.0144580e-08   6.2849597e-07   6.3473556e-07
  -0.0000000e+00  -1.0829714e-04   3.1956686e-05   1.5486483e-05   9.3585650e-06   4.1408211e-07   9.1577863e-07   4.9558298e-06   2.8182976e-06   1.9106960e-06   6.4140897e-07   2.7943202e-07   1.2290175e-06   9.6733265e-07   9.8305952e-07   3.0212775e-07   6.7505437e-07   1.6051894e-07  -3.2312067e-07   1.0761397e-06   2.9665924e-07   2.9102588e-07  -9.7035297e-07
  -0.0000000e+00  -1.0546639e-04   3.3472625e-05   1.7126829e-05   8.9484056e-06   2.7054091e-06   2.5770175e-06   6.3421940e-06   4.7379203e-06   1.2182355e-06   2.2344377e-06   4.6479019e-07  -6.7206560e-07   8.0984144e-08  -1.0308630e-07   5.5157932e-07   1.1554533e-07  -2.8730028e-07  -8.6499618e-08  -1.2588945e-06   3.5987830e-07  -4.3351858e-07  -4.1574020e-07
  -0.0000000e+00  -1.0703143e-04   3.1110179e-05   1.5802771e-05   9.3090384e-06  -4.8145625e-07   2.5792722e-06   4.9593054e-06   2.7611095e-06   2.4571991e-06   1.6988062e-06   1.0608437e-06   1.6576074e-06  -1.1756914e-07   7.6625082e-07   1.0331610e-06   6.8976925e-07  -7.4909036e-07  -4.6950882e-07   7.5746647e-07   1.0385132e-06  -9.2447470e-07  -6.5419863e-07
  -0.0000000e+00  -1.0462842e-04   3.2137668e-05   1.4169181e-05   1.0592360e-05   7.0315986e-07   1.3706119e-06   5.8934479e-06   4.0554064e-06   7.2497397e-07   1.9364943e-06   4.3059424e-07  -1.0205782e-06  -3.3736936e-07   3.2772704e-07  -2.3645441e-07  -2.0315449e-07   5.8576262e-07   8.6246200e-07   8.2114508e-07   2.0873534e-07   4.7115142e-07   3.8647457e-07
  -0.0000000e+00  -1.0649816e-04   3.1901382e-05   1.5461774e-05   9.8034589e-06   4.7305477e-07   2.3951586e-06   7.1084237e-06   3.5065027e-06   3.2409796e-06   2.2033264e-06   8.8095931e-07   9.3852611e-07   1.5296225e-06   1.0923979e-07  -1.3545633e-07  -1.8199128e-07   5.8155064e-07   1.2100869e-06   1.8556231e-07   3.4886850e-07   9.8347641e-07   8.7024864e-07
  -0.0000000e+00  -1.0678118e-04   3.3692118e-05   1.5776879e-05   9.6162757e-06   2.2860143e-06   1.5438951e-06   4.0645473e-06   3.2892751e-06   1.7017238e-06   1.5167731e-06   7.4551050e-09   1.0646946e-06   1.2079400e-06   1.1001233e-06   7.9887064e-07  -2.5951761e-07  -2.7140404e-08  -1.0588652e-06   8.7271138e-07  -1.0128323e-06  -2.1536716e-08  -7.2332307e-07
  -0.0000000e+00  -1.0772250e-04   3.0345032e-05   1.7544007e-05   9.0366793e-06   2.3813454e-06   3.9018614e-06   5.2283544e-06   4.3879677e-06   2.2319932e-06   8.9503203e-08   1.0093423e-06   1.3134058e-06   1.2531935e-06   2.4729880e-07   4.9525204e-07  -1.0632021e-08   4.1722029e-07   1.3608484e-06  -1.7985511e-07   7.4950589e-07   1.0368726e-07   2.6799404e-07
  -0.0000000e+00  -1.0371504e-04   3.2262298e-05   1.5124029e-05   1.0091147e-05   8.1878869e-07   2.5374534e-06   3.7418104e-06   3.3008905e-06   7.0049850e-07   1.9910292e-06   8.6236298e-07  -4.1572977e-07   1.8830150e-07   3.2947759e-07  -1.2664549e-07   3.7645438e-07   6.4230072e-08  -1.1228084e-06  -6.7436264e-07  -1.1930426e-06   5.5030830e-07   3.8567140e-07
  -0.0000000e+00  -1.0751525e-04   3.3525888e-05   1.6180542e-05   1.0929204e-05  -6.7600342e-07   2.6786845e-06   7.3948959e-06   5.1350835e-06   2.0607301e-06   2.1177452e-06   1.3343521e-06  -6.9139838e-07   2.5849943e-07   8.9861248e-07   1.8149332e-06   9.7016107e-07  -6.5355675e-07  -5.5155173e-08   3.8433578e-07   1.7803389e-06  -8.4181124e-07  -2.4572406e-08
  -0.0000000e+00  -1.0567560e-04   3.0853513e-05   1.6398008e-05   9.9190129e-06   2.0888872e-06   3.2981604e-06   5.1163152e-06   1.2056067e-06   1.6342249e-06   1.2853588e-06   2.1414305e-06   3.0559215e-07   1.7437975e-07   8.8446495e-07  -1.4370332e-07  -7.2979753e-07   5.5365496e-07   9.5361912e-07   7.1154744e-07  -3.1108905e-07  -5.2168627e-07   9.4523023e-07
  -0.0000000e+00  -1.0486502e-04   3.1382839e-05   1.6384736e-05   1.0963998e-05   1.0686897e-06   2.6033174e-06   6.6868583e-06   2.3540301e-06   2.3492876e-06   1.4537756e-06   2.4490214e-08  -1.6703731e-07   5.0416406e-07   1.3970854e-06  -2.6010429e-07  -3.8298893e-07  -3.7763832e-07   1.2298017e-06   2.2810724e-07   3.9138406e-08  -9.7423003e-07   2.5811960e-07
  -0.0000000e+00  -1.0498271e-04   3.1418938e-05   1.7650253e-05   1.0243069e-05  -3.8962139e-07   4.2393831e-06   5.5159849e-06   3.0857063e-06   4.9629836e-07   1.4691726e-06   7.5500839e-07   7.3699960e-07  -5.5163660e-08   1.2802076e-06  -9.1218098e-08  -1.6779802e-07   5.3432149e-07  -5.1073090e-07   1.0667391e-06  -2.6038100e-07   1.1140177e-07   5.9920234e-07
  -0.0000000e+00  -1.0792867e-04   3.5099139e-05   1.4548143e-05   1.1219000e-05   6.4765226e-07   2.3251559e-06   3.1599716e-06   4.8485826e-06   2.2660572e-06   1.8486741e-06   1.1414977e-06  -1.2540925e-06   1.2038370e-06   1.4815053e-07  -1.1583606e-07  -6.3278556e-08   4.2892492e-07   3.3508303e-07   5.4828416e-08   6.9040664e-07  -1.4453305e-07  -6.0413379e-07
  -0.0000000e+00  -1.0667474e-04   3.0976928e-05   1.7640417e-05   9.7950278e-06   1.0990881e-06   3.9522329e-06   5.0448348e-06   4.0552763e-06   1.2299607e-06   5.8646691e-07  -9.9613510e-07   8.8852346e-07   7.8632507e-07   1.3888731e-06  -3.8029444e-07  -8.6175856e-07  -8.1090826e-07  -3.2682365e-07  -3.6845171e-07   5.6551750e-07   6.9069856e-08   1.1245098e-06
  -0.0000000e+00  -1.0416054e-04   3.0533174e-05   1.6133679e-05   9.3362269e-06   9.2709064e-07   3.2884132e-06   6.4290261e-06   4.5031675e-06   1.4422682e-06   1.0708160e-06   2.0636851e-06   1.0998457e-06   1.6029588e-08   1.4642962e-06   8.8296991e-07   1.4147154e-06   6.1612371e-07  -7.1554791e-07  -3.5273621e-07   2.2180585e-07   5.4625974e-07   9.9250535e-08
  -0.0000000e+00  -1.0778452e-04   3.3897100e-05   1.5883983e-05   9.6012745e-06   1.2652408e-06   2.8838510e-06   3.7578225e-06   2.7608839e-06   1.6726061e-06   1.6404906e-06   4.6656393e-07   4.8621661e-07  -4.4789935e-08   3.3824796e-07  -2.5054550e-07  -3.3256936e-07   2.7394165e-07  -2.7021386e-07  -3.9810573e-07   4.1223888e-07   4.3669144e-07   3.8365280e-07
  -0.0000000e+00  -1.0542249e-04   3.3313292e-05   1.5635696e-05   9.5400092e-06  -4.8883436e-07   3.6337424e-06   6.3310408e-06   4.0526006e-06   1.3357489e-06   1.3848902e-06  -2.4576900e-07   5.5066619e-07   1.2215924e-06   2.7251915e-07   3.5659025e-07  -2.4762741e-07  -1.2678750e-07   4.4201897e-07   7.1694643e-07   1.4984338e-06   6.3627743e-07  -2.5124936e-07
  -0.0000000e+00  -1.0317648e-04   3.1197698e-05   1.5267220e-05   8.7786120e-06   1.7294669e-06   2.5304039e-06   3.9749070e-06   3.8934627e-06   2.2746237e-06   2.1707954e-06  -4.3810661e-07  -1.7630555e-07   6.9004608e-07   9.4246724e-07   1.2828100e-07   2.5587173e-07   6.2372413e-07   1.9055430e-07   4.7433673e-07   4.9089195e-08  -5.4869417e-07  -2.3082929e-07
  -0.0000000e+00  -1.0791914e-04   3.0423507e-05   1.7707942e-05   1.0307409e-05   1.0094226e-06   3.2127396e-06   4.4937942e-06   3.5584433e-06   1.7824051e-06   1.7140135e-06   2.2024662e-06   9.6056283e-07   1.2560163e-06   1.3482882e-06   1.2758967e-06  -2.9027024e-07  -4.4717035e-07  -5.8526496e-07   1.1778141e-06  -4.3283217e-07   7.0839911e-07   6.9076015e-07
  -0.0000000e+00  -1.0614216e-04   3.3288274e-05   1.5320071e-05   9.8887285e-06   2.1831336e-06   2.2198756e-06   4.5566262e-06   4.2107381e-06   1.4082595e-06   9.5201875e-07   1.0099639e-06  -1.0535204e-07   8.5182415e-07   1.0070596e-06  -2.4253109e-07   3.5319465e-07   9.4995136e-07   5.8794137e-07   3.6177704e-07  -4.7772357e-07  -1.9448382e-07  -1.0730845e-06
  -0.0000000e+00  -1.0669802e-04   3.2381082e-05   1.6096859e-05   1.0647656e-05  -4.1316477e-07   3.1753509e-06   5.9305166e-06   3.5095263e-06   2.4795345e-06   8.3776263e-07   5.9603730e-07  -3.9892718e-08  -6.2329900e-07   3.5441283e-07  -2.4675663e-07   9.7973611e-07   1.6787793e-07  -7.7503678e-08   6.4942219e-07  -5.2083988e-07   1.0827218e-06  -3.5716991e-07
  -0.0000000e+00  -1.0402928e-04   3.1020107e-05   1.6968859e-05   9.7065495e-06   1.0723527e-06   1.7819191e-06   4.7823823e-06   4.4977173e-06   7.9779187e-07   1.4926571e-06  -2.9462765e-07  -1.4725394e-07   1.9046854e-06  -5.5195262e-08  -2.3240271e-07  -6.5972927e-07  -6.3166112e-07   1.1626709e-06   3.0448049e-07   9.0700320e-07  -1.1517744e-06   6.4723991e-07
  -0.0000000e+00  -1.0771557e-04   3.0655159e-05   1.6987002e-05   1.0743765e-05   1.1753524e-07   3.2665603e-06   4.9114897e-06   3.3672968e-06   3.0878634e-06   2.3691045e-06   7.0127430e-07   4.5470898e-07   1.6032719e-07   9.1141760e-07   1.7944037e-06  -3.1930585e-07  -2.4403440e-07   6.9352666e-07  -4.4588310e-07   5.1437615e-07   5.2723243e-07   4.0007873e-07
  -0.0000000e+00  -1.0631874e-04   3.5269157e-05   1.4041470e-05   9.1546663e-06   1.2566699e-06   3.0197421e-06   4.5965335e-06   2.5885397e-06   1.7060813e-06   1.2944603e-06   1.3576757e-06   7.7136121e-08  -7.8925899e-07   1.1592542e-07   2.5890703e-08   7.2088392e-07   3.3504019e-08  -4.6396019e-07  -6.0279740e-07  -5.6982975e-07  -8.4350592e-07   1.1487610e-06
  -0.0000000e+00  -1.0440254e-04   3.0487468e-05   1.6044516e-05   9.4700508e-06   1.1195514e-06   4.4731105e-06   5.5203059e-06   3.0139865e-06   2.3596058e-06   9.8434452e-07  -5.5154658e-07  -7.7201997e-07  -1.5207959e-08   1.4083845e-07   1.5964832e-06   2.9111712e-07  -4.5740384e-07   5.1975996e-07  -1.3304043e-07   6.3800132e-07   7.0687867e-07  -9.3827185e-07
  -0.0000000e+00  -1.0655227e-04   3.1354619e-05   1.6342728e-05   9.2718674e-06   2.3281554e-07   3.0657172e-06   3.9493334e-06   4.6062883e-06   1.2745287e-06   1.4479978e-06   1.8327848e-06  -2.3389619e-07   2.0940888e-06   6.5141319e-07   7.2188107e-07   1.3746832e-07   5.4931724e-07  -6.1793270e-07   3.4013786e-07  -5.5066414e-07  -1.7552922e-07   1.0048982e-06
  -0.0000000e+00  -1.0511055e-04   3.1703028e-05   1.6761614e-05   9.6810172e-06   2.2243662e-06   2.8660168e-06   5.8083474e-06   4.1905332e-06   1.9966121e-06   1.2751157e-06   8.8718940e-07  -9.2192760e-09   1.7739846e-06   8.2662484e-07  -1.8872061e-07   3.5878551e-07  -3.7356935e-07   1.2225821e-06   5.0059390e-07   2.0771504e-08   7.1539512e-07   3.7612574e-07
  -0.0000000e+00  -1.0656613e-04   3.1948541e-05   1.4178200e-05   9.6761205e-06   1.7473767e-06   2.7228464e-06   4.3863861e-06   3.1913794e-06   4.4021701e-07   1.5446544e-06   2.0715599e-06  -6.5672310e-08   4.9592023e-07   2.7044729e-07   1.2051952e-06   9.7376710e-07  -3.8507274e-08   1.0114388e-06   7.5841672e-07  -1.1144697e-06   7.2424609e-07  -3.7785350e-07
  -0.0000000e+00  -1.0759779e-04   3.1234282e-05   1.6818387e-05   1.0628155e-05   6.4245330e-07   1.9126476e-06   6.8437307e-06   3.3087670e-06   2.4905537e-06   1.2968733e-06   1.1424232e-06   8.5291913e-07   1.7212257e-07   4.9229686e-07   5.5076237e-07   2.3358876e-07  -8.0227733e-07  -1.2592192e-06   3.0628848e-07   8.8777107e-08   1.7947339e-07   9.6464566e-07
  -0.0000000e+00  -1.0497325e-04   3.2023101e-05   1.7784389e-05   9.5674450e-06   1.1220643e-06   4.8274242e-06   4.4164040e-06   3.4536015e-06   1.3700345e-06   8.3198529e-07   9.9790293e-07  -7.0160519e-07   6.3066892e-07   7.4993875e-07   6.3879071e-07  -4.7168740e-07   6.1146579e-07   8.4363592e-07   2.1065847e-07  -9.1303951e-07  -1.0336413e-07  -1.5151200e-07
  -0.0000000e+00  -1.0514398e-04   3.2178621e-05   1.5479713e-05   9.8395813e-06   1.8574800e-06   7.7619870e-07   4.9809328e-06   4.8653178e-06   1.6036589e-06   1.9505908e-06   1.7687757e-06  -8.4599219e-07  -7.9749094e-07   2.2246455e-07  -3.7335025e-07   4.4816360e-08   6.3768982e-07   5.1291636e-07  -6.5269961e-07   9.2856845e-07   9.7157636e-07  -4.4469053e-07
  -0.0000000e+00  -1.0810974e-04   3.2961958e-05   1.5992156e-05   1.0696305e-05   7.7921061e-07   2.6669470e-06   6.3661564e-06   4.2584111e-06   9.6569477e-07   3.3256418e-07   1.9483473e-06   3.7670159e-07   1.7910500e-07   9.3764214e-07   1.1479776e-06   7.4604168e-07   3.1954582e-07   4.6695834e-07   7.7089055e-08  -4.2894868e-07   7.0653607e-07  -8.1241399e-07
  -0.0000000e+00  -1.0425824e-04   3.0748495e-05   1.7458317e-05   9.2609052e-06   6.9333913e-07   3.3194649e-06   4.2787233e-06   4.1093058e-06   1.6022381e-06   8.9527066e-07   1.1791698e-06   7.3657981e-07   2.0123238e-07   7.6216168e-07  -4.8163102e-08  -3.7486058e-07   8.8311413e-07  -2.7750917e-07   1.0418726e-06   4.2671300e-07   7.0105114e-07   7.0832328e-07
  -0.0000000e+00  -1.0727214e-04   3.1741703e-05   1.6936436e-05   1.0215533e-05  -4.8686172e-08   2.8936690e-06   5.2572814e-06   3.3092863e-06   2.3186592e-06   3.2216732e-07   9.5223174e-07   4.6097918e-07   3.8309207e-07   4.9097156e-07  -3.0080110e-07   3.0956480e-07   2.2718540e-07   1.8931983e-07  -2.2303684e-07  -6.0813868e-08   1.0320413e-07   9.9158956e-07
  -0.0000000e+00  -1.0755267e-04   3.2526619e-05   1.7272787e-05   9.3437775e-06   3.3742608e-06   1.0123440e-06   4.8979355e-06   4.3331647e-06   2.0260022e-06   1.7326151e-06   1.5560342e-06  -3.3450604e-07   6.1989221e-07   8.8122596e-07  -3.8730690e-07   7.9436614e-07   4.2919095e-07  -5.9430408e-07  -2.3072590e-07  -3.7251846e-07  -5.8819631e-07   2.3021819e-07
  -0.0000000e+00  -1.0542430e-04   3.0268082e-05   1.6037493e-05   1.2028136e-05  -6.7655225e-07   1.8254315e-06   5.1621901e-06   4.3004065e-06   8.9855831e-07   1.6840971e-06   1.9233849e-07  -9.4965412e-07  -9.8835521e-08   1.3657035e-06  -2.8400035e-07   1.7227168e-06  -1.5477190e-07   1.5990568e-07   1.4859331e-08   1.2636702e-06  -8.1159908e-07   6.2018080e-07
  -0.0000000e+00  -1.0465930e-04   3.1838037e-05   1.6249945e-05   8.9522264e-06   1.2021900e-06   3.7888433e-06   5.3559229e-06   2.1626558e-06   2.1258161e-06   2.3365649e-06  -5.1847625e-08   1.3511755e-06   4.6747476e-07   1.4745857e-06   5.0127799e-08   6.4954925e-08   1.0755294e-06   1.5749967e-08   7.6281378e-07   9.0544614e-07   9.0775205e-07  -1.3399325e-07
  -0.0000000e+00  -1.0549999e-04   3.1487834e-05   1.6671016e-05   7.7914901e-06   8.3289399e-07   2.9024193e-06   4.1641965e-06   4.0968657e-06   7.3465526e-07   1.2002992e-06   1.9902114e-07   1.5093843e-06   1.3847405e-06   1.4750531e-06   1.1461368e-06  -4.8694716e-07   7.2031008e-07  -1.7127698e-07  -1.3678252e-06   1.3446373e-06   9.4205245e-07  -7.2732769e-07
  -0.0000000e+00  -1.0668582e-04   3.1699681e-05   1.4478066e-05   1.1047022e-05   5.9008664e-07   2.6922789e-06   6.3107545e-06   3.8183384e-06   1.4454060e-06   7.9840368e-07   1.1938656e-06   5.7070662e-07   8.0881875e-07  -3.2161037e-08  -4.4860255e-07  -2.7638288e-07   5.4287290e-07   1.7578465e-07  -3.9190073e-07  -9.1476272e-07  -3.1681205e-07  -6.8150354e-07
  -0.0000000e+00  -1.0584182e-04   3.3738786e-05   1.6150978e-05   1.0432180e-05   1.0300738e-06   3.8217709e-06   4.4171657e-06   2.8154559e-06   1.3513736e-06   2.4650665e-06  -8.9347125e-08  -4.0018688e-07   1.2804556e-07   2.0235639e-08  -6.6403339e-07   2.9631985e-07   6.8695454e-07  -1.7713936e-07  -4.1392508e-07   1.7477390e-07   1.5092910e-06  -4.9450796e-07
  -0.0000000e+00  -1.0445586e-04   3.2212367e-05   1.6036160e-05   1.0101585e-05   6.1651878e-07   2.3001905e-06   4.1200478e-06   3.1246864e-06   3.7750908e-06   1.3762192e-06  -5.9089456e-07  -1.0640727e-07   1.0245540e-06   8.4852934e-07   1.6331264e-06  -1.1860458e-07  -4.5742530e-07   1.1289194e-06  -1.2666979e-07   4.2681290e-08   8.8073898e-07   4.3629970e-07
  -0.0000000e+00  -1.0587944e-04   3.2628606e-05   1.5037751e-05   1.1459862e-05   1.9780427e-06   2.6800315e-06   5.5915871e-06   4.0706054e-06   2.0927630e-06   2.2593333e-06   2.3085099e-07   4.2144310e-07   2.4446882e-07   9.6428806e-08  -5.7594583e-08  -1.3882735e-06  -2.6947950e-07  -5.7913655e-07  -9.7536429e-08  -5.3530198e-07  -2.0078117e-07   7.1873053e-08
  -0.0000000e+00  -1.0744863e-04   3.2067026e-05   1.6545717e-05   9.0153244e-06   1.2104518e-06   2.5499637e-06   4.0579043e-06   5.4860352e-06   1.0126695e-06   5.2374514e-07   2.2268969e-06   3.3817139e-07   8.6537604e-08   6.2537873e-07   1.2546554e-06  -2.8977314e-07   1.1397732e-06   5.9935320e-07   5.7450154e-07   1.0527193e-06  -6.7189609e-07   2.1737274e-07
  -0.0000000e+00  -1.0494939e-04   3.4110250e-05   1.5655389e-05   1.0362994e-05  -3.3177994e-07   4.2721085e-06   4.1452117e-06   2.9828386e-06   3.5500982e-06   2.0009370e-06   8.3561184e-07   8.4538124e-07   1.3611395e-06   1.1419775e-06  -1.8565589e-07   1.2624138e-06  -8.5822319e-07  -4.4842443e-07  -4.7920719e-07  -3.8552179e-07   4.2752313e-07   1.1005258e-06
  -0.0000000e+00  -1.0762316e-04   3.1293916e-05   1.5711303e-05   1.0328265e-05   7.3250152e-07   1.7859372e-06   5.4172365e-06   4.4231006e-06   1.7431685e-06   1.0469976e-06   1.1747740e-06   1.6429055e-06  -3.3834503e-08  -6.3726969e-07  -1.9046803e-07   6.3686997e-07   5.9242340e-09   9.6611132e-07  -7.6087012e-08   6.6760424e-07  -1.6427454e-07  -6.9548338e-07
  -0.0000000e+00  -1.0443541e-04   3.0298517e-05   1.6161675e-05   1.0135940e-05   1.2162320e-06   2.5979939e-06   4.8831562e-06   3.9497941e-06   1.2658242e-06   7.8283307e-07   4.3072490e-07   3.8583050e-07   3.2762438e-07   3.8653258e-07   6.7338004e-07   7.3313907e-07   3.0478969e-07  -2.0202796e-07   8.7029679e-07   1.4040160e-07   1.6981756e-08  -1.0624187e-07
  -0.0000000e+00  -1.0702322e-04   3.4022010e-05   1.6689513e-05   9.3558338e-06   1.2937759e-06   1.1199978e-06   6.4676892e-06   3.9173542e-06   3.0140645e-06   1.6529103e-06   1.4294009e-06   5.1216739e-07   1.6173843e-07   7.9589904e-07   5.8927498e-07  -4.7114955e-07   3.3442706e-07  -2.7708458e-07   6.5398052e-07   9.0804144e-07  -5.0811394e-07   7.3555299e-07
  -0.0000000e+00  -1.0628659e-04   3.1165946e-05   1.6976734e-05   9.4643192e-06   6.9307316e-07   3.4020643e-06   5.1102961e-06   3.9192182e-06   1.7899530e-06  -2.1164681e-07   1.0236033e-06   8.2656800e-07  -1.0584160e-06   8.2704742e-07   5.8529952e-07  -3.2202007e-07  -1.0304010e-06  -9.6779274e-07  -3.0403018e-07  -6.6099932e-07   8.8456073e-07   5.9170497e-07
  -0.0000000e+00  -1.0491729e-04   2.9891498e-05   1.6732994e-05   1.0689279e-05  -2.6599824e-07   2.4314866e-06   6.3829066e-06   2.1838525e-06   6.8968205e-07   1.4218648e-06  -6.4069280e-07   7.5060022e-08   8.7324423e-08   1.3248717e-06   1.0045018e-06   9.2912779e-07   3.0647840e-07   5.7616944e-07  -1.2967023e-09  -8.5366156e-07   6.0016032e-07   1.1242162e-06
  -0.0000000e+00  -1.0786642e-04   3.4669356e-05   1.5655674e-05   8.7739181e-06   2.3743164e-06   3.3209728e-06   5.1400471e-06   4.1272501e-06   1.8922173e-06   8.3061843e-07   1.9406168e-06   3.6105556e-07   2.8456151e-07   2.8262988e-07   1.0524075e-06   1.1190631e-06   7.2873581e-07  -5.2235686e-07   1.1156382e-06  -5.5624241e-08  -8.4860108e-07   1.7294811e-07
  -0.0000000e+00  -1.0569273e-04   3.0795705e-05   1.6049165e-05   1.0436992e-05   1.5832861e-06   2.3172879e-06   5.7238908e-06   3.1699735e-06   2.0716188e-06   1.1881615e-06   6.9855014e-07   1.9696763e-07   7.7867577e-07  -9.3305175e-07   2.2560741e-07   5.1596908e-07  -4.9722962e-07   1.1775628e-06   4.6196951e-07   2.3430076e-07  -7.9106081e-07   5.0534715e-07
  -0.0000000e+00  -1.0650636e-04   3.1040756e-05   1.5669893e-05   9.5548867e-06   8.3539084e-07   1.7810705e-06   3.8022622e-06   4.9904502e-06   1.8822022e-06   1.0800775e-06  -3.0008101e-07   1.9991708e-06   1.3471614e-06   1.4283150e-07  -2.7660309e-07   4.7378313e-07   6.1043676e-07   2.6541275e-07  -6.4245349e-08   7.9501109e-07  -4.7508252e-07   6.5548426e-07
  -0.0000000e+00  -1.0534029e-04   3.1451000e-05   1.6772923e-05   9.4437473e-06   5.2419421e-07   1.9142465e-06   6.7307001e-06   2.9707496e-06   2.4193150e-06   7.2480520e-07  -1.3227670e-07   1.3129802e-06   5.5217174e-07   7.3112869e-07   1.1092873e-06   1.6606615e-06  -6.3570766e-08   1.9012005e-07   7.3126796e-07  -5.6659599e-07   8.4707023e-07  -5.8594276e-07
  -0.0000000e+00  -1.0395075e-04   3.4994799e-05   1.4716256e-05   8.0991922e-06   1.7087468e-06   3.2164241e-06   4.9009927e-06   4.8510155e-06   1.0215005e-06   3.9164033e-07   5.5167010e-07   2.3388340e-07   1.0158535e-06  -1.5866884e-07   3.1585270e-07  -3.9969052e-07  -5.3539384e-08  -5.3127835e-08   9.8917246e-07   5.1267318e-07  -2.5352131e-07  -3.0993576e-07
  -0.0000000e+00  -1.0996209e-04   3.2264448e-05   1.7498825e-05   1.0103927e-05  -2.5032824e-07   2.6901243e-06   6.5614126e-06   3.4780869e-06   3.3525912e-06   1.7657842e-06  -4.2423896e-08  -5.6761269e-07   7.7269732e-08   5.9575081e-07  -3.7605412e-07   1.7323555e-07   6.2765525e-07  -2.8012454e-07   3.5910239e-07  -6.2624025e-07   1.3661560e-06  -2.1234052e-07
  -0.0000000e+00  -1.0255504e-04   2.9905741e-05   1.7186905e-05   1.0238399e-05   1.3199001e-06   3.2288594e-06   3.5291105e-06   4.9902442e-06   2.6888142e-06  -6.4151164e-09   1.0069589e-06  -5.1821623e-08   9.6461110e-07   1.7905663e-06   7.2423455e-07  -4.0202713e-07  -6.9498986e-07   8.3243270e-07   4.0342454e-07  -1.9433983e-07  -7.1388263e-07  -3.3917829e-07
  -0.0000000e+00  -1.0715230e-04   3.4038483e-05   1.6381009e-05   8.2964234e-06  -1.1158862e-07   2.6049809e-06   4.5026386e-06   3.4451034e-06   1.9500051e-06   1.1507358e-06  -1.1156608e-06  -1.2335229e-07   1.4301210e-06   9.9213787e-07   3.9650249e-07   1.2066175e-06  -6.2011566e-08  -5.1866050e-07   7.0600078e-07  -8.8822492e-07  -7.1225543e-08   5.8935979e-07
  -0.0000000e+00  -1.0694680e-04   3.2535692e-05   1.5029770e-05   9.5696150e-06   3.9168890e-06   1.4689648e-06   6.3216726e-06   3.6806848e-06   1.1069288e-06   2.3121506e-06   1.2826323e-06  -3.1181796e-07   1.9860993e-06   1.9776184e-07   6.1722130e-07   1.3591897e-07  -9.7879820e-07   1.6478023e-06  -2.8754712e-07   1.1298508e-06  -7.6360931e-07   3.0419261e-07
  -0.0000000e+00  -1.0574095e-04   2.9557474e-05   1.7968216e-05   1.0403950e-05   7.4029055e-07   3.9509641e-06   6.2320382e-06   4.5172155e-06   3.0859005e-06  -2.1945463e-07   9.0645796e-07   1.0891805e-06  -1.6728184e-07   1.3045940e-06   8.2507773e-07   1.0568664e-06   2.2012578e-07   4.5291080e-07  -2.2016902e-08   4.7882730e-07   5.2168036e-07   9.2476364e-07
  -0.0000000e+00  -1.0658617e-04   3.4103283e-05   1.5884681e-05   9.4015722e-06   5.6084173e-07   3.0290971e-06   5.1974284e-06   2.7834305e-06   8.7054315e-07   6.3584781e-07   1.1142170e-06  -3.4413517e-07   1.2093254e-06   6.0877721e-07   4.0112690e-07  -8.6226015e-07  -8.9942586e-07  -5.4792878e-07   1.0709289e-06  -2.5904134e-07   5.7364650e-07   9.1434749e-11
  -0.0000000e+00  -1.0554660e-04   3.0187744e-05   1.6630383e-05   1.1222054e-05   2.9251205e-06   3.2701059e-06   4.8883280e-06   2.9771379e-06   2.3849173e-06   1.9977349e-06  -5.6576391e-07   1.3978458e-06   7.5334373e-07   2.1360081e-06   9.8975909e-07  -8.3559662e-08   9.0657488e-07  -8.5286575e-07  -4.9811746e-07   3.2179989e-07  -2.4562138e-07  -1.0051992e-06
  -0.0000000e+00  -1.0759374e-04   3.1831623e-05   1.6975944e-05   7.5318439e-06   1.6408117e-06   2.8688271e-06   5.2019441e-06   2.6519808e-06   1.0280170e-06   1.5204223e-06   8.5227646e-07   5.6136219e-07  -3.7624761e-07   4.5375418e-07   1.5071029e-07   7.1126154e-09   3.4273935e-08   1.1514874e-06   5.0654023e-07   2.3377999e-07   4.9431355e-07   7.3568555e-07
  -0.0000000e+00  -1.0384793e-04   3.2841570e-05   1.5041002e-05   9.5875939e-06   1.8440841e-06   9.6575400e-07   4.7954572e-06   4.5133233e-06   8.1478032e-07   7.2745388e-07   6.3194608e-07  -7.3986530e-07  -2.2663291e-07   8.1511352e-08  -5.0636356e-07  -1.9200819e-07  -7.8908658e-07   5.5927291e-08  -1.1739241e-06   2.8692222e-07  -7.1552950e-07  -8.4918827e-07
  -0.0000000e+00  -1.0471842e-04   2.9682709e-05   1.6631609e-05   1.0447324e-05   1.6626645e-07   4.6849041e-06   4.8982020e-06   4.2166894e-06   3.9455463e-06   4.8064260e-07   1.0875718e-06   1.7289539e-06   1.1129943e-06   8.4879716e-08   1.6088467e-06   9.3795461e-07  -1.0531864e-07   1.4054535e-07   9.8345242e-07   1.0282217e-06   8.2116264e-07  -6.5057242e-07
  -0.0000000e+00  -1.0898442e-04   3.5380566e-05   1.4777161e-05   8.9058385e-06   3.3380238e-07   1.9591503e-06   5.7048337e-06   4.5377906e-06   5.0681729e-07   1.2844499e-06   6.3353554e-07   6.2691856e-07   4.2208171e-07   5.6643836e-07   5.9341079e-07   1.1156795e-07  -3.0530890e-07   3.9459556e-07   7.4024206e-07   7.1222019e-07   3.3919031e-07  -5.1395261e-07
  -0.0000000e+00  -1.0545606e-04   3.0726780e-05   1.8130753e-05   9.9981835e-06  -1.1788601e-06   3.5270430e-06   5.8646451e-06   3.8850039e-06   1.9943468e-06   7.4884667e-07   8.2302228e-07  -6.1610797e-07   4.3423405e-08   5.4587377e-07  -4.6834521e-07  -3.7730171e-08  -8.3888473e-08   6.2927853e-08  -3.3748995e-07  -1.0284119e-06   9.6934548e-07   1.2713326e-06
  -0.0000000e+00  -1.0453223e-04   3.2093732e-05   1.6206437e-05   1.0671160e-05   1.3738676e-06   2.8680997e-06   2.8067927e-06   4.8833758e-06   2.3447346e-06   1.1860242e-06   1.3888150e-06  -4.9016201e-08  -4.9883372e-08   4.4905693e-08   1.1662963e-06   2.4577383e-07   1.0194210e-06   1.0708744e-06  -2.3330877e-07  -1.0224913e-06   7.0178260e-07  -5.6950245e-07
  -0.0000000e+00  -1.0727030e-04   3.2800086e-05   1.5029335e-05   9.8787605e-06   4.6879546e-07   4.2189790e-06   4.1359522e-06   3.3059400e-06   3.7403979e-06   9.5185362e-07   5.6724400e-07   9.2693438e-07   3.0733577e-07   1.4857915e-06   6.0271395e-07  -1.0460798e-07   7.8527825e-07   3.9688075e-07   9.5734367e-07  -3.9654810e-07   2.0591612e-07   2.1511468e-07
  -0.0000000e+00  -1.0718493e-04   3.1804331e-05   1.6227317e-05   9.2445771e-06  -1.8361786e-06   3.0551757e-06   5.8619603e-06   4.5292531e-06   9.1586344e-07  -3.8187184e-07   4.5852443e-07   1.2474546e-06   9.9805914e-07   6.7420939e-07   9.0064242e-07  -5.1401076e-07  -4.8058502e-07  -2.6926767e-07   4.9165095e-07   8.5305760e-07  -5.8048347e-08  -3.9112541e-07
  -0.0000000e+00  -1.0413241e-04   3.1354368e-05   1.5649033e-05   1.1079522e-05   3.2410171e-06   6.5057048e-07   4.5861125e-06   3.9665838e-06   9.4422955e-07   3.0704152e-06   2.1637391e-06   5.2724408e-07  -7.8038219e-08   9.8016017e-07  -4.1924628e-07  -3.4374156e-07  -2.1770629e-07   8.5546696e-07  -5.3634039e-07  -2.2485723e-07   7.4735755e-07   5.8227175e-07
  -0.0000000e+00  -1.0546665e-04   3.1859832e-05   1.6476788e-05   1.0123534e-05  -1.6245700e-07   4.6813052e-06   3.7320410e-06   3.5324974e-06   2.4515166e-06   2.7752316e-07   1.1944707e-06   4.0872860e-07   9.4847815e-07   6.8879297e-07   8.2772367e-08   7.8715340e-07  -5.8744638e-07   3.3933748e-07   7.5503380e-07   2.8249650e-07  -5.9312157e-07   4.9487716e-07
  -0.0000000e+00  -1.0383576e-04   3.1560921e-05   1.8913586e-05   8.8253701e-06   1.1605331e-06   1.4563202e-06   4.4268495e-06   4.6423611e-06   1.7116281e-06   2.0385303e-06   9.3682519e-07   2.0167356e-07   8.1404801e-07   1.4605013e-06   1.8609404e-06  -1.6417160e-07  -8.9451703e-07   5.3350880e-07   1.0430253e-06  -7.5918246e-07   2.1156546e-07   1.3338833e-07
  -0.0000000e+00  -1.0880954e-04   3.4989829e-05   1.5865277e-05   1.2014243e-05  -2.7563550e-07   3.7791101e-06   4.1710555e-06   3.9431407e-06   1.2778061e-06   1.0622531e-06  -6.7701700e-07   3.7411655e-07   1.3213090e-06   5.4044961e-07  -9.2146081e-07   1.9317814e-07   3.0639492e-07  -8.2993085e-07  -1.0311406e-06   3.6185833e-07  -4.3005730e-07   1.2748238e-07
  -0.0000000e+00  -1.0265319e-04   2.9500387e-05   1.5335962e-05   8.4836220e-06   1.7759063e-06   2.6032390e-06   5.6034178e-06   3.4152024e-06   1.8847209e-06  -6.7419910e-07   7.9256392e-07  -3.2172608e-08   7.8263787e-07   3.6254713e-07   4.5984586e-07   9.4696691e-07   1.2152677e-06  -9.2046363e-08   1.0769796e-06  -2.4136239e-07   5.2052417e-07   5.4981206e-07
  -0.0000000e+00  -1.0909849e-04   3.3496988e-05   1.7785247e-05   8.7116623e-06   1.4118082e-06   2.4571143e-06   5.2326895e-06   2.5997051e-06   2.5173395e-06   2.4590117e-06   8.6734536e-07   8.7016076e-07   1.1644564e-06  -3.9414672e-07   1.2772687e-06   2.3682614e-07  -1.3635339e-06   1.4894765e-06   3.0176977e-07   3.3490406e-07  -5.5795374e-07   4.0783431e-07
  -0.0000000e+00  -1.0521296e-04   3.2587319e-05   1.6595566e-05   9.7996372e-06  -3.5338272e-07   3.8308704e-06   5.5101855e-06   3.6944293e-06   2.1153305e-06   1.1461109e-06   2.0004197e-06   5.4500617e-07   1.0854161e-06   6.4842141e-09   5.2353352e-07  -3.3815311e-07  -2.8328517e-07   4.4592809e-08  -2.8188910e-07   5.0780739e-07   7.2569679e-07   3.5295736e-07
  -0.0000000e+00  -1.0541597e-04   3.2189051e-05   1.2787632e-05   1.2188170e-05   1.6824375e-06   8.0491623e-07   3.9196889e-06   5.0387025e-06   1.6203323e-06   7.8595224e-07   1.6774736e-06   1.3712530e-06   1.0812547e-06  -1.0942736e-06  -3.1389072e-07  -2.5470777e-07   6.1032966e-07   9.1654044e-07   2.4356925e-07   3.2903691e-07   9.0584416e-07  -2.6847226e-07
  -0.0000000e+00  -1.0547782e-04   3.2006887e-05   1.8300598e-05   6.9169860e-06   1.0630663e-06   1.4701019e-06   5.6651074e-06   3.8532480e-06   1.1881400e-06   1.9910299e-06  -1.7935540e-07   1.7301982e-06   1.0556886e-06  -5.1785344e-07   2.7306072e-07   1.1840851e-06   2.1997188e-07   2.8774279e-08  -5.3900885e-07  -3.3404933e-07  -3.9278248e-07  -4.3862988e-07
  -0.0000000e+00  -1.0682447e-04   3.2386961e-05   1.5365447e-05   1.0108663e-05   2.3442358e-07   5.4593584e-06   4.0635950e-06   3.6033823e-06   1.6096154e-06   1.9048908e-06   1.6498046e-06  -1.5273267e-07   5.2409703e-08   7.4141911e-07   1.3198785e-06  -2.9349667e-07  -6.5074829e-07   3.0864447e-07   6.8285452e-08  -7.8256255e-07   6.1269799e-07  -5.2498621e-07
  -0.0000000e+00  -1.0505501e-04   3.0988023e-05   1.6718754e-05   8.8670213e-06   1.3264361e-06   4.9771040e-07   6.0256302e-06   2.3567018e-06   2.7191393e-06   1.8601119e-06   4.9832488e-07   9.4574222e-07   2.7991422e-07  -5.3729815e-07  -2.5237995e-07  -3.3142399e-08   8.8417880e-07   2.4019764e-07   5.8192917e-08   1.2705847e-06   6.8074019e-07   5.3195242e-07
  -0.0000000e+00  -1.0537072e-04   3.4591671e-05   1.3405755e-05   1.2110507e-05  -1.5246842e-07   3.1594391e-06   5.5776222e-06   4.0034161e-06   2.8131578e-06   1.1361860e-06   7.3107202e-07   6.2849909e-07  -5.4136353e-07   8.7620833e-07   5.3590236e-07  -2.0659976e-07   1.1236754e-06  -8.7296002e-07  -3.9271362e-07  -6.2962539e-07   4.8520474e-07  -6.9329980e-07
  -0.0000000e+00  -1.0494587e-04   2.9408196e-05   1.9079151e-05   8.2176730e-06   1.4178694e-06   2.8886035e-07   5.0136609e-06   2.9929649e-06   2.0338375e-06   1.6167795e-06  -9.1201031e-07   1.7189491e-06   9.7795635e-07   3.6921477e-07  -6.4676414e-08  -5.6063317e-07  -3.3674004e-07   2.1991383e-07   9.6050542e-07   6.6204325e-07   1.0452502e-07   3.0173709e-07
  -0.0000000e+00  -1.0741837e-04   3.3742690e-05   1.5741365e-05   9.3559029e-06  -7.1191965e-07   4.6900764e-06   5.2102168e-06   4.1786766e-06   2.3464734e-06   7.9849605e-07   1.7295268e-06   3.3697532e-07  -5.7027637e-07   1.6576965e-06   2.2158162e-07   9.2379321e-07   2.7636304e-07   4.3779923e-07   1.5671465e-07  -3.2306346e-07  -6.1227871e-07   8.4664997e-08
  -0.0000000e+00  -1.0331989e-04   3.2212018e-05   1.6003296e-05   1.2665381e-05   6.2337853e-07   2.2853058e-06   4.8225866e-06   3.1584502e-06   2.6041027e-06  -3.1590424e-08   2.3328653e-07   1.5871242e-06   5.7642609e-07   2.4485985e-07   4.2898230e-07  -6.5812316e-07   5.3451902e-07   1.1543990e-06  -1.0626947e-06   5.3642026e-07  -7.4720186e-09  -2.1015127e-07
  -0.0000000e+00  -1.0787806e-04   3.4449648e-05   1.4075586e-05   9.1957445e-06   2.2657287e-06   1.8505343e-06   4.6682303e-06   5.2331711e-06   1.1361251e-06   1.3223687e-06   6.2615180e-07   8.1939402e-07   1.8385769e-07  -1.0966259e-07   6.1075355e-08   9.7719908e-07   5.5813928e-07  -2.0859835e-07   1.3552429e-07   3.4019024e-07   1.5612822e-07  -2.8209428e-08
  -0.0000000e+00  -1.0567648e-04   3.0223082e-05   1.7152031e-05   8.8529277e-06   9.3091882e-07   2.0921907e-06   6.7202077e-06   2.0320342e-06   1.8284680e-06   9.7430200e-07   8.4178772e-08   5.0328811e-07  -8.4350191e-08   2.1005701e-07   8.3153316e-07  -1.3579346e-07   1.3236235e-06   2.9500075e-07   6.9097734e-07   5.9721606e-07  -3.8552076e-07   3.6767898e-07
  -0.0000000e+00  -1.0493935e-04   3.3093478e-05   1.6243815e-05   1.0027585e-05   1.6653049e-06   3.2034984e-06   3.6788422e-06   4.2875367e-06   2.2704039e-06   2.8709292e-06   4.8262035e-07  -2.0073803e-07   7.9926298e-07   1.1802597e-06   1.1092566e-06   4.4830918e-07  -1.4331864e-06  -3.9671673e-07   1.0957032e-06   1.8652200e-07  -3.4180658e-07  -6.4855084e-07
  -0.0000000e+00  -1.0644271e-04   3.1021173e-05   1.5457383e-05   8.9327550e-06   6.6766211e-07   1.3898452e-06   6.3683869e-06   2.3202429e-06   2.7706851e-06   3.7759366e-07   2.1627848e-06   2.9520470e-07   1.3284962e-06  -6.3464665e-07   1.2563126e-07   7.5758101e-07  -2.4800880e-07   6.3380628e-07   5.8083714e-07   9.8552960e-07  -3.6381684e-07  -1.6675374e-07
  -0.0000000e+00  -1.0717083e-04   3.3151100e-05   1.4667543e-05   1.1064535e-05   1.1447885e-06   4.4153035e-06   6.4865285e-06   4.1742401e-06   2.5732327e-06   1.7357845e-06  -8.9313893e-08   8.9674171e-07   9.9088186e-07   5.8469431e-07   7.3658208e-07   1.6027577e-06   7.3970369e-08   2.4579555e-07   1.0569926e-06   8.5127425e-07   6.9411762e-08  -7.6383650e-08
  -0.0000000e+00  -1.0581267e-04   3.1923617e-05   1.9306222e-05   6.9485732e-06   1.8386844e-06   3.4603070e-06   4.6461214e-06   3.4895552e-06   1.9003121e-06  -1.1831308e-07   1.9199611e-06  -1.9998728e-07  -3.2615802e-08  -9.8925580e-07  -5.7313724e-07   6.7121384e-08   7.8297717e-07   1.8019858e-07  -3.9011897e-07  -4.5770943e-08  -3.1361517e-07   2.5313204e-07
  -0.0000000e+00  -1.0514842e-04   3.1717955e-05   1.3270017e-05   1.2040852e-05  -5.4783243e-07   2.4536712e-06   6.1043470e-06   4.2103375e-06   3.7443377e-07   1.1278954e-06   1.0823971e-06  -2.8363084e-07   7.9963462e-07   8.5120996e-07   4.0658051e-07   1.1118534e-07   9.5304125e-07   7.0812305e-08  -8.8792149e-07  -7.1409295e-07   4.0434509e-07  -5.9180934e-07
  -0.0000000e+00  -1.0510883e-04   3.2288233e-05   1.6121254e-05   7.5025659e-06   3.3586369e-07   3.1381846e-06   4.3315545e-06   2.5716122e-06   1.5342243e-06   1.2240287e-06   9.1201360e-07   2.8035615e-07   1.8529785e-06  -3.6220408e-07   4.7111592e-07   5.5231169e-07   1.1895312e-06  -7.5697045e-07   6.3583798e-08   6.7403204e-07  -3.9998568e-07   1.2127362e-06
  -0.0000000e+00  -1.0905312e-04   3.2874847e-05   1.6147360e-05   1.1008697e-05   1.8821359e-07   4.1699200e-06   3.4981219e-06   3.7147759e-06   3.1309005e-06   1.6277106e-06  -3.8057902e-07   1.8070251e-06   4.1053119e-07   5.1406226e-07   1.3217820e-06  -6.4999199e-07  -1.1963456e-06   8.3324090e-07  -4.0422972e-07   8.5212861e-07   8.3856906e-07  -7.8062374e-07
  -0.0000000e+00  -1.0323812e-04   3.1580566e-05   1.4876352e-05   7.3583101e-06   1.1193944e-06   2.6132348e-06   6.4367159e-06   2.9174437e-06   3.2318644e-06   1.5842970e-07   1.4618705e-06   2.4736810e-09   7.7467263e-07  -6.7032346e-07   8.3273756e-07   4.5952368e-07   4.7620640e-07   7.8902912e-07   5.9170537e-07  -9.2067616e-08  -7.7256601e-07  -4.0092289e-07
  -0.0000000e+00  -1.0816351e-04   3.1478077e-05   1.8033150e-05   1.0855382e-05  -9.2463273e-07   3.8670587e-06   5.2311725e-06   3.7795251e-06   1.3498968e-06   2.6312759e-06   1.0594470e-06   5.4831844e-07  -6.5240107e-07   1.1461938e-07   1.2522635e-06  -1.7383709e-07  -8.1981148e-07   2.8559663e-07   6.3361489e-07  -9.0845191e-08   7.3485256e-07   4.1912855e-08
  -0.0000000e+00  -1.0385561e-04   3.2860822e-05   1.4498841e-05   1.0264531e-05   3.2844118e-06   1.4898030e-06   6.3677880e-06   3.5756152e-06   1.3075307e-06   1.6551285e-06   5.5373619e-07   5.3940465e-07   1.7797549e-06  -1.7113892e-07  -3.9132829e-07  -7.7001414e-07   1.1843825e-06   8.1030078e-07   4.8467780e-07   8.9196732e-07  -1.0517583e-06  -2.8474616e-07
  -0.0000000e+00  -1.0917916e-04   3.1095158e-05   1.5799482e-05   1.0807532e-05  -8.0669997e-07   5.0934595e-06   3.4362893e-06   4.3458863e-06   1.9091262e-06   2.6833018e-06   2.4177530e-07   8.8425060e-07   1.6564508e-06   1.1816543e-06   8.5833790e-07   3.2475648e-07   1.9727744e-07   3.2659514e-07  -2.8417901e-07   2.3948965e-07   9.6745248e-07   7.5469541e-07
  -0.0000000e+00  -1.0298110e-04   3.0768788e-05   1.6126798e-05   9.1231732e-06   3.4973073e-06   7.2499301e-07   6.5254435e-06   3.6584293e-06   1.8804674e-06   4.8251314e-07   8.9608216e-07  -7.4196589e-07  -1.3164289e-07   7.7636474e-07   3.7189741e-07   6.5374473e-07   1.2311333e-06  -3.8583300e-07  -7.4341710e-07  -6.5144366e-07  -7.1960187e-07   2.1027401e-07
  -0.0000000e+00  -1.0786263e-04   3.3983506e-05   1.5183178e-05   1.1069074e-05  -1.1087608e-06   1.7112827e-06   5.3442691e-06   3.7572338e-06   1.9903996e-06   1.3234304e-06   3.3447810e-07   5.6034798e-07   2.7713034e-07   2.2798841e-07   1.1709574e-06   5.7231244e-07   1.6140238e-07   2.8057448e-08   4.2145496e-07  -8.2551952e-07   7.1945470e-07  -4.8153332e-08
  -0.0000000e+00  -1.0470448e-04   3.2002339e-05   1.5590407e-05   7.9530328e-06   1.3265310e-06   3.0876363e-06   4.1636495e-06   3.4817992e-06   2.5710681e-06  -1.1327541e-07   1.1348420e-06   1.0819312e-09   1.1380799e-06   9.9631302e-07   1.0010322e-06  -1.7869457e-08  -2.4368080e-07  -6.4822501e-07  -8.8833877e-07   9.9737701e-07   5.7315390e-07   8.9292683e-07
  -0.0000000e+00  -1.0502320e-04   3.2703287e-05   1.4913046e-05   1.1395140e-05  -2.8533816e-07   2.9598293e-06   5.7997408e-06   5.4438783e-06   9.5542214e-07   1.0430489e-06   5.6275969e-08   1.9212803e-06  -3.0689156e-07   1.4433621e-06  -3.3297215e-07  -7.2772514e-07   7.6594296e-07  -5.2678843e-07   4.3683480e-07   5.0896870e-07  -2.2799416e-07   1.0108442e-06
  -0.0000000e+00  -1.0537243e-04   3.1088195e-05   1.8378090e-05   8.4147996e-06   2.3773575e-06   1.5876071e-06   4.7959406e-06   3.3636479e-06   2.3915627e-06   1.5414913e-07   2.3762391e-06   1.5527003e-07   8.6181387e-07   2.7386838e-07   3.2781338e-07   1.3947961e-06   3.1501397e-08   2.8024010e-07  -1.2540791e-07  -3.4855393e-07   1.9760341e-07   3.2349826e-07
  -0.0000000e+00  -1.0770481e-04   3.2517168e-05   1.4486133e-05   1.1548478e-05   1.0852025e-06   4.1815756e-06   6.2192471e-06   4.3916357e-06   1.9473443e-06   1.2102838e-06   5.0028950e-07  -7.5064889e-07  -3.9444524e-07  -2.7230075e-07   2.2875599e-07  -1.6130065e-07   1.3969326e-06  -3.3666456e-07  -7.7083325e-07  -6.5857637e-07   7.9623663e-07  -9.6484382e-07
  -0.0000000e+00  -1.0511217e-04   3.1290394e-05   1.7584758e-05   8.1474209e-06   1.3207933e-06   3.0316169e-06   5.5277737e-06   3.9485817e-06   1.3533408e-06   5.5384999e-07   2.0698363e-07   1.4793702e-07   2.4117622e-07   1.3659495e-06  -7.5048513e-07  -1.7300766e-07   9.2236337e-07   4.5950759e-07  -1.3535414e-07   3.5192528e-07   1.6354917e-07   5.2161687e-07
  -0.0000000e+00  -1.0626531e-04   3.1821764e-05   1.5255985e-05   8.4736521e-06   7.4378875e-07   2.5294717e-06   3.7341565e-06   4.5737938e-06   2.2660752e-06   2.6176033e-06  -6.6619037e-08   1.6778158e-07   1.9675711e-07   6.3162383e-07   1.6631889e-06   4.5714174e-08  -1.7372571e-07   1.1012692e-06   5.4351028e-07  -2.3877740e-07  -2.8425052e-07   7.3551035e-08
  -0.0000000e+00  -1.0469343e-04   2.9488592e-05   1.6805527e-05   9.0684262e-06   2.1609744e-06   1.9847701e-06   6.4988403e-06   3.0485462e-06   2.3689488e-06   2.5342815e-06   8.3610024e-07   2.0103550e-06   1.5297471e-06   5.1340487e-07  -1.0616518e-06   6.6838845e-07  -2.5469450e-07  -6.8073143e-07   9.2060895e-07   8.3450783e-07   1.1994405e-07  -1.1861498e-07
  -0.0000000e+00  -1.0679205e-04   3.3933222e-05   1.5455747e-05   1.0833022e-05   1.3399936e-06   4.7466622e-07   5.2558057e-06   4.6761011e-06   1.5466812e-06   3.2206526e-07  -6.4781645e-08   9.1998782e-09   9.1229941e-07   3.0579037e-07   4.3228894e-07  -2.4341665e-07   6.8363573e-07   1.0971212e-06  -1.0293796e-06  -3.7164531e-07   9.1255833e-07  -4.6004107e-08
  -0.0000000e+00  -1.0413695e-04   3.2421776e-05   1.6916347e-05   8.5779320e-06   9.3950877e-07   3.1592665e-06   7.7663963e-06   2.8305403e-06   2.6779658e-06   9.1535395e-07  -8.6557122e-08   5.7910529e-07   8.7563831e-07   8.1913231e-07   1.5911347e-06  -3.7820175e-08  -1.4211429e-07  -6.9435728e-08  -1.0322094e-06  -2.9142114e-07   1.1230014e-06   2.0138984e-07
  -0.0000000e+00  -1.0618728e-04   3.2682565e-05   1.5979380e-05   1.0121055e-05   1.7738547e-06   3.0280996e-06   4.1371891e-06   4.3965379e-06   2.5586692e-06   2.3803668e-06   1.1648369e-06  -4.6849388e-07  -1.6430933e-07   1.0485094e-06  -2.8625215e-07   3.0847318e-07  -1.7526841e-07  -4.5983853e-07   7.7162531e-07   2.3050958e-07  -3.9968455e-07   7.9023511e-07
  -0.0000000e+00  -1.0549367e-04   3.0464367e-05   1.6030837e-05   1.0381025e-05   1.2637089e-06   2.0969192e-06   6.2657446e-06   3.0669037e-06   3.3206180e-07   1.1875827e-06   1.7416506e-06   8.2356695e-07   5.5207431e-07   5.0092228e-07   1.4512124e-06  -6.7464455e-08   8.1846383e-07   1.0172996e-06  -3.4909377e-07  -6.6920455e-07   3.3163562e-07  -3.6729605e-07
  -0.0000000e+00  -1.0584071e-04   3.4257959e-05   1.6247563e-05   8.9319674e-06   1.6851162e-06   2.9742157e-06   4.1562621e-06   4.4386247e-06   3.0300296e-06   9.3658974e-07   5.9566190e-07   1.2175561e-06   5.0184923e-07   4.7698614e-07   1.9799424e-07   7.2063341e-07  -1.0946241e-07  -7.5792622e-07   4.0576595e-07   7.7017830e-07   7.0334073e-07   7.8796097e-07
  -0.0000000e+00  -1.0617356e-04   3.0227286e-05   1.7019769e-05   9.1253196e-06   1.1803232e-06   1.5922407e-06   6.1856022e-06   3.0004935e-06   1.3511125e-06   1.4492920e-06   3.7638398e-07   3.1407640e-07   9.8986175e-07  -5.2814698e-07   7.3335764e-07  -3.3857822e-07  -1.0321639e-06   4.4014951e-07   3.4415771e-07   9.0482942e-08  -9.6058784e-07  -6.7252637e-07
  -0.0000000e+00  -1.0572737e-04   3.2754451e-05   1.5348751e-05   1.0081858e-05   8.0639319e-07   2.1146818e-06   4.1998669e-06   3.5837577e-06   3.3682104e-06   1.2747541e-06  -4.9264321e-07   1.3438726e-06   1.2313099e-06   1.8082160e-06   2.6131602e-07   4.0359973e-07   6.0157083e-07  -6.7925521e-07  -2.5769001e-08   5.9680281e-07   1.7173525e-07  -5.5503352e-07
