  -0.0000000e+00  -1.3355346e-04   3.2678639e-05   2.2656117e-05   1.2905197e-05   1.0539740e-06   3.2205003e-06   7.2672456e-06   5.8339001e-06   2.8962793e-06   2.1964133e-06   2.7343026e-06   3.8136605e-07  -3.1811865e-07  -1.1867578e-06   1.0927903e-06   6.4001705e-07   9.7214763e-07   4.9941070e-07   1.3462073e-06  -7.8136389e-07  -7.2775265e-07  -1.3014301e-07
  -0.0000000e+00  -1.3134068e-04   3.2722386e-05   1.6924674e-05   1.2601609e-05   1.3200392e-06   4.8330053e-06   6.4137671e-06   6.2691379e-06   1.9935455e-06   1.6035283e-06   5.9952816e-07  -3.6309589e-07   7.7633979e-07   1.2385468e-06  -5.3649364e-07   2.2512006e-06   6.0740412e-08   7.7551459e-07   3.7984016e-09  -6.9611559e-07   6.8507637e-07   5.4727860e-07
  -0.0000000e+00  -1.3147698e-04   3.2080869e-05   2.2377621e-05   1.3728040e-05   1.6093338e-06   4.9234027e-06   6.3429070e-06   3.3435670e-06   3.5943490e-06   2.1655212e-06   6.1249870e-07   1.6405561e-06   4.2815705e-07   1.0287500e-06   1.4947985e-06  -8.5816566e-07  -1.1252374e-06  -6.0396985e-07   8.4028062e-07   3.6023164e-07   6.7425304e-07  -3.2059893e-07
  -0.0000000e+00  -1.3237253e-04   3.5026995e-05   1.7547678e-05   1.4392325e-05   4.6254632e-07   2.4511219e-06   7.8915700e-06   4.9322866e-06   2.6768712e-06   7.4511024e-07   1.2835202e-06   1.6712866e-06   9.7603640e-07   1.6603187e-06   8.0497534e-07   5.6660826e-07   1.0845648e-06   2.1830845e-06  -3.1523538e-07   7.0605574e-07  -2.3522206e-07   1.7582771e-07
  -0.0000000e+00  -1.3365701e-04   3.0921070e-05   1.8678045e-05   1.2523619e-05   9.3618985e-07   3.2313212e-06   8.8801580e-06   7.0046494e-06   2.7644032e-06   2.1762555e-06   1.7422645e-06   1.1627028e-06   1.9940859e-07   1.6853319e-07   1.5627852e-06  -4.6231443e-07  -3.1986576e-07  -1.2064504e-06   2.9501939e-07   5.2158441e-07   5.6812775e-07  -1.0156436e-06
  -0.0000000e+00  -1.3071964e-04   3.3769313e-05   2.0921047e-05   1.3600858e-05   3.2103367e-06   3.6093079e-06   6.2975641e-06   5.8392739e-06   1.4179401e-06   1.4291811e-06   7.2469192e-07   2.3217049e-06   9.0183698e-07  -9.6538975e-07   1.0690221e-06   1.6658122e-06   2.3084858e-07  -1.0580358e-08   4.4287927e-07   9.9952479e-07  -8.4634323e-08   7.5509894e-07
  -0.0000000e+00  -1.2998392e-04   3.0113924e-05   2.0378797e-05   1.2175896e-05  -6.2206027e-07   5.9881372e-06   8.2672695e-06   6.0776115e-06   4.1842745e-06   7.2017411e-07   8.3195960e-07   5.6187514e-07   4.2040605e-07   1.3993214e-06   2.0364373e-06  -7.1721166e-07   4.1608509e-08   3.1171986e-08   3.9179884e-07   8.5990600e-08   6.7851039e-07   7.9680319e-07
  -0.0000000e+00  -1.3525909e-04   3.2103508e-05   1.8545072e-05   1.2717939e-05   1.0566578e-07   1.3735528e-06   7.3459037e-06   4.0437735e-06   2.4965045e-06   1.1500956e-06   7.3907427e-07   1.7543742e-06   1.1651289e-06   1.2986235e-06   4.9952735e-07   7.6188599e-07   3.8918850e-07  -3.7665521e-07   1.1879623e-06   4.7546527e-07   3.3587887e-07  -1.2072634e-06
  -0.0000000e+00  -1.3123102e-04   3.4012293e-05   2.1061409e-05   1.2090830e-05   3.7539935e-06   3.7565728e-06   9.2419714e-06   6.8765667e-06   2.2094118e-06   2.9139508e-06   8.1378107e-07  -8.8944540e-07   3.4095103e-07   1.8897015e-07   8.1051769e-07   1.9397850e-08  -2.5675465e-07   2.6285261e-09  -1.5437914e-06   4.1865013e-07  -6.2131596e-07  -4.4134296e-07
  -0.0000000e+00  -1.3375693e-04   3.0851057e-05   1.9333087e-05   1.2587504e-05  -1.3689279e-06   3.9555289e-06   6.9655312e-06   4.1625449e-06   3.6586916e-06   2.4005772e-06   1.2182363e-06   2.4122187e-06  -1.9327960e-07   9.1711598e-07   1.3318975e-06   9.3767534e-07  -8.4681966e-07  -5.9627649e-07   9.7953625e-07   1.3208916e-06  -1.0982411e-06  -8.3813092e-07
  -0.0000000e+00  -1.2988690e-04   3.2157499e-05   1.6999276e-05   1.4248724e-05   1.0192426e-06   2.2895370e-06   8.5224965e-06   6.3169159e-06   9.8667419e-07   2.7081285e-06   9.9691840e-07  -1.1569095e-06  -1.3194474e-07   5.2806416e-07  -3.1458313e-07   2.1731173e-08   6.5145332e-07   1.1212469e-06   1.0816693e-06   2.4364175e-07   7.4291967e-07   4.8601049e-07
  -0.0000000e+00  -1.3293806e-04   3.1910869e-05   1.8932255e-05   1.3574291e-05   1.9132752e-08   3.7776911e-06   1.0159615e-05   5.0025742e-06   4.7810022e-06   2.9624266e-06   1.2861376e-06   1.0625171e-06   1.9083609e-06   4.5660752e-07  -1.3592334e-07  -1.3963245e-07   6.1173137e-07   1.6802802e-06   2.6262248e-07   4.8458656e-07   1.2499403e-06   1.1100296e-06
  -0.0000000e+00  -1.3301108e-04   3.4387427e-05   1.9171068e-05   1.2654096e-05   2.7496501e-06   2.0447212e-06   6.1474539e-06   4.6045757e-06   2.5782972e-06   1.9583917e-06   3.9781386e-07   1.7122392e-06   1.5730351e-06   1.3573867e-06   9.9212605e-07  -1.1413693e-07   7.5656494e-08  -1.2781470e-06   1.0461109e-06  -1.1635542e-06   7.3617315e-08  -9.1639629e-07
  -0.0000000e+00  -1.3445168e-04   2.9462630e-05   2.1913622e-05   1.2197530e-05   2.8187076e-06   5.9558702e-06   8.0964655e-06   6.5776221e-06   3.5401679e-06   5.5542245e-07   1.1833300e-06   1.6774469e-06   1.6168522e-06   5.1901901e-07   8.6904987e-07  -8.6581650e-08   4.9222086e-07   1.6591619e-06  -1.2449611e-07   8.2836260e-07   1.8251974e-07   3.4405480e-07
  -0.0000000e+00  -1.2857847e-04   3.2535521e-05   1.8028499e-05   1.3744451e-05   7.7061219e-07   3.3835045e-06   5.4240891e-06   4.6505193e-06   9.7655720e-07   2.8978259e-06   1.4075981e-06  -3.4291321e-07   3.7461925e-07   5.7100340e-07  -8.8179007e-08   4.1491433e-07   2.8349552e-07  -1.3772539e-06  -7.3847127e-07  -1.4757743e-06   6.4810473e-07   5.5583331e-07
  -0.0000000e+00  -1.3439734e-04   3.4363002e-05   1.9450978e-05   1.4881477e-05  -9.7203724e-07   3.9745555e-06   1.0703255e-05   7.8048161e-06   2.8411043e-06   2.9712214e-06   1.6760669e-06  -6.8166923e-07   5.8676403e-07   9.8790224e-07   2.4207393e-06   1.2983129e-06  -7.3252386e-07  -2.3209832e-07   5.2595976e-07   2.3216810e-06  -1.0307357e-06  -5.3909407e-08
  -0.0000000e+00  -1.3169198e-04   3.0409219e-05   2.0367210e-05   1.3119814e-05   2.6905714e-06   4.6740124e-06   7.2498233e-06   2.1152441e-06   2.6772959e-06   1.5277434e-06   2.8595985e-06   6.6874412e-07   2.9625832e-07   1.2287696e-06  -1.8954826e-07  -8.3146534e-07   7.7692960e-07   1.2135851e-06   1.0997387e-06  -7.0896073e-07  -4.0261239e-07   1.1722393e-06
  -0.0000000e+00  -1.3072893e-04   3.1392996e-05   2.0002890e-05   1.4764359e-05   1.0221190e-06   3.7709142e-06   9.5266423e-06   3.7438276e-06   3.7326233e-06   2.3276448e-06   2.3658879e-07  -3.6030869e-07   6.8405308e-07   1.8826636e-06  -1.1934223e-07  -3.1338666e-07  -6.2882555e-07   1.5752890e-06   3.3065703e-07   1.1320564e-07  -1.0842078e-06   2.5035894e-07
  -0.0000000e+00  -1.3063624e-04   3.1152525e-05   2.1748278e-05   1.3605142e-05  -6.8160745e-07   6.0572302e-06   8.1206044e-06   4.7965218e-06   5.5910385e-07   1.8618744e-06   1.0471508e-06   1.3444889e-06   1.2114064e-07   1.6484917e-06  -3.0774228e-07  -1.4505746e-07   8.2191769e-07  -4.9540375e-07   1.2348575e-06  -4.0655027e-07   3.8766282e-07   6.4522868e-07
  -0.0000000e+00  -1.3467261e-04   3.6534431e-05   1.7050499e-05   1.5258933e-05   8.4421140e-07   3.2355458e-06   5.0369790e-06   7.1057234e-06   3.3044837e-06   2.9190280e-06   1.5843219e-06  -1.6216691e-06   1.4740033e-06   2.9430646e-07   1.0713122e-07   7.3241246e-08   3.2005090e-07   3.4510927e-07   2.7859249e-07   7.5820469e-07  -1.1950475e-08  -7.8332516e-07
  -0.0000000e+00  -1.3271629e-04   3.0479056e-05   2.2062104e-05   1.3034259e-05   1.3929310e-06   5.4337602e-06   7.5474309e-06   5.7128391e-06   1.9404465e-06   7.8762446e-07  -1.1135569e-06   1.4863324e-06   1.1663245e-06   1.7064025e-06  -3.8522492e-07  -1.0298111e-06  -9.1157989e-07  -3.5685940e-07  -3.3113639e-07   5.2695901e-07   1.7957726e-07   1.5037132e-06
  -0.0000000e+00  -1.2933589e-04   2.9895369e-05   1.9766048e-05   1.2602757e-05   8.6467207e-07   4.5845509e-06   9.4607440e-06   6.2934319e-06   2.4004826e-06   1.6126655e-06   2.7590299e-06   1.3299757e-06   1.2505522e-07   1.8530824e-06   1.2350896e-06   1.7309829e-06   8.2075837e-07  -1.0333476e-06  -4.2830217e-07   5.7392685e-07   6.0846901e-07   1.1237103e-07
  -0.0000000e+00  -1.3482467e-04   3.4687364e-05   1.9185878e-05   1.3168421e-05   1.4307278e-06   4.0014106e-06   5.8097553e-06   3.9437382e-06   2.8679904e-06   2.0720690e-06   9.7603095e-07   5.5472907e-07   1.4302029e-07   7.4447513e-07  -2.5422906e-07  -6.3484163e-07   6.6252102e-07  -3.0521883e-07  -4.1037646e-07   3.5688387e-07   6.5711720e-07   6.0858855e-07
  -0.0000000e+00  -1.3147540e-04   3.3971297e-05   1.8941875e-05   1.3095790e-05  -8.6406033e-07   5.4253878e-06   9.0188132e-06   6.3081684e-06   1.8421814e-06   2.1503756e-06  -1.8344927e-07   9.3374871e-07   1.5250506e-06   2.4339087e-07   7.8889593e-07  -2.5273127e-07  -1.6106209e-07   5.1050415e-07   9.5172948e-07   2.0185819e-06   7.0280470e-07  -2.6681420e-07
  -0.0000000e+00  -1.2794689e-04   3.0815536e-05   1.8644843e-05   1.1835305e-05   1.9587344e-06   3.4939690e-06   6.1602996e-06   5.6656822e-06   3.0738076e-06   2.9150995e-06  -3.4457082e-07   5.0752533e-08   1.1082592e-06   1.2636765e-06   1.7462678e-07   4.9362251e-07   7.4225864e-07   2.9662397e-07   6.3361887e-07   1.3060644e-07  -6.8454307e-07  -1.7545028e-07
  -0.0000000e+00  -1.3499192e-04   2.9812765e-05   2.1981081e-05   1.4021082e-05   1.0227793e-06   4.4518729e-06   6.8379168e-06   5.1044976e-06   2.9952860e-06   2.4819706e-06   2.8412549e-06   1.1551125e-06   1.5969644e-06   1.8545848e-06   1.6639466e-06  -3.2836971e-07  -5.0182160e-07  -5.1555281e-07   1.4103179e-06  -5.5007547e-07   9.9404849e-07   7.6586957e-07
  -0.0000000e+00  -1.3207542e-04   3.4115597e-05   1.8306877e-05   1.3113229e-05   2.9447303e-06   3.2106220e-06   7.0231281e-06   6.1742530e-06   2.0584516e-06   1.1835351e-06   1.6839624e-06   7.8777759e-08   1.1277497e-06   1.4510910e-06  -3.7338089e-07   6.4481230e-07   1.2494774e-06   7.1080518e-07   3.2139241e-07  -3.5823732e-07  -2.5878674e-07  -1.3501600e-06
  -0.0000000e+00  -1.3313118e-04   3.2942513e-05   1.9402360e-05   1.4385691e-05  -1.2572973e-06   4.7791937e-06   8.6138534e-06   4.8824886e-06   3.8376174e-06   1.3610136e-06   8.1471171e-07   6.3355117e-08  -6.7877744e-07   6.3701270e-07  -1.7228348e-07   1.2458695e-06   3.2247918e-08   2.0076017e-07   7.8342811e-07  -6.2301586e-07   1.3258521e-06  -4.1732193e-07
  -0.0000000e+00  -1.2906817e-04   3.0314952e-05   2.0912461e-05   1.3077290e-05   1.5081961e-06   2.6815501e-06   6.8698305e-06   6.6055004e-06   1.0923131e-06   2.3824139e-06  -1.5084275e-07  -1.3864772e-07   2.5105423e-06  -7.2719267e-08  -1.5886751e-07  -7.2338804e-07  -6.6589473e-07   1.3398744e-06   5.4153656e-07   1.0072138e-06  -1.3279417e-06   8.8386759e-07
  -0.0000000e+00  -1.3464304e-04   2.9931562e-05   2.1062831e-05   1.4441176e-05  -1.7874417e-07   4.7284389e-06   7.4640993e-06   5.2654050e-06   4.2638417e-06   3.2821094e-06   6.7422172e-07   9.4729023e-07   1.9018633e-07   1.1314603e-06   2.2101976e-06  -1.7074812e-07  -3.2065682e-07   8.3224558e-07  -5.6456071e-07   7.5440653e-07   6.8388266e-07   4.6073595e-07
  -0.0000000e+00  -1.3241637e-04   3.7035050e-05   1.6463233e-05   1.2330859e-05   1.6874244e-06   3.9416877e-06   6.8152799e-06   3.9045603e-06   2.5755066e-06   1.5067960e-06   2.1890812e-06   7.5689535e-08  -8.9904125e-07   4.7580281e-07   7.6128210e-08   7.5192992e-07   2.0984736e-07  -5.4857179e-07  -7.4580089e-07  -6.2187695e-07  -1.0869670e-06   1.4937209e-06
  -0.0000000e+00  -1.3003612e-04   2.9977615e-05   1.9691530e-05   1.3048852e-05   1.0277030e-06   6.3239909e-06   8.4632366e-06   4.5730185e-06   3.6961851e-06   1.5862992e-06  -5.2289573e-07  -8.5457464e-07   6.8984185e-08   3.0120682e-07   2.2015888e-06   2.6923803e-07  -4.4077137e-07   6.3985948e-07  -1.6669627e-07   7.8254482e-07   8.6644599e-07  -1.1105728e-06
  -0.0000000e+00  -1.3295667e-04   3.0883508e-05   2.0209905e-05   1.2457959e-05  -7.3927595e-08   4.1823032e-06   5.8184255e-06   6.3586804e-06   1.8814768e-06   1.8520835e-06   2.5999784e-06  -9.4317890e-08   2.7518640e-06   7.9571981e-07   8.0834593e-07   4.9766834e-07   6.9124883e-07  -7.7516432e-07   4.6755903e-07  -5.7938155e-07  -2.1873103e-07   1.3172482e-06
  -0.0000000e+00  -1.3092093e-04   3.1785385e-05   2.0490095e-05   1.3119771e-05   2.8880916e-06   4.2730189e-06   8.6920300e-06   6.2959271e-06   2.9280443e-06   2.2773079e-06   9.6710448e-07   3.7839829e-08   2.3516859e-06   1.1534391e-06   1.0954206e-07   4.4904590e-07  -5.2641303e-07   1.7263833e-06   4.9018502e-07   2.1749916e-07   8.5548322e-07   4.8646910e-07
  -0.0000000e+00  -1.3264253e-04   3.2248638e-05   1.6876222e-05   1.3112295e-05   2.0134373e-06   3.8467788e-06   6.3070465e-06   4.8393945e-06   8.1629810e-07   1.9960833e-06   2.9005068e-06   2.1094222e-07   7.0427029e-07   5.0702897e-07   1.5441932e-06   1.0745151e-06   1.8669510e-07   1.3185872e-06   8.2445138e-07  -1.2915374e-06   9.2345789e-07  -3.6483101e-07
  -0.0000000e+00  -1.3424637e-04   3.1272051e-05   2.0378289e-05   1.4572347e-05   3.5053864e-07   2.9212124e-06   1.0113763e-05   4.8595493e-06   3.8885451e-06   1.9126912e-06   1.4834703e-06   1.3773132e-06  -4.5507502e-08   9.1192618e-07   6.8981905e-07   6.2210506e-07  -1.1004994e-06  -1.4762367e-06   3.2046725e-07   3.5005260e-07   1.5045929e-07   1.1410690e-06
  -0.0000000e+00  -1.3069864e-04   3.1881285e-05   2.2172660e-05   1.2644127e-05   1.1863692e-06   6.8834120e-06   6.5955210e-06   4.8628294e-06   2.2466718e-06   1.1954902e-06   1.3452907e-06  -7.3459609e-07   1.1298865e-06   9.7850159e-07   7.0323352e-07  -5.3252319e-07   8.0972973e-07   1.1374575e-06   2.3839256e-07  -1.0468764e-06  -3.5460997e-07   8.3176793e-08
  -0.0000000e+00  -1.3101636e-04   3.2313012e-05   1.8601475e-05   1.3181471e-05   2.3189150e-06   1.4887365e-06   7.0957290e-06   7.1341224e-06   2.3191922e-06   2.9068458e-06   2.3614421e-06  -1.0191741e-06  -9.5396501e-07   4.5663811e-07  -3.1702814e-07   2.7034352e-07   7.4163586e-07   5.4878791e-07  -6.5162192e-07   1.2418619e-06   1.1610293e-06  -5.9964657e-07
  -0.0000000e+00  -1.3500117e-04   3.3178752e-05   1.9464431e-05   1.4807962e-05   9.1416757e-07   3.6274494e-06   9.5160149e-06   6.3131006e-06   1.4012984e-06   6.9119102e-07   2.5172903e-06   6.8912192e-07   4.7054351e-07   1.0529675e-06   1.5438191e-06   8.1666656e-07   5.6033889e-07   7.9362269e-07  -6.7367075e-08  -3.8270198e-07   8.3519694e-07  -8.4461595e-07
  -0.0000000e+00  -1.2952952e-04   3.0519008e-05   2.1345266e-05   1.2462169e-05   3.0619577e-07   4.8573220e-06   6.1891365e-06   5.7549764e-06   2.5709724e-06   1.6332600e-06   1.5180467e-06   8.6987336e-07   4.9215447e-07   9.0068687e-07   2.7993261e-07  -4.3484511e-07   1.0143078e-06  -1.7600495e-07   1.2793963e-06   6.3521952e-07   8.3162303e-07   9.8297005e-07
  -0.0000000e+00  -1.3361305e-04   3.1888649e-05   2.0583582e-05   1.3725688e-05  -2.0874631e-07   4.4469953e-06   7.9865467e-06   4.6657251e-06   3.5511987e-06   6.4210485e-07   1.2947828e-06   8.1209510e-07   5.8971619e-07   5.6177049e-07  -1.8344454e-07   4.5075961e-07   3.6084865e-07   1.9284377e-07  -2.2207368e-07   2.0532731e-08   1.4807800e-07   1.2561018e-06
  -0.0000000e+00  -1.3426252e-04   3.2912743e-05   2.1025604e-05   1.2620288e-05   4.3998043e-06   1.5970733e-06   7.1851032e-06   6.6079224e-06   2.6806561e-06   2.2696854e-06   2.1257972e-06  -2.1193019e-07   7.6384629e-07   1.3708135e-06  -5.2333161e-07   1.1137859e-06   5.5271943e-07  -7.2703341e-07  -1.5354141e-07  -4.9301053e-07  -6.8693436e-07   3.3340200e-07
  -0.0000000e+00  -1.3134490e-04   2.9661715e-05   1.9379293e-05   1.6174939e-05  -1.5243745e-06   2.7295614e-06   7.4484228e-06   6.0978787e-06   1.6113732e-06   2.5464237e-06   5.2084800e-07  -1.0966797e-06  -1.0395129e-08   1.8354153e-06  -2.3263711e-07   2.2061702e-06  -1.5082394e-07   2.9033021e-07   3.0305664e-08   1.5664361e-06  -9.2405480e-07   7.9967441e-07
  -0.0000000e+00  -1.3030149e-04   3.2203570e-05   1.9733450e-05   1.2185233e-05   1.4836943e-06   5.6251124e-06   8.1853741e-06   3.3560432e-06   3.1190134e-06   3.0682754e-06  -2.5439456e-07   2.0954690e-06   7.2996727e-07   1.9411934e-06   1.0386082e-07   2.1524633e-07   1.3809622e-06   5.9754200e-08   1.0316661e-06   1.0838911e-06   1.2050556e-06  -1.4068684e-07
  -0.0000000e+00  -1.3137584e-04   3.1341810e-05   2.0658976e-05   1.0599639e-05   9.1975664e-07   3.9485021e-06   6.1549295e-06   5.9172598e-06   1.4496239e-06   1.9018290e-06   6.4495629e-07   1.8313470e-06   1.8092798e-06   1.8184438e-06   1.6258530e-06  -4.1926151e-07   6.8995553e-07  -7.9987004e-09  -1.6359592e-06   1.5877022e-06   1.2726837e-06  -9.6478448e-07
  -0.0000000e+00  -1.3336257e-04   3.1755437e-05   1.7363414e-05   1.5078469e-05   6.2198194e-07   3.5538285e-06   9.1272032e-06   5.7367733e-06   2.1827773e-06   9.2904338e-07   1.9838069e-06   5.5703094e-07   1.0983337e-06   2.3847758e-07  -4.1613083e-07  -4.6305124e-07   8.1655804e-07   2.3910962e-07  -5.6230994e-07  -1.0381019e-06  -4.1295411e-07  -7.8196871e-07
  -0.0000000e+00  -1.3186842e-04   3.4319211e-05   1.9791922e-05   1.3794795e-05   1.2903893e-06   5.4720176e-06   6.6320590e-06   4.3303880e-06   2.1966641e-06   3.2225603e-06   1.4773494e-07  -3.2402977e-07   4.3709542e-07  -4.4640647e-08  -7.3084959e-07   4.6163953e-07   9.4983346e-07  -3.5467400e-07  -4.5913850e-07   3.1171041e-07   1.8674986e-06  -6.6636557e-07
  -0.0000000e+00  -1.2969077e-04   3.2183350e-05   1.9725965e-05   1.3494566e-05   1.4536774e-07   3.6820636e-06   6.2800550e-06   4.6663663e-06   5.3554090e-06   1.9756328e-06  -6.6075160e-07  -5.7815654e-08   1.4651943e-06   1.0915250e-06   2.0238169e-06  -1.5165374e-07  -4.9605109e-07   1.2944755e-06   4.6180398e-10   4.3122558e-08   9.4024722e-07   7.3436070e-07
  -0.0000000e+00  -1.3191937e-04   3.2711916e-05   1.8203893e-05   1.5471389e-05   2.5136003e-06   3.6029444e-06   8.4846315e-06   5.7482780e-06   2.8621455e-06   3.1507439e-06   4.5458657e-07   9.3653432e-07   4.4677870e-09   3.7429896e-07   1.6216035e-07  -1.8065278e-06  -1.0932163e-07  -7.6902018e-07  -9.3005312e-08  -5.9174977e-07  -2.4302966e-07   1.3586015e-07
  -0.0000000e+00  -1.3424677e-04   3.1966625e-05   2.0406258e-05   1.2153083e-05   1.4365079e-06   3.7338966e-06   6.1369710e-06   7.8036319e-06   1.5980726e-06   1.0435161e-06   3.1005270e-06   4.3281943e-07   2.7483927e-07   1.0112990e-06   1.4681178e-06  -3.0044899e-07   1.4706266e-06   6.5850315e-07   6.6851294e-07   1.3827539e-06  -7.5107545e-07   2.3987428e-07
  -0.0000000e+00  -1.3037215e-04   3.5012803e-05   1.9092126e-05   1.3864063e-05  -7.5552038e-07   5.9381046e-06   6.3081420e-06   4.5672036e-06   5.1230609e-06   2.6787434e-06   1.1240973e-06   1.1752624e-06   1.8157069e-06   1.5686539e-06  -2.0581827e-07   1.5889608e-06  -9.5194241e-07  -5.1145508e-07  -4.2394814e-07  -5.7268062e-07   5.7719222e-07   1.3913723e-06
  -0.0000000e+00  -1.3439146e-04   3.1122254e-05   1.9156954e-05   1.3908872e-05   9.6932263e-07   2.6102362e-06   8.2147526e-06   6.2881068e-06   2.4899159e-06   1.6351123e-06   1.6967551e-06   2.1087135e-06   2.7989458e-07  -9.4307666e-07  -8.1131963e-09   1.1053990e-06  -2.4373773e-07   1.2817801e-06   6.5588881e-09   7.5233686e-07  -1.2850793e-07  -8.1576439e-07
  -0.0000000e+00  -1.2956622e-04   2.9702549e-05   1.9709138e-05   1.3635585e-05   1.2844645e-06   3.8654566e-06   7.1561867e-06   5.7020338e-06   2.2005431e-06   1.2511479e-06   8.2567738e-07   6.2719448e-07   5.1008863e-07   6.6591400e-07   8.2928523e-07   9.4605230e-07   3.1290080e-07  -7.3791910e-09   1.0210246e-06   1.3575085e-07   2.6318199e-07  -2.3221435e-07
  -0.0000000e+00  -1.3382110e-04   3.5030906e-05   2.0104610e-05   1.2794554e-05   1.3007548e-06   1.9642798e-06   9.2042792e-06   5.6558656e-06   4.0909399e-06   2.4513042e-06   1.8765567e-06   5.4469092e-07   3.3480953e-07   1.1579722e-06   8.5492809e-07  -5.7540444e-07   3.9223195e-07  -1.5308589e-07   6.0474588e-07   1.1784362e-06  -4.1485441e-07   8.6835786e-07
  -0.0000000e+00  -1.3248637e-04   3.0919586e-05   2.0904623e-05   1.2630583e-05   7.2811292e-07   5.2616183e-06   7.4118489e-06   5.9104914e-06   2.5710315e-06  -3.2518209e-08   1.3215288e-06   1.4229490e-06  -1.2956767e-06   1.1382217e-06   6.8975669e-07  -1.4439206e-07  -1.2476610e-06  -1.1816626e-06  -2.7987619e-07  -8.2682641e-07   1.1106404e-06   8.2176018e-07
  -0.0000000e+00  -1.3043327e-04   2.9042505e-05   2.0243036e-05   1.4923377e-05  -8.0143548e-07   3.2089590e-06   9.1940301e-06   3.5875828e-06   1.2818221e-06   2.2956058e-06  -7.3957580e-07   2.0004205e-07   4.2216857e-07   1.6268582e-06   1.2793365e-06   1.2583407e-06   4.0220084e-07   5.6675532e-07   2.7175133e-07  -1.0635864e-06   5.8303112e-07   1.5650385e-06
  -0.0000000e+00  -1.3457486e-04   3.6135134e-05   1.8908426e-05   1.1411645e-05   3.3389392e-06   4.4709213e-06   7.4958557e-06   5.9465633e-06   2.8342110e-06   1.1904795e-06   2.5888949e-06   5.3670084e-07   2.1631817e-07   7.2926815e-07   1.3439586e-06   1.4054566e-06   1.1003831e-06  -6.9214030e-07   1.3976958e-06   1.5202717e-09  -1.0477041e-06   2.8271685e-07
  -0.0000000e+00  -1.3149079e-04   3.0231298e-05   1.9623092e-05   1.4078310e-05   1.5671260e-06   3.7232016e-06   8.5384499e-06   4.7932349e-06   2.8952061e-06   1.6904673e-06   1.1612697e-06   3.1359744e-07   1.2137936e-06  -1.1348068e-06   5.1833291e-07   5.9090473e-07  -3.6711378e-07   1.5009338e-06   3.7303155e-07   5.7368499e-07  -9.0990522e-07   5.1602939e-07
  -0.0000000e+00  -1.3296670e-04   3.0716161e-05   1.9232451e-05   1.3055016e-05   5.1727937e-07   2.8771540e-06   5.6610334e-06   6.9674875e-06   3.0725280e-06   1.4848150e-06  -1.5247375e-07   2.5497022e-06   1.7838911e-06   3.1984385e-07  -5.8552647e-08   3.5185673e-07   9.7415352e-07   4.7497417e-07  -2.6105882e-08   9.0861147e-07  -5.3880188e-07   8.5843237e-07
  -0.0000000e+00  -1.3127798e-04   3.1322546e-05   2.0658072e-05   1.3125383e-05   2.8527114e-07   2.9884736e-06   9.8536275e-06   4.4109674e-06   3.2504131e-06   1.3635291e-06   6.5890844e-09   1.5729890e-06   9.5052565e-07   7.6929393e-07   1.6116404e-06   2.2591660e-06  -3.2055638e-07   4.8330622e-07   8.8644578e-07  -6.5149487e-07   1.0528310e-06  -6.9867195e-07
  -0.0000000e+00  -1.2895175e-04   3.6192137e-05   1.7399128e-05   1.0780180e-05   2.4016817e-06   4.5753613e-06   7.1451814e-06   7.0795854e-06   1.7128737e-06   7.0778520e-07   9.7692600e-07   4.6280132e-07   1.2845583e-06   7.2019290e-08   2.4482765e-07  -2.5426237e-07   7.4768359e-08  -1.7226606e-07   1.3300197e-06   7.1427309e-07  -3.8322179e-07  -3.1106481e-07
  -0.0000000e+00  -1.3810786e-04   3.2257300e-05   2.1365660e-05   1.3795897e-05  -5.6488477e-07   3.6260858e-06   9.3624521e-06   4.9554815e-06   4.8130155e-06   2.4382125e-06   2.6062672e-08  -5.5559724e-07   1.2055830e-07   1.0731907e-06  -3.6104996e-07   1.8375242e-07   7.7829969e-07  -2.0645034e-07   3.3591795e-07  -6.0852449e-07   1.7056882e-06  -3.5636276e-07
  -0.0000000e+00  -1.2673689e-04   2.9039971e-05   2.1154223e-05   1.3921129e-05   1.3494032e-06   4.8159336e-06   5.6478048e-06   7.0890278e-06   3.6311710e-06  -3.3481911e-08   1.5479362e-06   2.1867243e-07   1.0900118e-06   2.4122307e-06   8.4767117e-07  -3.4583144e-07  -6.7821856e-07   9.8901330e-07   5.0335876e-07  -3.0974212e-07  -8.5297989e-07  -3.3702187e-07
  -0.0000000e+00  -1.3393430e-04   3.4911973e-05   2.0097892e-05   1.1241589e-05  -6.4112521e-07   3.9912884e-06   7.0160054e-06   5.2203409e-06   2.9734795e-06   2.0557020e-06  -1.4300306e-06   1.3648484e-07   1.8307618e-06   1.2666753e-06   7.9707905e-07   1.4383336e-06  -1.0188382e-07  -5.7873785e-07   9.5809412e-07  -9.6604822e-07  -2.2668287e-07   7.9275662e-07
  -0.0000000e+00  -1.3328464e-04   3.3004424e-05   1.7861221e-05   1.3088034e-05   5.3033818e-06   1.8986867e-06   9.0801832e-06   5.2531759e-06   1.5983089e-06   3.2996616e-06   1.7835561e-06  -5.6345124e-07   2.9433795e-06   2.8393430e-07   8.9351983e-07   2.8006323e-07  -1.0947356e-06   2.0550765e-06  -3.5336029e-07   1.3565665e-06  -7.4689302e-07   3.6191963e-07
  -0.0000000e+00  -1.3157663e-04   2.8552817e-05   2.2193635e-05   1.4215073e-05   3.6698040e-07   5.9697195e-06   8.8406578e-06   6.6240837e-06   4.2618108e-06  -2.0010101e-07   1.3597936e-06   1.5345198e-06  -1.8629093e-07   1.7904005e-06   1.1397915e-06   1.2543570e-06   4.5974716e-07   4.5466894e-07   6.4381233e-08   6.5738152e-07   7.0945975e-07   1.1330225e-06
  -0.0000000e+00  -1.3280174e-04   3.5154400e-05   1.9145287e-05   1.2612760e-05   2.9541999e-07   4.1737094e-06   7.5379071e-06   4.3766404e-06   1.6104622e-06   1.0253106e-06   1.7346233e-06  -1.9891951e-07   1.6521591e-06   7.1961898e-07   8.4361290e-07  -1.0750042e-06  -1.0307983e-06  -6.0849067e-07   1.2865477e-06  -2.1170285e-07   5.8651915e-07   1.1668025e-07
  -0.0000000e+00  -1.3142239e-04   2.9711042e-05   2.0163965e-05   1.5323039e-05   3.6436186e-06   4.9407745e-06   7.1761970e-06   4.4810522e-06   3.7162370e-06   2.5815589e-06  -7.3505367e-07   1.8506292e-06   1.0339720e-06   2.8580162e-06   1.0691468e-06   1.1001998e-07   1.0208183e-06  -1.0188255e-06  -4.1806524e-07   2.0589069e-07  -1.5600952e-07  -1.2619248e-06
  -0.0000000e+00  -1.3451790e-04   3.1726941e-05   2.1002554e-05   1.0214353e-05   1.8591401e-06   3.8168882e-06   8.0107875e-06   4.0871628e-06   1.2782676e-06   2.4718252e-06   1.1059705e-06   8.0801311e-07  -2.7690845e-07   6.0427908e-07   3.6163652e-07  -7.4820159e-09   1.7315372e-07   1.2925655e-06   6.0329023e-07   4.3164474e-07   5.0291578e-07   9.0854974e-07
  -0.0000000e+00  -1.2904925e-04   3.3567299e-05   1.7944511e-05   1.2986146e-05   1.9748870e-06   1.6182825e-06   7.3468623e-06   6.6201633e-06   1.2766427e-06   1.3755681e-06   1.2081376e-06  -7.9536682e-07  -2.6325085e-07   3.2481009e-07  -5.2146282e-07  -2.1257597e-07  -9.2016529e-07   1.7675980e-07  -1.4276779e-06   3.3879493e-07  -7.9918556e-07  -1.0707827e-06
  -0.0000000e+00  -1.3021650e-04   2.8463088e-05   2.0699263e-05   1.4283986e-05   1.1618482e-08   6.9480411e-06   6.9365074e-06   5.8131050e-06   5.9137228e-06   2.9912101e-07   1.3518338e-06   2.1873029e-06   1.5748369e-06   1.5508934e-07   2.0575344e-06   1.1125663e-06  -1.1246115e-07   3.2611786e-07   1.2005978e-06   1.2572082e-06   9.9255203e-07  -7.3013422e-07
  -0.0000000e+00  -1.3662028e-04   3.7160571e-05   1.7452199e-05   1.2123116e-05   4.2913879e-07   2.4954970e-06   8.2008373e-06   6.6205444e-06   8.0849577e-07   2.2877982e-06   9.3681126e-07   9.7897703e-07   6.5207024e-07   6.5913463e-07   8.3046990e-07   3.3390364e-07  -2.9774432e-07   4.0087906e-07   8.6462506e-07   1.1580640e-06   3.3144462e-07  -5.5760324e-07
  -0.0000000e+00  -1.3102609e-04   2.9975203e-05   2.2579252e-05   1.3336145e-05  -1.7995194e-06   4.9808059e-06   9.0572830e-06   5.5341143e-06   3.0256715e-06   1.0489589e-06   1.4378759e-06  -8.6726430e-07   2.2876270e-07   8.9953653e-07  -5.2521960e-07  -3.4723051e-09  -6.3327747e-08   1.6891561e-07  -2.7515526e-07  -1.2754338e-06   1.1578967e-06   1.6622306e-06
  -0.0000000e+00  -1.2973409e-04   3.1995292e-05   1.9468232e-05   1.4188694e-05   1.8446592e-06   4.0775622e-06   4.4602020e-06   6.9120783e-06   3.1871987e-06   1.9595007e-06   1.6773945e-06   2.9924095e-07  -1.5638909e-07   3.0473905e-07   1.4886327e-06   4.0388488e-07   1.2656614e-06   1.4262552e-06  -3.8191828e-07  -1.1150320e-06   8.1384371e-07  -6.2232749e-07
  -0.0000000e+00  -1.3383300e-04   3.3095366e-05   1.8377832e-05   1.3339642e-05   3.2757643e-07   5.9168769e-06   6.2147469e-06   4.9995433e-06   5.2706609e-06   1.3282578e-06   7.3101057e-07   1.4108966e-06   5.5131579e-07   1.8609982e-06   9.6958036e-07  -1.3251021e-07   1.0228065e-06   4.9956952e-07   1.1323237e-06  -2.1697927e-07   1.5172694e-07   2.5086990e-07
  -0.0000000e+00  -1.3390613e-04   3.2100303e-05   2.0045740e-05   1.2731556e-05  -2.8990137e-06   4.3774735e-06   8.6984155e-06   6.4211049e-06   1.5751028e-06  -1.3327777e-07   1.0040411e-06   1.6088944e-06   1.3478491e-06   1.0018355e-06   9.8024509e-07  -4.4558720e-07  -5.7448534e-07  -7.5328643e-08   5.6114044e-07   9.5132947e-07  -7.3170703e-08  -2.9125025e-07
  -0.0000000e+00  -1.2939260e-04   3.1407566e-05   1.8867704e-05   1.4752841e-05   4.6826158e-06   5.3907848e-07   7.0956403e-06   5.7879288e-06   1.2949575e-06   4.4123026e-06   2.8884160e-06   4.5809924e-07   2.2468076e-07   1.2515884e-06  -2.1282358e-07  -2.9461390e-07  -2.9588765e-07   8.4736160e-07  -4.8858544e-07  -9.9927796e-08   9.1466728e-07   6.7667054e-07
  -0.0000000e+00  -1.3168731e-04   3.1805284e-05   1.9883877e-05   1.3479156e-05  -7.4508955e-07   7.1021741e-06   5.6905628e-06   5.0875728e-06   3.8541489e-06   3.6320580e-07   1.4477705e-06   9.6174608e-07   1.4888085e-06   8.6472926e-07   1.2529360e-07   8.9943330e-07  -5.8333382e-07   5.9884792e-07   7.4477799e-07   4.6950393e-07  -7.6657022e-07   7.1619780e-07
  -0.0000000e+00  -1.2895789e-04   3.1379539e-05   2.3630526e-05   1.1656666e-05   1.2747737e-06   2.1012347e-06   6.8027566e-06   6.6071561e-06   2.6451473e-06   2.6307287e-06   1.6221688e-06   2.8668146e-07   9.2010833e-07   1.9397196e-06   2.5086367e-06  -1.3817019e-07  -1.1026860e-06   6.3208626e-07   1.3203359e-06  -9.0782743e-07   3.2754281e-07   1.2641800e-07
  -0.0000000e+00  -1.3639101e-04   3.6309499e-05   1.8893554e-05   1.6912067e-05  -8.7436098e-07   5.4010070e-06   6.3344260e-06   5.6182253e-06   1.7744246e-06   1.9343777e-06  -8.6280488e-07   8.1138143e-07   1.6530920e-06   9.0296453e-07  -9.9131910e-07   2.0890663e-07   5.1062796e-07  -8.9756577e-07  -1.2973364e-06   4.0203099e-07  -4.3793852e-07   1.8968301e-07
  -0.0000000e+00  -1.2680847e-04   2.8407632e-05   1.8373292e-05   1.1276900e-05   2.5261327e-06   3.4623554e-06   8.2562310e-06   5.2508494e-06   2.9501218e-06  -7.2093047e-07   1.3002540e-06  -5.0892048e-08   1.1810051e-06   7.1669820e-07   4.2705273e-07   1.3327693e-06   1.5247377e-06  -2.5742494e-07   1.4991004e-06  -1.4581259e-07   4.6516396e-07   7.9760696e-07
  -0.0000000e+00  -1.3652319e-04   3.4486849e-05   2.2100954e-05   1.1629520e-05   1.4211346e-06   3.6226738e-06   7.5994826e-06   4.1239650e-06   3.3380938e-06   3.4994880e-06   1.2705194e-06   1.2679386e-06   1.5598275e-06  -5.1909291e-07   1.8021065e-06   4.0424882e-07  -1.7023117e-06   1.9832207e-06   2.8718168e-07   4.4460290e-07  -4.8176196e-07   4.7141455e-07
  -0.0000000e+00  -1.3083823e-04   3.2547916e-05   2.0582424e-05   1.3410655e-05  -8.1091838e-07   5.5611622e-06   8.1472972e-06   5.1305774e-06   3.4388461e-06   1.3651360e-06   2.8099489e-06   8.2256224e-07   1.3220426e-06   3.0074804e-07   6.9657750e-07  -5.8577160e-07  -6.6585969e-08   3.1711360e-09  -1.4650270e-07   5.2046920e-07   9.4593361e-07   5.3970228e-07
  -0.0000000e+00  -1.3126915e-04   3.2231783e-05   1.4710242e-05   1.6468332e-05   1.8499873e-06   1.3282529e-06   6.0428847e-06   7.2217213e-06   2.3424186e-06   1.5606994e-06   2.1966064e-06   1.7654837e-06   1.6125454e-06  -1.3187801e-06  -2.1586443e-07  -2.2714069e-07   6.8914574e-07   1.2591447e-06   6.1156129e-08   7.4835498e-07   1.0348953e-06  -3.8154582e-07
  -0.0000000e+00  -1.3136650e-04   3.1938904e-05   2.2977669e-05   9.2365581e-06   1.4890596e-06   2.2253605e-06   8.5160545e-06   5.4108623e-06   2.0091829e-06   2.6793507e-06   7.2010650e-08   2.2676768e-06   1.4132520e-06  -4.5539866e-07   3.1571111e-07   1.4816470e-06   3.9130512e-07  -3.9508031e-08  -5.3469182e-07  -4.7431564e-07  -4.5717755e-07  -5.2739790e-07
  -0.0000000e+00  -1.3328507e-04   3.2972777e-05   1.8683253e-05   1.3906058e-05  -3.4398994e-07   7.8514877e-06   5.8326909e-06   5.6446729e-06   2.4715177e-06   2.7100957e-06   2.2348870e-06   3.2957669e-08  -3.9596117e-08   1.1531924e-06   1.5440248e-06  -1.2144285e-07  -8.4609064e-07   3.3275887e-07   2.6837856e-07  -9.7878399e-07   6.1136973e-07  -4.9071480e-07
  -0.0000000e+00  -1.3079800e-04   3.0410627e-05   2.0402582e-05   1.1662264e-05   1.5549888e-06   6.0526418e-07   8.9573605e-06   3.4040759e-06   3.8420289e-06   2.5033362e-06   7.8099356e-07   1.3464112e-06   6.7331609e-07  -6.3859341e-07  -2.5162720e-07   5.0133506e-09   1.0726850e-06   4.9890468e-07  -9.9020035e-08   1.5626430e-06   1.0203373e-06   5.5449328e-07
  -0.0000000e+00  -1.3125679e-04   3.6042529e-05   1.5546702e-05   1.6927919e-05  -4.8845584e-07   4.9511063e-06   7.8509811e-06   6.2779841e-06   3.9861916e-06   1.6492685e-06   1.2439533e-06   8.5277321e-07  -9.6367648e-07   1.6085309e-06   5.3216672e-07  -8.2748684e-08   1.2891799e-06  -1.0575120e-06  -3.7752065e-07  -6.2709739e-07   4.7964710e-07  -7.4730860e-07
  -0.0000000e+00  -1.3057077e-04   2.8070843e-05   2.4247200e-05   1.0619441e-05   1.9091083e-06   4.7627361e-07   7.6446677e-06   4.3166078e-06   2.7190440e-06   2.4644251e-06  -1.0012923e-06   2.1856524e-06   1.7522460e-06   1.1471953e-07   2.5310848e-07  -7.2847598e-07  -4.3301330e-07   5.9114461e-07   1.0445245e-06   5.8206791e-07   4.8917252e-07   2.2079578e-07
  -0.0000000e+00  -1.3440657e-04   3.4598503e-05   1.8893879e-05   1.2351437e-05  -1.1960781e-06   6.6304333e-06   7.4059772e-06   6.3912007e-06   3.4816951e-06   1.2024179e-06   2.4814860e-06   4.8758614e-07  -6.7220509e-07   2.0671234e-06   4.2807306e-07   1.3452122e-06   3.3194823e-07   2.9587494e-07   4.2533770e-07  -2.0918563e-07  -1.0029880e-06   2.2823131e-07
  -0.0000000e+00  -1.2783625e-04   3.2172698e-05   1.9468202e-05   1.7326596e-05   5.5501056e-07   3.4471475e-06   7.4590412e-06   4.2533625e-06   3.6610006e-06   1.9244179e-07   3.3944835e-07   2.0510795e-06   1.1095999e-06   4.1402268e-07   4.7828604e-07  -8.5374944e-07   9.1285062e-07   1.5331783e-06  -1.3314614e-06   5.1488104e-07   2.2756848e-07  -3.5357246e-07
  -0.0000000e+00  -1.3495774e-04   3.5508394e-05   1.6876584e-05   1.2455152e-05   2.6709104e-06   2.6337232e-06   6.8189956e-06   7.6966180e-06   1.8974832e-06   2.2829734e-06   9.9399563e-07   9.7094653e-07   7.5787121e-08   8.7852648e-08   3.9679355e-07   1.2163428e-06   7.7372783e-07  -4.6710528e-07   4.4904542e-07   5.0286485e-07   1.2170599e-07  -3.1864207e-08
  -0.0000000e+00  -1.3164860e-04   2.9282082e-05   2.1410015e-05   1.1733122e-05   7.5955296e-07   3.2909354e-06   9.8506225e-06   2.9366852e-06   2.8113998e-06   1.0145191e-06   2.8851366e-07   1.0381200e-06   1.4683586e-07   3.2178215e-07   1.0856699e-06  -2.9622055e-07   1.8572705e-06   4.8022912e-07   9.0545649e-07   5.6405270e-07  -3.9995004e-07   5.4553090e-07
  -0.0000000e+00  -1.3050201e-04   3.3718265e-05   1.9688910e-05   1.3877388e-05   1.9036346e-06   4.7205344e-06   5.4710940e-06   6.7682899e-06   2.9718158e-06   4.4112271e-06   6.8919201e-07  -2.1392171e-07   9.7750831e-07   1.5569985e-06   1.4372457e-06   9.2696371e-07  -1.9076167e-06  -4.6293144e-07   1.5413367e-06   2.0975924e-07  -3.0679988e-07  -9.0001265e-07
  -0.0000000e+00  -1.3239286e-04   3.0675805e-05   1.8904791e-05   1.1867058e-05   8.2079663e-07   2.1644762e-06   9.0914164e-06   3.5849132e-06   3.9453803e-06   2.7003105e-07   2.9884727e-06   5.6152896e-07   1.8723013e-06  -6.4179181e-07   2.7667838e-07   7.7429843e-07   1.0451280e-07   6.6163960e-07   8.4340024e-07   1.1508055e-06  -3.3708824e-07  -1.8591651e-07
  -0.0000000e+00  -1.3391901e-04   3.3906272e-05   1.7226217e-05   1.5269876e-05   9.3662152e-07   6.1325927e-06   9.4862489e-06   6.2095492e-06   3.6861843e-06   2.7232463e-06   7.6849460e-08   1.0976221e-06   1.1785008e-06   9.5883684e-07   9.3743830e-07   2.1077192e-06   1.0963963e-08   5.0428338e-07   1.3149961e-06   9.9016154e-07   3.0349065e-07  -2.1308183e-07
  -0.0000000e+00  -1.3184328e-04   3.1563166e-05   2.4540737e-05   8.9297509e-06   2.5003530e-06   4.7131371e-06   6.5413592e-06   4.7375529e-06   2.8761860e-06   1.5349611e-08   2.5157285e-06   2.6526193e-08   1.9847779e-07  -1.2286804e-06  -4.6669174e-07   1.0952465e-07   1.0188513e-06   2.6413855e-07  -3.5539139e-07  -1.7389284e-07  -2.9325875e-07   3.2077313e-07
  -0.0000000e+00  -1.3087348e-04   3.1692634e-05   1.5309464e-05   1.6808648e-05  -1.2333966e-06   3.7004570e-06   9.3288609e-06   6.4078345e-06   8.7333268e-07   2.0274590e-06   1.2442858e-06  -2.1268336e-07   1.0913620e-06   1.1888668e-06   4.9004240e-07   2.9095250e-07   1.2338534e-06   1.9104085e-08  -1.0366406e-06  -8.2503209e-07   5.2960354e-07  -7.5856326e-07
  -0.0000000e+00  -1.3063215e-04   3.2587686e-05   1.9787265e-05   1.0023662e-05   3.5715735e-07   4.2859974e-06   6.4043961e-06   4.0813961e-06   2.1836552e-06   1.5264969e-06   1.6113254e-06   3.7512675e-07   2.4173812e-06  -3.3941268e-07   7.7301843e-07   6.6253557e-07   1.4288075e-06  -8.2010030e-07   1.7480804e-07   6.6445051e-07  -3.0031430e-07   1.4304791e-06
  -0.0000000e+00  -1.3672630e-04   3.3241111e-05   1.9805753e-05   1.4931275e-05   3.5896214e-08   5.8574142e-06   5.4857055e-06   5.4769548e-06   4.2669149e-06   2.5822806e-06  -3.3443325e-07   2.5186719e-06   2.6166441e-07   9.4571641e-07   1.5910551e-06  -5.5261654e-07  -1.4139854e-06   9.3036692e-07  -3.1420390e-07   1.0358707e-06   9.7383895e-07  -9.1655198e-07
  -0.0000000e+00  -1.2786064e-04   3.1155188e-05   1.8043065e-05   9.7466200e-06   1.6601246e-06   3.4439590e-06   9.4274928e-06   4.2547267e-06   5.0125504e-06  -1.1890249e-07   2.0329153e-06   1.4047677e-07   1.3540008e-06  -7.0573253e-07   1.0426675e-06   4.4293768e-07   7.9625494e-07   9.9668978e-07   7.4876959e-07  -1.7654551e-07  -8.5317663e-07  -4.5674747e-07
  -0.0000000e+00  -1.3535096e-04   3.1429805e-05   2.2167460e-05   1.4809591e-05  -1.7072571e-06   5.6416943e-06   7.5240132e-06   5.7144907e-06   1.7497752e-06   4.0330606e-06   1.5053806e-06   8.1304728e-07  -8.7624085e-07   3.5001383e-07   1.5157908e-06   7.2859521e-08  -1.0731213e-06   4.2855740e-07   7.9790590e-07  -3.8695207e-09   9.9544627e-07  -7.7967989e-08
  -0.0000000e+00  -1.2865715e-04   3.3460681e-05   1.7289460e-05   1.3829159e-05   4.2004658e-06   2.0843574e-06   9.4093994e-06   5.3133244e-06   2.0277387e-06   2.1835781e-06   1.0166704e-06   7.7217021e-07   2.3345442e-06   7.5064319e-09  -3.8708299e-07  -9.0519757e-07   1.5151854e-06   1.0892359e-06   6.1242315e-07   1.0349607e-06  -1.1367019e-06  -3.1239298e-07
  -0.0000000e+00  -1.3700499e-04   3.0773364e-05   1.9247180e-05   1.4574645e-05  -1.8652183e-06   7.3094011e-06   5.1199736e-06   6.3617617e-06   2.9933851e-06   3.6835900e-06   3.1780164e-07   1.2416446e-06   2.1523535e-06   1.4905445e-06   1.1541134e-06   6.2786381e-07   1.4103631e-07   5.5978524e-07  -3.3846888e-07   3.2387229e-07   1.2527565e-06   8.8834679e-07
  -0.0000000e+00  -1.2743076e-04   3.0437765e-05   1.9925827e-05   1.1987498e-05   4.9251248e-06   1.1598215e-06   9.4800771e-06   5.2567079e-06   2.7848716e-06   7.2088773e-07   1.5067344e-06  -7.4233441e-07  -4.2924814e-08   1.1645541e-06   4.9079262e-07   9.6422104e-07   1.5428913e-06  -4.6758407e-07  -8.7678490e-07  -8.2123069e-07  -7.6233306e-07   2.2954299e-07
  -0.0000000e+00  -1.3495823e-04   3.4770914e-05   1.8458137e-05   1.4994612e-05  -1.9372424e-06   2.8327649e-06   8.0852096e-06   5.4107491e-06   3.1141815e-06   1.8922923e-06   4.2359505e-07   8.7566423e-07   4.3066950e-07   6.2386658e-07   1.4809181e-06   6.4952013e-07   2.5707641e-07   1.9182650e-07   4.1642468e-07  -9.7960162e-07   8.4944287e-07   5.8731548e-08
  -0.0000000e+00  -1.3031429e-04   3.1740583e-05   1.9128998e-05   1.0514314e-05   1.7668374e-06   4.3435252e-06   5.8652126e-06   5.2946802e-06   3.5025205e-06   9.7681486e-08   1.9756683e-06  -5.2211501e-08   1.5487368e-06   1.1498838e-06   1.3901429e-06   2.5660682e-07  -3.5623501e-07  -9.1057979e-07  -9.5140564e-07   1.3328552e-06   6.4582656e-07   1.1919071e-06
  -0.0000000e+00  -1.3098221e-04   3.3018241e-05   1.7986684e-05   1.5977792e-05  -1.0241283e-06   4.6502078e-06   8.8327979e-06   7.7555578e-06   1.3469141e-06   1.9623801e-06  -2.8279439e-07   2.7094281e-06  -1.9662424e-07   1.8056311e-06  -2.0433016e-07  -8.4748223e-07   8.9768685e-07  -5.0047680e-07   5.2137949e-07   5.8913048e-07  -2.3128047e-07   1.3633527e-06
  -0.0000000e+00  -1.3097569e-04   3.0663887e-05   2.2741222e-05   1.0954624e-05   3.0079782e-06   2.1293063e-06   7.0549358e-06   4.7771787e-06   3.6628589e-06   4.9693301e-07   3.1305901e-06   1.8942958e-07   1.2067327e-06   4.5294209e-07   4.7023732e-07   1.6684251e-06   2.0469869e-07   2.8312658e-07  -1.5204019e-07  -3.4111247e-07   2.3035462e-07   4.0254588e-07
  -0.0000000e+00  -1.3453381e-04   3.3157998e-05   1.6834745e-05   1.5744863e-05   1.2147104e-06   5.9013128e-06   8.9765463e-06   6.3728994e-06   2.7969900e-06   1.7446316e-06   7.5240018e-07  -7.8151191e-07  -3.2048709e-07  -1.8546147e-07   3.3653322e-07  -9.9451739e-08   1.6662767e-06  -2.0192326e-07  -1.1087524e-06  -6.4953201e-07   8.9627588e-07  -1.1367027e-06
  -0.0000000e+00  -1.3085526e-04   3.1176391e-05   2.1971948e-05   1.1044423e-05   1.3998999e-06   4.1185190e-06   8.2830693e-06   5.5416067e-06   2.3981463e-06   8.2926812e-07   5.5807135e-07   4.3429424e-07   1.5377354e-07   1.8085450e-06  -7.9664562e-07  -5.4767263e-08   1.0673339e-06   5.8664170e-07  -9.3192165e-09   3.8017583e-07   2.1886950e-07   6.5334984e-07
  -0.0000000e+00  -1.3241929e-04   3.2113374e-05   1.8430812e-05   1.1736521e-05   4.9567308e-07   4.0946597e-06   5.5655878e-06   7.0011088e-06   3.0266049e-06   3.5662322e-06   2.5792392e-07   1.0163852e-07   6.3475659e-07   7.6769840e-07   2.0626073e-06   3.4248419e-07  -3.7720972e-07   1.4722078e-06   6.8936782e-07  -2.1688940e-07  -3.6281560e-07   1.4859309e-07
  -0.0000000e+00  -1.3017301e-04   2.8303888e-05   2.0607471e-05   1.2417603e-05   2.6519970e-06   3.0374895e-06   9.4694078e-06   4.3424734e-06   3.3799115e-06   3.3768467e-06   1.0020193e-06   2.7255721e-06   1.9893507e-06   7.2308467e-07  -1.2410052e-06   8.2813722e-07  -1.4834133e-07  -6.8505597e-07   1.0184356e-06   1.0638187e-06   1.9497439e-07  -1.0170466e-07
  -0.0000000e+00  -1.3352158e-04   3.5097179e-05   1.8452065e-05   1.4653674e-05   1.3349274e-06   1.1243352e-06   7.5126591e-06   7.0106171e-06   2.5108297e-06   8.6344670e-07   2.5929197e-07   1.5496302e-07   9.8701685e-07   8.1378005e-07   6.3759450e-07  -2.0986054e-07   7.8975586e-07   1.3219618e-06  -1.2644450e-06  -2.7448024e-07   1.0627693e-06   2.8050915e-09
  -0.0000000e+00  -1.2949499e-04   3.2508789e-05   2.0871119e-05   1.1713671e-05   9.2143347e-07   4.5656188e-06   1.1213520e-05   3.9074212e-06   3.8636199e-06   1.2289391e-06   2.0402570e-07   8.1046642e-07   1.3310598e-06   9.6971269e-07   2.1161436e-06  -1.9858319e-07   8.8732000e-09   1.6395717e-08  -1.2957886e-06  -3.3563097e-07   1.3817395e-06   3.1557005e-07
  -0.0000000e+00  -1.3255434e-04   3.3011314e-05   1.9250991e-05   1.3583086e-05   1.9716499e-06   4.6458463e-06   6.0582784e-06   6.4655433e-06   3.6637057e-06   3.3119024e-06   1.5295450e-06  -3.3849375e-07  -1.1966426e-07   1.4359288e-06  -2.5754503e-07   6.0100547e-07  -9.3846559e-08  -7.9900815e-07   9.7465249e-07   5.6166573e-07  -6.9701150e-07   1.0728976e-06
  -0.0000000e+00  -1.3107951e-04   2.9687919e-05   1.9792133e-05   1.4033327e-05   1.4250414e-06   2.7790568e-06   9.0773829e-06   4.8286688e-06   8.1068964e-07   1.6901620e-06   2.3723451e-06   1.0182467e-06   1.1493322e-06   6.1559604e-07   1.8219295e-06  -1.1391478e-08   9.9391957e-07   1.3654047e-06  -4.0249799e-07  -8.4943690e-07   3.9372497e-07  -3.2645480e-07
  -0.0000000e+00  -1.3195183e-04   3.5385900e-05   1.9748106e-05   1.2352330e-05   1.8290906e-06   4.4503608e-06   6.3400594e-06   6.4666647e-06   4.2077932e-06   1.5639438e-06   1.0053690e-06   1.5539978e-06   5.1839135e-07   7.5479670e-07   5.8500927e-07   7.2462666e-07  -5.6548011e-08  -8.6336098e-07   5.0171900e-07   1.0648463e-06   7.3269871e-07   1.0123019e-06
  -0.0000000e+00  -1.3232601e-04   2.9571745e-05   2.0877362e-05   1.2095936e-05   1.3208318e-06   2.6104979e-06   8.8661109e-06   4.2979168e-06   2.2421309e-06   1.9814820e-06   6.7620994e-07   7.1903094e-07   1.3756231e-06  -4.4531123e-07   9.2871278e-07  -2.7403482e-07  -1.1925893e-06   5.9217092e-07   2.7745571e-07   1.9442930e-07  -1.1511405e-06  -8.3955501e-07
  -0.0000000e+00  -1.3166841e-04   3.3508386e-05   1.8199891e-05   1.3889406e-05   6.5747452e-07   3.3588358e-06   6.4628584e-06   5.2724931e-06   4.7625308e-06   1.8590171e-06  -4.3301839e-07   1.7759716e-06   1.5175292e-06   2.3565804e-06   2.7641775e-07   5.8957795e-07   7.1092444e-07  -6.4172212e-07  -8.8987072e-08   8.4132637e-07   5.0992792e-08  -6.5596379e-07
