  -0.0000000e+00  -1.5086761e-04   2.9602737e-05   2.4871611e-05   1.5360341e-05   7.8709155e-07   3.9188149e-06   9.6758058e-06   7.5223484e-06   3.5269493e-06   2.8592788e-06   3.4132254e-06   4.2153843e-07  -6.1446151e-08  -1.2645111e-06   1.5002144e-06   9.0702571e-07   9.8604312e-07   6.1683130e-07   1.4773359e-06  -8.1484666e-07  -7.6476772e-07  -1.5609169e-07
  -0.0000000e+00  -1.4806370e-04   2.9716191e-05   1.7543740e-05   1.4785433e-05   1.0885630e-06   6.1078304e-06   8.3702462e-06   8.3966079e-06   2.5249019e-06   2.1179674e-06   7.8846341e-07  -2.0554262e-07   1.1143716e-06   1.6793964e-06  -8.7431818e-07   2.8434420e-06  -5.9372056e-08   1.1030365e-06  -3.6144126e-08  -7.4995575e-07   7.9788077e-07   6.3638288e-07
  -0.0000000e+00  -1.4823720e-04   2.8735330e-05   2.4728355e-05   1.5945492e-05   1.4080285e-06   6.2077356e-06   8.4706453e-06   4.3097148e-06   4.9356486e-06   2.8721197e-06   9.4969562e-07   1.9685290e-06   4.2961221e-07   1.3163468e-06   1.8725799e-06  -7.9992810e-07  -1.2803748e-06  -4.8796988e-07   8.5542342e-07   6.1861459e-07   6.7934798e-07  -3.5997235e-07
  -0.0000000e+00  -1.4948356e-04   3.2890708e-05   1.8414090e-05   1.6958815e-05   9.1056343e-08   3.2851033e-06   1.0403462e-05   6.5533623e-06   3.2793093e-06   9.5182224e-07   1.6866844e-06   2.1821281e-06   1.2083881e-06   2.1831247e-06   8.1241927e-07   7.8278885e-07   1.1784966e-06   2.6173111e-06  -4.6076707e-07   7.2575625e-07  -9.9396566e-08   2.3421229e-07
  -0.0000000e+00  -1.5119385e-04   2.7403599e-05   2.0028905e-05   1.4726405e-05   4.1775235e-07   4.2169941e-06   1.1541843e-05   8.8598399e-06   3.8537696e-06   2.9168239e-06   2.1003532e-06   1.3764798e-06   1.6290790e-07   4.3213078e-07   1.9438532e-06  -4.1378902e-07  -3.5041640e-07  -1.2719159e-06   4.2915374e-07   7.5852495e-07   5.0426240e-07  -1.0990991e-06
  -0.0000000e+00  -1.4754271e-04   3.1304771e-05   2.2441705e-05   1.6169181e-05   3.4522182e-06   4.5815127e-06   7.8905859e-06   7.3605802e-06   1.7730606e-06   1.9869763e-06   1.0672511e-06   2.8024908e-06   1.4961970e-06  -1.0362139e-06   1.1636047e-06   2.0685484e-06   2.0835078e-07   1.6401063e-07   4.4249617e-07   1.0993881e-06  -8.2608103e-08   1.0123944e-06
  -0.0000000e+00  -1.4629765e-04   2.6583519e-05   2.1920814e-05   1.4359447e-05  -1.3539831e-06   7.6998786e-06   1.0967417e-05   8.0084874e-06   5.6304252e-06   1.0575104e-06   1.1037098e-06   5.1214539e-07   7.2771996e-07   1.6097405e-06   2.5531301e-06  -8.0277380e-07   2.3734974e-07  -1.3551350e-07   6.0554601e-07   2.6355625e-07   6.5978526e-07   9.0372492e-07
  -0.0000000e+00  -1.5303497e-04   2.9155426e-05   1.9516614e-05   1.4996433e-05  -5.0195126e-07   1.7778467e-06   9.6070389e-06   5.1721290e-06   3.0057063e-06   1.6788192e-06   1.2395515e-06   2.2505835e-06   1.2975278e-06   1.5583319e-06   6.8482325e-07   7.9528928e-07   6.4597685e-07  -4.0205015e-07   1.2006044e-06   6.3646695e-07   3.7014453e-07  -1.3650750e-06
  -0.0000000e+00  -1.4801823e-04   3.1446900e-05   2.2825561e-05   1.4187587e-05   4.4198623e-06   4.8213278e-06   1.1897915e-05   8.8792431e-06   3.2115704e-06   3.4886452e-06   1.1773650e-06  -1.0678132e-06   6.5073357e-07   5.4248017e-07   1.0505732e-06  -9.2790451e-08  -1.8392987e-07   1.5068854e-07  -1.7415703e-06   4.5843990e-07  -7.8301753e-07  -3.9475466e-07
  -0.0000000e+00  -1.5136585e-04   2.7526816e-05   2.0792468e-05   1.4802520e-05  -2.5337060e-06   5.2289233e-06   8.8124125e-06   5.4788702e-06   4.8024172e-06   3.0182691e-06   1.3032402e-06   3.1303380e-06  -2.4950248e-07   1.0162681e-06   1.5681840e-06   1.1566347e-06  -8.6569798e-07  -6.9081392e-07   1.1554638e-06   1.5364690e-06  -1.1916836e-06  -9.5884695e-07
  -0.0000000e+00  -1.4615474e-04   2.9115985e-05   1.7804865e-05   1.6774073e-05   1.0475450e-06   3.1801571e-06   1.0917590e-05   8.5102884e-06   1.2208635e-06   3.4003358e-06   1.6055825e-06  -1.1987564e-06   1.5468747e-07   7.5211398e-07  -3.6415605e-07   3.0293984e-07   6.6947047e-07   1.3110739e-06   1.2799862e-06   2.4554856e-07   9.9968497e-07   5.5419173e-07
  -0.0000000e+00  -1.5033937e-04   2.8847298e-05   2.0364661e-05   1.6263310e-05  -7.6526521e-07   5.0672829e-06   1.2973433e-05   6.3498228e-06   6.2294248e-06   3.5959733e-06   1.6721380e-06   1.1172840e-06   2.1928215e-06   8.3424038e-07  -1.0088606e-07  -5.7927814e-08   5.8547926e-07   2.0798220e-06   3.1679187e-07   6.0220594e-07   1.4350426e-06   1.2764121e-06
  -0.0000000e+00  -1.5012213e-04   3.1933523e-05   2.0462268e-05   1.4575991e-05   2.7910996e-06   2.4546869e-06   8.1165563e-06   5.8211713e-06   3.3972858e-06   2.3437742e-06   8.2813608e-07   2.3437906e-06   1.8412370e-06   1.5402537e-06   1.1416081e-06   8.5206771e-08   2.1305871e-07  -1.4242935e-06   1.1742250e-06  -1.2324051e-06   2.0914108e-07  -1.0476725e-06
  -0.0000000e+00  -1.5208175e-04   2.5566105e-05   2.4126222e-05   1.4271084e-05   2.8444670e-06   7.8416706e-06   1.0856509e-05   8.6457603e-06   4.8368242e-06   1.0809835e-06   1.3054771e-06   1.9534411e-06   1.9090567e-06   7.9707291e-07   1.2541196e-06  -1.6461122e-07   5.2834332e-07   1.8675121e-06  -5.3530471e-08   8.4840644e-07   2.6065396e-07   3.9569653e-07
  -0.0000000e+00  -1.4444192e-04   2.9723571e-05   1.8840123e-05   1.6290511e-05   3.7415870e-07   4.0910827e-06   6.9920220e-06   5.8912606e-06   1.2407683e-06   3.7383609e-06   1.9463082e-06  -1.9891263e-07   5.7941151e-07   8.3020723e-07  -3.8724533e-08   4.3001938e-07   5.4114327e-07  -1.5290947e-06  -7.1388200e-07  -1.6693936e-06   7.0979985e-07   7.0816498e-07
  -0.0000000e+00  -1.5223221e-04   3.2087788e-05   2.0578251e-05   1.7667531e-05  -1.4912622e-06   5.1170000e-06   1.3745751e-05   1.0344601e-05   3.5450582e-06   3.7273396e-06   1.9415197e-06  -5.8933159e-07   9.5625626e-07   9.9187798e-07   2.9183882e-06   1.5842476e-06  -7.6300904e-07  -4.1965356e-07   6.3585537e-07   2.7660087e-06  -1.1674460e-06  -8.2375841e-08
  -0.0000000e+00  -1.4865043e-04   2.6927595e-05   2.2217770e-05   1.5182019e-05   2.9119615e-06   5.8774003e-06   9.1882166e-06   3.0629326e-06   3.7231000e-06   1.6782716e-06   3.4547907e-06   1.0765316e-06   4.2168537e-07   1.5350730e-06  -2.2508696e-07  -8.6292073e-07   9.8385578e-07   1.4018322e-06   1.4533260e-06  -1.1323850e-06  -2.0667788e-07   1.3326965e-06
  -0.0000000e+00  -1.4764674e-04   2.8376884e-05   2.1478971e-05   1.7362794e-05   6.3179272e-07   4.7880294e-06   1.2114545e-05   5.1326269e-06   5.0965950e-06   3.1886184e-06   4.7826035e-07  -5.4943530e-07   8.4797921e-07   2.2955651e-06   8.1164423e-08  -1.6797665e-07  -8.7797474e-07   1.8389046e-06   4.0394758e-07   2.1647635e-07  -1.0960931e-06   2.1393943e-07
  -0.0000000e+00  -1.4730277e-04   2.7821136e-05   2.3638175e-05   1.5812435e-05  -1.2379139e-06   7.6680008e-06   1.0556690e-05   6.4670821e-06   6.1385902e-07   2.1759004e-06   1.3122485e-06   1.9905006e-06   3.2432649e-07   1.9343670e-06  -5.2484171e-07  -9.3498052e-08   1.1036934e-06  -4.3185040e-07   1.3117989e-06  -5.4669579e-07   6.9233289e-07   6.3776639e-07
  -0.0000000e+00  -1.5226990e-04   3.4780674e-05   1.7467708e-05   1.8112585e-05   7.6430530e-07   3.9995007e-06   6.8826371e-06   9.2072496e-06   4.2881825e-06   3.9491392e-06   2.0154328e-06  -1.9193933e-06   1.6871612e-06   4.3949927e-07   3.8710132e-07   2.5929990e-07   1.5862781e-07   3.2112692e-07   5.2289556e-07   7.6593801e-07   1.6525367e-07  -9.1977915e-07
  -0.0000000e+00  -1.4966789e-04   2.6924516e-05   2.4309960e-05   1.5150546e-05   1.3524975e-06   6.6977182e-06   9.8983191e-06   7.2224061e-06   2.6307475e-06   9.9622605e-07  -1.1487768e-06   2.1014848e-06   1.5076894e-06   1.9297415e-06  -3.4175761e-07  -1.1127770e-06  -9.2828418e-07  -3.3042770e-07  -2.4373728e-07   4.2811882e-07   2.8073720e-07   1.8161777e-06
  -0.0000000e+00  -1.4554104e-04   2.6250447e-05   2.1279699e-05   1.4795150e-05   4.7306690e-07   5.6873764e-06   1.2289425e-05   7.9067049e-06   3.3747178e-06   2.1209785e-06   3.3633530e-06   1.4801186e-06   2.4101925e-07   2.1463347e-06   1.5341135e-06   1.9471586e-06   9.9151839e-07  -1.3027876e-06  -4.6337180e-07   9.5797293e-07   6.1945923e-07   1.0537043e-07
  -0.0000000e+00  -1.5276388e-04   3.2305154e-05   2.0392727e-05   1.5665924e-05   1.2487046e-06   4.9493901e-06   7.7686909e-06   5.0440331e-06   4.0670648e-06   2.4403937e-06   1.5001933e-06   6.0676274e-07   3.5452283e-07   1.1899617e-06  -2.2247291e-07  -9.3713345e-07   1.0893965e-06  -3.0250769e-07  -3.7921711e-07   2.4548547e-07   8.5326326e-07   8.3118363e-07
  -0.0000000e+00  -1.4853216e-04   3.1499632e-05   2.0152829e-05   1.5601976e-05  -1.4826585e-06   7.0477504e-06   1.1505544e-05   8.4773073e-06   2.3140428e-06   2.8810091e-06  -5.9813686e-08   1.3223363e-06   1.7696794e-06   1.8406645e-07   1.2599496e-06  -2.1712299e-07  -1.8015534e-07   5.4047490e-07   1.1296710e-06   2.4385906e-06   7.0297290e-07  -2.5699515e-07
  -0.0000000e+00  -1.4380935e-04   2.7392749e-05   1.9964809e-05   1.3841524e-05   1.8116378e-06   4.3148725e-06   8.2555589e-06   7.3263923e-06   3.7699908e-06   3.5586947e-06  -1.8013868e-07   3.3143056e-07   1.5112549e-06   1.5300312e-06   2.2062292e-07   7.4378590e-07   8.2341359e-07   3.9164266e-07   7.6653629e-07   2.1368704e-07  -7.7634132e-07  -6.8973982e-08
  -0.0000000e+00  -1.5296717e-04   2.6194002e-05   2.4079318e-05   1.6619166e-05   6.8261977e-07   5.5164510e-06   9.0983713e-06   6.5293516e-06   4.2072406e-06   3.1669283e-06   3.3551710e-06   1.2868660e-06   1.8487439e-06   2.2667728e-06   1.9808588e-06  -3.3622902e-07  -4.9931600e-07  -3.8104997e-07   1.5621342e-06  -6.4841743e-07   1.2551725e-06   7.6206800e-07
  -0.0000000e+00  -1.4893150e-04   3.1846848e-05   1.9184183e-05   1.5185270e-05   3.3399924e-06   4.0874138e-06   9.3816061e-06   8.0242589e-06   2.6659957e-06   1.3851261e-06   2.3432931e-06   2.9856332e-07   1.3592560e-06   1.8696908e-06  -4.9833631e-07   9.3399660e-07   1.4969631e-06   7.8580649e-07   2.3234449e-07  -1.6288223e-07  -2.8996257e-07  -1.5319255e-06
  -0.0000000e+00  -1.5049586e-04   3.0424002e-05   2.0571255e-05   1.6974300e-05  -2.3983810e-06   6.2457748e-06   1.1120685e-05   6.0971001e-06   5.1464922e-06   1.8884502e-06   1.0320607e-06   2.1925305e-07  -6.6913543e-07   9.3136470e-07  -4.3499814e-08   1.4665940e-06  -1.4632221e-07   5.1416782e-07   8.7670793e-07  -6.9695443e-07   1.5069040e-06  -4.5070934e-07
  -0.0000000e+00  -1.4515927e-04   2.6579419e-05   2.2690292e-05   1.5326146e-05   1.6381669e-06   3.5014316e-06   8.7883818e-06   8.5972060e-06   1.3665235e-06   3.2462467e-06   5.2138422e-08  -9.9248638e-08   3.0254334e-06  -7.5414768e-08  -4.4415845e-08  -7.0425023e-07  -6.3405565e-07   1.4261099e-06   7.6488277e-07   1.0299988e-06  -1.4212609e-06   1.0996301e-06
  -0.0000000e+00  -1.5241544e-04   2.6155456e-05   2.3006234e-05   1.6990776e-05  -7.6343292e-07   6.0318157e-06   9.9081471e-06   7.0765800e-06   5.3118624e-06   4.0821374e-06   5.9826516e-07   1.4681319e-06   2.1220991e-07   1.2877060e-06   2.5071672e-06   3.7927609e-08  -3.7621996e-07   9.2510908e-07  -6.5973887e-07   9.8343571e-07   8.0769132e-07   4.6505389e-07
  -0.0000000e+00  -1.4952036e-04   3.5637779e-05   1.6834863e-05   1.4439985e-05   1.7955583e-06   4.6637360e-06   8.9141331e-06   5.2070695e-06   3.3945055e-06   1.6288516e-06   2.9969003e-06   1.0904632e-07  -9.1684575e-07   8.9111899e-07   1.2211616e-07   7.1487131e-07   4.2098782e-07  -5.8066183e-07  -8.3026339e-07  -5.9607555e-07  -1.2855822e-06   1.7752279e-06
  -0.0000000e+00  -1.4667137e-04   2.6439337e-05   2.1266829e-05   1.5561693e-05   5.7171616e-07   7.9221099e-06   1.1278873e-05   6.0527759e-06   5.0042199e-06   2.1891515e-06  -4.1378794e-07  -8.4299313e-07   1.9160392e-07   4.6646295e-07   2.7357078e-06   2.1148969e-07  -3.7544964e-07   7.3867488e-07  -1.9135068e-07   8.8406284e-07   9.8239934e-07  -1.2045889e-06
  -0.0000000e+00  -1.5034548e-04   2.7395039e-05   2.1971337e-05   1.4578457e-05  -6.9650690e-07   5.1411844e-06   7.5593052e-06   7.9458068e-06   2.4500357e-06   2.1832020e-06   3.3012259e-06   9.8836935e-08   3.2837011e-06   8.8946672e-07   8.2596887e-07   8.9423042e-07   8.1733771e-07  -8.9637655e-07   5.9042304e-07  -5.5052169e-07  -2.4960167e-07   1.5610880e-06
  -0.0000000e+00  -1.4771197e-04   2.8799834e-05   2.2083523e-05   1.5463471e-05   3.1669545e-06   5.4990037e-06   1.1432476e-05   8.2753240e-06   3.8299941e-06   3.2741043e-06   9.8053340e-07   8.3977120e-08   2.8300472e-06   1.4405454e-06   4.6424077e-07   5.2542896e-07  -6.6555180e-07   2.1686246e-06   4.1595314e-07   4.4083791e-07   9.4398200e-07   5.5682472e-07
  -0.0000000e+00  -1.4965597e-04   2.9539595e-05   1.7541539e-05   1.5467964e-05   1.8810470e-06   4.8530501e-06   8.0655172e-06   6.4337196e-06   1.2104949e-06   2.3775372e-06   3.6326089e-06   5.3575042e-07   8.9203655e-07   7.4787852e-07   1.8113418e-06   1.0834658e-06   4.4912173e-07   1.5578594e-06   8.2829723e-07  -1.3889793e-06   1.0910569e-06  -3.0721839e-07
  -0.0000000e+00  -1.5175520e-04   2.8279184e-05   2.1783297e-05   1.7342518e-05  -2.6476394e-07   3.8048183e-06   1.3195772e-05   6.3062307e-06   5.2629216e-06   2.4928800e-06   1.7473978e-06   1.9082183e-06  -2.9590743e-07   1.3382415e-06   7.9331403e-07   1.0548774e-06  -1.3308812e-06  -1.5921239e-06   3.2427667e-07   6.4890418e-07   9.5634043e-08   1.2216849e-06
  -0.0000000e+00  -1.4745297e-04   2.8675408e-05   2.4348354e-05   1.4631261e-05   8.6205301e-07   8.7391973e-06   8.6181226e-06   6.1650298e-06   3.1208324e-06   1.5351062e-06   1.6480470e-06  -6.8378523e-07   1.6586589e-06   1.1751823e-06   7.2439474e-07  -5.5584280e-07   9.8246539e-07   1.3884064e-06   2.5834598e-07  -1.1022297e-06  -6.2161331e-07   3.8877039e-07
  -0.0000000e+00  -1.4785065e-04   2.9334058e-05   1.9633582e-05   1.5378897e-05   2.4358117e-06   2.1589594e-06   9.0583435e-06   9.2293094e-06   2.9998562e-06   3.8024511e-06   2.8674349e-06  -1.1072937e-06  -1.0207630e-06   7.1663260e-07  -2.0193950e-07   5.2549359e-07   7.9824798e-07   5.2459689e-07  -5.8092996e-07   1.5044048e-06   1.2765958e-06  -7.3240159e-07
  -0.0000000e+00  -1.5281053e-04   3.0302297e-05   2.0777459e-05   1.7806466e-05   7.1350280e-07   4.4462026e-06   1.2463473e-05   8.2349561e-06   1.8303690e-06   1.0824510e-06   2.9676291e-06   1.0117141e-06   8.0418596e-07   1.0929493e-06   1.8743409e-06   8.2601372e-07   7.8760974e-07   1.1184615e-06  -2.2639189e-07  -2.9847180e-07   9.1836199e-07  -7.7533423e-07
  -0.0000000e+00  -1.4577249e-04   2.7253649e-05   2.3053020e-05   1.4545828e-05  -3.9077833e-07   6.2337335e-06   7.9697193e-06   7.2424236e-06   3.5309799e-06   2.3991292e-06   1.7859561e-06   9.5621851e-07   8.1186226e-07   9.8510486e-07   6.7195600e-07  -4.6347625e-07   1.0800637e-06  -4.1835964e-08   1.4441455e-06   8.2036809e-07   8.9277722e-07   1.2087041e-06
  -0.0000000e+00  -1.5085127e-04   2.9017370e-05   2.2012880e-05   1.6131198e-05  -6.8589691e-07   5.9190420e-06   1.0577999e-05   5.9065251e-06   4.7325757e-06   9.8971475e-07   1.5905938e-06   1.1772584e-06   7.8476381e-07   6.1431024e-07  -3.3155994e-09   5.8948353e-07   4.9004234e-07   1.9364767e-07  -1.9645393e-07   1.3091466e-07   1.8888929e-07   1.4350175e-06
  -0.0000000e+00  -1.5183476e-04   3.0216790e-05   2.2586784e-05   1.4757205e-05   5.0146868e-06   2.1265359e-06   9.3348617e-06   8.7619646e-06   3.2511568e-06   2.7131596e-06   2.6341893e-06  -2.1693138e-08   8.8580265e-07   1.8405457e-06  -6.2796079e-07   1.3977285e-06   6.5219183e-07  -8.0586352e-07  -1.7622053e-08  -5.7686185e-07  -7.2576290e-07   4.3383650e-07
  -0.0000000e+00  -1.4825995e-04   2.6078857e-05   2.0575451e-05   1.9118208e-05  -2.6562645e-06   3.5574521e-06   9.5736505e-06   7.7558179e-06   2.3354316e-06   3.3632912e-06   8.8526184e-07  -1.1432904e-06   1.1998836e-07   2.2338022e-06  -1.5508792e-07   2.5937541e-06  -1.4667063e-07   4.3332597e-07   3.8170416e-08   1.7876954e-06  -9.8264775e-07   9.4980976e-07
  -0.0000000e+00  -1.4696472e-04   2.9547105e-05   2.1091550e-05   1.4360508e-05   1.4448649e-06   7.2777530e-06   1.0898690e-05   4.5052525e-06   4.0694026e-06   3.6842243e-06  -4.5809651e-07   2.8099053e-06   9.6903341e-07   2.3160535e-06   1.6324513e-07   3.6740175e-07   1.6233796e-06   1.0198982e-07   1.2548937e-06   1.1660485e-06   1.4374141e-06  -1.3428223e-07
  -0.0000000e+00  -1.4824398e-04   2.8150202e-05   2.2541833e-05   1.2415362e-05   6.7890937e-07   4.8573866e-06   8.0107775e-06   7.6433043e-06   2.1992034e-06   2.5989277e-06   1.1255013e-06   2.0443515e-06   2.1344358e-06   2.0489567e-06   2.0595110e-06  -2.9114656e-07   5.8464303e-07   2.1309819e-07  -1.8035331e-06   1.7264799e-06   1.5474641e-06  -1.1544540e-06
  -0.0000000e+00  -1.5101298e-04   2.8754357e-05   1.8215438e-05   1.7967704e-05   3.6245339e-07   4.2112356e-06   1.1730843e-05   7.5491712e-06   2.9224086e-06   1.0055577e-06   2.7821352e-06   4.9235467e-07   1.3432664e-06   5.5872226e-07  -3.0871007e-07  -6.3051061e-07   1.0702888e-06   2.9904402e-07  -6.8744436e-07  -1.0737580e-06  -4.7755037e-07  -7.9592974e-07
  -0.0000000e+00  -1.4889763e-04   3.1751755e-05   2.1323092e-05   1.5984382e-05   1.2238087e-06   6.9360740e-06   8.7508688e-06   5.8168230e-06   3.0164401e-06   3.8593380e-06   4.4419741e-07  -1.7385159e-07   7.9655359e-07  -1.0276978e-07  -7.2820251e-07   6.3147297e-07   1.1806712e-06  -5.4166122e-07  -4.5776190e-07   4.4400090e-07   2.1195499e-06  -8.2258401e-07
  -0.0000000e+00  -1.4593040e-04   2.9012248e-05   2.1329850e-05   1.5734602e-05  -6.9016698e-07   4.9720102e-06   8.3661207e-06   6.1114961e-06   6.7918945e-06   2.5184358e-06  -6.4767676e-07   2.8988515e-08   1.8753495e-06   1.2821669e-06   2.3093387e-06  -1.6941569e-07  -4.8883322e-07   1.3695989e-06   1.5877839e-07   3.7594535e-08   9.0062656e-07   1.0230956e-06
  -0.0000000e+00  -1.4894974e-04   2.9683604e-05   1.9285631e-05   1.8295383e-05   2.6631883e-06   4.3805435e-06   1.1228473e-05   7.2859675e-06   3.5328740e-06   3.9441461e-06   6.8939477e-07   1.5063973e-06  -2.8526378e-07   6.8801523e-07   4.3413741e-07  -2.1201688e-06   1.2736365e-07  -9.1922874e-07  -6.6730152e-08  -5.9057874e-07  -2.6428685e-07   2.0963330e-07
  -0.0000000e+00  -1.5197604e-04   2.8757788e-05   2.2167515e-05   1.4187263e-05   1.3355237e-06   4.7861768e-06   8.1320559e-06   9.9134722e-06   2.1514263e-06   1.5772297e-06   3.8886024e-06   5.0291140e-07   4.8441160e-07   1.3871017e-06   1.5920111e-06  -2.8674759e-07   1.7360215e-06   6.5185441e-07   7.0808375e-07   1.6570289e-06  -7.8017035e-07   2.4343350e-07
  -0.0000000e+00  -1.4673677e-04   3.2748758e-05   2.0428608e-05   1.6244725e-05  -1.4603852e-06   7.3884567e-06   8.3937284e-06   6.0686266e-06   6.5718345e-06   3.2637920e-06   1.3533121e-06   1.4536084e-06   2.1970859e-06   1.9511128e-06  -2.2176849e-07   1.8459976e-06  -9.7357133e-07  -5.1625625e-07  -3.0212658e-07  -7.4277494e-07   6.9918099e-07   1.5980629e-06
  -0.0000000e+00  -1.5209311e-04   2.7912609e-05   2.0523501e-05   1.6333641e-05   9.3146701e-07   3.3448036e-06   1.0874515e-05   7.9992724e-06   3.1814166e-06   2.2047914e-06   2.1664268e-06   2.4809083e-06   6.5231660e-07  -1.2171278e-06   2.3537127e-07   1.5789745e-06  -5.3358764e-07   1.5496913e-06   9.7293956e-08   7.8521452e-07  -5.8931253e-08  -8.6605183e-07
  -0.0000000e+00  -1.4565595e-04   2.6108861e-05   2.1118696e-05   1.6020949e-05   9.8849932e-07   5.0414765e-06   9.2691089e-06   7.3156930e-06   3.1383463e-06   1.7185633e-06   1.2452931e-06   8.6663681e-07   6.9311398e-07   9.6134215e-07   9.4451002e-07   1.1138239e-06   2.7944543e-07   2.3928345e-07   1.0968150e-06   1.0413214e-07   5.5670102e-07  -3.6246672e-07
  -0.0000000e+00  -1.5158040e-04   3.2911867e-05   2.1348598e-05   1.5145728e-05   9.7441284e-07   2.7562057e-06   1.1709608e-05   7.2532730e-06   5.0350927e-06   3.2151477e-06   2.2438358e-06   5.3176200e-07   5.3946900e-07   1.4984429e-06   1.0961128e-06  -6.3845675e-07   4.4800461e-07   2.0429805e-08   4.7622157e-07   1.3940794e-06  -2.6334010e-07   9.3950860e-07
  -0.0000000e+00  -1.4959386e-04   2.7623351e-05   2.2664970e-05   1.4704353e-05   4.4403862e-07   7.0084648e-06   9.5265514e-06   7.8039884e-06   3.3113470e-06   2.0748318e-07   1.5747714e-06   2.0450245e-06  -1.4443144e-06   1.4104201e-06   7.5455267e-07   1.0714065e-07  -1.3568247e-06  -1.3023869e-06  -1.9554460e-07  -9.4261156e-07   1.2776833e-06   1.0026140e-06
  -0.0000000e+00  -1.4695711e-04   2.5212150e-05   2.1594800e-05   1.8033021e-05  -1.6136707e-06   3.8062369e-06   1.1791882e-05   4.9773325e-06   1.9218783e-06   3.1798995e-06  -7.7100606e-07   3.5397778e-07   8.0676301e-07   1.8435175e-06   1.4740114e-06   1.5221034e-06   4.7662851e-07   5.1097686e-07   5.9752909e-07  -1.2117525e-06   4.9578063e-07   1.9363977e-06
  -0.0000000e+00  -1.5214969e-04   3.4473287e-05   2.0021896e-05   1.2971935e-05   3.9104666e-06   5.4485777e-06   9.6528192e-06   7.6540273e-06   3.7373118e-06   1.5300576e-06   3.1457621e-06   7.1231744e-07   1.2786593e-07   1.2089457e-06   1.5609850e-06   1.6100967e-06   1.4472294e-06  -8.5034134e-07   1.6039099e-06   9.0034895e-08  -1.1765939e-06   3.9458968e-07
  -0.0000000e+00  -1.4821725e-04   2.6613197e-05   2.1128819e-05   1.6572812e-05   1.1650692e-06   5.0284525e-06   1.1212876e-05   6.3183920e-06   3.6480531e-06   2.1598257e-06   1.6299173e-06   4.1189102e-07   1.6465297e-06  -1.2412755e-06   8.4095024e-07   6.3157103e-07  -1.7545081e-07   1.7529931e-06   2.0921327e-07   9.4341340e-07  -9.4959250e-07   4.6924526e-07
  -0.0000000e+00  -1.5040436e-04   2.7386961e-05   2.0694115e-05   1.5485972e-05  -1.5377589e-07   3.9305742e-06   7.4024524e-06   8.7607305e-06   4.2313991e-06   1.8689508e-06   4.7877009e-08   2.9809084e-06   2.1361586e-06   5.2115689e-07   2.2822294e-07   1.5566344e-07   1.3356943e-06   6.8503340e-07   1.2753620e-08   9.6472763e-07  -5.6881589e-07   1.0258012e-06
  -0.0000000e+00  -1.4819772e-04   2.8127804e-05   2.2427652e-05   1.5767038e-05  -2.5994777e-07   3.9670840e-06   1.2782086e-05   5.7354387e-06   4.0000355e-06   2.0323007e-06   1.9894236e-07   1.7398178e-06   1.3312253e-06   7.4277210e-07   2.0696984e-06   2.7675705e-06  -6.1829013e-07   7.9930629e-07   9.9328122e-07  -7.0785069e-07   1.2178608e-06  -7.6045632e-07
  -0.0000000e+00  -1.4500578e-04   3.4171546e-05   1.7992810e-05   1.2440313e-05   2.7691156e-06   5.8005076e-06   9.1895572e-06   9.1588472e-06   2.3837388e-06   1.0632330e-06   1.4350895e-06   7.0738145e-07   1.5061789e-06   3.5574269e-07   1.4988493e-07  -4.4205862e-08   2.4348282e-07  -3.0883746e-07   1.6136183e-06   8.9019181e-07  -5.0990565e-07  -2.6352362e-07
  -0.0000000e+00  -1.5709520e-04   2.9136469e-05   2.3018341e-05   1.6413092e-05  -1.1504228e-06   4.3838072e-06   1.1946154e-05   6.2682361e-06   6.1504388e-06   3.0420492e-06   1.4026763e-07  -4.6305991e-07   1.7639425e-07   1.5660956e-06  -2.9181342e-07   1.9152333e-07   9.0684904e-07  -1.0142762e-07   2.7697993e-07  -5.3279433e-07   1.9673905e-06  -5.1552058e-07
  -0.0000000e+00  -1.4198372e-04   2.5168036e-05   2.2964250e-05   1.6472606e-05   1.0384570e-06   6.2768513e-06   7.6954702e-06   9.0188041e-06   4.4372050e-06  -5.0719667e-08   2.0991997e-06   5.5426727e-07   1.1313880e-06   2.9292705e-06   9.1969810e-07  -2.3294170e-07  -5.7892112e-07   1.0904778e-06   5.7464723e-07  -4.1265386e-07  -9.2980599e-07  -2.7250039e-07
  -0.0000000e+00  -1.5164510e-04   3.2622986e-05   2.1661474e-05   1.3179466e-05  -1.4780728e-06   5.2671162e-06   9.4646266e-06   6.8895133e-06   3.9618521e-06   2.9938508e-06  -1.6585805e-06   4.7313100e-07   2.1310041e-06   1.4640013e-06   1.2025749e-06   1.5894459e-06  -1.2718706e-07  -5.9999815e-07   1.1852192e-06  -9.5122283e-07  -3.8882524e-07   9.6045972e-07
  -0.0000000e+00  -1.5053204e-04   3.0398383e-05   1.8609719e-05   1.5520571e-05   6.2316631e-06   2.2186016e-06   1.1602878e-05   6.7035862e-06   2.0453538e-06   4.2167949e-06   2.2523386e-06  -8.2565265e-07   3.8378375e-06   3.6037784e-07   1.1380293e-06   4.4138358e-07  -1.1330940e-06   2.3661207e-06  -4.2412589e-07   1.5077853e-06  -6.4522271e-07   3.9155910e-07
  -0.0000000e+00  -1.4832799e-04   2.4568651e-05   2.4204066e-05   1.6906441e-05  -3.8379818e-07   7.8011399e-06   1.1204695e-05   8.5757492e-06   5.3280660e-06  -1.5074318e-07   1.7934289e-06   1.9556533e-06  -2.0530543e-07   2.2051127e-06   1.4145523e-06   1.3764322e-06   7.1699117e-07   4.0704393e-07   1.5726863e-07   8.0696282e-07   8.5294130e-07   1.2577232e-06
  -0.0000000e+00  -1.4998557e-04   3.3087046e-05   2.0265330e-05   1.4720517e-05  -3.2459144e-07   5.1405254e-06   9.6867898e-06   5.9471267e-06   2.3776811e-06   1.4275288e-06   2.3526604e-06  -2.5802316e-09   2.0414602e-06   7.6912454e-07   1.3100064e-06  -1.2072484e-06  -1.0690563e-06  -6.0425162e-07   1.4302088e-06  -1.4020449e-07   5.3641031e-07   2.5915671e-07
  -0.0000000e+00  -1.4820405e-04   2.6231741e-05   2.1554208e-05   1.8248615e-05   3.9155598e-06   6.4414871e-06   9.3489070e-06   5.9198096e-06   5.0259482e-06   3.0782344e-06  -8.7657816e-07   2.2341574e-06   1.2725583e-06   3.4511518e-06   1.0513936e-06   3.3684353e-07   1.0838759e-06  -1.1170065e-06  -2.7015986e-07   5.0290403e-08  -1.9957355e-08  -1.4329914e-06
  -0.0000000e+00  -1.5240203e-04   2.8587154e-05   2.2869313e-05   1.1929829e-05   1.6643412e-06   4.6200057e-06   1.0696021e-05   5.4949728e-06   1.4916749e-06   3.4105874e-06   1.3343713e-06   1.0559820e-06  -1.2164986e-07   7.3866357e-07   6.0254149e-07  -1.6166739e-08   3.2627540e-07   1.3334436e-06   6.5682195e-07   6.2392718e-07   4.5176580e-07   1.0225802e-06
  -0.0000000e+00  -1.4527843e-04   3.1189524e-05   1.8783689e-05   1.5273779e-05   1.7442619e-06   2.1946350e-06   9.7940601e-06   8.5974161e-06   1.7405649e-06   2.0514533e-06   1.8198099e-06  -7.7827985e-07  -2.5250446e-07   6.1769623e-07  -4.7443538e-07  -1.9707467e-07  -9.7022394e-07   3.2933215e-07  -1.5940384e-06   3.8296008e-07  -8.1048108e-07  -1.2040987e-06
  -0.0000000e+00  -1.4674262e-04   2.4262723e-05   2.2650753e-05   1.7041797e-05  -4.5093248e-07   9.0308249e-06   8.7916706e-06   7.2072921e-06   7.7739032e-06   7.4014721e-08   1.5381677e-06   2.5402833e-06   1.9917734e-06   2.2341487e-07   2.3953426e-06   1.2203234e-06  -1.0794079e-07   5.2049990e-07   1.3339036e-06   1.3879265e-06   1.1003849e-06  -7.3564746e-07
  -0.0000000e+00  -1.5511825e-04   3.5730052e-05   1.8046139e-05   1.4277211e-05   2.9333160e-07   2.8764009e-06   1.0499562e-05   8.5492184e-06   1.0939134e-06   3.3188533e-06   1.2336660e-06   1.3199976e-06   8.7509591e-07   7.1141250e-07   1.0444011e-06   5.8078109e-07  -2.5133866e-07   3.6655041e-07   9.2152385e-07   1.5810665e-06   2.8286621e-07  -5.4907565e-07
  -0.0000000e+00  -1.4755774e-04   2.6172904e-05   2.4805775e-05   1.5562806e-05  -2.6482760e-06   6.2664294e-06   1.2100973e-05   7.0292708e-06   4.0311843e-06   1.3279812e-06   2.0641612e-06  -1.0586488e-06   4.4993797e-07   1.2724228e-06  -5.3299840e-07   5.0913037e-08  -1.7208890e-08   2.8623919e-07  -1.4635792e-07  -1.4472887e-06   1.2694402e-06   1.9550894e-06
  -0.0000000e+00  -1.4593839e-04   2.8812099e-05   2.0606045e-05   1.6524253e-05   2.0236369e-06   5.1427292e-06   6.0835464e-06   8.7554354e-06   3.9088241e-06   2.7224817e-06   1.8971559e-06   7.0119256e-07  -2.4043575e-07   5.9573068e-07   1.7489144e-06   5.5016761e-07   1.4339859e-06   1.7067420e-06  -5.1572113e-07  -1.1030380e-06   8.8887651e-07  -6.2337716e-07
  -0.0000000e+00  -1.5128645e-04   3.0277617e-05   1.9651117e-05   1.5708296e-05  -1.1359936e-07   7.3835781e-06   8.2134293e-06   6.5959971e-06   6.6439238e-06   1.6959649e-06   8.5991735e-07   1.8777152e-06   7.9918254e-07   2.1358665e-06   1.3233255e-06  -1.5519051e-07   1.2115368e-06   5.5735450e-07   1.2392052e-06   2.7612410e-08   6.7418782e-08   2.7602616e-07
  -0.0000000e+00  -1.5156085e-04   2.9367520e-05   2.1780641e-05   1.5148740e-05  -4.1681005e-06   5.5639830e-06   1.1359537e-05   8.1498201e-06   2.2604381e-06   1.8249115e-07   1.5829555e-06   1.9002928e-06   1.6515697e-06   1.2877990e-06   9.9114379e-07  -2.9410447e-07  -6.0514157e-07   1.6965700e-07   5.8970983e-07   9.6884969e-07  -8.1648103e-08  -1.2327570e-07
  -0.0000000e+00  -1.4567141e-04   2.8427783e-05   1.9970612e-05   1.7243856e-05   5.7602401e-06   3.2891168e-07   9.5196665e-06   7.4904988e-06   1.6083128e-06   5.6612898e-06   3.4935385e-06   3.2735514e-07   5.6065363e-07   1.4920874e-06   7.7415130e-08  -1.8488839e-07  -3.4954394e-07   7.6404280e-07  -3.8359852e-07   6.7397600e-08   1.0298380e-06   7.0432441e-07
  -0.0000000e+00  -1.4898022e-04   2.8686032e-05   2.1119760e-05   1.5674364e-05  -1.6503370e-06   9.3599501e-06   7.5967018e-06   6.5177783e-06   5.2229730e-06   4.2601661e-07   1.6160590e-06   1.5513517e-06   2.0230309e-06   9.8251792e-07   1.5967379e-07   9.7002749e-07  -5.1107116e-07   8.5649327e-07   6.4603421e-07   6.6197913e-07  -9.0382196e-07   9.1842833e-07
  -0.0000000e+00  -1.4509053e-04   2.8101935e-05   2.6081760e-05   1.3398912e-05   1.0693207e-06   2.6547818e-06   9.0869080e-06   8.4188259e-06   3.5426949e-06   3.1290142e-06   2.3169180e-06   3.6839799e-07   9.5416351e-07   2.3248269e-06   3.0568399e-06  -8.0521112e-08  -1.2434629e-06   6.9743777e-07   1.5375949e-06  -1.0064911e-06   4.5051496e-07   1.0590684e-07
  -0.0000000e+00  -1.5490681e-04   3.4442917e-05   1.9758801e-05   2.0639824e-05  -1.7709998e-06   6.8424351e-06   8.4128487e-06   7.1520922e-06   2.2379222e-06   2.8466882e-06  -9.7383963e-07   1.2904327e-06   1.8977148e-06   1.2664146e-06  -9.7020427e-07   2.1295338e-07   7.3600023e-07  -8.7097220e-07  -1.4922649e-06   4.3672256e-07  -3.9664795e-07   2.4984493e-07
  -0.0000000e+00  -1.4199664e-04   2.4317080e-05   1.9311183e-05   1.3022660e-05   2.9282146e-06   4.1661124e-06   1.0732234e-05   7.0334745e-06   3.9985089e-06  -6.8978039e-07   1.8294199e-06  -5.2604555e-08   1.5560768e-06   1.0928444e-06   3.4996569e-07   1.6608149e-06   1.7575713e-06  -4.5686011e-07   1.8761706e-06  -1.3790084e-08   3.3996818e-07   1.0182603e-06
  -0.0000000e+00  -1.5479462e-04   3.2355896e-05   2.4220957e-05   1.3492019e-05   1.0780941e-06   4.6439309e-06   9.8105384e-06   5.5935534e-06   4.0542154e-06   4.4544167e-06   1.6399279e-06   1.6245100e-06   1.9067900e-06  -6.2636531e-07   2.2824761e-06   5.8315561e-07  -1.9559745e-06   2.4015601e-06   2.2503640e-07   5.3954039e-07  -3.3666225e-07   5.0204210e-07
  -0.0000000e+00  -1.4743225e-04   2.9387409e-05   2.2462649e-05   1.5924228e-05  -1.5556864e-06   7.1312083e-06   1.0622642e-05   6.4303358e-06   4.7246117e-06   1.5103185e-06   3.5178248e-06   1.0706002e-06   1.4767830e-06   6.6162346e-07   8.5368009e-07  -8.1761101e-07   2.2999275e-07  -4.6100986e-08   3.6564245e-08   4.7495431e-07   1.1133515e-06   7.1168375e-07
  -0.0000000e+00  -1.4811894e-04   2.9192244e-05   1.4640874e-05   1.9548741e-05   1.6513532e-06   1.8146992e-06   8.0923519e-06   9.2249347e-06   3.0242684e-06   2.3534499e-06   2.6283703e-06   2.0554689e-06   2.1124724e-06  -1.4325283e-06  -4.5531436e-08  -1.6397604e-07   7.1257574e-07   1.5543866e-06  -1.8175460e-07   1.1853450e-06   1.0875233e-06  -4.9019275e-07
  -0.0000000e+00  -1.4823730e-04   2.8770090e-05   2.5487354e-05   1.0577921e-05   1.6203309e-06   2.9162770e-06   1.1205161e-05   6.8341947e-06   2.8377951e-06   3.2897606e-06   3.5026977e-07   2.7172784e-06   1.7134981e-06  -3.1357587e-07   3.3403677e-07   1.7159591e-06   5.5651577e-07  -1.2038041e-07  -4.6215482e-07  -5.7974677e-07  -4.7855576e-07  -5.6201935e-07
  -0.0000000e+00  -1.5068914e-04   3.0513913e-05   1.9900142e-05   1.6641845e-05  -1.2701679e-06   1.0009964e-05   7.4893010e-06   7.6177089e-06   3.3105389e-06   3.4274149e-06   2.7545568e-06   2.4556826e-07  -1.3090893e-07   1.5575318e-06   1.6806423e-06   9.7740376e-08  -9.9399108e-07   3.3214053e-07   5.1497267e-07  -1.1343832e-06   5.5737394e-07  -3.8458074e-07
  -0.0000000e+00  -1.4754663e-04   2.6768126e-05   2.1989954e-05   1.3340131e-05   1.4728962e-06   6.3629892e-07   1.1712918e-05   4.3881164e-06   4.8419324e-06   3.0662900e-06   1.0491118e-06   1.7235507e-06   1.1146055e-06  -6.8572609e-07  -2.0888753e-07   5.5949450e-08   1.1988699e-06   7.7000192e-07  -2.9899036e-07   1.7600772e-06   1.3200752e-06   5.0534152e-07
  -0.0000000e+00  -1.4817771e-04   3.4345467e-05   1.5626778e-05   2.0604070e-05  -1.0937773e-06   6.6568850e-06   9.9092185e-06   8.4857402e-06   5.0686858e-06   2.1004082e-06   1.7700507e-06   1.0545242e-06  -1.3806970e-06   2.3732416e-06   4.8731215e-07   7.7834130e-08   1.3783787e-06  -1.1794591e-06  -2.9676997e-07  -5.6258568e-07   4.3130134e-07  -7.2185503e-07
  -0.0000000e+00  -1.4717886e-04   2.3713732e-05   2.7205559e-05   1.1945070e-05   2.0774685e-06   6.3512834e-07   1.0166743e-05   5.5390356e-06   3.2826042e-06   3.3107538e-06  -1.0126123e-06   2.5548434e-06   2.5418228e-06  -2.1460421e-07   6.3655699e-07  -8.4320430e-07  -5.0605740e-07   9.9398630e-07   1.0345946e-06   4.1253384e-07   9.1582638e-07   9.0216588e-08
  -0.0000000e+00  -1.5236884e-04   3.2323780e-05   1.9925687e-05   1.4228141e-05  -1.9101533e-06   8.3608311e-06   9.4206489e-06   8.5027714e-06   4.5688962e-06   1.5745779e-06   3.1932414e-06   6.2029841e-07  -7.3666666e-07   2.3828711e-06   6.3059230e-07   1.7458361e-06   3.5932499e-07   8.3468485e-08   7.1786667e-07  -3.5861774e-08  -1.3791717e-06   3.9765666e-07
  -0.0000000e+00  -1.4339236e-04   2.8993520e-05   2.0810197e-05   2.0756186e-05   1.7073971e-07   4.4952853e-06   9.9851432e-06   5.2074543e-06   4.6175637e-06   4.8648747e-07   4.3822132e-07   2.4279366e-06   1.6636728e-06   5.8806222e-07   5.0860854e-07  -1.0087774e-06   1.2815680e-06   1.8593306e-06  -1.5391909e-06   4.4985615e-07   5.0711543e-07  -4.9643455e-07
  -0.0000000e+00  -1.5295151e-04   3.3399425e-05   1.7668524e-05   1.4624206e-05   2.6666780e-06   3.3344652e-06   8.8221941e-06   1.0011468e-05   2.6630423e-06   3.2580458e-06   1.3675906e-06   1.0660507e-06  -4.1608033e-08   3.3685075e-07   7.8157143e-07   1.3982709e-06   9.4950434e-07  -7.4398997e-07   7.9958181e-07   6.5388036e-07   6.0259154e-08  -2.8816638e-08
  -0.0000000e+00  -1.4859172e-04   2.5323465e-05   2.3512363e-05   1.3563811e-05   2.1647720e-07   4.3921045e-06   1.2784115e-05   3.7745071e-06   3.7654102e-06   9.9181841e-07   5.2515361e-07   1.6143741e-06   4.2649455e-07   4.4450189e-07   1.2961854e-06  -4.8203145e-07   2.3395817e-06   6.5680535e-07   1.0634794e-06   4.6148367e-07  -3.8881623e-07   7.3057669e-07
  -0.0000000e+00  -1.4706602e-04   3.1212330e-05   2.1044365e-05   1.6619837e-05   1.7860408e-06   6.1088176e-06   7.1574850e-06   9.1985958e-06   3.5513744e-06   5.8659402e-06   8.8904051e-07  -2.0098383e-07   1.1091339e-06   1.8713818e-06   1.6922181e-06   1.4416580e-06  -2.2829925e-06  -4.9015614e-07   1.9314502e-06   2.1418178e-07  -2.1738703e-07  -1.1042698e-06
  -0.0000000e+00  -1.4926570e-04   2.7318976e-05   2.0270320e-05   1.3737521e-05   6.5887286e-07   2.8476090e-06   1.1585988e-05   4.7870981e-06   5.0249232e-06   1.0932165e-07   3.7146610e-06   8.3904030e-07   2.3577829e-06  -5.8380647e-07   4.4108259e-07   7.1947858e-07   5.3717969e-07   6.3642341e-07   1.0573227e-06   1.2295906e-06  -2.6994428e-07  -1.6967427e-07
  -0.0000000e+00  -1.5157355e-04   3.1540050e-05   1.7704613e-05   1.8344006e-05   3.5306908e-07   7.5987336e-06   1.2258749e-05   8.1239186e-06   4.6971577e-06   3.6919025e-06   2.6893741e-07   1.2396880e-06   1.3081518e-06   1.3383917e-06   1.0932545e-06   2.5166305e-06  -8.4209880e-08   7.7258863e-07   1.4828847e-06   1.0437443e-06   5.6918873e-07  -3.6506248e-07
  -0.0000000e+00  -1.4885580e-04   2.8113347e-05   2.7551518e-05   9.9225144e-06   2.8118486e-06   5.7654952e-06   8.2309043e-06   5.8431256e-06   3.8278486e-06   1.9200480e-07   3.0234596e-06   3.1739265e-07   4.8625668e-07  -1.3753856e-06  -2.6722643e-07   1.5688524e-07   1.2025567e-06   3.4652203e-07  -2.7323915e-07  -2.9604979e-07  -2.3462383e-07   3.7896746e-07
  -0.0000000e+00  -1.4760731e-04   2.8600793e-05   1.5345968e-05   2.0415830e-05  -2.1874123e-06   4.8083157e-06   1.2413720e-05   8.5197325e-06   1.4278633e-06   2.9621817e-06   1.3406941e-06  -1.0243465e-07   1.3463853e-06   1.5176181e-06   5.5436664e-07   4.7320771e-07   1.4523727e-06  -3.7099213e-08  -1.0918277e-06  -8.6321887e-07   6.4427172e-07  -8.8340141e-07
  -0.0000000e+00  -1.4712043e-04   2.9803901e-05   2.1363558e-05   1.1561274e-05   1.1981551e-07   5.2675491e-06   8.3685636e-06   5.5712876e-06   2.7974268e-06   1.7696029e-06   2.3222274e-06   4.6024442e-07   2.8775205e-06  -2.9076810e-07   1.0768946e-06   7.3787515e-07   1.5789285e-06  -8.1546699e-07   3.0644176e-07   5.8951628e-07  -1.6364956e-07   1.5419267e-06
  -0.0000000e+00  -1.5528817e-04   3.0483516e-05   2.1350426e-05   1.7736358e-05  -3.9706504e-07   7.3181400e-06   7.4203776e-06   7.1387690e-06   5.2672399e-06   3.5181845e-06  -2.4576903e-07   3.1506477e-06   4.7454623e-08   1.3983221e-06   1.7663336e-06  -3.6377827e-07  -1.5344161e-06   9.7412988e-07  -1.7749649e-07   1.1453577e-06   1.0425173e-06  -9.7935435e-07
  -0.0000000e+00  -1.4351288e-04   2.7674434e-05   1.9172838e-05   1.1128707e-05   1.9231768e-06   4.1009753e-06   1.2205567e-05   5.5162345e-06   6.7133883e-06  -4.5355188e-07   2.5566517e-06   3.0466904e-07   1.9525751e-06  -6.6434910e-07   1.2025760e-06   3.7665021e-07   1.1214628e-06   1.1484159e-06   8.5072827e-07  -2.5757197e-07  -8.5349393e-07  -4.5543285e-07
  -0.0000000e+00  -1.5344479e-04   2.8327340e-05   2.4091205e-05   1.7628838e-05  -2.7731026e-06   7.2433704e-06   9.6196773e-06   7.5581424e-06   2.0835746e-06   5.3648082e-06   1.9142481e-06   1.0678494e-06  -1.0498022e-06   6.2762268e-07   1.6971097e-06   3.9754548e-07  -1.2785031e-06   5.6008645e-07   9.1478086e-07   9.6518633e-08   1.2287821e-06  -2.2661634e-07
  -0.0000000e+00  -1.4445595e-04   3.0967596e-05   1.8027013e-05   1.6238520e-05   4.7078665e-06   2.5248510e-06   1.2271606e-05   6.9450625e-06   2.7359731e-06   2.6316338e-06   1.4712705e-06   9.9213082e-07   2.7895799e-06   2.3592852e-07  -3.2589455e-07  -9.6860106e-07   1.7798005e-06   1.3087553e-06   6.9334612e-07   1.1110395e-06  -1.1253933e-06  -2.9198401e-07
  -0.0000000e+00  -1.5569496e-04   2.7429911e-05   2.0606609e-05   1.7190458e-05  -3.2711032e-06   9.3257340e-06   6.6989046e-06   8.2395454e-06   4.0381155e-06   4.5601196e-06   4.0299938e-07   1.5584803e-06   2.5420168e-06   1.7151808e-06   1.4126846e-06   9.4046868e-07   4.8633094e-08   7.9578751e-07  -3.6868059e-07   3.9562599e-07   1.4786015e-06   9.3575204e-07
  -0.0000000e+00  -1.4295596e-04   2.7103528e-05   2.1637727e-05   1.3714679e-05   5.9715899e-06   1.5383212e-06   1.2218366e-05   6.7452324e-06   3.6518541e-06   9.4606770e-07   2.1314499e-06  -6.5260144e-07   8.7753008e-08   1.5374676e-06   5.7701817e-07   1.2392777e-06   1.7730945e-06  -5.1383216e-07  -9.3094900e-07  -9.2042927e-07  -7.2136527e-07   2.3548765e-07
  -0.0000000e+00  -1.5295489e-04   3.2383854e-05   1.9675595e-05   1.7794837e-05  -3.0171223e-06   3.9131642e-06   1.0687609e-05   6.9268194e-06   4.1948524e-06   2.4506703e-06   5.0751368e-07   1.2076829e-06   5.9282058e-07   1.0382075e-06   1.7176028e-06   6.7491851e-07   3.4206306e-07   3.8609207e-07   3.9164038e-07  -1.0709861e-06   9.2905634e-07   1.8622821e-07
  -0.0000000e+00  -1.4697529e-04   2.8367345e-05   2.0615204e-05   1.2032820e-05   1.9009889e-06   5.4645207e-06   7.4375671e-06   7.0170154e-06   4.3444297e-06   3.5766905e-07   2.8426950e-06  -1.1706555e-07   1.9015915e-06   1.2267452e-06   1.7271817e-06   5.8057861e-07  -4.4457090e-07  -1.1194307e-06  -9.2264156e-07   1.6131381e-06   6.4919158e-07   1.4190840e-06
  -0.0000000e+00  -1.4798991e-04   3.0239416e-05   1.8980123e-05   1.9430559e-05  -2.0607249e-06   6.2152840e-06   1.1708295e-05   9.8597411e-06   1.7066588e-06   2.9429164e-06  -6.8098836e-07   3.4287802e-06  -5.7207885e-08   2.0780867e-06  -1.5909402e-08  -9.0346441e-07   9.8957798e-07  -4.1739432e-07   5.8274821e-07   6.2522003e-07  -2.2253288e-07   1.6449538e-06
  -0.0000000e+00  -1.4754653e-04   2.7169697e-05   2.4894265e-05   1.2423088e-05   3.2389257e-06   2.5861937e-06   9.1522315e-06   6.0630537e-06   4.9007022e-06   8.6635589e-07   3.7749894e-06   2.0539814e-07   1.5374412e-06   6.3777418e-07   5.9665945e-07   1.8461387e-06   3.7944756e-07   2.6694468e-07  -1.5427418e-07  -2.9485199e-07   2.4877363e-07   4.6068200e-07
  -0.0000000e+00  -1.5229027e-04   3.0760377e-05   1.7080221e-05   1.8775470e-05   9.8023258e-07   7.3635215e-06   1.1515686e-05   8.1937778e-06   3.5770447e-06   2.2729810e-06   1.0087598e-06  -7.2101096e-07  -1.6535165e-07  -4.8013433e-08   4.6282508e-07  -2.0538138e-08   1.8289438e-06  -1.1775934e-08  -1.3945669e-06  -5.5957202e-07   9.4703216e-07  -1.2274051e-06
  -0.0000000e+00  -1.4754718e-04   2.8015926e-05   2.4234325e-05   1.2913438e-05   1.1231680e-06   5.0512499e-06   1.0875893e-05   6.9865632e-06   3.4575555e-06   1.1013306e-06   9.5277767e-07   7.8302514e-07   4.5271239e-08   2.1925175e-06  -7.7043177e-07   1.0546060e-07   1.1326042e-06   6.7955654e-07   1.4905164e-07   3.8145998e-07   2.6221619e-07   7.4037382e-07
  -0.0000000e+00  -1.4958215e-04   2.9425282e-05   1.9501284e-05   1.4015688e-05  -8.5688100e-08   5.5668065e-06   7.2915891e-06   9.3058597e-06   3.6845429e-06   4.3876580e-06   6.4897785e-07   1.6298095e-08   1.1086281e-06   8.5389263e-07   2.3684925e-06   6.7454431e-07  -5.9515889e-07   1.7702010e-06   8.0332455e-07  -1.7407974e-07  -4.2181830e-07   2.4290262e-07
  -0.0000000e+00  -1.4661522e-04   2.4108824e-05   2.2300988e-05   1.4728704e-05   2.7394765e-06   4.0210680e-06   1.2241207e-05   5.5361070e-06   4.2908987e-06   4.0923323e-06   1.1060055e-06   3.3421777e-06   2.3500229e-06   9.1702407e-07  -1.3417168e-06   9.6844428e-07   1.3861363e-08  -6.2835545e-07   1.0306766e-06   1.2357010e-06   2.6568864e-07  -6.4580902e-08
  -0.0000000e+00  -1.5125678e-04   3.3140943e-05   1.9327950e-05   1.7328011e-05   9.7130146e-07   1.7853307e-06   9.5701016e-06   9.1990987e-06   3.4703921e-06   1.4545891e-06   6.7202609e-07   3.1219000e-07   9.8316877e-07   1.3645575e-06   8.4479359e-07  -1.4865418e-07   8.3956354e-07   1.4785231e-06  -1.4186601e-06  -1.2097190e-07   1.1411574e-06   5.8855594e-08
  -0.0000000e+00  -1.4590927e-04   2.9487217e-05   2.2673745e-05   1.3813215e-05   5.6350302e-07   5.8066266e-06   1.4377109e-05   4.8695433e-06   4.9580021e-06   1.5211061e-06   5.5127225e-07   1.0497246e-06   1.7703796e-06   1.0406949e-06   2.5595386e-06  -3.7579093e-07   2.0309838e-07   1.4063004e-07  -1.4717122e-06  -3.4857646e-07   1.5615274e-06   4.0517506e-07
  -0.0000000e+00  -1.4989846e-04   3.0213445e-05   2.0404328e-05   1.5903917e-05   1.7588825e-06   6.1553396e-06   7.8413614e-06   8.3966142e-06   4.6822120e-06   4.1387034e-06   1.8425192e-06  -1.3369350e-07  -4.3567383e-08   1.7865382e-06  -2.0563947e-07   9.1627214e-07   3.1559271e-08  -1.1462815e-06   1.1408617e-06   9.2519610e-07  -1.0101393e-06   1.3128133e-06
  -0.0000000e+00  -1.4766639e-04   2.5904990e-05   2.1433967e-05   1.6587261e-05   1.2318264e-06   3.3139013e-06   1.1683155e-05   6.5388408e-06   1.3270094e-06   2.1542480e-06   2.9210998e-06   1.1595298e-06   1.7782128e-06   7.0341503e-07   2.0958287e-06   4.8542216e-08   1.1101312e-06   1.6563505e-06  -4.2254487e-07  -9.8642943e-07   4.3554635e-07  -2.3275163e-07
  -0.0000000e+00  -1.4901676e-04   3.3330914e-05   2.1148047e-05   1.4697391e-05   1.5880668e-06   5.8071632e-06   8.4151552e-06   8.3697314e-06   5.2862683e-06   2.1803546e-06   1.4139483e-06   1.8239357e-06   4.9098230e-07   1.0285549e-06   1.0077639e-06   6.6421444e-07   2.8681534e-08  -9.0649894e-07   5.7345500e-07   1.3084959e-06   6.7823385e-07   1.1682795e-06
  -0.0000000e+00  -1.4944289e-04   2.5942229e-05   2.2544637e-05   1.4006845e-05   1.1194201e-06   3.5842013e-06   1.1357753e-05   5.4912839e-06   3.1079694e-06   2.4742064e-06   1.0007968e-06   1.1428558e-06   1.7266055e-06  -3.0488664e-07   1.1033948e-06  -1.5505955e-07  -1.2570302e-06   7.4390579e-07   1.5964447e-07   3.0278136e-07  -1.2576726e-06  -9.3163067e-07
  -0.0000000e+00  -1.4856741e-04   3.1167365e-05   1.8950350e-05   1.6602922e-05   1.7687415e-07   4.5247925e-06   8.6482469e-06   6.8460740e-06   6.0298289e-06   2.4072629e-06  -3.1483924e-07   2.1391629e-06   1.7152448e-06   2.8100610e-06   2.6095137e-07   7.5745567e-07   7.9094207e-07  -5.3099598e-07  -1.6054631e-07   1.0582871e-06  -8.9393637e-08  -7.0736132e-07
