  -0.0000000e+00  -1.6268571e-04   2.5692510e-05   2.5654041e-05   1.6886715e-05   2.4910202e-07   4.4928925e-06   1.1910964e-05   9.0855938e-06   4.0828086e-06   3.4699322e-06   4.0257419e-06   4.6231926e-07   2.3192065e-07  -1.2982480e-06   1.8865303e-06   1.1550865e-06   9.6244810e-07   7.1063806e-07   1.5704978e-06  -8.2260226e-07  -7.6555341e-07  -1.7164137e-07
  -0.0000000e+00  -1.5940999e-04   2.5931035e-05   1.6869859e-05   1.6062946e-05   5.7376076e-07   7.2189987e-06   1.0177661e-05   1.0365646e-05   3.0305096e-06   2.5917652e-06   9.8398993e-07  -2.3177327e-08   1.4408312e-06   2.1121625e-06  -1.2041811e-06   3.3830643e-06  -1.8854480e-07   1.4085056e-06  -6.3624832e-08  -7.8997664e-07   8.9403886e-07   7.0879713e-07
  -0.0000000e+00  -1.5955455e-04   2.4560924e-05   2.5672476e-05   1.7212193e-05   9.2066279e-07   7.3172228e-06   1.0451850e-05   5.2242476e-06   6.1863266e-06   3.5537976e-06   1.2694150e-06   2.2631623e-06   4.2450574e-07   1.5778191e-06   2.2135255e-06  -7.0786234e-07  -1.3822819e-06  -3.5108960e-07   8.4688395e-07   8.6432760e-07   6.7489646e-07  -3.9951630e-07
  -0.0000000e+00  -1.6118644e-04   2.9898883e-05   1.7952205e-05   1.8579140e-05  -5.4046956e-07   3.9987340e-06   1.2728454e-05   8.0523523e-06   3.8405451e-06   1.1431287e-06   2.0675407e-06   2.6412702e-06   1.4206985e-06   2.6550990e-06   8.0344205e-07   9.8200928e-07   1.2385059e-06   2.9964278e-06  -6.1120420e-07   7.1900166e-07   4.7258727e-08   3.0100594e-07
  -0.0000000e+00  -1.6324141e-04   2.3103965e-05   2.0079195e-05   1.6004222e-05  -3.7172870e-07   5.0859539e-06   1.3962069e-05   1.0547124e-05   4.8737097e-06   3.6246734e-06   2.4122262e-06   1.5590837e-06   1.2384545e-07   7.0211820e-07   2.2922613e-06  -3.5017715e-07  -3.5641276e-07  -1.2993698e-06   5.7244159e-07   9.7309919e-07   4.2998496e-07  -1.1449850e-06
  -0.0000000e+00  -1.5896359e-04   2.7997834e-05   2.2575419e-05   1.7800805e-05   3.3687334e-06   5.4032394e-06   9.3339868e-06   8.7308636e-06   2.1174926e-06   2.5161023e-06   1.4004676e-06   3.2193720e-06   2.0875134e-06  -1.0677824e-06   1.2211085e-06   2.4268188e-06   1.9176007e-07   3.4386281e-07   4.2843322e-07   1.1610982e-06  -8.9675169e-08   1.2525518e-06
  -0.0000000e+00  -1.5726342e-04   2.2318318e-05   2.2091876e-05   1.5651087e-05  -2.3075047e-06   9.2039654e-06   1.3445276e-05   9.7892453e-06   6.9786142e-06   1.4056558e-06   1.3700425e-06   4.4742686e-07   1.0245516e-06   1.7845902e-06   3.0114709e-06  -8.6351565e-07   4.3804866e-07  -3.0072707e-07   8.1103371e-07   4.3606440e-07   6.0931916e-07   9.7947463e-07
  -0.0000000e+00  -1.6526501e-04   2.5391901e-05   1.9183619e-05   1.6363218e-05  -1.3494265e-06   2.1091003e-06   1.1692025e-05   6.2016929e-06   3.4687760e-06   2.1968276e-06   1.7260998e-06   2.7209423e-06   1.3992051e-06   1.7855410e-06   8.5526682e-07   8.0486325e-07   9.0647461e-07  -4.1221776e-07   1.1760598e-06   7.7334693e-07   4.0892971e-07  -1.4778551e-06
  -0.0000000e+00  -1.5942399e-04   2.8062756e-05   2.3210852e-05   1.5390067e-05   4.7493659e-06   5.7477801e-06   1.4296670e-05   1.0726991e-05   4.1636190e-06   3.9977749e-06   1.5352294e-06  -1.2183357e-06   9.7264808e-07   9.0246635e-07   1.2690106e-06  -1.9323409e-07  -9.8433226e-08   3.3079760e-07  -1.8974401e-06   4.9814588e-07  -9.2140635e-07  -3.0556527e-07
  -0.0000000e+00  -1.6347364e-04   2.3427827e-05   2.0910586e-05   1.6129223e-05  -3.8864350e-06   6.3538328e-06   1.0502185e-05   6.6824646e-06   5.8666524e-06   3.5700155e-06   1.3627329e-06   3.8051712e-06  -2.8417722e-07   1.0970210e-06   1.7724325e-06   1.3535292e-06  -8.4343299e-07  -7.6963477e-07   1.3086392e-06   1.7106219e-06  -1.2401765e-06  -1.0403197e-06
  -0.0000000e+00  -1.5704716e-04   2.5292085e-05   1.7348981e-05   1.8344446e-05   8.0696668e-07   3.9727383e-06   1.3079827e-05   1.0559917e-05   1.4299974e-06   4.0284917e-06   2.1985372e-06  -1.1989529e-06   4.6559171e-07   9.8575549e-07  -3.9193134e-07   5.9130400e-07   6.7139825e-07   1.4555687e-06   1.4368215e-06   2.2597536e-07   1.2316586e-06   6.0296128e-07
  -0.0000000e+00  -1.6229985e-04   2.5002146e-05   2.0471582e-05   1.8020588e-05  -1.7830473e-06   6.2088779e-06   1.5538139e-05   7.5553489e-06   7.5740663e-06   4.1430462e-06   2.0339683e-06   1.1475113e-06   2.4326682e-06   1.1975595e-06  -4.1554173e-08   3.9783341e-08   5.4104447e-07   2.4237493e-06   3.4951827e-07   7.0844033e-07   1.5645700e-06   1.4010641e-06
  -0.0000000e+00  -1.6174198e-04   2.8614937e-05   2.0426627e-05   1.5587966e-05   2.5092575e-06   2.7750282e-06   9.9274412e-06   6.9489206e-06   4.1422732e-06   2.7010390e-06   1.2399685e-06   2.9394896e-06   2.0441764e-06   1.6910344e-06   1.2704375e-06   2.9631914e-07   3.6344937e-07  -1.5355616e-06   1.2859546e-06  -1.2674560e-06   3.6379578e-07  -1.1423632e-06
  -0.0000000e+00  -1.6425556e-04   2.0977157e-05   2.4921083e-05   1.5438633e-05   2.5543027e-06   9.5124751e-06   1.3407195e-05   1.0549744e-05   6.0646826e-06   1.6032586e-06   1.4165636e-06   2.1709036e-06   2.1681715e-06   1.0556108e-06   1.6262236e-06  -2.3272992e-07   5.4491068e-07   2.0381533e-06   1.4399065e-08   8.5113021e-07   3.3433827e-07   4.3203170e-07
  -0.0000000e+00  -1.5492683e-04   2.6081212e-05   1.8356603e-05   1.7884040e-05  -2.9369826e-07   4.6716896e-06   8.4294725e-06   7.0324745e-06   1.4990036e-06   4.5067791e-06   2.4510282e-06  -2.3710628e-08   7.8180011e-07   1.0920490e-06   6.7963346e-09   4.4317960e-07   8.0415447e-07  -1.6230572e-06  -6.4483015e-07  -1.8149894e-06   7.5847703e-07   8.4411460e-07
  -0.0000000e+00  -1.6460652e-04   2.8971272e-05   2.0363315e-05   1.9475905e-05  -2.2331296e-06   6.0920647e-06   1.6507071e-05   1.2690336e-05   4.1862186e-06   4.4088388e-06   2.1714004e-06  -4.6789521e-07   1.3289219e-06   9.6455278e-07   3.3462572e-06   1.8434642e-06  -7.7728055e-07  -5.9405068e-07   7.2329038e-07   3.1522789e-06  -1.2803242e-06  -1.0701866e-07
  -0.0000000e+00  -1.6016145e-04   2.2689164e-05   2.2685666e-05   1.6313901e-05   2.8148070e-06   6.9021585e-06   1.0943125e-05   3.9774768e-06   4.7251006e-06   1.7884124e-06   3.9663114e-06   1.4909224e-06   5.4414409e-07   1.8149390e-06  -2.5487967e-07  -8.6116819e-07   1.1779664e-06   1.5468189e-06   1.7656266e-06  -1.5400610e-06   9.2067305e-09   1.4583361e-06
  -0.0000000e+00  -1.5917855e-04   2.4582025e-05   2.1586451e-05   1.8974546e-05  -2.8782898e-08   5.6519534e-06   1.4452650e-05   6.4626061e-06   6.3757916e-06   4.0018826e-06   7.2540507e-07  -7.2136959e-07   1.0047257e-06   2.6586713e-06   3.0093059e-07   9.3969579e-09  -1.1126252e-06   2.0571892e-06   4.5057635e-07   3.3674064e-07  -1.0682922e-06   1.7118997e-07
  -0.0000000e+00  -1.5857721e-04   2.3707216e-05   2.4117646e-05   1.7077062e-05  -2.0269604e-06   9.0636058e-06   1.2793300e-05   8.0251239e-06   6.8635029e-07   2.4542335e-06   1.5514188e-06   2.6292553e-06   5.2655508e-07   2.1724195e-06  -7.1456338e-07  -3.1006575e-08   1.3715678e-06  -3.5484842e-07   1.3444516e-06  -6.7014366e-07   9.8385908e-07   6.1609109e-07
  -0.0000000e+00  -1.6436767e-04   3.2130611e-05   1.6601811e-05   1.9972211e-05   4.1935414e-07   4.6277682e-06   8.6038663e-06   1.1140012e-05   5.2059290e-06   4.9025784e-06   2.4422823e-06  -2.1794922e-06   1.8819019e-06   5.7789248e-07   6.7618953e-07   4.6653503e-07  -6.7557759e-09   2.8596770e-07   7.6101406e-07   7.5000901e-07   3.5383266e-07  -1.0302178e-06
  -0.0000000e+00  -1.6118173e-04   2.2599967e-05   2.5139063e-05   1.6341319e-05   1.0243394e-06   7.7665063e-06   1.2051445e-05   8.5957790e-06   3.2774719e-06   1.2178563e-06  -1.1560737e-06   2.7041328e-06   1.8072011e-06   2.1097571e-06  -2.7814781e-07  -1.1476116e-06  -9.0487924e-07  -2.6978452e-07  -1.4226660e-07   3.1876414e-07   3.6240868e-07   2.0824978e-06
  -0.0000000e+00  -1.5639061e-04   2.1883821e-05   2.1430660e-05   1.6087761e-05  -1.8082991e-07   6.6195762e-06   1.4870535e-05   9.3677691e-06   4.3147752e-06   2.5857355e-06   3.9141346e-06   1.5871560e-06   3.5592097e-07   2.3872299e-06   1.7935859e-06   2.1155597e-06   1.1410089e-06  -1.5242227e-06  -4.7370895e-07   1.3301220e-06   6.0995978e-07   8.5635570e-08
  -0.0000000e+00  -1.6518793e-04   2.9045072e-05   2.0286710e-05   1.7228414e-05   7.9111851e-07   5.7335678e-06   9.5758987e-06   6.0615716e-06   5.1960442e-06   2.7853312e-06   1.9933077e-06   6.6825731e-07   5.5777224e-07   1.6298060e-06  -1.7273338e-07  -1.2146968e-06   1.5122594e-06  -2.8094047e-07  -3.3244498e-07   1.2007634e-07   1.0221694e-06   1.0404134e-06
  -0.0000000e+00  -1.6018561e-04   2.8197994e-05   2.0027837e-05   1.7206095e-05  -2.3199075e-06   8.4708745e-06   1.3777453e-05   1.0487558e-05   2.7616861e-06   3.5596975e-06   9.2717030e-08   1.6883233e-06   1.9916597e-06   1.2298960e-07   1.7223517e-06  -1.6160104e-07  -1.8686222e-07   5.5344537e-07   1.2703673e-06   2.7841581e-06   6.7591225e-07  -2.3816015e-07
  -0.0000000e+00  -1.5434583e-04   2.3195691e-05   1.9976846e-05   1.4947494e-05   1.3769288e-06   5.0050280e-06   1.0191720e-05   8.8598399e-06   4.3948698e-06   4.1307662e-06   9.6980965e-09   6.2113850e-07   1.8806724e-06   1.7589332e-06   2.6869790e-07   9.8853604e-07   8.8937219e-07   4.7384643e-07   8.8339203e-07   2.8807744e-07  -8.4349364e-07   5.8843753e-08
  -0.0000000e+00  -1.6544740e-04   2.1856018e-05   2.4757799e-05   1.8281242e-05   6.0601330e-08   6.4152355e-06   1.1199113e-05   7.8305275e-06   5.3548538e-06   3.7805510e-06   3.7937166e-06   1.3905394e-06   2.0534719e-06   2.6101645e-06   2.2542795e-06  -3.3064256e-07  -4.6586365e-07  -2.3298423e-07   1.6772990e-06  -7.3796843e-07   1.4987833e-06   7.2111033e-07
  -0.0000000e+00  -1.6034793e-04   2.8723991e-05   1.8756189e-05   1.6315267e-05   3.4219595e-06   4.8371694e-06   1.1559818e-05   9.7365073e-06   3.2243931e-06   1.5778920e-06   2.9611094e-06   5.1817295e-07   1.5629890e-06   2.2606632e-06  -6.1056471e-07   1.2024657e-06   1.7103412e-06   8.3950431e-07   1.2666193e-07   5.7020202e-08  -3.0172086e-07  -1.6509626e-06
  -0.0000000e+00  -1.6240263e-04   2.7077256e-05   2.0394973e-05   1.8608465e-05  -3.7521697e-06   7.5362591e-06   1.3417390e-05   7.1856630e-06   6.3667494e-06   2.3953723e-06   1.2459884e-06   4.0291877e-07  -6.2656409e-07   1.2143760e-06   1.0899631e-07   1.6653879e-06  -3.2925809e-07   8.1341886e-07   9.5364618e-07  -7.6182255e-07   1.6644079e-06  -4.7383386e-07
  -0.0000000e+00  -1.5590712e-04   2.2117300e-05   2.3084935e-05   1.6637812e-05   1.4882418e-06   4.2102638e-06   1.0535116e-05   1.0439892e-05   1.6278583e-06   4.0518239e-06   2.7264332e-07  -4.1332285e-08   3.4824395e-06  -5.7631738e-08   8.0221866e-08  -6.4397085e-07  -5.7750418e-07   1.4772017e-06   9.6304666e-07   1.0228150e-06  -1.4834258e-06   1.2999237e-06
  -0.0000000e+00  -1.6466831e-04   2.1640286e-05   2.3554230e-05   1.8590175e-05  -1.5851373e-06   7.1587283e-06   1.2170543e-05   8.7439530e-06   6.2607560e-06   4.7948593e-06   5.2220395e-07   1.9752845e-06   2.3807439e-07   1.4109735e-06   2.7480382e-06   2.6254165e-07  -4.1624000e-07   9.9648946e-07  -7.3744224e-07   1.1941690e-06   9.1463517e-07   4.3544094e-07
  -0.0000000e+00  -1.6121482e-04   3.3317450e-05   1.5962052e-05   1.5643174e-05   1.6163741e-06   5.2376981e-06   1.0847990e-05   6.4509186e-06   4.1461012e-06   1.7230171e-06   3.7484954e-06   1.7242725e-07  -8.8489998e-07   1.3120016e-06   1.6268589e-07   6.5446989e-07   6.4135173e-07  -5.8068304e-07  -8.8293388e-07  -5.2722402e-07  -1.4610698e-06   2.0215664e-06
  -0.0000000e+00  -1.5790336e-04   2.2160672e-05   2.1495409e-05   1.7158387e-05  -1.6268420e-07   9.2893451e-06   1.3878333e-05   7.4162931e-06   6.2386785e-06   2.7614042e-06  -2.6750683e-07  -7.8522049e-07   3.3659072e-07   6.2033871e-07   3.2174191e-06   1.4526825e-07  -2.9778022e-07   8.3296754e-07  -2.0804978e-07   9.6553640e-07   1.0793957e-06  -1.2616205e-06
  -0.0000000e+00  -1.6229284e-04   2.3160888e-05   2.2378948e-05   1.5793734e-05  -1.5593371e-06   5.9511131e-06   9.1458369e-06   9.3989447e-06   2.9746918e-06   2.4789283e-06   3.9403549e-06   3.0892826e-07   3.7351867e-06   9.6241831e-07   8.1207577e-07   1.2807233e-06   9.4017878e-07  -9.9890883e-07   7.1012545e-07  -5.0126192e-07  -2.7160945e-07   1.7585057e-06
  -0.0000000e+00  -1.5909821e-04   2.5038700e-05   2.2312235e-05   1.6886866e-05   3.1204806e-06   6.5331401e-06   1.3965616e-05   1.0088729e-05   4.6861869e-06   4.2068805e-06   9.7652253e-07   1.2339169e-07   3.2435501e-06   1.6962667e-06   8.1680912e-07   5.9565446e-07  -7.9283143e-07   2.5589502e-06   3.1894740e-07   6.5935291e-07   1.0098263e-06   5.9999445e-07
  -0.0000000e+00  -1.6121787e-04   2.6029960e-05   1.6941427e-05   1.6898599e-05   1.4351059e-06   5.7262896e-06   9.6503436e-06   7.9332522e-06   1.5938059e-06   2.7208700e-06   4.2840456e-06   8.6147583e-07   1.0647160e-06   9.7450720e-07   2.0385980e-06   1.0560925e-06   7.1370800e-07   1.7513123e-06   8.1552759e-07  -1.4554194e-06   1.2407127e-06  -2.3421090e-07
  -0.0000000e+00  -1.6378293e-04   2.4516325e-05   2.1827595e-05   1.9127490e-05  -1.1157781e-06   4.5403035e-06   1.6038977e-05   7.6293741e-06   6.5595937e-06   3.0319889e-06   1.9687859e-06   2.4174051e-06  -5.3486269e-07   1.7430801e-06   8.8219099e-07   1.4821907e-06  -1.5101161e-06  -1.6604478e-06   3.3512802e-07   9.4486097e-07   3.7243538e-08   1.2531513e-06
  -0.0000000e+00  -1.5880448e-04   2.4690342e-05   2.5092728e-05   1.5713265e-05   2.3117869e-07   1.0383001e-05   1.0445631e-05   7.3661322e-06   3.9553797e-06   1.8499502e-06   1.9205529e-06  -5.9543027e-07   2.1815820e-06   1.3573086e-06   7.3330318e-07  -5.6041398e-07   1.1400838e-06   1.6121637e-06   2.7799510e-07  -1.1230493e-06  -8.6909444e-07   7.0952530e-07
  -0.0000000e+00  -1.5926092e-04   2.5546597e-05   1.9346748e-05   1.6639264e-05   2.2665658e-06   2.7248961e-06   1.0862394e-05   1.1138974e-05   3.6335425e-06   4.6296454e-06   3.3172064e-06  -1.1445044e-06  -1.0382820e-06   9.8101657e-07  -6.1076221e-08   7.7299234e-07   8.4042210e-07   4.7043767e-07  -4.8291946e-07   1.7293926e-06   1.3605174e-06  -8.4785586e-07
  -0.0000000e+00  -1.6513297e-04   2.6621246e-05   2.0722606e-05   1.9828049e-05   2.2446173e-07   5.1345537e-06   1.5154687e-05   9.9921890e-06   2.2492882e-06   1.4696749e-06   3.3514305e-06   1.3211622e-06   1.1462787e-06   1.1086987e-06   2.1590199e-06   8.1786033e-07   9.8972737e-07   1.4210625e-06  -3.7394142e-07  -2.1162636e-07   9.8490159e-07  -6.6516412e-07
  -0.0000000e+00  -1.5662596e-04   2.3221886e-05   2.3372830e-05   1.5697049e-05  -1.3113431e-06   7.4334321e-06   9.5970827e-06   8.5976135e-06   4.4386761e-06   3.1359989e-06   2.0139551e-06   1.0266338e-06   1.1325347e-06   1.0454162e-06   1.0736150e-06  -4.7861766e-07   1.1209452e-06   9.3339722e-08   1.5711759e-06   9.8274836e-07   9.1516790e-07   1.3959492e-06
  -0.0000000e+00  -1.6262141e-04   2.5358702e-05   2.2051869e-05   1.7611281e-05  -1.4244366e-06   7.2413131e-06   1.2968118e-05   7.0359870e-06   5.8314859e-06   1.3365313e-06   1.8571590e-06   1.5319462e-06   9.6231406e-07   6.7525866e-07   1.9257782e-07   7.2701323e-07   6.0891051e-07   2.0547587e-07  -1.6527231e-07   2.5103540e-07   2.2816184e-07   1.5598725e-06
  -0.0000000e+00  -1.6391165e-04   2.6717269e-05   2.2759039e-05   1.5947890e-05   5.2819350e-06   2.5697896e-06   1.1307779e-05   1.0748634e-05   3.7708799e-06   3.1001498e-06   3.0955491e-06   1.9373464e-07   1.0050322e-06   2.2756074e-06  -7.0701708e-07   1.6515670e-06   7.4248510e-07  -8.5925308e-07   1.4975636e-07  -6.3838735e-07  -7.3320712e-07   5.3166116e-07
  -0.0000000e+00  -1.5974465e-04   2.1761871e-05   2.0432006e-05   2.1067353e-05  -3.9829442e-06   4.2765323e-06   1.1522660e-05   9.2774671e-06   3.0230162e-06   4.1245153e-06   1.2470500e-06  -1.1406437e-06   2.6765630e-07   2.5848449e-06  -7.5245808e-08   2.9271316e-06  -1.5022604e-07   5.8024500e-07   3.5598784e-08   1.9719851e-06  -1.0260289e-06   1.0844411e-06
  -0.0000000e+00  -1.5824761e-04   2.6107526e-05   2.1097914e-05   1.5631884e-05   1.1242377e-06   8.7237668e-06   1.3412143e-05   5.5716828e-06   4.9669611e-06   4.2266620e-06  -6.3799132e-07   3.4731654e-06   1.1820632e-06   2.6298949e-06   2.2518459e-07   5.0314412e-07   1.8327758e-06   1.3435735e-07   1.4481066e-06   1.1930056e-06   1.6261775e-06  -1.2419363e-07
  -0.0000000e+00  -1.5969982e-04   2.4177942e-05   2.3064789e-05   1.3368252e-05   1.7347071e-07   5.6326730e-06   9.7025159e-06   9.2616992e-06   2.9196742e-06   3.2650998e-06   1.5915507e-06   2.2021145e-06   2.3981213e-06   2.2253325e-06   2.4468211e-06  -1.4278589e-07   4.5664149e-07   4.5330680e-07  -1.9268148e-06   1.8198657e-06   1.7827380e-06  -1.3101541e-06
  -0.0000000e+00  -1.6320248e-04   2.4968554e-05   1.7772250e-05   1.9895740e-05  -1.6228888e-07   4.7183526e-06   1.4108806e-05   9.2131704e-06   3.6425356e-06   1.0637145e-06   3.5431301e-06   4.2313525e-07   1.5557555e-06   8.8335833e-07  -1.6825800e-07  -7.7308067e-07   1.3040031e-06   3.5810280e-07  -7.7600964e-07  -1.0670047e-06  -5.1994527e-07  -7.6288217e-07
  -0.0000000e+00  -1.6052072e-04   2.8338471e-05   2.1515634e-05   1.7215676e-05   8.7850390e-07   8.2053512e-06   1.0712797e-05   7.2234070e-06   3.7783723e-06   4.4290759e-06   7.5020114e-07   8.0699252e-09   1.1663650e-06  -1.4995881e-07  -6.8693441e-07   7.9748759e-07   1.3861661e-06  -7.1768881e-07  -4.3295216e-07   5.6180181e-07   2.3182247e-06  -9.6852318e-07
  -0.0000000e+00  -1.5680920e-04   2.5022337e-05   2.1576010e-05   1.7039381e-05  -1.7721401e-06   6.1097426e-06   1.0306552e-05   7.4375680e-06   8.0961072e-06   3.0091355e-06  -5.8269387e-07   1.2926212e-07   2.2604108e-06   1.4487775e-06   2.5424890e-06  -1.7520065e-07  -4.5661866e-07   1.4053900e-06   3.1929764e-07   3.2825920e-08   8.1741337e-07   1.2876925e-06
  -0.0000000e+00  -1.6056623e-04   2.5859070e-05   1.9044084e-05   2.0126716e-05   2.4875546e-06   5.0257163e-06   1.3756862e-05   8.6889931e-06   4.1347007e-06   4.6574755e-06   9.1328639e-07   2.0802202e-06  -5.7400808e-07   1.0046460e-06   7.1479360e-07  -2.3622133e-06   3.8569638e-07  -1.0377894e-06  -2.9345758e-08  -5.6462699e-07  -2.7233514e-07   2.8546228e-07
  -0.0000000e+00  -1.6423133e-04   2.4743811e-05   2.2572172e-05   1.5305865e-05   9.5853920e-07   5.7028692e-06   9.9732624e-06   1.1829055e-05   2.6566779e-06   2.0845036e-06   4.6040550e-06   5.5897760e-07   6.9522724e-07   1.7357183e-06   1.6825530e-06  -2.6444425e-07   1.9648219e-06   6.1734471e-07   7.2446181e-07   1.8961515e-06  -7.9353435e-07   2.4063871e-07
  -0.0000000e+00  -1.5769029e-04   2.9613935e-05   2.0420635e-05   1.7687935e-05  -2.3897881e-06   8.6254631e-06   1.0341096e-05   7.4500640e-06   7.8922758e-06   3.7857810e-06   1.5424392e-06   1.6933902e-06   2.5296754e-06   2.3024018e-06  -2.3912114e-07   2.0688992e-06  -9.6815063e-07  -4.8854872e-07  -1.6171342e-07  -8.9275477e-07   8.0247213e-07   1.7556741e-06
  -0.0000000e+00  -1.6434009e-04   2.3943376e-05   2.0559344e-05   1.7810742e-05   6.3049202e-07   3.9808538e-06   1.3320575e-05   9.5617588e-06   3.8176922e-06   2.7380420e-06   2.5879488e-06   2.7958647e-06   1.0352987e-06  -1.4604099e-06   4.9779703e-07   2.0238640e-06  -8.1581658e-07   1.7829824e-06   1.8270900e-07   8.0069998e-07   2.2764114e-08  -8.7853016e-07
  -0.0000000e+00  -1.5633642e-04   2.1767390e-05   2.1172489e-05   1.7465598e-05   4.1569118e-07   6.0812486e-06   1.1196124e-05   8.7841399e-06   4.0289183e-06   2.1614912e-06   1.6537949e-06   1.0989955e-06   8.6671355e-07   1.2571022e-06   1.0397471e-06   1.2609786e-06   2.2372677e-07   4.9577125e-07   1.1365753e-06   5.8856720e-08   8.5747354e-07  -4.8626140e-07
  -0.0000000e+00  -1.6389292e-04   2.9944420e-05   2.1236401e-05   1.6575288e-05   3.8650722e-07   3.4396624e-06   1.3987215e-05   8.7119834e-06   5.8805454e-06   3.9330516e-06   2.5650099e-06   5.0636748e-07   7.5645323e-07   1.8171409e-06   1.3147857e-06  -6.7699756e-07   5.1146918e-07   2.0523365e-07   3.2582787e-07   1.5779663e-06  -1.0561310e-07   9.8170676e-07
  -0.0000000e+00  -1.6121546e-04   2.3546087e-05   2.3036804e-05   1.5867212e-05  -1.0111608e-07   8.5732390e-06   1.1441208e-05   9.5518890e-06   4.0085674e-06   4.6836013e-07   1.8067058e-06   2.6500556e-06  -1.5410149e-06   1.6558582e-06   8.0421000e-07   3.7801556e-07  -1.4018788e-06  -1.3700629e-06  -8.2709448e-08  -1.0281011e-06   1.4120099e-06   1.1426932e-06
  -0.0000000e+00  -1.5810983e-04   2.0678819e-05   2.1590409e-05   2.0151894e-05  -2.6450994e-06   4.2613765e-06   1.4162131e-05   6.2875915e-06   2.5580903e-06   4.0284631e-06  -7.6542204e-07   5.2145020e-07   1.1948825e-06   2.0179205e-06   1.6254647e-06   1.7382214e-06   5.3837056e-07   4.4991401e-07   9.3083031e-07  -1.3262713e-06   3.8409536e-07   2.2542069e-06
  -0.0000000e+00  -1.6422242e-04   3.1924352e-05   1.9795292e-05   1.3666981e-05   4.1332310e-06   6.2755744e-06   1.1599906e-05   9.2311720e-06   4.5856023e-06   1.8533472e-06   3.6437791e-06   8.8774561e-07   4.3891507e-08   1.6761891e-06   1.7333131e-06   1.7698304e-06   1.7609495e-06  -1.0001480e-06   1.7689594e-06   1.9318973e-07  -1.2651177e-06   5.0154716e-07
  -0.0000000e+00  -1.5951050e-04   2.2234934e-05   2.1303687e-05   1.8117211e-05   4.7894707e-07   6.1773289e-06   1.3683874e-05   7.7176337e-06   4.3414416e-06   2.5983900e-06   2.0819152e-06   4.9075396e-07   2.0639011e-06  -1.2915315e-06   1.1568175e-06   6.6297378e-07   2.3567594e-08   1.9627396e-06   2.4357503e-08   1.3019871e-06  -9.4825413e-07   4.0077748e-07
  -0.0000000e+00  -1.6240054e-04   2.3326702e-05   2.0807232e-05   1.6989990e-05  -1.0608655e-06   4.8718553e-06   8.9864661e-06   1.0397108e-05   5.3074637e-06   2.2416373e-06   2.5624223e-07   3.3497408e-06   2.4326898e-06   7.2498534e-07   5.3241195e-07  -6.2071798e-08   1.6793897e-06   8.7915885e-07   4.6103203e-08   9.9992826e-07  -5.8870273e-07   1.1744163e-06
  -0.0000000e+00  -1.5969234e-04   2.4136751e-05   2.2831888e-05   1.7496595e-05  -1.0487987e-06   4.8063334e-06   1.5481999e-05   6.9251641e-06   4.6989348e-06   2.6773785e-06   4.1222867e-07   1.8640662e-06   1.6820082e-06   6.9580597e-07   2.4847229e-06   3.2119281e-06  -9.1737672e-07   1.1040603e-06   1.0795277e-06  -7.6139645e-07   1.3704097e-06  -7.9836434e-07
  -0.0000000e+00  -1.5572581e-04   3.1248364e-05   1.7304897e-05   1.3236376e-05   2.8365184e-06   6.8821473e-06   1.1017525e-05   1.1071946e-05   3.0026272e-06   1.4299276e-06   1.8931614e-06   9.4943067e-07   1.7064505e-06   6.4811007e-07   6.0162456e-08   1.7820507e-07   4.2613235e-07  -4.4463761e-07   1.8532310e-06   1.0505833e-06  -6.3356072e-07  -1.9039805e-07
  -0.0000000e+00  -1.7049964e-04   2.5219459e-05   2.3262433e-05   1.8118601e-05  -1.9702061e-06   4.9936252e-06   1.4307375e-05   7.4321483e-06   7.3702513e-06   3.5958806e-06   2.7900714e-07  -3.3103237e-07   2.4015287e-07   2.0402529e-06  -1.9834184e-07   2.0638066e-07   1.0287098e-06   6.4804873e-09   2.1316932e-07  -4.4738400e-07   2.1956482e-06  -6.7843030e-07
  -0.0000000e+00  -1.5194318e-04   2.0558382e-05   2.3401133e-05   1.8054059e-05   4.7392976e-07   7.5649477e-06   9.5832438e-06   1.0787328e-05   5.1471025e-06  -5.1867065e-08   2.6400785e-06   9.0145824e-07   1.1454986e-06   3.3739711e-06   9.7001111e-07  -9.9105307e-08  -4.5139461e-07   1.1711199e-06   6.3054574e-07  -4.9591802e-07  -9.7883208e-07  -1.7251286e-07
  -0.0000000e+00  -1.6387651e-04   2.9478604e-05   2.1836573e-05   1.4265658e-05  -2.5489464e-06   6.3935936e-06   1.1749206e-05   8.4084195e-06   4.8912138e-06   3.8997227e-06  -1.8315271e-06   8.3449510e-07   2.3696327e-06   1.6152871e-06   1.5855832e-06   1.7029412e-06  -1.3578153e-07  -6.0955352e-07   1.3972533e-06  -8.9925527e-07  -5.3636217e-07   1.1026723e-06
  -0.0000000e+00  -1.6231241e-04   2.6962689e-05   1.8075463e-05   1.7006116e-05   6.7710207e-06   2.4371559e-06   1.3881953e-05   8.0389218e-06   2.4539163e-06   5.0633116e-06   2.6970833e-06  -1.0791970e-06   4.6609766e-06   4.2896741e-07   1.3477202e-06   6.0816819e-07  -1.1451405e-06   2.6322004e-06  -5.0313065e-07   1.6230659e-06  -5.1310718e-07   4.0255136e-07
  -0.0000000e+00  -1.5964420e-04   1.9889869e-05   2.4782281e-05   1.8651059e-05  -1.4006815e-06   9.4071120e-06   1.3342289e-05   1.0352714e-05   6.3018651e-06  -8.0224240e-08   2.1969047e-06   2.3570899e-06  -2.3190434e-07   2.5666882e-06   1.6616320e-06   1.4632107e-06   9.7276018e-07   3.3945955e-07   2.4764572e-07   9.3236531e-07   9.5882751e-07   1.3392234e-06
  -0.0000000e+00  -1.6173796e-04   3.0155474e-05   2.0055528e-05   1.5897169e-05  -1.2082327e-06   5.9440172e-06   1.1626144e-05   7.4315353e-06   3.1212585e-06   1.8210025e-06   2.9448086e-06   1.9781555e-07   2.3942753e-06   7.8768096e-07   1.7557550e-06  -1.2885149e-06  -1.0642462e-06  -5.6295772e-07   1.5365727e-06  -6.2932436e-08   4.6277799e-07   4.0646088e-07
  -0.0000000e+00  -1.5953388e-04   2.2010920e-05   2.1584639e-05   2.0185274e-05   3.8387916e-06   7.7374934e-06   1.1364630e-05   7.2584285e-06   6.2653353e-06   3.5302523e-06  -9.9601141e-07   2.5743773e-06   1.4814017e-06   3.9562096e-06   1.0005631e-06   5.6211968e-07   1.1357471e-06  -1.1787889e-06  -1.0391567e-07  -1.0522754e-07   1.2813966e-07  -1.5518337e-06
  -0.0000000e+00  -1.6480801e-04   2.4676172e-05   2.3350392e-05   1.2803316e-05   1.1516626e-06   5.3015369e-06   1.3173380e-05   6.8187965e-06   1.6983812e-06   4.2950282e-06   1.5547008e-06   1.2997954e-06   4.8758597e-08   8.6709008e-07   8.4629391e-07  -1.6511720e-08   4.7866786e-07   1.3351666e-06   6.8975180e-07   7.9975325e-07   3.7986516e-07   1.1050648e-06
  -0.0000000e+00  -1.5614984e-04   2.7979831e-05   1.8326313e-05   1.6628132e-05   1.2487870e-06   2.6539831e-06   1.2055099e-05   1.0430129e-05   2.1849191e-06   2.7056731e-06   2.4154567e-06  -7.2695929e-07  -2.1193534e-07   9.2132359e-07  -3.9677428e-07  -1.6147651e-07  -9.7616692e-07   4.9091926e-07  -1.7137818e-06   4.2653411e-07  -7.8984584e-07  -1.2784565e-06
  -0.0000000e+00  -1.5788275e-04   1.9357918e-05   2.3227876e-05   1.8866596e-05  -1.1731769e-06   1.0897463e-05   1.0473832e-05   8.4345111e-06   9.4928637e-06  -1.3392024e-07   1.6829839e-06   2.8387822e-06   2.3718053e-06   2.9050841e-07   2.6677824e-06   1.3031857e-06  -9.7795343e-08   7.0493792e-07   1.4224598e-06   1.4635223e-06   1.1797382e-06  -7.0684280e-07
  -0.0000000e+00  -1.6807644e-04   3.3376888e-05   1.7352917e-05   1.5526386e-05  -7.1433917e-08   3.1372922e-06   1.2583248e-05   1.0320294e-05   1.3549368e-06   4.3011391e-06   1.5262976e-06   1.6364618e-06   1.0889958e-06   7.4915590e-07   1.2411160e-06   8.2510383e-07  -1.9155071e-07   3.2065003e-07   9.4675420e-07   1.9618356e-06   2.2081183e-07  -5.2114041e-07
  -0.0000000e+00  -1.5867573e-04   2.1615482e-05   2.5596975e-05   1.6872260e-05  -3.6936219e-06   7.3797460e-06   1.4909813e-05   8.3694722e-06   4.9854661e-06   1.5904326e-06   2.6580742e-06  -1.1956461e-06   6.7788631e-07   1.6435736e-06  -5.1605286e-07   1.1358442e-07   4.4021618e-08   4.0100346e-07   9.2218411e-09  -1.5801392e-06   1.3463757e-06   2.1828901e-06
  -0.0000000e+00  -1.5680047e-04   2.4864152e-05   2.0413201e-05   1.7910317e-05   1.9211138e-06   6.0680195e-06   7.5917110e-06   1.0431992e-05   4.5400088e-06   3.4445081e-06   2.0947282e-06   1.0978763e-06  -2.9339708e-07   8.8187483e-07   1.9779993e-06   6.7885895e-07   1.5625388e-06   1.9359466e-06  -6.2920287e-07  -1.0483675e-06   9.5528731e-07  -6.0422013e-07
  -0.0000000e+00  -1.6323187e-04   2.6623749e-05   1.9597224e-05   1.7146720e-05  -7.8904378e-07   8.6289674e-06   1.0077810e-05   8.0641603e-06   7.8833627e-06   2.0505861e-06   9.6832184e-07   2.3204132e-06   1.0340777e-06   2.3584746e-06   1.6504400e-06  -1.7200084e-07   1.3684452e-06   5.8827374e-07   1.3166791e-06   2.8279908e-07  -2.4786424e-08   3.0151429e-07
  -0.0000000e+00  -1.6376580e-04   2.5853142e-05   2.2155820e-05   1.6650270e-05  -5.6074159e-06   6.6145735e-06   1.3790979e-05   9.7222810e-06   2.9273883e-06   5.0440576e-07   2.1476453e-06   2.1444559e-06   1.9271156e-06   1.5368330e-06   9.8287637e-07  -1.1271963e-07  -5.9611341e-07   4.1539224e-07   6.0436759e-07   9.4948683e-07  -8.0796049e-08   6.2178039e-08
  -0.0000000e+00  -1.5655860e-04   2.4649238e-05   1.9743273e-05   1.8759009e-05   6.4850356e-06   5.2302212e-08   1.1780322e-05   9.0607800e-06   1.8961458e-06   6.8132804e-06   4.0137443e-06   1.8935089e-07   8.8045329e-07   1.7200000e-06   3.8769900e-07  -4.8465715e-08  -3.8376265e-07   6.6610454e-07  -2.6489496e-07   2.3853354e-07   1.1206133e-06   6.9556444e-07
  -0.0000000e+00  -1.6089955e-04   2.4792926e-05   2.0993995e-05   1.6941962e-05  -2.7965073e-06   1.1400773e-05   9.3738399e-06   7.8212433e-06   6.5062241e-06   4.8058212e-07   1.7455581e-06   2.1193453e-06   2.5286361e-06   1.0665224e-06   1.9282101e-07   1.0290277e-06  -4.1102484e-07   1.0972889e-06   5.1805227e-07   8.4816259e-07  -1.0205547e-06   1.1030751e-06
  -0.0000000e+00  -1.5583627e-04   2.4012217e-05   2.7063938e-05   1.4231913e-05   6.1328200e-07   3.0977974e-06   1.1207112e-05   1.0085701e-05   4.3807822e-06   3.5747025e-06   2.9814803e-06   4.4471918e-07   9.6173892e-07   2.6521634e-06   3.5303865e-06  -4.4659885e-09  -1.3464872e-06   7.4912970e-07   1.7266699e-06  -1.0831818e-06   5.7500495e-07   8.2568803e-08
  -0.0000000e+00  -1.6793281e-04   3.1691518e-05   1.9282834e-05   2.3334223e-05  -2.9003115e-06   8.1050757e-06   1.0339386e-05   8.5503834e-06   2.6744356e-06   3.7351849e-06  -1.0362363e-06   1.7685464e-06   2.0954224e-06   1.6093194e-06  -9.0946867e-07   2.1570591e-07   9.6304359e-07  -7.9755330e-07  -1.6492849e-06   4.8078141e-07  -3.3692078e-07   3.0739261e-07
  -0.0000000e+00  -1.5187163e-04   1.9500723e-05   1.8942370e-05   1.3891569e-05   3.0165806e-06   4.7354356e-06   1.3000540e-05   8.7000253e-06   4.9962696e-06  -6.2309010e-07   2.3488451e-06  -4.2579696e-08   1.9064024e-06   1.4584487e-06   2.6637545e-07   1.9419979e-06   1.9538354e-06  -6.6703291e-07   2.2172962e-06   1.2392799e-07   1.9133304e-07   1.2139665e-06
  -0.0000000e+00  -1.6754065e-04   2.9366038e-05   2.4904912e-05   1.4476096e-05   4.6177769e-07   5.5123282e-06   1.1834927e-05   6.9613116e-06   4.6997880e-06   5.3315853e-06   1.9758825e-06   1.9435049e-06   2.2213669e-06  -7.1981390e-07   2.7256779e-06   7.6086280e-07  -2.1653777e-06   2.7717583e-06   1.4167573e-07   6.2422248e-07  -1.7395750e-07   5.1646549e-07
  -0.0000000e+00  -1.5861627e-04   2.5423791e-05   2.2991864e-05   1.7493532e-05  -2.5158527e-06   8.5139400e-06   1.2898596e-05   7.6094834e-06   5.9211934e-06   1.6268700e-06   4.1396092e-06   1.2900551e-06   1.5895133e-06   1.0414332e-06   1.0021938e-06  -1.0197538e-06   5.4815041e-07  -9.6784554e-08   2.2920000e-07   4.0468584e-07   1.2454303e-06   8.6617905e-07
  -0.0000000e+00  -1.5957002e-04   2.5368112e-05   1.3332680e-05   2.1640837e-05   1.1606509e-06   2.2283107e-06   9.9901499e-06   1.1057183e-05   3.6601759e-06   3.1012721e-06   3.0046890e-06   2.2805207e-06   2.5786846e-06  -1.4868006e-06   1.5552820e-07  -8.5630596e-08   7.1245313e-07   1.8165152e-06  -4.3738817e-07   1.5982592e-06   1.1102354e-06  -5.9355318e-07
  -0.0000000e+00  -1.5968572e-04   2.4790921e-05   2.6598647e-05   1.1082612e-05   1.4866100e-06   3.5062596e-06   1.3681414e-05   8.1279095e-06   3.6276690e-06   3.8454859e-06   6.1482206e-07   3.1120858e-06   1.9737793e-06  -1.3779122e-07   3.4367025e-07   1.9223496e-06   7.0564204e-07  -1.9734055e-07  -3.6547453e-07  -6.5428486e-07  -4.7592803e-07  -5.6343083e-07
  -0.0000000e+00  -1.6265239e-04   2.7258298e-05   1.9757405e-05   1.8465573e-05  -2.4445405e-06   1.1932301e-05   9.0036692e-06   9.4622237e-06   4.1015296e-06   4.0660389e-06   3.2251098e-06   4.5102877e-07  -2.0265078e-07   1.9406846e-06   1.7874764e-06   3.1701228e-07  -1.1064060e-06   3.1879836e-07   7.8129847e-07  -1.2743609e-06   4.9501551e-07  -2.5313105e-07
  -0.0000000e+00  -1.5888258e-04   2.2344504e-05   2.2260072e-05   1.4102092e-05   1.1463493e-06   5.8882438e-07   1.4258253e-05   5.2918977e-06   5.7309735e-06   3.5807429e-06   1.2942755e-06   2.0805091e-06   1.5554044e-06  -7.0220653e-07  -1.4096257e-07   1.1206530e-07   1.2930036e-06   1.0355494e-06  -5.1332859e-07   1.9109300e-06   1.5803828e-06   4.2167557e-07
  -0.0000000e+00  -1.5973246e-04   3.1773037e-05   1.4436433e-05   2.3280923e-05  -1.9384470e-06   8.2124825e-06   1.1754894e-05   1.0547996e-05   6.0730936e-06   2.4943677e-06   2.2748193e-06   1.2416591e-06  -1.7624933e-06   3.1185471e-06   4.3205466e-07   2.4730463e-07   1.4443526e-06  -1.2757224e-06  -1.8322092e-07  -4.8120995e-07   3.6922424e-07  -6.5790408e-07
  -0.0000000e+00  -1.5836420e-04   1.8630615e-05   2.8701581e-05   1.2401839e-05   1.9659594e-06   7.3203910e-07   1.2512740e-05   6.6553484e-06   3.7615825e-06   4.1231465e-06  -9.8780902e-07   2.8701343e-06   3.2959310e-06  -5.5303934e-07   1.0344828e-06  -9.2514028e-07  -5.6505149e-07   1.3891899e-06   9.8377598e-07   2.1921730e-07   1.3337468e-06  -5.5982298e-08
  -0.0000000e+00  -1.6489089e-04   2.9213430e-05   1.9616662e-05   1.5206137e-05  -2.8353975e-06   9.8896617e-06   1.1247311e-05   1.0455482e-05   5.5932719e-06   1.9129172e-06   3.8579146e-06   7.3912258e-07  -7.8379742e-07   2.6576736e-06   8.1530743e-07   2.1216417e-06   3.7263715e-07  -1.4493347e-07   1.0050838e-06   1.5174523e-07  -1.7247187e-06   5.7658423e-07
  -0.0000000e+00  -1.5361246e-04   2.4977975e-05   2.0815578e-05   2.3142096e-05  -4.5969401e-07   5.3906065e-06   1.2328028e-05   6.0607435e-06   5.4826796e-06   8.1014355e-07   5.2886566e-07   2.7593858e-06   2.1967603e-06   7.5645579e-07   5.4063207e-07  -1.1392643e-06   1.6224578e-06   2.1510773e-06  -1.7175262e-06   3.8104042e-07   7.9427429e-07  -6.3247205e-07
  -0.0000000e+00  -1.6547171e-04   3.0426399e-05   1.7179917e-05   1.5874604e-05   2.3361347e-06   3.9478214e-06   1.0642105e-05   1.2150532e-05   3.3941965e-06   4.1865219e-06   1.7341721e-06   1.1372646e-06  -1.4231446e-07   5.9956460e-07   1.1628150e-06   1.5559366e-06   1.0921894e-06  -1.0116358e-06   1.1463053e-06   7.9011090e-07  -1.0617955e-08  -1.8372642e-08
  -0.0000000e+00  -1.6008984e-04   2.0634867e-05   2.4211475e-05   1.4523091e-05  -5.8057702e-07   5.3371682e-06   1.5486563e-05   4.5358438e-06   4.6664281e-06   9.5868882e-07   7.6664969e-07   2.1822275e-06   7.1153408e-07   5.7338332e-07   1.4836584e-06  -6.7300510e-07   2.7773619e-06   8.2067061e-07   1.1780512e-06   3.4441490e-07  -3.7698138e-07   9.1825592e-07
  -0.0000000e+00  -1.5827072e-04   2.7875547e-05   2.1069240e-05   1.8404995e-05   1.3716335e-06   7.3419224e-06   8.6951104e-06   1.1484992e-05   4.0507921e-06   7.2049806e-06   1.0808686e-06  -1.7671293e-07   1.2252103e-06   2.1487185e-06   1.9021429e-06   1.9473243e-06  -2.5920140e-06  -4.9890917e-07   2.2747270e-06   2.1026216e-07  -1.0663346e-07  -1.2696206e-06
  -0.0000000e+00  -1.6068023e-04   2.3196353e-05   2.0312214e-05   1.4720802e-05   2.2983433e-07   3.4032637e-06   1.3858464e-05   5.8824421e-06   6.0195343e-06  -5.8922669e-08   4.3610939e-06   1.1100526e-06   2.7935514e-06  -5.0283518e-07   6.0513815e-07   6.4278373e-07   9.7565146e-07   5.9544340e-07   1.2285124e-06   1.2700979e-06  -1.9684209e-07  -1.2792728e-07
  -0.0000000e+00  -1.6376257e-04   2.8334751e-05   1.6899061e-05   2.0445474e-05  -5.0005690e-07   8.8488687e-06   1.4767743e-05   9.8929831e-06   5.6117747e-06   4.6024097e-06   4.6131456e-07   1.3558429e-06   1.4182270e-06   1.7047671e-06   1.2273903e-06   2.8641768e-06  -1.9198708e-07   1.0276374e-06   1.5982816e-06   1.0532293e-06   8.3646620e-07  -5.1672527e-07
  -0.0000000e+00  -1.6042187e-04   2.3886330e-05   2.9096653e-05   1.0105806e-05   2.8093464e-06   6.6411549e-06   9.7436432e-06   6.8362374e-06   4.7294757e-06   3.8308335e-07   3.4821187e-06   6.1754514e-07   7.9239004e-07  -1.4665985e-06  -3.7178363e-08   2.0890192e-07   1.3523684e-06   4.2683675e-07  -1.7966818e-07  -3.9478590e-07  -1.6662844e-07   4.3601437e-07
  -0.0000000e+00  -1.5897724e-04   2.4734542e-05   1.4146495e-05   2.3015647e-05  -3.3412512e-06   5.7519414e-06   1.5262436e-05   1.0490839e-05   1.9801639e-06   3.8701892e-06   1.4136698e-06   2.2256446e-08   1.5755061e-06   1.8405617e-06   6.1305218e-07   6.4154455e-07   1.6344031e-06  -8.5029136e-08  -1.0982368e-06  -8.6361024e-07   7.5217582e-07  -9.8033581e-07
  -0.0000000e+00  -1.5817501e-04   2.6189024e-05   2.1617449e-05   1.2253727e-05  -3.5769099e-07   6.1037617e-06   1.0180830e-05   6.9729390e-06   3.3815488e-06   1.9834245e-06   3.0015842e-06   5.4206527e-07   3.2761550e-06  -2.4086447e-07   1.3704171e-06   7.9966088e-07   1.6858040e-06  -7.8244665e-07   4.4027655e-07   4.9898085e-07  -2.7003084e-08   1.6005457e-06
  -0.0000000e+00  -1.6834392e-04   2.6923568e-05   2.1527427e-05   1.9606136e-05  -1.0689938e-06   8.5679985e-06   9.2227483e-06   8.6777809e-06   6.1656997e-06   4.4016260e-06  -1.4520127e-07   3.7149634e-06  -1.7454032e-07   1.8429475e-06   1.8928260e-06  -1.4269811e-07  -1.6087412e-06   1.0007930e-06  -3.1865266e-08   1.2147217e-06   1.0827023e-06  -1.0035560e-06
  -0.0000000e+00  -1.5380506e-04   2.3419694e-05   1.9014236e-05   1.1664723e-05   1.9141521e-06   4.6151458e-06   1.4742045e-05   6.6813450e-06   8.2863826e-06  -7.8622429e-07   3.0395588e-06   4.7520061e-07   2.5295826e-06  -5.9233724e-07   1.3473824e-06   2.9230378e-07   1.4347906e-06   1.2715614e-06   9.1559230e-07  -3.2636859e-07  -8.2010729e-07  -4.2084847e-07
  -0.0000000e+00  -1.6605447e-04   2.4461908e-05   2.4598796e-05   1.9501400e-05  -4.0705131e-06   8.6616674e-06   1.1507032e-05   9.2689197e-06   2.3808575e-06   6.5915151e-06   2.2864879e-06   1.3107207e-06  -1.1836746e-06   9.1510924e-07   1.8404553e-06   7.4805348e-07  -1.4564724e-06   6.7873054e-07   1.0044846e-06   1.9068000e-07   1.4457547e-06  -3.7983583e-07
  -0.0000000e+00  -1.5488677e-04   2.7627339e-05   1.7495997e-05   1.7662924e-05   4.9048472e-06   2.8141262e-06   1.4908308e-05   8.4404746e-06   3.4032989e-06   3.0333615e-06   1.8917649e-06   1.1982129e-06   3.1818033e-06   4.7834885e-07  -2.4006235e-07  -9.9662702e-07   2.0088119e-06   1.4863992e-06   7.4578702e-07   1.1610807e-06  -1.0830727e-06  -2.4256437e-07
  -0.0000000e+00  -1.6883753e-04   2.3346684e-05   2.0619673e-05   1.8875000e-05  -4.9162431e-06   1.1131601e-05   8.1365406e-06   9.9634390e-06   5.0114450e-06   5.3385106e-06   5.0088391e-07   1.8410399e-06   2.8730694e-06   1.8906353e-06   1.6472715e-06   1.2385295e-06  -5.4282673e-08   1.0199974e-06  -3.8652567e-07   4.5798487e-07   1.6723201e-06   9.3452655e-07
  -0.0000000e+00  -1.5317368e-04   2.3011547e-05   2.2005217e-05   1.4512440e-05   6.6700586e-06   1.8269557e-06   1.4719477e-05   8.1114385e-06   4.4694025e-06   1.1607767e-06   2.7305282e-06  -5.2485206e-07   2.3244618e-07   1.8869778e-06   6.4346216e-07   1.4782159e-06   1.9600282e-06  -5.3838039e-07  -9.4208428e-07  -9.7355792e-07  -6.4520543e-07   2.4032227e-07
  -0.0000000e+00  -1.6544978e-04   2.9140108e-05   1.9572293e-05   1.9656616e-05  -4.2968136e-06   4.8881057e-06   1.3080746e-05   8.3133209e-06   5.1895918e-06   2.9977275e-06   5.9179314e-07   1.5415202e-06   7.5565191e-07   1.4301056e-06   1.9147278e-06   6.7720919e-07   4.1880494e-07   5.8446079e-07   3.7362432e-07  -1.1302766e-06   9.8646797e-07   3.1307005e-07
  -0.0000000e+00  -1.5826474e-04   2.4196670e-05   2.0785556e-05   1.2682084e-05   1.7600737e-06   6.4378642e-06   8.8787720e-06   8.6036925e-06   5.1322586e-06   6.1702065e-07   3.6864460e-06  -1.8485503e-07   2.2138395e-06   1.2773695e-06   2.0200844e-06   9.1039419e-07  -5.1295325e-07  -1.2821760e-06  -8.5543013e-07   1.8544314e-06   6.1720408e-07   1.5943543e-06
  -0.0000000e+00  -1.5960794e-04   2.6663169e-05   1.8647757e-05   2.1886855e-05  -3.3060717e-06   7.5973217e-06   1.4353161e-05   1.1766649e-05   2.0323048e-06   3.9140477e-06  -1.0822275e-06   4.0921946e-06   8.1940101e-08   2.3002160e-06   1.9081590e-07  -9.2995003e-07   1.0722838e-06  -3.1872295e-07   6.3965689e-07   6.3848864e-07  -2.1119143e-07   1.8711843e-06
  -0.0000000e+00  -1.5870767e-04   2.2890434e-05   2.5642892e-05   1.3020808e-05   3.1435709e-06   2.9552582e-06   1.1057969e-05   7.2278972e-06   6.0726575e-06   1.2202767e-06   4.3597620e-06   2.0864501e-07   1.8565978e-06   8.2458001e-07   7.0733336e-07   1.9831605e-06   5.3756440e-07   2.5094411e-07  -1.4054301e-07  -2.3434521e-07   2.6086929e-07   5.0970021e-07
  -0.0000000e+00  -1.6459763e-04   2.7568914e-05   1.6038894e-05   2.0828391e-05   4.5772401e-07   8.5957827e-06   1.3816866e-05   9.8557102e-06   4.2845936e-06   2.7884278e-06   1.2589658e-06  -6.1142549e-07   2.2659076e-08   1.0562942e-07   6.0469250e-07   5.4775676e-08   1.9453885e-06   1.8647378e-07  -1.6332749e-06  -4.3779772e-07   9.8566431e-07  -1.2792875e-06
  -0.0000000e+00  -1.5877861e-04   2.4049274e-05   2.5124809e-05   1.3892206e-05   5.6858465e-07   5.8399537e-06   1.3256054e-05   8.2909310e-06   4.4667781e-06   1.3677029e-06   1.3484220e-06   1.1485572e-06  -5.2695622e-08   2.5456866e-06  -7.2034260e-07   2.7892978e-07   1.1586865e-06   7.5590299e-07   3.0960791e-07   3.7382392e-07   3.0075691e-07   8.0102649e-07
  -0.0000000e+00  -1.6137096e-04   2.5999108e-05   1.9225337e-05   1.5435975e-05  -9.1438233e-07   6.8761019e-06   8.8720935e-06   1.1429499e-05   4.2748393e-06   5.1141369e-06   1.0524814e-06  -6.9047005e-08   1.5730302e-06   9.1297795e-07   2.6340308e-06   9.9793158e-07  -8.0224947e-07   2.0129969e-06   9.0325494e-07  -1.3035083e-07  -4.6991383e-07   3.4746381e-07
  -0.0000000e+00  -1.5762766e-04   1.9181398e-05   2.2661821e-05   1.6120865e-05   2.5156990e-06   4.8837883e-06   1.4778693e-05   6.6276175e-06   5.1131447e-06   4.7265598e-06   1.1823877e-06   3.8935241e-06   2.6456512e-06   1.1013152e-06  -1.4060130e-06   1.1021945e-06   1.9385463e-07  -5.5351580e-07   1.0068633e-06   1.3746804e-06   3.3200902e-07  -2.2413642e-08
  -0.0000000e+00  -1.6356433e-04   3.0333804e-05   1.8878385e-05   1.9056917e-05   3.2980759e-07   2.3856687e-06   1.1427134e-05   1.1207545e-05   4.3769314e-06   2.0328100e-06   1.1077644e-06   4.6236372e-07   9.5761777e-07   1.8981405e-06   1.0467144e-06  -7.8043378e-08   8.6757814e-07   1.6048776e-06  -1.5256036e-06   4.4925468e-08   1.1866541e-06   1.1377177e-07
  -0.0000000e+00  -1.5695268e-04   2.5642123e-05   2.3096793e-05   1.5011386e-05  -5.0584450e-08   6.8540289e-06   1.7254597e-05   5.7291718e-06   5.9603153e-06   1.8082746e-06   9.0015106e-07   1.2927250e-06   2.1834423e-06   1.0742372e-06   2.9505422e-06  -5.4584746e-07   4.0600875e-07   2.8243281e-07  -1.5961467e-06  -3.4668187e-07   1.7054838e-06   4.6721874e-07
  -0.0000000e+00  -1.6181682e-04   2.6594329e-05   2.0221934e-05   1.7286824e-05   1.2278332e-06   7.5182561e-06   9.4555417e-06   1.0175429e-05   5.6182289e-06   4.8731467e-06   2.1325295e-06   9.3355148e-08   4.0616285e-08   2.1118444e-06  -1.4987559e-07   1.2249868e-06   1.7285107e-07  -1.4757527e-06   1.2907649e-06   1.2824037e-06  -1.3166276e-06   1.5225495e-06
  -0.0000000e+00  -1.5886760e-04   2.1399797e-05   2.1708483e-05   1.8203686e-05   7.6698757e-07   3.7068703e-06   1.4067466e-05   8.1256303e-06   1.8309305e-06   2.5911429e-06   3.4071468e-06   1.2718220e-06   2.3913526e-06   7.7869407e-07   2.3165851e-06   1.0498032e-07   1.1989439e-06   1.9075333e-06  -4.2555206e-07  -1.0990447e-06   4.6858935e-07  -1.2194913e-07
  -0.0000000e+00  -1.6065106e-04   3.0375013e-05   2.1214018e-05   1.6114527e-05   1.0477393e-06   7.0232622e-06   1.0320620e-05   1.0130927e-05   6.2768599e-06   2.7551334e-06   1.8023288e-06   2.0629589e-06   4.4715944e-07   1.2901809e-06   1.4224740e-06   5.8637858e-07   1.3000374e-07  -9.2648793e-07   6.3796494e-07   1.5089933e-06   5.9242342e-07   1.2808541e-06
  -0.0000000e+00  -1.6111913e-04   2.1592683e-05   2.2812315e-05   1.5038995e-05   6.4780869e-07   4.4348676e-06   1.3647605e-05   6.5796007e-06   3.9174915e-06   2.9365956e-06   1.3219947e-06   1.5445657e-06   2.0558823e-06  -1.5562117e-07   1.2724998e-06  -1.7727420e-08  -1.2749633e-06   8.9884185e-07   2.5585628e-08   4.0908466e-07  -1.3212355e-06  -9.7557631e-07
  -0.0000000e+00  -1.6005994e-04   2.7987275e-05   1.8408702e-05   1.8367940e-05  -5.5573543e-07   5.5691808e-06   1.0676209e-05   8.2898932e-06   7.1803029e-06   2.9162375e-06  -1.7803228e-07   2.4634714e-06   1.8651780e-06   3.2111834e-06   2.3591970e-07   9.0920867e-07   8.6291351e-07  -4.0320609e-07  -2.2609476e-07   1.2477529e-06  -2.1589000e-07  -7.3356841e-07
