  -0.0000000e+00  -1.7101795e-04   2.1865484e-05   2.5581847e-05   1.7719283e-05  -4.7405308e-07   4.9399882e-06   1.3935237e-05   1.0503967e-05   4.5821084e-06   4.0249502e-06   4.5788461e-06   5.0035936e-07   5.3458194e-07  -1.3099772e-06   2.2417753e-06   1.3795792e-06   9.2459175e-07   7.9005207e-07   1.6410734e-06  -8.1760982e-07  -7.4744617e-07  -1.7960600e-07
  -0.0000000e+00  -1.6739930e-04   2.2270118e-05   1.5471813e-05   1.6680560e-05  -1.3237469e-07   8.1649605e-06   1.1803339e-05   1.2150358e-05   3.5026276e-06   3.0205579e-06   1.1771413e-06   1.6553828e-07   1.7436308e-06   2.5221211e-06  -1.5078655e-06   3.8724293e-06  -3.1415206e-07   1.6829940e-06  -7.7414306e-08  -8.2571830e-07   9.7841007e-07   7.7193994e-07
  -0.0000000e+00  -1.6743425e-04   2.0481435e-05   2.5772537e-05   1.7786964e-05   2.4346585e-07   8.2475544e-06   1.2244567e-05   6.0688108e-06   7.3251535e-06   4.1945987e-06   1.5607848e-06   2.5311401e-06   4.2120115e-07   1.8168317e-06   2.5219135e-06  -6.1028015e-07  -1.4485759e-06  -2.1583436e-07   8.3132585e-07   1.0863761e-06   6.7419489e-07  -4.4123300e-07
  -0.0000000e+00  -1.6949639e-04   2.6959418e-05   1.6734080e-05   1.9503603e-05  -1.3511531e-06   4.5823463e-06   1.4823897e-05   9.4106354e-06   4.3602226e-06   1.3190433e-06   2.4204805e-06   3.0502035e-06   1.6177476e-06   3.0749836e-06   7.9262361e-07   1.1636840e-06   1.2826449e-06   3.3329525e-06  -7.5722630e-07   7.0378877e-07   1.8640156e-07   3.7342707e-07
  -0.0000000e+00  -1.7179934e-04   1.8921999e-05   1.9380434e-05   1.6603291e-05  -1.3267555e-06   5.8137762e-06   1.6128657e-05   1.2063010e-05   5.8065220e-06   4.2813285e-06   2.6897847e-06   1.7200450e-06   8.8645884e-08   9.6097108e-07   2.6097857e-06  -2.8345127e-07  -3.4793752e-07  -1.3115229e-06   7.1790055e-07   1.1579315e-06   3.6491684e-07  -1.1747973e-06
  -0.0000000e+00  -1.6698353e-04   2.4757104e-05   2.1903939e-05   1.8736288e-05   3.0487174e-06   6.0764301e-06   1.0614111e-05   9.9610434e-06   2.4432150e-06   3.0063882e-06   1.7091065e-06   3.5902760e-06   2.6430382e-06  -1.0774763e-06   1.2615129e-06   2.7453182e-06   1.8424831e-07   5.1595936e-07   4.1011336e-07   1.2018088e-06  -1.0438991e-07   1.4717540e-06
  -0.0000000e+00  -1.6488991e-04   1.8209284e-05   2.1473463e-05   1.6275284e-05  -3.3934821e-06   1.0491467e-05   1.5671938e-05   1.1396412e-05   8.2103152e-06   1.7409060e-06   1.6277902e-06   3.8036660e-07   1.3033203e-06   1.9363308e-06   3.4167326e-06  -9.0636325e-07   6.2811188e-07  -4.5191683e-07   9.9780118e-07   5.9693588e-07   5.4505125e-07   1.0368858e-06
  -0.0000000e+00  -1.7397637e-04   2.1715085e-05   1.8115357e-05   1.7066268e-05  -2.3539806e-06   2.3536231e-06   1.3564076e-05   7.1310315e-06   3.8884382e-06   2.6914995e-06   2.1719607e-06   3.1627810e-06   1.4833955e-06   1.9912493e-06   1.0106677e-06   8.0356244e-07   1.1578300e-06  -4.1542876e-07   1.1451000e-06   8.8402902e-07   4.5626146e-07  -1.5628588e-06
  -0.0000000e+00  -1.6744154e-04   2.4755398e-05   2.2791448e-05   1.5929825e-05   4.8246370e-06   6.5231202e-06   1.6434566e-05   1.2400340e-05   5.0428575e-06   4.4472522e-06   1.8797365e-06  -1.3478965e-06   1.2886205e-06   1.2423523e-06   1.4678496e-06  -2.7541441e-07  -1.3163236e-08   5.2358359e-07  -2.0318805e-06   5.4527482e-07  -1.0405217e-06  -1.9437434e-07
  -0.0000000e+00  -1.7210092e-04   1.9463858e-05   2.0241716e-05   1.6807533e-05  -5.3441286e-06   7.3146712e-06   1.2015543e-05   7.7618552e-06   6.8372187e-06   4.0698023e-06   1.4073738e-06   4.4315384e-06  -3.0308692e-07   1.1739056e-06   1.9556237e-06   1.5309126e-06  -7.9988371e-07  -8.4021724e-07   1.4498206e-06   1.8526725e-06  -1.2599729e-06  -1.0982400e-06
  -0.0000000e+00  -1.6457224e-04   2.1572343e-05   1.6197262e-05   1.9204112e-05   3.7494283e-07   4.6351006e-06   1.5004992e-05   1.2429455e-05   1.6151159e-06   4.5917418e-06   2.7557880e-06  -1.1839981e-06   7.7459737e-07   1.2164628e-06  -4.0508414e-07   8.6667632e-07   6.7004578e-07   1.5686879e-06   1.5645038e-06   1.9465993e-07   1.4360164e-06   6.3910073e-07
  -0.0000000e+00  -1.7082001e-04   2.1284608e-05   1.9791685e-05   1.9082256e-05  -2.9460489e-06   7.1809445e-06   1.7836972e-05   8.6231457e-06   8.8021980e-06   4.6260016e-06   2.3622106e-06   1.1721309e-06   2.6465291e-06   1.5299180e-06   3.3235253e-08   1.4017809e-07   4.9319306e-07   2.7234430e-06   3.6518907e-07   8.0596681e-07   1.6546987e-06   1.5012758e-06
  -0.0000000e+00  -1.6989495e-04   2.5331448e-05   1.9638030e-05   1.5945665e-05   2.0123175e-06   3.0033118e-06   1.1552271e-05   7.9766587e-06   4.8131410e-06   3.0304748e-06   1.6153641e-06   3.4887978e-06   2.2033805e-06   1.8274148e-06   1.3849232e-06   5.0062573e-07   5.1493345e-07  -1.6277285e-06   1.3885690e-06  -1.2873537e-06   5.2164052e-07  -1.2143910e-06
  -0.0000000e+00  -1.7298307e-04   1.6598357e-05   2.4859903e-05   1.5948192e-05   2.0432376e-06   1.0953661e-05   1.5699030e-05   1.2273615e-05   7.1908230e-06   2.0947698e-06   1.5261456e-06   2.3463444e-06   2.4069325e-06   1.2869742e-06   1.9745169e-06  -2.8840384e-07   5.5088333e-07   2.1925775e-06   7.2458050e-08   8.5338735e-07   4.0143030e-07   4.5958072e-07
  -0.0000000e+00  -1.6205774e-04   2.2508644e-05   1.7150332e-05   1.8767765e-05  -1.1360748e-06   5.1242259e-06   9.7217899e-06   8.0611217e-06   1.7517148e-06   5.1998218e-06   2.9094335e-06   1.6072916e-07   9.7254554e-07   1.3462894e-06   4.3040398e-08   4.6268516e-07   1.0553799e-06  -1.6842152e-06  -5.5536657e-07  -1.9322381e-06   8.0265312e-07   9.6493409e-07
  -0.0000000e+00  -1.7350541e-04   2.5902957e-05   1.9388732e-05   2.0559035e-05  -3.1356881e-06   6.9002526e-06   1.8968381e-05   1.4821518e-05   4.7598569e-06   5.0266967e-06   2.3776274e-06  -3.3943545e-07   1.6838095e-06   9.2947164e-07   3.7236143e-06   2.0786576e-06  -7.8533878e-07  -7.4868967e-07   7.9640341e-07   3.4932195e-06  -1.3775402e-06  -1.2802604e-07
  -0.0000000e+00  -1.6825022e-04   1.8596815e-05   2.2331422e-05   1.6773862e-05   2.4857143e-06   7.7488648e-06   1.2512302e-05   4.8147731e-06   5.6637123e-06   1.8748525e-06   4.4159292e-06   1.8877603e-06   6.6136937e-07   2.0724685e-06  -2.8019045e-07  -8.4442615e-07   1.3591493e-06   1.6634452e-06   2.0374473e-06  -1.9132240e-06   2.1841441e-07   1.5638594e-06
  -0.0000000e+00  -1.6729988e-04   2.0891503e-05   2.0901776e-05   1.9867522e-05  -8.7035971e-07   6.3633970e-06   1.6530214e-05   7.7014756e-06   7.5382659e-06   4.7520416e-06   9.6342080e-07  -8.7150551e-07   1.1557612e-06   2.9818541e-06   5.1931630e-07   1.9586933e-07  -1.3291681e-06   2.2477507e-06   4.7742157e-07   4.6164803e-07  -1.0258259e-06   1.3024575e-07
  -0.0000000e+00  -1.6647110e-04   1.9721878e-05   2.3764889e-05   1.7659433e-05  -2.9690555e-06   1.0240304e-05   1.4810148e-05   9.4326670e-06   7.7601840e-07   2.7112485e-06   1.7656846e-06   3.2336789e-06   7.1803487e-07   2.3789398e-06  -8.7089512e-07   3.2164671e-08   1.6227036e-06  -2.7906515e-07   1.3554560e-06  -7.7315519e-07   1.2446257e-06   5.9655383e-07
  -0.0000000e+00  -1.7298086e-04   2.9475348e-05   1.5038320e-05   2.1092474e-05  -1.2988737e-07   5.1308270e-06   1.0147339e-05   1.2896826e-05   6.0476891e-06   5.7643338e-06   2.8557829e-06  -2.4114072e-06   2.0671057e-06   7.0902161e-07   9.5199169e-07   6.7774448e-07  -1.5889668e-07   2.5092149e-07   9.8251064e-07   7.2516713e-07   5.3855535e-07  -1.1239443e-06
  -0.0000000e+00  -1.6928265e-04   1.8416886e-05   2.5114781e-05   1.6863603e-05   4.9548635e-07   8.6444616e-06   1.3986903e-05   9.8262553e-06   3.8721255e-06   1.4444058e-06  -1.1564811e-06   3.2753446e-06   2.0693733e-06   2.2654776e-06  -2.0719540e-07  -1.1545369e-06  -8.6275776e-07  -1.9110543e-07  -4.3751303e-08   2.2023852e-07   4.2287431e-07   2.3141620e-06
  -0.0000000e+00  -1.6389105e-04   1.7691236e-05   2.0783831e-05   1.6718461e-05  -1.0133175e-06   7.3920955e-06   1.7175629e-05   1.0684090e-05   5.1897227e-06   3.0046526e-06   4.4206499e-06   1.6689312e-06   4.6560473e-07   2.5969721e-06   2.0214586e-06   2.2582067e-06   1.2742207e-06  -1.7032675e-06  -4.6815470e-07   1.6689561e-06   5.9661363e-07   5.7516793e-08
  -0.0000000e+00  -1.7410015e-04   2.5813848e-05   1.9438621e-05   1.8090162e-05   1.4820566e-07   6.3590846e-06   1.1201639e-05   6.9848343e-06   6.2289746e-06   3.1099783e-06   2.4410774e-06   7.4097011e-07   7.4647295e-07   2.0390253e-06  -1.1321769e-07  -1.4606119e-06   1.9135221e-06  -2.5381027e-07  -2.8204568e-07   5.8671296e-10   1.1639817e-06   1.2314417e-06
  -0.0000000e+00  -1.6843404e-04   2.4970641e-05   1.9129373e-05   1.8134799e-05  -3.3092554e-06   9.6884196e-06   1.5811589e-05   1.2310658e-05   3.1772681e-06   4.1825551e-06   2.5250125e-07   2.0212553e-06   2.1975211e-06   7.3286181e-08   2.1534706e-06  -9.7778184e-08  -1.8650819e-07   5.6142397e-07   1.3858163e-06   3.0704082e-06   6.4136538e-07  -2.1786298e-07
  -0.0000000e+00  -1.6155333e-04   1.9121675e-05   1.9238800e-05   1.5392925e-05   7.5159204e-07   5.5639853e-06   1.1935766e-05   1.0246856e-05   4.9641203e-06   4.6363866e-06   2.0304371e-07   9.0112434e-07   2.2114916e-06   1.9595286e-06   3.1748650e-07   1.2197755e-06   9.4824173e-07   5.4304928e-07   9.8839791e-07   3.5227552e-07  -8.9635387e-07   1.9102538e-07
  -0.0000000e+00  -1.7443392e-04   1.7696617e-05   2.4584999e-05   1.9247806e-05  -7.5002828e-07   7.1507925e-06   1.3094465e-05   9.0058402e-06   6.4040182e-06   4.3357404e-06   4.1742128e-06   1.4790839e-06   2.2302602e-06   2.9038167e-06   2.4945637e-06  -3.1952129e-07  -4.1854432e-07  -8.8448282e-08   1.7706338e-06  -8.1968068e-07   1.7252240e-06   6.6542765e-07
  -0.0000000e+00  -1.6834642e-04   2.5630869e-05   1.7602082e-05   1.6770111e-05   3.2702251e-06   5.4553925e-06   1.3519748e-05   1.1290640e-05   3.7333978e-06   1.7583097e-06   3.5303158e-06   7.2167859e-07   1.7490340e-06   2.6167331e-06  -7.0575169e-07   1.4451562e-06   1.8967307e-06   8.8373667e-07   1.8939101e-08   2.7878428e-07  -3.0619435e-07  -1.7264969e-06
  -0.0000000e+00  -1.7085856e-04   2.3798633e-05   1.9451461e-05   1.9539695e-05  -5.2243372e-06   8.6352820e-06   1.5478976e-05   8.1581966e-06   7.4795798e-06   2.8691745e-06   1.4467988e-06   5.9835332e-07  -5.6999988e-07   1.4795413e-06   2.6595600e-07   1.8478316e-06  -4.9843874e-07   1.0815100e-06   1.0234451e-06  -8.2384236e-07   1.8118718e-06  -4.9382442e-07
  -0.0000000e+00  -1.6331457e-04   1.7827108e-05   2.2670867e-05   1.7264561e-05   1.1314796e-06   4.7925864e-06   1.2097768e-05   1.2110566e-05   1.8747435e-06   4.7847616e-06   4.9336865e-07   2.4618336e-08   3.8941075e-06  -2.2690198e-08   2.0301496e-07  -5.6611316e-07  -5.1449348e-07   1.5154377e-06   1.1345592e-06   1.0069209e-06  -1.5351491e-06   1.4854739e-06
  -0.0000000e+00  -1.7342725e-04   1.7296510e-05   2.3270390e-05   1.9491195e-05  -2.5637953e-06   8.1051530e-06   1.4208339e-05   1.0249691e-05   7.1154163e-06   5.4347470e-06   4.5520747e-07   2.4531607e-06   2.7152646e-07   1.5144433e-06   2.9582450e-06   4.8278093e-07  -4.4410285e-07   1.0553978e-06  -7.9831290e-07   1.3802767e-06   1.0143264e-06   3.8571426e-07
  -0.0000000e+00  -1.6948409e-04   3.0959436e-05   1.4417366e-05   1.6180897e-05   1.2253877e-06   5.6805884e-06   1.2587879e-05   7.5978533e-06   4.8283227e-06   1.8063474e-06   4.4366157e-06   2.5112394e-07  -8.2748880e-07   1.7166229e-06   1.9767704e-07   5.9011353e-07   8.5836666e-07  -5.6426069e-07  -9.1588379e-07  -4.3788432e-07  -1.6209335e-06   2.2439492e-06
  -0.0000000e+00  -1.6574966e-04   1.8047818e-05   2.0927484e-05   1.8072582e-05  -1.0773383e-06   1.0441033e-05   1.6217962e-05   8.6485124e-06   7.3729848e-06   3.2902287e-06  -1.1147941e-07  -7.0509373e-07   4.9161031e-07   7.5745339e-07   3.6529782e-06   8.3743863e-08  -2.2452220e-07   9.2893436e-07  -2.1916161e-07   1.0351600e-06   1.1689913e-06  -1.3023365e-06
  -0.0000000e+00  -1.7077891e-04   1.9061332e-05   2.1997188e-05   1.6340509e-05  -2.5720885e-06   6.6109624e-06   1.0558154e-05   1.0717281e-05   3.4538584e-06   2.7472972e-06   4.5196393e-06   5.1670537e-07   4.1280286e-06   1.0265043e-06   7.8677419e-07   1.6357498e-06   1.0627882e-06  -1.0906423e-06   8.2480602e-07  -4.4654547e-07  -2.8872438e-07   1.9229276e-06
  -0.0000000e+00  -1.6709819e-04   2.1412246e-05   2.1737915e-05   1.7635704e-05   2.8351735e-06   7.3832830e-06   1.6253380e-05   1.1719951e-05   5.4780307e-06   5.0586550e-06   9.6840915e-07   1.5854216e-07   3.6060926e-06   1.9263441e-06   1.1433052e-06   6.6214011e-07  -9.0906411e-07   2.9041828e-06   2.1899000e-07   8.5982572e-07   1.0643579e-06   6.2570308e-07
  -0.0000000e+00  -1.6933361e-04   2.2585529e-05   1.5643784e-05   1.7640501e-05   7.7704124e-07   6.4530941e-06   1.1051108e-05   9.3080043e-06   1.9550555e-06   3.0305318e-06   4.8653283e-06   1.1670486e-06   1.2260400e-06   1.1795074e-06   2.2383961e-06   1.0179709e-06   9.6456392e-07   1.9118906e-06   8.0145662e-07  -1.5068886e-06   1.3742469e-06  -1.5862571e-07
  -0.0000000e+00  -1.7235690e-04   2.0876842e-05   2.1086076e-05   2.0185213e-05  -2.1131332e-06   5.1268480e-06   1.8604773e-05   8.8221295e-06   7.7470877e-06   3.5270459e-06   2.1617589e-06   2.8910733e-06  -7.4954613e-07   2.1171818e-06   9.6566646e-07   1.8794364e-06  -1.6509181e-06  -1.7047674e-06   3.5608539e-07   1.2188412e-06  -1.5085803e-08   1.2606995e-06
  -0.0000000e+00  -1.6674258e-04   2.0821504e-05   2.4984945e-05   1.6138545e-05  -6.0373418e-07   1.1805750e-05   1.2064895e-05   8.4534076e-06   4.7333351e-06   2.1359178e-06   2.1687310e-06  -4.9441906e-07   2.6809769e-06   1.5277807e-06   7.3979601e-07  -5.5288388e-07   1.2848668e-06   1.8144195e-06   2.9825537e-07  -1.1282176e-06  -1.0846279e-06   1.0167920e-06
  -0.0000000e+00  -1.6727079e-04   2.1865901e-05   1.8310207e-05   1.7219396e-05   1.8912605e-06   3.1664181e-06   1.2484737e-05   1.2860723e-05   4.2087122e-06   5.3862691e-06   3.7184000e-06  -1.1489077e-06  -1.0313544e-06   1.2391711e-06   8.8107747e-08   9.9819863e-07   8.7960547e-07   4.0424896e-07  -3.7702955e-07   1.9238366e-06   1.4288045e-06  -9.4673157e-07
  -0.0000000e+00  -1.7395733e-04   2.3026068e-05   1.9885956e-05   2.1108792e-05  -4.6425168e-07   5.6902109e-06   1.7567347e-05   1.1567796e-05   2.6490527e-06   1.8328158e-06   3.6914732e-06   1.6069201e-06   1.4799701e-06   1.1186622e-06   2.4081096e-06   8.0925327e-07   1.1658674e-06   1.6932996e-06  -5.0261377e-07  -1.3394553e-07   1.0452762e-06  -5.4501339e-07
  -0.0000000e+00  -1.6411963e-04   1.9326062e-05   2.2880431e-05   1.6173644e-05  -2.3759067e-06   8.4563353e-06   1.1044734e-05   9.8256860e-06   5.2726427e-06   3.8184644e-06   2.2130753e-06   1.0927361e-06   1.4394344e-06   1.0962136e-06   1.4585901e-06  -4.8842168e-07   1.1537849e-06   2.1863265e-07   1.6748924e-06   1.1254732e-06   9.1523913e-07   1.5535099e-06
  -0.0000000e+00  -1.7094005e-04   2.1793085e-05   2.1296833e-05   1.8405388e-05  -2.3282262e-06   8.3763398e-06   1.5127099e-05   8.0479804e-06   6.8340623e-06   1.6644567e-06   2.1031090e-06   1.8625755e-06   1.1233653e-06   7.4683464e-07   3.8335423e-07   8.6196195e-07   7.1451745e-07   2.2960795e-07  -1.3563354e-07   3.6957024e-07   2.6711024e-07   1.6492879e-06
  -0.0000000e+00  -1.7251587e-04   2.3306702e-05   2.2126866e-05   1.6457883e-05   5.2847058e-06   2.9164294e-06   1.3073414e-05   1.2548435e-05   4.2453385e-06   3.4477371e-06   3.5088146e-06   4.1422510e-07   1.1244556e-06   2.6713174e-06  -7.6649735e-07   1.8781133e-06   8.2933684e-07  -9.0176991e-07   3.3122535e-07  -6.8775455e-07  -7.2370773e-07   6.2487385e-07
  -0.0000000e+00  -1.6779845e-04   1.7596572e-05   1.9531659e-05   2.2275703e-05  -5.4149673e-06   4.8693082e-06   1.3275570e-05   1.0654608e-05   3.6560773e-06   4.8203997e-06   1.5913723e-06  -1.1159073e-06   4.1742132e-07   2.8984598e-06   1.3613324e-09   3.2191979e-06  -1.5974688e-07   7.2535147e-07   2.2724384e-08   2.1371079e-06  -1.0668410e-06   1.2073476e-06
  -0.0000000e+00  -1.6615397e-04   2.2763756e-05   2.0320338e-05   1.6241185e-05   6.0049894e-07   9.9604067e-06   1.5680867e-05   6.5374161e-06   5.7973498e-06   4.7133703e-06  -7.9413655e-07   4.0784798e-06   1.3716242e-06   2.8989352e-06   2.8486451e-07   6.2168891e-07   2.0195039e-06   1.5434179e-07   1.6216993e-06   1.1868636e-06   1.7858562e-06  -1.1518769e-07
  -0.0000000e+00  -1.6774655e-04   2.0319765e-05   2.2786160e-05   1.3683130e-05  -5.1063671e-07   6.2671611e-06   1.1210946e-05   1.0749175e-05   3.5872072e-06   3.8798694e-06   2.0297623e-06   2.3250511e-06   2.6216114e-06   2.3734640e-06   2.7907065e-06   6.0778089e-09   3.2831483e-07   6.9266514e-07  -2.0291370e-06   1.8935503e-06   1.9856509e-06  -1.4387032e-06
  -0.0000000e+00  -1.7191550e-04   2.1292060e-05   1.6592559e-05   2.1106031e-05  -8.7885047e-07   5.0983667e-06   1.6246191e-05   1.0711516e-05   4.3200298e-06   1.1185509e-06   4.2409529e-06   3.6746096e-07   1.7429891e-06   1.1920492e-06  -1.9159771e-08  -8.9076588e-07   1.5173873e-06   4.1648326e-07  -8.3943354e-07  -1.0391784e-06  -5.4659131e-07  -7.0748871e-07
  -0.0000000e+00  -1.6873800e-04   2.4986704e-05   2.0931140e-05   1.7755830e-05   3.3753454e-07   9.2792934e-06   1.2478649e-05   8.5149159e-06   4.4725434e-06   4.9479240e-06   1.0426850e-06   1.9739127e-07   1.5262016e-06  -1.8824137e-07  -6.2187911e-07   9.5237812e-07   1.5705600e-06  -8.7418761e-07  -3.9708249e-07   6.6385189e-07   2.4843898e-06  -1.1025254e-06
  -0.0000000e+00  -1.6433519e-04   2.1134201e-05   2.1024010e-05   1.7669769e-05  -2.9993191e-06   7.0760711e-06   1.2056677e-05   8.6377468e-06   9.2713326e-06   3.4468285e-06  -4.8890627e-07   2.3278999e-07   2.6171488e-06   1.6044056e-06   2.7429217e-06  -1.7116147e-07  -4.1048565e-07   1.4244719e-06   4.6893842e-07   3.2710261e-08   7.1782210e-07   1.5240209e-06
  -0.0000000e+00  -1.6877353e-04   2.2147657e-05   1.8047071e-05   2.1218097e-05   2.0873927e-06   5.5352825e-06   1.6038441e-05   9.9472345e-06   4.6757846e-06   5.3008839e-06   1.1179891e-06   2.6261544e-06  -8.3892365e-07   1.3092255e-06   9.8124178e-07  -2.5502504e-06   6.3752162e-07  -1.1317925e-06   1.4088415e-08  -5.3105566e-07  -2.7188852e-07   3.5838602e-07
  -0.0000000e+00  -1.7300146e-04   2.0832555e-05   2.2176730e-05   1.5767715e-05   3.7605821e-07   6.4814735e-06   1.1619214e-05   1.3554349e-05   3.1112554e-06   2.5469460e-06   5.2484152e-06   6.0954426e-07   8.9600985e-07   2.0506657e-06   1.7643433e-06  -2.4231051e-07   2.1688411e-06   5.7478837e-07   7.3170162e-07   2.1073633e-06  -8.0183645e-07   2.3589331e-07
  -0.0000000e+00  -1.6527183e-04   2.6518901e-05   1.9633975e-05   1.8438508e-05  -3.4544310e-06   9.6536778e-06   1.2110760e-05   8.6915825e-06   9.0829781e-06   4.2535703e-06   1.7025609e-06   1.9017144e-06   2.8262630e-06   2.6250279e-06  -2.5924254e-07   2.2722161e-06  -9.5448752e-07  -4.4469917e-07  -2.3468548e-08  -1.0227890e-06   8.9180134e-07   1.8822204e-06
  -0.0000000e+00  -1.7312462e-04   2.0104666e-05   1.9824805e-05   1.8596729e-05   1.2926331e-07   4.5069128e-06   1.5513282e-05   1.0976180e-05   4.3902860e-06   3.2270254e-06   2.9654420e-06   3.0684703e-06   1.4038895e-06  -1.6735452e-06   7.5864193e-07   2.4241874e-06  -1.0691434e-06   1.9861882e-06   2.6000288e-07   8.1166564e-07   1.0507359e-07  -8.7059186e-07
  -0.0000000e+00  -1.6363856e-04   1.7573295e-05   2.0446512e-05   1.8216320e-05  -3.3558271e-07   6.9620501e-06   1.2920378e-05   1.0096340e-05   4.8549168e-06   2.5677025e-06   2.0316263e-06   1.3217611e-06   1.0274840e-06   1.5413849e-06   1.1226616e-06   1.3977881e-06   1.5771208e-07   7.4295491e-07   1.1592558e-06   8.2213196e-09   1.1454692e-06  -5.9970859e-07
  -0.0000000e+00  -1.7275171e-04   2.7018139e-05   2.0352001e-05   1.7329323e-05  -3.8486399e-07   3.9993365e-06   1.6023334e-05   1.0031552e-05   6.6357861e-06   4.5942238e-06   2.8548220e-06   4.8026300e-07   9.7339125e-07   2.1116277e-06   1.5136591e-06  -7.0034628e-07   5.8078956e-07   3.8528154e-07   1.7764279e-07   1.7401443e-06   3.8981071e-08   1.0097380e-06
  -0.0000000e+00  -1.6937220e-04   1.9591029e-05   2.2596461e-05   1.6361291e-05  -8.1749243e-07   9.9241470e-06   1.3146650e-05   1.1128635e-05   4.6566720e-06   7.2802982e-07   2.0228108e-06   3.2158860e-06  -1.6057887e-06   1.8814857e-06   8.4641596e-07   6.4337280e-07  -1.4107421e-06  -1.4056174e-06   3.8265743e-08  -1.0925214e-06   1.5244754e-06   1.2513322e-06
  -0.0000000e+00  -1.6589643e-04   1.6333457e-05   2.0809344e-05   2.1521555e-05  -3.8160970e-06   4.5946390e-06   1.6283664e-05   7.4907193e-06   3.1574450e-06   4.8186203e-06  -7.4189103e-07   6.9177588e-07   1.5672479e-06   2.1656306e-06   1.7518307e-06   1.9207087e-06   5.9122476e-07   3.9663854e-07   1.2498945e-06  -1.4195562e-06   2.6862386e-07   2.5290494e-06
  -0.0000000e+00  -1.7281281e-04   2.9370447e-05   1.8810384e-05   1.3747963e-05   4.0931805e-06   6.9526182e-06   1.3333859e-05   1.0655242e-05   5.3709896e-06   2.1557721e-06   4.0938867e-06   1.0608981e-06  -3.1660058e-08   2.1142464e-06   1.8772089e-06   1.8996906e-06   2.0416494e-06  -1.1402196e-06   1.9091394e-06   2.9899542e-07  -1.3292123e-06   6.0092628e-07
  -0.0000000e+00  -1.6739240e-04   1.8002878e-05   2.0702837e-05   1.8965524e-05  -3.8825164e-07   7.1552140e-06   1.5905782e-05   8.9841151e-06   4.9735081e-06   3.0024871e-06   2.5055342e-06   5.5299734e-07   2.4593996e-06  -1.3104901e-06   1.4493908e-06   6.9311523e-07   2.0987140e-07   2.1425501e-06  -1.5719145e-07   1.6312805e-06  -9.2299268e-07   3.2510559e-07
  -0.0000000e+00  -1.7095286e-04   1.9427518e-05   2.0135158e-05   1.7801212e-05  -2.1053670e-06   5.6659069e-06   1.0398665e-05   1.1871936e-05   6.2836657e-06   2.5989627e-06   4.5338479e-07   3.6787997e-06   2.6881194e-06   9.2011635e-07   8.2961310e-07  -2.7615505e-07   1.9961051e-06   1.0510073e-06   7.5516724e-08   1.0273345e-06  -6.0867859e-07   1.3124665e-06
  -0.0000000e+00  -1.6776001e-04   2.0244694e-05   2.2429915e-05   1.8539053e-05  -1.9988893e-06   5.4965849e-06   1.7917018e-05   7.9821702e-06   5.3457075e-06   3.2742303e-06   6.2783448e-07   1.9663348e-06   2.0017123e-06   6.4715090e-07   2.8573818e-06   3.6048691e-06  -1.1988549e-06   1.3836923e-06   1.1555956e-06  -8.1894819e-07   1.5198281e-06  -8.2681044e-07
  -0.0000000e+00  -1.6312383e-04   2.8342869e-05   1.5918929e-05   1.3403050e-05   2.6751668e-06   7.8091716e-06   1.2625000e-05   1.2800611e-05   3.5652606e-06   1.7843560e-06   2.3316468e-06   1.1804389e-06   1.8919715e-06   9.2873438e-07  -1.4245335e-08   3.8895240e-07   6.0885742e-07  -5.7029757e-07   2.0540620e-06   1.2024112e-06  -7.5483780e-07  -1.0431965e-07
  -0.0000000e+00  -1.8030839e-04   2.1413729e-05   2.2681734e-05   1.9145422e-05  -2.9463417e-06   5.4633492e-06   1.6430478e-05   8.4602962e-06   8.4674630e-06   4.1079957e-06   4.2327969e-07  -1.8192564e-07   3.0837271e-07   2.4804306e-06  -9.8318672e-08   2.3177225e-07   1.1428561e-06   1.0855798e-07   1.5649172e-07  -3.6979262e-07   2.4048047e-06  -8.3578510e-07
  -0.0000000e+00  -1.5863855e-04   1.6116870e-05   2.3038125e-05   1.8911867e-05  -2.5673754e-07   8.6658956e-06   1.1269086e-05   1.2386473e-05   5.7814236e-06  -4.3258471e-08   3.1554887e-06   1.2343689e-06   1.1547558e-06   3.7635352e-06   1.0104204e-06   3.7946464e-08  -3.1897682e-07   1.2437881e-06   6.7562280e-07  -5.5782095e-07  -1.0168263e-06  -5.4780301e-08
  -0.0000000e+00  -1.7262691e-04   2.6380605e-05   2.1199883e-05   1.4730143e-05  -3.7646737e-06   7.3532387e-06   1.3817085e-05   9.7631810e-06   5.7447928e-06   4.7444951e-06  -1.9675895e-06   1.1919923e-06   2.5675010e-06   1.7378335e-06   1.9368399e-06   1.7949964e-06  -1.3006002e-07  -6.1836812e-07   1.5979788e-06  -8.3874886e-07  -6.6043725e-07   1.2236892e-06
  -0.0000000e+00  -1.7064314e-04   2.3588995e-05   1.6831369e-05   1.7784037e-05   7.0162450e-06   2.5556749e-06   1.5908907e-05   9.2522714e-06   2.8272150e-06   5.8317155e-06   3.1158236e-06  -1.3149624e-06   5.4097918e-06   4.8964932e-07   1.5263855e-06   7.7151941e-07  -1.1496493e-06   2.8713489e-06  -5.8663682e-07   1.7182458e-06  -3.7525683e-07   4.0092843e-07
  -0.0000000e+00  -1.6755423e-04   1.5415839e-05   2.4507603e-05   1.9689567e-05  -2.5754450e-06   1.0782182e-05   1.5248413e-05   1.1945760e-05   7.1838203e-06   5.9755827e-09   2.5607035e-06   2.7387284e-06  -2.6738292e-07   2.8861821e-06   1.8851126e-06   1.5307754e-06   1.2177567e-06   2.6491134e-07   3.3380439e-07   1.0377462e-06   1.0339589e-06   1.3992388e-06
  -0.0000000e+00  -1.7005308e-04   2.7238859e-05   1.9102630e-05   1.6394941e-05  -2.2584616e-06   6.5910508e-06   1.3346008e-05   8.7956059e-06   3.8148241e-06   2.1912233e-06   3.4998895e-06   3.7999794e-07   2.7195388e-06   7.9153079e-07   2.1615649e-06  -1.3353114e-06  -1.0417024e-06  -5.0171218e-07   1.6204399e-06   1.2366407e-08   3.8595260e-07   5.4613957e-07
  -0.0000000e+00  -1.6745085e-04   1.7952707e-05   2.0823276e-05   2.1384179e-05   3.5210139e-06   8.8241795e-06   1.3185898e-05   8.4760277e-06   7.4091463e-06   3.9464021e-06  -1.0976121e-06   2.8833297e-06   1.6660255e-06   4.3927917e-06   9.4753671e-07   7.7029983e-07   1.1873180e-06  -1.2176464e-06   5.8165586e-08  -2.4540228e-07   2.7090184e-07  -1.6362289e-06
  -0.0000000e+00  -1.7371467e-04   2.0873937e-05   2.3021052e-05   1.3057454e-05   4.2575414e-07   5.8602795e-06   1.5404081e-05   8.0253276e-06   1.9027553e-06   5.1056613e-06   1.7680367e-06   1.5317058e-06   2.1687819e-07   9.9289980e-07   1.0770187e-06  -8.1173237e-09   6.2372089e-07   1.3241396e-06   7.1252543e-07   9.5731036e-07   3.0639660e-07   1.1691001e-06
  -0.0000000e+00  -1.6367889e-04   2.4838409e-05   1.7138340e-05   1.7299973e-05   5.7738197e-07   2.9905000e-06   1.4085806e-05   1.2103778e-05   2.5947741e-06   3.3180456e-06   2.9688072e-06  -6.5888798e-07  -1.5504750e-07   1.2160074e-06  -3.0680872e-07  -1.1551774e-07  -9.5802557e-07   6.4735548e-07  -1.8043364e-06   4.6905802e-07  -7.5670573e-07  -1.3143655e-06
  -0.0000000e+00  -1.6563111e-04   1.4644219e-05   2.2986402e-05   1.9986324e-05  -2.0681186e-06   1.2527317e-05   1.1979060e-05   9.5088626e-06   1.1055900e-05  -3.1191018e-07   1.8051747e-06   3.1013165e-06   2.7199535e-06   3.5422894e-07   2.9003588e-06   1.3746165e-06  -8.3259344e-08   8.7174612e-07   1.4873184e-06   1.5074349e-06   1.2459939e-06  -6.6437127e-07
  -0.0000000e+00  -1.7750243e-04   3.1008170e-05   1.5950047e-05   1.6109150e-05  -6.1260579e-07   3.2963194e-06   1.4429997e-05   1.1930450e-05   1.5899581e-06   5.2019568e-06   1.8074840e-06   1.9267122e-06   1.2890259e-06   7.8545560e-07   1.4205150e-06   1.0557188e-06  -1.3023848e-07   2.7544527e-07   9.5706264e-07   2.2958241e-06   1.5940685e-07  -4.8972225e-07
  -0.0000000e+00  -1.6638859e-04   1.7205488e-05   2.5536945e-05   1.7513423e-05  -4.8585403e-06   8.3144623e-06   1.7449918e-05   9.5497571e-06   5.8698620e-06   1.8352497e-06   3.2031933e-06  -1.2933201e-06   9.0159648e-07   1.9965476e-06  -4.8581410e-07   1.7689736e-07   1.1306242e-07   5.0664516e-07   1.6913499e-07  -1.6880725e-06   1.4042402e-06   2.3671776e-06
  -0.0000000e+00  -1.6434144e-04   2.1060870e-05   1.9455931e-05   1.8614419e-05   1.5954282e-06   6.8506192e-06   8.9374535e-06   1.1947628e-05   5.0941453e-06   4.1116750e-06   2.2788915e-06   1.4697076e-06  -3.2229906e-07   1.1502572e-06   2.1854376e-06   7.9198253e-07   1.6661401e-06   2.1308949e-06  -7.2448262e-07  -9.7986890e-07   1.0208075e-06  -5.7847024e-07
  -0.0000000e+00  -1.7168125e-04   2.3035616e-05   1.8787225e-05   1.7893477e-05  -1.6102742e-06   9.6633794e-06   1.1770388e-05   9.3865319e-06   8.9998757e-06   2.3806713e-06   1.0643339e-06   2.7310393e-06   1.2518097e-06   2.5495990e-06   1.9463012e-06  -1.8360902e-07   1.5041983e-06   6.0240183e-07   1.3801092e-06   5.2725738e-07  -1.1591894e-07   3.3036360e-07
  -0.0000000e+00  -1.7252617e-04   2.2437636e-05   2.1721324e-05   1.7472981e-05  -7.1484278e-06   7.5211815e-06   1.5963948e-05   1.1137727e-05   3.5484099e-06   8.1100097e-07   2.6755051e-06   2.3532662e-06   2.1774174e-06   1.7577939e-06   9.7274312e-07   7.2237825e-08  -5.6518979e-07   6.4407863e-07   6.1609956e-07   9.1257817e-07  -7.0114353e-08   2.4128190e-07
  -0.0000000e+00  -1.6406013e-04   2.0961912e-05   1.8761195e-05   1.9561501e-05   6.9266912e-06  -2.8079461e-07   1.3833137e-05   1.0485412e-05   2.1624280e-06   7.8587245e-06   4.4654448e-06   6.2708366e-08   1.1735269e-06   1.9322865e-06   6.9037497e-07   9.6714203e-08  -4.0463726e-07   5.7566405e-07  -1.5006249e-07   3.9850357e-07   1.1983608e-06   6.6780427e-07
  -0.0000000e+00  -1.6941986e-04   2.1023703e-05   2.0092497e-05   1.7544271e-05  -4.0895720e-06   1.3202752e-05   1.0976224e-05   8.9923251e-06   7.6789647e-06   5.3475873e-07   1.8537332e-06   2.6450325e-06   2.9901937e-06   1.1337904e-06   2.2708942e-07   1.0836413e-06  -3.0051700e-07   1.3143335e-06   3.9000702e-07   1.0203426e-06  -1.1238187e-06   1.2718604e-06
  -0.0000000e+00  -1.6321361e-04   2.0023715e-05   2.7164424e-05   1.4408957e-05  -9.1933430e-09   3.4213933e-06   1.3124019e-05   1.1601377e-05   5.1498123e-06   3.9743391e-06   3.6004878e-06   5.1229222e-07   9.6407689e-07   2.9383261e-06   3.9435286e-06   7.8653933e-08  -1.4235369e-06   7.9439354e-07   1.8969257e-06  -1.1468430e-06   6.9727054e-07   5.9008666e-08
  -0.0000000e+00  -1.7744198e-04   2.8953504e-05   1.8057004e-05   2.5234998e-05  -4.1757194e-06   9.1895599e-06   1.2072889e-05   9.8110522e-06   3.0770971e-06   4.5733041e-06  -1.0740297e-06   2.2250767e-06   2.2645811e-06   1.9220281e-06  -8.3314569e-07   2.2256152e-07   1.1767447e-06  -7.0183722e-07  -1.7817376e-06   5.3365414e-07  -2.7465788e-07   3.6321487e-07
  -0.0000000e+00  -1.5846855e-04   1.4864585e-05   1.7840954e-05   1.4119582e-05   2.8722172e-06   5.1735879e-06   1.5042221e-05   1.0213928e-05   5.9285026e-06  -5.4998895e-07   2.8443426e-06  -2.8637555e-08   2.2308720e-06   1.8001125e-06   1.8940842e-07   2.1848168e-06   2.1296105e-06  -8.7364970e-07   2.5262955e-06   2.5323834e-07   4.2860989e-08   1.3861700e-06
  -0.0000000e+00  -1.7676812e-04   2.6411686e-05   2.4727728e-05   1.4832842e-05  -3.4005842e-07   6.2308814e-06   1.3644273e-05   8.2102806e-06   5.2768455e-06   6.1364103e-06   2.2726945e-06   2.2330235e-06   2.5060144e-06  -7.9955527e-07   3.1321381e-06   9.2974614e-07  -2.3457499e-06   3.1047366e-06   4.9502887e-08   7.0106188e-07  -1.4927020e-08   5.2114234e-07
  -0.0000000e+00  -1.6640669e-04   2.1563963e-05   2.2727374e-05   1.8350702e-05  -3.6023516e-06   9.6930071e-06   1.4952745e-05   8.6641585e-06   7.0129759e-06   1.7253279e-06   4.6902446e-06   1.4815007e-06   1.6800309e-06   1.4136864e-06   1.1428211e-06  -1.1910190e-06   8.5921988e-07  -1.4696364e-07   4.1640627e-07   3.2585010e-07   1.3507517e-06   1.0046847e-06
  -0.0000000e+00  -1.6762366e-04   2.1664941e-05   1.1350954e-05   2.3005070e-05   4.6692264e-07   2.5586526e-06   1.1688449e-05   1.2718227e-05   4.2409997e-06   3.7838304e-06   3.3333051e-06   2.4645590e-06   3.0088668e-06  -1.5088885e-06   3.6288003e-07  -1.3353787e-09   7.0401057e-07   2.0500465e-06  -6.8161381e-07   1.9710403e-06   1.1241990e-06  -6.9068392e-07
  -0.0000000e+00  -1.6772031e-04   2.0907026e-05   2.6871874e-05   1.0980907e-05   1.1575287e-06   3.9698593e-06   1.5924135e-05   9.2816181e-06   4.3604746e-06   4.3468440e-06   8.5761599e-07   3.4606294e-06   2.2047082e-06   4.6788180e-08   3.5409880e-07   2.1099747e-06   8.3768174e-07  -2.6355110e-07  -2.6605503e-07  -7.0398721e-07  -4.6161094e-07  -5.4477960e-07
  -0.0000000e+00  -1.7117655e-04   2.4088646e-05   1.8823966e-05   1.9603965e-05  -3.7625553e-06   1.3621324e-05   1.0343249e-05   1.1153496e-05   4.8243692e-06   4.6358168e-06   3.6458755e-06   6.4349774e-07  -2.5614426e-07   2.2983393e-06   1.8824428e-06   5.2089558e-07  -1.1921504e-06   3.0021019e-07   1.0469846e-06  -1.4050476e-06   4.4148481e-07  -1.2012156e-07
  -0.0000000e+00  -1.6680719e-04   1.8046703e-05   2.1769600e-05   1.4212603e-05   6.5239891e-07   4.5975224e-07   1.6567745e-05   6.1009569e-06   6.5230402e-06   4.0497989e-06   1.5164063e-06   2.4112530e-06   1.9762531e-06  -7.0339286e-07  -5.8561167e-08   1.7019296e-07   1.3682777e-06   1.2857244e-06  -7.2440730e-07   2.0368564e-06   1.8029278e-06   3.2683076e-07
  -0.0000000e+00  -1.6791355e-04   2.9218183e-05   1.2559486e-05   2.5186346e-05  -2.9535968e-06   9.5904543e-06   1.3384596e-05   1.2426352e-05   6.9909820e-06   2.8416318e-06   2.7401750e-06   1.4173464e-06  -2.1033511e-06   3.8226558e-06   3.7486438e-07   4.1516500e-07   1.5034281e-06  -1.3584940e-06  -5.7526258e-08  -4.0120415e-07   3.0618813e-07  -5.7837138e-07
  -0.0000000e+00  -1.6613427e-04   1.3733673e-05   2.9298075e-05   1.2245797e-05   1.6601815e-06   7.4763284e-07   1.4638224e-05   7.6610950e-06   4.1805383e-06   4.8747333e-06  -9.4539604e-07   3.1469419e-06   3.9969518e-06  -8.7690967e-07   1.4247651e-06  -9.8871442e-07  -6.1239507e-07   1.7588148e-06   9.1635485e-07   3.2710016e-08   1.7211926e-06  -2.0090320e-07
  -0.0000000e+00  -1.7396070e-04   2.6165710e-05   1.8541110e-05   1.5547497e-05  -3.9101378e-06   1.1219054e-05   1.2871587e-05   1.2224116e-05   6.5351169e-06   2.2207923e-06   4.4676808e-06   8.4730272e-07  -8.2314295e-07   2.9128923e-06   9.7727934e-07   2.4694018e-06   3.7828590e-07  -3.6428901e-07   1.2745575e-06   3.3160592e-07  -2.0334346e-06   7.5401658e-07
  -0.0000000e+00  -1.6050678e-04   2.1045873e-05   2.0059393e-05   2.4739438e-05  -1.2506034e-06   6.1198675e-06   1.4452896e-05   6.8187405e-06   6.2641529e-06   1.1349364e-06   6.0924310e-07   3.0603017e-06   2.6953865e-06   9.0918820e-07   5.8172390e-07  -1.2538843e-06   1.9327501e-06   2.4115766e-06  -1.8768928e-06   3.2253783e-07   1.0693872e-06  -7.5776120e-07
  -0.0000000e+00  -1.7452666e-04   2.7493539e-05   1.5961956e-05   1.6454229e-05   1.7797217e-06   4.4631147e-06   1.2251317e-05   1.4098612e-05   4.0671953e-06   5.0427825e-06   2.0845382e-06   1.1966973e-06  -2.2383458e-07   8.6148560e-07   1.5146429e-06   1.7028419e-06   1.2062894e-06  -1.2572755e-06   1.4718182e-06   9.0890273e-07  -8.0272557e-08  -2.0187265e-09
  -0.0000000e+00  -1.6813977e-04   1.6114758e-05   2.4078992e-05   1.4844846e-05  -1.5263170e-06   6.1084957e-06   1.7933813e-05   5.2107475e-06   5.5029454e-06   9.2709655e-07   9.9833255e-07   2.7189524e-06   9.8294595e-07   7.0167135e-07   1.6568983e-06  -8.5814884e-07   3.1733966e-06   9.7046211e-07   1.2591993e-06   2.3613138e-07  -3.7101873e-07   1.1014182e-06
  -0.0000000e+00  -1.6613469e-04   2.4619163e-05   2.0316724e-05   1.9484332e-05   7.4054435e-07   8.4082858e-06   1.0054654e-05   1.3581223e-05   4.4841045e-06   8.4210269e-06   1.2594446e-06  -1.4857747e-07   1.3371105e-06   2.3983773e-06   2.0796911e-06   2.4237390e-06  -2.8545421e-06  -4.9891992e-07   2.5770635e-06   2.0230934e-07   8.9985210e-09  -1.4040634e-06
  -0.0000000e+00  -1.6864293e-04   1.9188923e-05   1.9595695e-05   1.5050694e-05  -3.7815195e-07   3.8189496e-06   1.5902746e-05   6.8546124e-06   6.9304115e-06  -2.2058613e-07   4.9392634e-06   1.3643185e-06   3.1852082e-06  -4.1646157e-07   7.6292315e-07   5.6323296e-07   1.3886582e-06   5.5235267e-07   1.3657689e-06   1.2950152e-06  -1.3205414e-07  -6.9624512e-08
  -0.0000000e+00  -1.7251085e-04   2.5198409e-05   1.5388139e-05   2.1816748e-05  -1.5227192e-06   9.9034278e-06   1.6991900e-05   1.1501678e-05   6.4302599e-06   5.4390539e-06   6.3988824e-07   1.4623979e-06   1.5190046e-06   2.0486652e-06   1.3487485e-06   3.1654504e-06  -2.9931479e-07   1.2603541e-06   1.6813382e-06   1.0409614e-06   1.0913164e-06  -6.6073994e-07
  -0.0000000e+00  -1.6852777e-04   1.9782748e-05   2.9738778e-05   9.7203483e-06   2.5694503e-06   7.3493043e-06   1.1085755e-05   7.7213781e-06   5.5651503e-06   5.7076983e-07   3.9047177e-06   9.0018443e-07   1.0969285e-06  -1.5237407e-06   1.9432652e-07   2.6274259e-07   1.4788344e-06   5.0267431e-07  -8.9027004e-08  -4.6832071e-07  -1.0273944e-07   4.9469975e-07
  -0.0000000e+00  -1.6699691e-04   2.1002677e-05   1.2276754e-05   2.4844290e-05  -4.6069317e-06   6.5276990e-06   1.7827275e-05   1.2290405e-05   2.4992960e-06   4.7212880e-06   1.4741055e-06   1.5233751e-07   1.7833186e-06   2.1509727e-06   6.6832547e-07   7.9542980e-07   1.7885197e-06  -1.1948335e-07  -1.0811102e-06  -8.4588248e-07   8.5507753e-07  -1.0585084e-06
  -0.0000000e+00  -1.6580458e-04   2.2633310e-05   2.1110493e-05   1.2329361e-05  -1.0136519e-06   6.7970709e-06   1.1811990e-05   8.2482702e-06   3.9340916e-06   2.1737967e-06   3.6320321e-06   6.1936987e-07   3.6320268e-06  -1.9582083e-07   1.6473940e-06   8.5358681e-07   1.7719352e-06  -7.4006169e-07   5.6778464e-07   4.1310784e-07   9.6389009e-08   1.6337600e-06
  -0.0000000e+00  -1.7789328e-04   2.3474840e-05   2.0899768e-05   2.0778834e-05  -1.9016948e-06   9.6179683e-06   1.0845769e-05   1.0083574e-05   6.9680586e-06   5.2162263e-06  -4.7336581e-08   4.2217771e-06  -3.8426626e-07   2.2667359e-06   1.9890376e-06   8.4445759e-08  -1.6617290e-06   1.0244722e-06   1.0662556e-07   1.2615865e-06   1.1123085e-06  -1.0084026e-06
  -0.0000000e+00  -1.6074690e-04   1.9284184e-05   1.8126944e-05   1.1594185e-05   1.6923461e-06   4.9975361e-06   1.7019689e-05   7.7292107e-06   9.7157108e-06  -1.0931071e-06   3.4812197e-06   6.3837859e-07   3.0689816e-06  -5.1261583e-07   1.4889022e-06   2.0389209e-07   1.7288709e-06   1.3754577e-06   9.5765267e-07  -3.8046571e-07  -7.7784352e-07  -3.6658435e-07
  -0.0000000e+00  -1.7518812e-04   2.0741660e-05   2.4262146e-05   2.0674459e-05  -5.5075029e-06   9.8892187e-06   1.3175641e-05   1.0826203e-05   2.6494054e-06   7.7002005e-06   2.6185890e-06   1.5415071e-06  -1.2875354e-06   1.1949694e-06   1.9628153e-06   1.0961193e-06  -1.6156600e-06   7.8609503e-07   1.0765891e-06   2.7127734e-07   1.6511884e-06  -5.2808633e-07
  -0.0000000e+00  -1.6196795e-04   2.4322728e-05   1.6274769e-05   1.8354827e-05   4.8805482e-06   2.9685132e-06   1.7286562e-05   9.7841403e-06   4.0144150e-06   3.3961542e-06   2.2761133e-06   1.3859241e-06   3.5267601e-06   7.1834398e-07  -1.4542721e-07  -1.0088240e-06   2.2145598e-06   1.6327291e-06   7.8100317e-07   1.2022084e-06  -1.0382763e-06  -1.7632554e-07
  -0.0000000e+00  -1.7843080e-04   1.9422389e-05   1.9839305e-05   1.9886360e-05  -6.6893267e-06   1.2715846e-05   9.4114885e-06   1.1522449e-05   5.8998539e-06   6.0314374e-06   6.0224397e-07   2.0937334e-06   3.1688369e-06   2.0333023e-06   1.8594264e-06   1.5157666e-06  -1.5813741e-07   1.2282177e-06  -3.9794858e-07   5.1173208e-07   1.8466760e-06   9.0665958e-07
  -0.0000000e+00  -1.6009425e-04   1.9047286e-05   2.1587779e-05   1.4645761e-05   7.0956953e-06   2.0123314e-06   1.6965052e-05   9.3414419e-06   5.2256714e-06   1.3635680e-06   3.2854923e-06  -3.8330850e-07   3.7397561e-07   2.2095912e-06   6.9924135e-07   1.6822090e-06   2.1221326e-06  -5.5069506e-07  -9.3000023e-07  -9.9702197e-07  -5.5931446e-07   2.4861248e-07
  -0.0000000e+00  -1.7444376e-04   2.5949954e-05   1.8706709e-05   2.0819753e-05  -5.6970443e-06   5.7268740e-06   1.5228832e-05   9.5706473e-06   6.0822977e-06   3.5215974e-06   6.7366892e-07   1.8643429e-06   9.1320703e-07   1.7872276e-06   2.0851776e-06   6.7029441e-07   4.8986016e-07   7.7428342e-07   3.6728139e-07  -1.1711937e-06   1.0335898e-06   4.2971348e-07
  -0.0000000e+00  -1.6617206e-04   2.0146186e-05   2.0188891e-05   1.2708650e-05   1.4147240e-06   7.2579928e-06   1.0167702e-05   1.0031310e-05   5.8729261e-06   8.5289520e-07   4.4819108e-06  -2.5213834e-07   2.4953936e-06   1.3189622e-06   2.2759261e-06   1.2256529e-06  -5.6683791e-07  -1.4081932e-06  -7.7415052e-07   2.0638436e-06   5.6931606e-07   1.7318232e-06
  -0.0000000e+00  -1.6782281e-04   2.3186974e-05   1.7558656e-05   2.3579072e-05  -4.6675018e-06   8.7743156e-06   1.6734393e-05   1.3481514e-05   2.3161867e-06   4.8394941e-06  -1.4637011e-06   4.7034860e-06   2.1161630e-07   2.4899596e-06   3.9502831e-07  -9.4084209e-07   1.1528593e-06  -2.2058686e-07   6.9687252e-07   6.3991013e-07  -2.0025857e-07   2.0545642e-06
  -0.0000000e+00  -1.6647350e-04   1.8734192e-05   2.5566149e-05   1.3000868e-05   2.8154659e-06   3.2286960e-06   1.2754279e-05   8.2656961e-06   7.1626500e-06   1.5409028e-06   4.9003675e-06   2.0218584e-07   2.1610811e-06   1.0091105e-06   8.0399940e-07   2.0998789e-06   6.7688001e-07   2.4144649e-07  -1.1850220e-07  -1.7069782e-07   2.7142408e-07   5.5284966e-07
  -0.0000000e+00  -1.7345199e-04   2.4463450e-05   1.4297175e-05   2.2147022e-05  -2.5873928e-07   9.6227204e-06   1.5861988e-05   1.1359566e-05   4.9158693e-06   3.2789869e-06   1.4909946e-06  -4.7195567e-07   2.1563500e-07   2.5894113e-07   7.5539623e-07   1.1973667e-07   2.0413727e-06   3.7303451e-07  -1.8319774e-06  -3.0780242e-07   1.0231762e-06  -1.3115420e-06
  -0.0000000e+00  -1.6657288e-04   2.0167703e-05   2.5196365e-05   1.4224587e-05  -1.7210239e-07   6.4780356e-06   1.5397762e-05   9.4505676e-06   5.3982330e-06   1.6222923e-06   1.7278821e-06   1.5000367e-06  -1.2965521e-07   2.8756826e-06  -6.6726716e-07   4.5279185e-07   1.1648879e-06   8.2209237e-07   4.6177990e-07   3.6402329e-07   3.3550776e-07   8.4785125e-07
  -0.0000000e+00  -1.6977479e-04   2.2705015e-05   1.8174462e-05   1.6208354e-05  -1.8999186e-06   8.0035034e-06   1.0279293e-05   1.3350789e-05   4.8070269e-06   5.7585285e-06   1.4392905e-06  -1.4475343e-07   2.0105954e-06   9.5574808e-07   2.8760701e-06   1.2963832e-06  -9.8933742e-07   2.2154486e-06   9.9214185e-07  -9.1084281e-08  -5.0862371e-07   4.5215205e-07
  -0.0000000e+00  -1.6523001e-04   1.4425513e-05   2.2253600e-05   1.6820111e-05   2.0821717e-06   5.5978276e-06   1.7059177e-05   7.6050865e-06   5.8521700e-06   5.2952282e-06   1.2475761e-06   4.3904101e-06   2.8937923e-06   1.2765446e-06  -1.4489198e-06   1.2274911e-06   3.7348593e-07  -4.7775512e-07   9.7152144e-07   1.4903162e-06   3.9437722e-07   1.8026139e-08
  -0.0000000e+00  -1.7242735e-04   2.7567896e-05   1.7677414e-05   2.0097747e-05  -5.0271791e-07   2.8959062e-06   1.3069189e-05   1.3026102e-05   5.2087416e-06   2.5703666e-06   1.5280755e-06   6.0218622e-07   9.3305812e-07   2.3909233e-06   1.2354039e-06  -4.3018513e-09   8.8853182e-07   1.7136512e-06  -1.6021189e-06   2.0509117e-07   1.2148944e-06   1.6538884e-07
  -0.0000000e+00  -1.6461725e-04   2.1879836e-05   2.2714354e-05   1.5532230e-05  -8.2586848e-07   7.7015966e-06   1.9842144e-05   6.4833048e-06   6.8659233e-06   2.0893021e-06   1.2295069e-06   1.5280501e-06   2.5640754e-06   1.0919390e-06   3.3013373e-06  -7.0135218e-07   6.0313289e-07   4.2819048e-07  -1.6888087e-06  -3.3836164e-07   1.8312002e-06   5.0598669e-07
  -0.0000000e+00  -1.7030750e-04   2.3061077e-05   1.9279008e-05   1.7996119e-05   4.7983076e-07   8.7163799e-06   1.0876607e-05   1.1793044e-05   6.4705482e-06   5.5217465e-06   2.4029844e-06   3.2098131e-07   1.2225927e-07   2.4145156e-06  -9.8508629e-08   1.5154625e-06   3.1378016e-07  -1.7752310e-06   1.4300368e-06   1.6148963e-06  -1.6036579e-06   1.7080074e-06
  -0.0000000e+00  -1.6668500e-04   1.7070317e-05   2.1177713e-05   1.9112660e-05   1.2753685e-07   3.9609558e-06   1.6215232e-05   9.5572859e-06   2.3006664e-06   2.9979262e-06   3.8420098e-06   1.3632731e-06   2.9697967e-06   8.4290031e-07   2.5067416e-06   1.5513784e-07   1.2743598e-06   2.1278552e-06  -4.2080615e-07  -1.1943101e-06   4.9686548e-07  -1.1406044e-08
  -0.0000000e+00  -1.6886971e-04   2.7426846e-05   2.0513178e-05   1.6850998e-05   2.9761659e-07   8.0889031e-06   1.2024117e-05   1.1730615e-05   7.1772811e-06   3.2803759e-06   2.1571636e-06   2.2849904e-06   3.9719541e-07   1.5370128e-06   1.8093734e-06   5.0947278e-07   2.3773475e-07  -9.4067661e-07   7.0332823e-07   1.6721724e-06   5.0149850e-07   1.3651943e-06
  -0.0000000e+00  -1.6935149e-04   1.7405644e-05   2.2261043e-05   1.5431078e-05   4.0987272e-10   5.1284101e-06   1.5712332e-05   7.5616413e-06   4.6584091e-06   3.3616695e-06   1.6277354e-06   1.9077461e-06   2.3667219e-06  -1.4806481e-08   1.4361312e-06   1.2073912e-07  -1.2706614e-06   1.0541029e-06  -1.1072339e-07   5.1302334e-07  -1.3630597e-06  -9.8947964e-07
  -0.0000000e+00  -1.6816749e-04   2.4861074e-05   1.7152692e-05   1.9418063e-05  -1.4541037e-06   6.4743649e-06   1.2502321e-05   9.5945970e-06   8.2147253e-06   3.3840918e-06  -4.3149903e-08   2.7630310e-06   1.9841368e-06   3.5753365e-06   2.1028083e-07   1.0474558e-06   9.3198122e-07  -2.8199042e-07  -2.7714498e-07   1.4085520e-06  -3.1735280e-07  -7.4694697e-07
