  -0.0000000e+00  -1.7703774e-04   1.8444816e-05   2.5052606e-05   1.8086526e-05  -1.2993447e-06   5.2679488e-06   1.5729538e-05   1.1764871e-05   5.0290655e-06   4.5219340e-06   5.0747140e-06   5.3232156e-07   8.3128828e-07  -1.3123848e-06   2.5638892e-06   1.5780913e-06   8.8355375e-07   8.6027467e-07   1.6962614e-06  -8.0655656e-07  -7.2032515e-07  -1.8192245e-07
  -0.0000000e+00  -1.7319187e-04   1.9034927e-05   1.3753963e-05   1.6861375e-05  -9.4787055e-07   8.9445093e-06   1.3231285e-05   1.3741860e-05   3.9323777e-06   3.4018524e-06   1.3598499e-06   3.5049095e-07   2.0167429e-06   2.9006007e-06  -1.7795858e-06   4.3116615e-06  -4.2941011e-07   1.9242318e-06  -8.1487514e-08  -8.5820312e-07   1.0529618e-06   8.2801728e-07
  -0.0000000e+00  -1.7305066e-04   1.6823151e-05   2.5415668e-05   1.7911361e-05  -5.3839665e-07   9.0050298e-06   1.3827964e-05   6.8296454e-06   8.3423693e-06   4.7819663e-06   1.8202492e-06   2.7727292e-06   4.2326056e-07   2.0322993e-06   2.8007901e-06  -5.1972313e-07  -1.4919907e-06  -9.0453746e-08   8.1606026e-07   1.2806619e-06   6.7958553e-07  -4.8305111e-07
  -0.0000000e+00  -1.7556961e-04   2.4373547e-05   1.5168912e-05   1.9956653e-05  -2.2620600e-06   5.0375920e-06   1.6671493e-05   1.0617838e-05   4.8348388e-06   1.4761255e-06   2.7410199e-06   3.4127856e-06   1.7982303e-06   3.4467232e-06   7.8230357e-07   1.3284082e-06   1.3197100e-06   3.6300096e-06  -8.9343530e-07   6.8985571e-07   3.0940640e-07   4.4811367e-07
  -0.0000000e+00  -1.7803788e-04   1.5178403e-05   1.8314615e-05   1.6756992e-05  -2.3593752e-06   6.3950320e-06   1.8036331e-05   1.3406593e-05   6.6413418e-06   4.8760458e-06   2.9376554e-06   1.8622034e-06   5.9931274e-08   1.1998777e-06   2.8960292e-06  -2.1893862e-07  -3.3200578e-07  -1.3171940e-06   8.5939735e-07   1.3117822e-06   3.1573725e-07  -1.1989848e-06
  -0.0000000e+00  -1.7276562e-04   2.1886772e-05   2.0832889e-05   1.9201916e-05   2.5754257e-06   6.6083535e-06   1.1722615e-05   1.1053748e-05   2.7422896e-06   3.4519144e-06   1.9848364e-06   3.9231554e-06   3.1476750e-06  -1.0753797e-06   1.2934464e-06   3.0282481e-06   1.8189569e-07   6.7606027e-07   3.9058150e-07   1.2310209e-06  -1.2446807e-07   1.6687173e-06
  -0.0000000e+00  -1.7033530e-04   1.4562078e-05   2.0467360e-05   1.6450929e-05  -4.5338520e-06   1.1564929e-05   1.7638804e-05   1.2819030e-05   9.3166791e-06   2.0464095e-06   1.8734859e-06   3.1580984e-07   1.5603939e-06   2.0699620e-06   3.7736054e-06  -9.3793312e-07   8.0345984e-07  -5.8629712e-07   1.1621830e-06   7.4388078e-07   4.7793793e-07   1.0817685e-06
  -0.0000000e+00  -1.8034886e-04   1.8438543e-05   1.6704640e-05   1.7334629e-05  -3.4362026e-06   2.5114769e-06   1.5203768e-05   7.9596730e-06   4.2606093e-06   3.1548859e-06   2.5647903e-06   3.5715825e-06   1.5553743e-06   2.1796018e-06   1.1496254e-06   7.9920659e-07   1.3912717e-06  -4.1622283e-07   1.1210070e-06   9.7020120e-07   5.0989246e-07  -1.6283562e-06
  -0.0000000e+00  -1.7322849e-04   2.1824451e-05   2.1964717e-05   1.6029893e-05   4.7230824e-06   7.1448881e-06   1.8312983e-05   1.3887715e-05   5.8395694e-06   4.8342463e-06   2.2073586e-06  -1.4615401e-06   1.5888904e-06   1.5494857e-06   1.6494701e-06  -3.4127277e-07   6.7307809e-08   7.1496714e-07  -2.1524513e-06   5.9966601e-07  -1.1424869e-06  -7.5978470e-08
  -0.0000000e+00  -1.7841819e-04   1.5950409e-05   1.9179215e-05   1.7057620e-05  -6.8305721e-06   8.1100216e-06   1.3341938e-05   8.7133794e-06   7.7039349e-06   4.5250645e-06   1.4369884e-06   5.0055660e-06  -3.1259435e-07   1.2512817e-06   2.1207459e-06   1.6896315e-06  -7.4666531e-07  -9.0431791e-07   1.5810266e-06   1.9690933e-06  -1.2621874e-06  -1.1408964e-06
  -0.0000000e+00  -1.6989742e-04   1.8254455e-05   1.4739807e-05   1.9583560e-05  -1.7265900e-07   5.1613638e-06   1.6688669e-05   1.4101777e-05   1.7778694e-06   5.0860281e-06   3.2688447e-06  -1.1655181e-06   1.0675265e-06   1.4353068e-06  -4.0913281e-07   1.1202754e-06   6.7019340e-07   1.6583969e-06   1.6709929e-06   1.5769993e-07   1.6140641e-06   6.6596829e-07
  -0.0000000e+00  -1.7706194e-04   1.8006247e-05   1.8709750e-05   1.9670892e-05  -4.1747635e-06   7.9788433e-06   1.9863697e-05   9.5579198e-06   9.9027902e-06   5.0542008e-06   2.6519633e-06   1.1972020e-06   2.8407292e-06   1.8260007e-06   1.1529537e-07   2.3709026e-07   4.4616297e-07   2.9867570e-06   3.6837284e-07   8.9514236e-07   1.7167953e-06   1.5856614e-06
  -0.0000000e+00  -1.7575982e-04   2.2394317e-05   1.8495217e-05   1.5881000e-05   1.3905632e-06   3.1433826e-06   1.2977126e-05   8.8932566e-06   5.4110596e-06   3.3276970e-06   1.9497284e-06   3.9848255e-06   2.3330945e-06   1.9541126e-06   1.4872837e-06   6.8882360e-07   6.6118264e-07  -1.7075661e-06   1.4825804e-06  -1.2989653e-06   6.7198130e-07  -1.2712637e-06
  -0.0000000e+00  -1.7941771e-04   1.2726696e-05   2.4336869e-05   1.6029258e-05   1.3961139e-06   1.2166481e-05   1.7713020e-05   1.3811642e-05   8.1991666e-06   2.5406848e-06   1.6326019e-06   2.4920303e-06   2.6258717e-06   1.4910798e-06   2.2926495e-06  -3.3218481e-07   5.5088583e-07   2.3372666e-06   1.1930189e-07   8.6037869e-07   4.6074607e-07   4.8242174e-07
  -0.0000000e+00  -1.6702285e-04   1.9324423e-05   1.5618132e-05   1.9174366e-05  -2.0694365e-06   5.4528809e-06   1.0861888e-05   8.9663617e-06   1.9930389e-06   5.8165879e-06   3.3170847e-06   3.4124102e-07   1.1473663e-06   1.5853329e-06   6.9868186e-08   4.8970537e-07   1.2861234e-06  -1.7264055e-06  -4.5895854e-07  -2.0305370e-06   8.4479325e-07   1.0713633e-06
  -0.0000000e+00  -1.8007266e-04   2.3181348e-05   1.8056671e-05   2.1146026e-05  -4.1235967e-06   7.5505336e-06   2.1119562e-05   1.6731969e-05   5.2611790e-06   5.5828491e-06   2.5627087e-06  -2.1529037e-07   2.0119546e-06   8.9529743e-07   4.0583877e-06   2.2897786e-06  -7.9036221e-07  -8.8231218e-07   8.5930839e-07   3.7935013e-06  -1.4615389e-06  -1.4586944e-07
  -0.0000000e+00  -1.7409796e-04   1.4961494e-05   2.1550924e-05   1.6799018e-05   2.0051036e-06   8.4240210e-06   1.3895561e-05   5.5518744e-06   6.5266804e-06   1.9421793e-06   4.8137417e-06   2.2551924e-06   7.6962675e-07   2.3080020e-06  -2.9953972e-07  -8.2323351e-07   1.5266907e-06   1.7590680e-06   2.2724171e-06  -2.2450126e-06   4.0968305e-07   1.6554159e-06
  -0.0000000e+00  -1.7315781e-04   1.7605566e-05   1.9828633e-05   2.0281550e-05  -1.8108545e-06   6.9308198e-06   1.8341310e-05   8.8294828e-06   8.5703095e-06   5.4315014e-06   1.1825377e-06  -1.0001274e-06   1.3007983e-06   3.2698665e-06   7.2310661e-07   3.8023273e-07  -1.5266635e-06   2.4181286e-06   4.9100498e-07   5.8199629e-07  -9.7891916e-07   9.3346415e-08
  -0.0000000e+00  -1.7215651e-04   1.6184544e-05   2.2978096e-05   1.7793276e-05  -3.9821184e-06   1.1201607e-05   1.6596674e-05   1.0676270e-05   8.7312844e-07   2.9474334e-06   1.9575612e-06   3.7879959e-06   8.9446155e-07   2.5603515e-06  -9.9470753e-07   8.9961446e-08   1.8556116e-06  -2.1133654e-07   1.3574623e-06  -8.5735849e-07   1.4698653e-06   5.8424507e-07
  -0.0000000e+00  -1.7927273e-04   2.7111853e-05   1.3185197e-05   2.1710404e-05  -8.1517231e-07   5.5212276e-06   1.1491358e-05   1.4469368e-05   6.8067989e-06   6.5289546e-06   3.2428277e-06  -2.6159480e-06   2.2416457e-06   8.3311761e-07   1.2032008e-06   8.8242308e-07  -2.9295705e-07   2.2145028e-07   1.1821060e-06   6.9830372e-07   7.1194916e-07  -1.2059070e-06
  -0.0000000e+00  -1.7514285e-04   1.4692652e-05   2.4631117e-05   1.6949203e-05  -1.4994554e-07   9.3384087e-06   1.5696676e-05   1.0910560e-05   4.4080944e-06   1.6655321e-06  -1.1570429e-06   3.8024841e-06   2.2994145e-06   2.4019978e-06  -1.3350649e-07  -1.1465047e-06  -8.1217831e-07  -1.0666111e-07   4.6078281e-08   1.3857884e-07   4.6467960e-07   2.5171316e-06
  -0.0000000e+00  -1.6920670e-04   1.3978361e-05   1.9737130e-05   1.6910468e-05  -1.9444808e-06   8.0147529e-06   1.9193994e-05   1.1856579e-05   5.9819617e-06   3.3755291e-06   4.8830520e-06   1.7339172e-06   5.6787655e-07   2.7849042e-06   2.2212137e-06   2.3844009e-06   1.3920965e-06  -1.8455610e-06  -4.5418847e-07   1.9675856e-06   5.8583078e-07   2.4690324e-08
  -0.0000000e+00  -1.8066689e-04   2.2922279e-05   1.8241577e-05   1.8479272e-05  -6.0122466e-07   6.8362224e-06   1.2633384e-05   7.8045878e-06   7.1553627e-06   3.4097077e-06   2.8390177e-06   8.1961036e-07   9.2006530e-07   2.4065032e-06  -4.9650620e-08  -1.6748077e-06   2.2859933e-06  -2.3041761e-07  -2.3087156e-07  -1.0693066e-07   1.2823733e-06   1.4016036e-06
  -0.0000000e+00  -1.7443375e-04   2.2123470e-05   1.7853466e-05   1.8602857e-05  -4.3755163e-06   1.0705770e-05   1.7595661e-05   1.3935807e-05   3.5526339e-06   4.7450612e-06   4.0610331e-07   2.3199550e-06   2.3850500e-06   3.8046167e-08   2.5432494e-06  -3.1112371e-08  -1.8567953e-07   5.7246751e-07   1.4809418e-06   3.3088054e-06   6.0716195e-07  -1.9859978e-07
  -0.0000000e+00  -1.6659757e-04   1.5483898e-05   1.8140398e-05   1.5407973e-05   1.6389098e-08   5.9936306e-06   1.3473928e-05   1.1476706e-05   5.4805910e-06   5.0771237e-06   3.8887760e-07   1.1602833e-06   2.5049637e-06   2.1364551e-06   3.6480188e-07   1.4316777e-06   1.0045515e-06   5.9898377e-07   1.0825167e-06   4.0794916e-07  -9.4004548e-07   3.1757187e-07
  -0.0000000e+00  -1.8108638e-04   1.4015576e-05   2.3959266e-05   1.9741532e-05  -1.6599377e-06   7.7311506e-06   1.4763877e-05   1.0053242e-05   7.3379574e-06   4.8377005e-06   4.5025909e-06   1.5589831e-06   2.3856790e-06   3.1589598e-06   2.7056724e-06  -3.0520297e-07  -3.6963692e-07   4.8409778e-08   1.8466927e-06  -8.9189535e-07   1.9312424e-06   6.0790796e-07
  -0.0000000e+00  -1.7409820e-04   2.2875000e-05   1.6120041e-05   1.6791857e-05   2.9551275e-06   5.9448789e-06   1.5244075e-05   1.2674710e-05   4.1934718e-06   1.9183924e-06   4.0486393e-06   9.0219930e-07   1.9218262e-06   2.9334494e-06  -7.8365946e-07   1.6610802e-06   2.0606856e-06   9.2125788e-07  -8.2369439e-08   4.8975539e-07  -3.0851385e-07  -1.7726318e-06
  -0.0000000e+00  -1.7702805e-04   2.0892629e-05   1.8145345e-05   1.9994581e-05  -6.7230062e-06   9.5426458e-06   1.7295210e-05   9.0171479e-06   8.4735329e-06   3.3035046e-06   1.6266615e-06   7.9409165e-07  -5.1000990e-07   1.7243765e-06   4.1625978e-07   2.0141356e-06  -6.4814373e-07   1.3165145e-06   1.0870058e-06  -8.8239290e-07   1.9503902e-06  -5.1227960e-07
  -0.0000000e+00  -1.6854711e-04   1.4014588e-05   2.1841501e-05   1.7443555e-05   6.3701862e-07   5.2465534e-06   1.3467437e-05   1.3597702e-05   2.1040701e-06   5.4362695e-06   7.0592421e-07   9.1793325e-08   4.2646793e-06   2.2077034e-08   3.2035396e-07  -4.8543683e-07  -4.5062095e-07   1.5464364e-06   1.2827002e-06   9.9035879e-07  -1.5828799e-06   1.6548610e-06
  -0.0000000e+00  -1.7986333e-04   1.3437519e-05   2.2556234e-05   1.9920119e-05  -3.6177319e-06   8.8773604e-06   1.6003214e-05   1.1588693e-05   7.8728290e-06   6.0091743e-06   3.9545077e-07   2.8939498e-06   3.1165916e-07   1.6049795e-06   3.1453555e-06   6.8993575e-07  -4.6412606e-07   1.1075159e-06  -8.4545303e-07   1.5405798e-06   1.1096847e-06   3.2565148e-07
  -0.0000000e+00  -1.7548262e-04   2.8862876e-05   1.2591896e-05   1.6283306e-05   6.9669431e-07   6.0024022e-06   1.4119232e-05   8.6250366e-06   5.4418647e-06   1.8792042e-06   5.0597696e-06   3.3381684e-07  -7.5914085e-07   2.0930897e-06   2.2793404e-07   5.2999007e-07   1.0651397e-06  -5.4344599e-07  -9.3258535e-07  -3.4444864e-07  -1.7653841e-06   2.4453343e-06
  -0.0000000e+00  -1.7138365e-04   1.4411169e-05   1.9954172e-05   1.8523840e-05  -2.0835701e-06   1.1391036e-05   1.8281580e-05   9.7436432e-06   8.3913765e-06   3.7692503e-06   3.8586716e-08  -6.1651571e-07   6.4773224e-07   8.7756109e-07   4.0429518e-06   3.2098058e-08  -1.6192992e-07   1.0273267e-06  -2.2766196e-07   1.0955497e-06   1.2561044e-06  -1.3370513e-06
  -0.0000000e+00  -1.7695574e-04   1.5398218e-05   2.1217931e-05   1.6446669e-05  -3.6537797e-06   7.1265690e-06   1.1786423e-05   1.1894627e-05   3.8851103e-06   2.9878281e-06   5.0388417e-06   7.1352088e-07   4.4709227e-06   1.0855085e-06   7.6113832e-07   1.9497975e-06   1.1842827e-06  -1.1751820e-06   9.3275736e-07  -3.9255798e-07  -3.0408916e-07   2.0626003e-06
  -0.0000000e+00  -1.7288192e-04   1.8223385e-05   2.0754422e-05   1.7934650e-05   2.3928972e-06   8.0610562e-06   1.8278599e-05   1.3164251e-05   6.1918954e-06   5.8234314e-06   9.5893915e-07   1.9068165e-07   3.9259003e-06   2.1326950e-06   1.4341279e-06   7.2611425e-07  -1.0151177e-06   3.2094806e-06   1.2398506e-07   1.0390353e-06   1.1099978e-06   6.4150413e-07
  -0.0000000e+00  -1.7517072e-04   1.9507475e-05   1.4042362e-05   1.7923187e-05  -2.3187003e-09   7.0338492e-06   1.2265209e-05   1.0538926e-05   2.2879065e-06   3.3038391e-06   5.3827357e-06   1.4437804e-06   1.3760008e-06   1.3604873e-06   2.4162659e-06   9.7921566e-07   1.1947982e-06   2.0466625e-06   7.9070759e-07  -1.5493977e-06   1.4927599e-06  -8.7237865e-08
  -0.0000000e+00  -1.7864564e-04   1.7661818e-05   1.9957792e-05   2.0747470e-05  -3.1798741e-06   5.5725463e-06   2.0872345e-05   9.8828768e-06   8.8092957e-06   3.9754000e-06   2.3293194e-06   3.3235974e-06  -9.3854277e-07   2.4584151e-06   1.0445029e-06   2.2371744e-06  -1.7633348e-06  -1.7348483e-06   3.8413023e-07   1.4638043e-06  -5.9138479e-08   1.2579844e-06
  -0.0000000e+00  -1.7243141e-04   1.7375669e-05   2.4426805e-05   1.6140910e-05  -1.5470515e-06   1.3007427e-05   1.3475832e-05   9.4173201e-06   5.4421866e-06   2.3886953e-06   2.3964071e-06  -3.9536999e-07   3.1469697e-06   1.6836735e-06   7.4790387e-07  -5.3794997e-07   1.4174466e-06   1.9957411e-06   3.1843720e-07  -1.1250821e-06  -1.2674546e-06   1.2975627e-06
  -0.0000000e+00  -1.7305059e-04   1.8604191e-05   1.6922693e-05   1.7351045e-05   1.3820226e-06   3.4845509e-06   1.3910096e-05   1.4392580e-05   4.7198828e-06   6.0700218e-06   4.0705331e-06  -1.1311590e-06  -1.0135460e-06   1.4842644e-06   2.3448901e-07   1.1975930e-06   9.1699599e-07   3.3829880e-07  -2.7422888e-07   2.0922296e-06   1.4871995e-06  -1.0297043e-06
  -0.0000000e+00  -1.8044235e-04   1.9822033e-05   1.8673194e-05   2.1876966e-05  -1.2660614e-06   6.1167702e-06   1.9693436e-05   1.2957423e-05   3.0191652e-06   2.1603228e-06   3.9966440e-06   1.8651266e-06   1.7943751e-06   1.1284886e-06   2.6269299e-06   8.0567457e-07   1.3180722e-06   1.9323434e-06  -6.1114076e-07  -6.8758830e-08   1.1027315e-06  -4.3012332e-07
  -0.0000000e+00  -1.6942983e-04   1.5873264e-05   2.1976810e-05   1.6212867e-05  -3.5096816e-06   9.3057815e-06   1.2302050e-05   1.0924067e-05   6.0215016e-06   4.4348367e-06   2.3874782e-06   1.1568044e-06   1.7235900e-06   1.1450791e-06   1.8126606e-06  -4.9619354e-07   1.1847809e-06   3.3115617e-07   1.7606540e-06   1.2520312e-06   9.0166861e-07   1.6879064e-06
  -0.0000000e+00  -1.7697715e-04   1.8623665e-05   2.0155961e-05   1.8736919e-05  -3.3112854e-06   9.3151257e-06   1.7039994e-05   8.9389650e-06   7.7338773e-06   1.9618146e-06   2.3298842e-06   2.1627150e-06   1.2706864e-06   8.2161552e-07   5.6203027e-07   9.9015665e-07   8.0748617e-07   2.6052740e-07  -1.0713077e-07   4.7850762e-07   3.0649042e-07   1.7142647e-06
  -0.0000000e+00  -1.7881564e-04   2.0284928e-05   2.1096108e-05   1.6531176e-05   5.1013444e-06   3.1674376e-06   1.4618396e-05   1.4152849e-05   4.6705645e-06   3.7624318e-06   3.8721460e-06   6.2811733e-07   1.2409631e-06   3.0274707e-06  -8.1246981e-07   2.0799998e-06   9.1188468e-07  -9.3750793e-07   5.1218063e-07  -7.2910228e-07  -7.0571366e-07   7.1145416e-07
  -0.0000000e+00  -1.7359323e-04   1.3890176e-05   1.8273135e-05   2.2970371e-05  -6.8714749e-06   5.3308204e-06   1.4820639e-05   1.1880835e-05   4.2270049e-06   5.4427710e-06   1.9105839e-06  -1.0823946e-06   5.6076760e-07   3.1774782e-06   7.4163175e-08   3.4736479e-06  -1.7124536e-07   8.6313111e-07   2.7485632e-09   2.2872402e-06  -1.1063800e-06   1.3181451e-06
  -0.0000000e+00  -1.7184226e-04   1.9809755e-05   1.9158089e-05   1.6418095e-05  -4.7871978e-08   1.0994702e-05   1.7685432e-05   7.3938900e-06   6.5492368e-06   5.1491543e-06  -9.3035169e-07   4.6234973e-06   1.5391836e-06   3.1333509e-06   3.3739113e-07   7.2670406e-07   2.1861556e-06   1.6301122e-07   1.7801394e-06   1.1618454e-06   1.9233689e-06  -1.0811880e-07
  -0.0000000e+00  -1.7354969e-04   1.6884598e-05   2.2093647e-05   1.3582195e-05  -1.2974729e-06   6.7628284e-06   1.2527029e-05   1.2088817e-05   4.1898970e-06   4.4324174e-06   2.4335359e-06   2.4226333e-06   2.8170616e-06   2.5014469e-06   3.0963063e-06   1.4422463e-07   2.0977760e-07   9.1953200e-07  -2.1183325e-06   1.9561776e-06   2.1620722e-06  -1.5457910e-06
  -0.0000000e+00  -1.7830706e-04   1.8028395e-05   1.5073006e-05   2.1820480e-05  -1.7050273e-06   5.3636004e-06   1.8135124e-05   1.2038116e-05   4.9390383e-06   1.1721804e-06   4.8644506e-06   3.2906354e-07   1.9086626e-06   1.4761490e-06   1.2421364e-07  -9.8516159e-07   1.7096235e-06   4.7308339e-07  -8.8696800e-07  -9.9953093e-07  -5.6463017e-07  -6.4280351e-07
  -0.0000000e+00  -1.7471160e-04   2.2008879e-05   1.9959738e-05   1.7847889e-05  -3.2179292e-07   1.0165621e-05   1.4029834e-05   9.6718541e-06   5.0936828e-06   5.4178149e-06   1.3113097e-06   3.7992268e-07   1.8643427e-06  -2.1992058e-07  -5.4254519e-07   1.0913143e-06   1.7363014e-06  -1.0086877e-06  -3.5726143e-07   7.5103765e-07   2.6274331e-06  -1.2231893e-06
  -0.0000000e+00  -1.6966728e-04   1.7665110e-05   2.0068383e-05   1.7858834e-05  -4.2870793e-06   7.8701369e-06   1.3597043e-05   9.7076472e-06   1.0318728e-05   3.8304502e-06  -3.8455320e-07   3.3655368e-07   2.9401278e-06   1.7536091e-06   2.9162411e-06  -1.5779615e-07  -3.5927675e-07   1.4378634e-06   6.0203973e-07   3.8461014e-08   6.1515078e-07   1.7323026e-06
  -0.0000000e+00  -1.7473771e-04   1.8858729e-05   1.6694954e-05   2.1802385e-05   1.5546601e-06   5.9141335e-06   1.8055991e-05   1.1057692e-05   5.1543084e-06   5.8778614e-06   1.3015659e-06   3.1253662e-06  -1.0704041e-06   1.5924287e-06   1.2241104e-06  -2.6975174e-06   8.7133571e-07  -1.2083144e-06   6.1173914e-08  -4.9841867e-07  -2.6579804e-07   4.2526895e-07
  -0.0000000e+00  -1.7943933e-04   1.7338145e-05   2.1369846e-05   1.5808129e-05  -3.3975792e-07   7.1196209e-06   1.3057577e-05   1.5086627e-05   3.5164760e-06   2.9560040e-06   5.8220216e-06   6.5690671e-07   1.0818908e-06   2.3299349e-06   1.8451697e-06  -2.2332577e-07   2.3508524e-06   5.3501338e-07   7.3469857e-07   2.2935499e-06  -8.0769797e-07   2.3063573e-07
  -0.0000000e+00  -1.7066576e-04   2.3776951e-05   1.8467341e-05   1.8725012e-05  -4.5708393e-06   1.0486050e-05   1.3679386e-05   9.7864959e-06   1.0142883e-05   4.6678929e-06   1.8387433e-06   2.0851157e-06   3.0905092e-06   2.9185946e-06  -2.8139854e-07   2.4597748e-06  -9.3877497e-07  -3.9623885e-07   1.0540685e-07  -1.1349255e-06   9.6993745e-07   1.9868803e-06
  -0.0000000e+00  -1.7959307e-04   1.6694526e-05   1.8712377e-05   1.8924182e-05  -5.0500455e-07   4.9216692e-06   1.7435801e-05   1.2240949e-05   4.8925713e-06   3.6684996e-06   3.3007518e-06   3.3048711e-06   1.7454289e-06  -1.8575075e-06   1.0060303e-06   2.7754734e-06  -1.2881156e-06   2.1632300e-06   3.2832165e-07   8.2219145e-07   1.8241846e-07  -8.5222285e-07
  -0.0000000e+00  -1.6875418e-04   1.3839977e-05   1.9341613e-05   1.8503060e-05  -1.1768004e-06   7.6742926e-06   1.4437839e-05   1.1247925e-05   5.6067256e-06   2.9299451e-06   2.3700729e-06   1.5320637e-06   1.1740293e-06   1.8056085e-06   1.1969134e-06   1.5251095e-06   9.1309019e-08   9.6999531e-07   1.1747496e-06  -4.2789750e-08   1.4103202e-06  -7.0143068e-07
  -0.0000000e+00  -1.7930256e-04   2.4431072e-05   1.9096062e-05   1.7636183e-05  -1.2657905e-06   4.4403118e-06   1.7807059e-05   1.1208996e-05   7.3030901e-06   5.1901225e-06   3.1182708e-06   4.5618992e-07   1.1827323e-06   2.3788707e-06   1.6936369e-06  -7.1325331e-07   6.5103126e-07   5.5382480e-07   4.0559758e-08   1.8855460e-06   1.6358223e-07   1.0309785e-06
  -0.0000000e+00  -1.7524618e-04   1.6070091e-05   2.1745738e-05   1.6414442e-05  -1.6242844e-06   1.1052398e-05   1.4641582e-05   1.2524412e-05   5.2478740e-06   9.7293798e-07   2.2209942e-06   3.7328862e-06  -1.6509550e-06   2.0891375e-06   8.8414691e-07   8.9106425e-07  -1.4010723e-06  -1.4203509e-06   1.5600298e-07  -1.1425501e-06   1.6213901e-06   1.3354667e-06
  -0.0000000e+00  -1.7147811e-04   1.2477994e-05   1.9651407e-05   2.2373843e-05  -5.0479798e-06   4.8216784e-06   1.8145156e-05   8.5726415e-06   3.7010561e-06   5.5368632e-06  -7.0983566e-07   8.5571992e-07   1.9143945e-06   2.2939983e-06   1.8591828e-06   2.0793950e-06   6.3699304e-07   3.5331010e-07   1.5435514e-06  -1.4965548e-06   1.5855076e-07   2.7672254e-06
  -0.0000000e+00  -1.7909233e-04   2.7111744e-05   1.7468210e-05   1.3440253e-05   3.8735916e-06   7.4829309e-06   1.4854988e-05   1.1915037e-05   6.0854290e-06   2.4324449e-06   4.4967010e-06   1.2291862e-06  -9.9195539e-08   2.5147963e-06   2.0023801e-06   2.0056000e-06   2.2916145e-06  -1.2692924e-06   2.0327714e-06   3.9887422e-07  -1.3772120e-06   6.9168448e-07
  -0.0000000e+00  -1.7303589e-04   1.4229491e-05   1.9718260e-05   1.9352059e-05  -1.3494936e-06   7.9643069e-06   1.7856917e-05   1.0114906e-05   5.5401438e-06   3.3665679e-06   2.8940376e-06   6.0242257e-07   2.8274276e-06  -1.3133609e-06   1.7123037e-06   7.2344938e-07   3.7613202e-07   2.2995898e-06  -3.2691253e-07   1.9260995e-06  -8.8429829e-07   2.4905179e-07
  -0.0000000e+00  -1.7722201e-04   1.5987262e-05   1.9072329e-05   1.8143301e-05  -3.2068397e-06   6.3021371e-06   1.1637201e-05   1.3177698e-05   7.1546579e-06   2.9324210e-06   6.3213503e-07   3.9745960e-06   2.9110361e-06   1.1006740e-06   1.1066519e-06  -4.7442458e-07   2.2819254e-06   1.1973950e-06   1.0509875e-07   1.0494477e-06  -6.3096644e-07   1.4421903e-06
  -0.0000000e+00  -1.7356308e-04   1.6764820e-05   2.1613798e-05   1.9112194e-05  -3.0319716e-06   6.0442576e-06   2.0064543e-05   8.9132081e-06   5.9313934e-06   3.8115127e-06   8.3408844e-07   2.0556190e-06   2.2894799e-06   6.0487946e-07   3.1876370e-06   3.9529364e-06  -1.4555714e-06   1.6354494e-06   1.2221429e-06  -8.7785838e-07   1.6652976e-06  -8.5194426e-07
  -0.0000000e+00  -1.6836770e-04   2.5770425e-05   1.4234597e-05   1.3167292e-05   2.3583684e-06   8.5773172e-06   1.4016809e-05   1.4334867e-05   4.0701493e-06   2.1119627e-06   2.7372678e-06   1.3961879e-06   2.0625112e-06   1.1875710e-06  -7.0992982e-08   5.7712458e-07   7.8507611e-07  -6.8365915e-07   2.2219169e-06   1.3462446e-06  -8.7172714e-07  -1.3775989e-08
  -0.0000000e+00  -1.8767330e-04   1.8024939e-05   2.1684345e-05   1.9707710e-05  -3.9996521e-06   5.8005035e-06   1.8305918e-05   9.3599883e-06   9.4398847e-06   4.5768502e-06   5.6168034e-07  -3.0458530e-08   3.7928544e-07   2.8787520e-06  -1.5267946e-09   2.6754495e-07   1.2442453e-06   2.0430323e-07   1.0845446e-07  -3.0291176e-07   2.5958125e-06  -9.8041858e-07
  -0.0000000e+00  -1.6324519e-04   1.2165503e-05   2.2267490e-05   1.9284222e-05  -1.0796326e-06   9.5840333e-06   1.2737707e-05   1.3809737e-05   6.3464731e-06  -3.2297216e-08   3.6351953e-06   1.5404604e-06   1.1658710e-06   4.1069120e-06   1.0454434e-06   1.6822226e-07  -1.9059561e-07   1.3102357e-06   7.1413200e-07  -6.0293269e-07  -1.0480891e-06   6.7104516e-08
  -0.0000000e+00  -1.7905330e-04   2.3628802e-05   2.0157955e-05   1.4786867e-05  -5.0398703e-06   8.1392636e-06   1.5645392e-05   1.0953451e-05   6.5114477e-06   5.5148748e-06  -2.0808175e-06   1.5310713e-06   2.7352428e-06   1.8412618e-06   2.2522772e-06   1.8726299e-06  -1.1482172e-07  -6.2810182e-07   1.7846985e-06  -7.8019337e-07  -7.6208761e-07   1.3272265e-06
  -0.0000000e+00  -1.7669739e-04   2.0587406e-05   1.5272006e-05   1.8088476e-05   7.0511842e-06   2.5862346e-06   1.7680895e-05   1.0335675e-05   3.1649554e-06   6.5137478e-06   3.5063149e-06  -1.5298649e-06   6.0824727e-06   5.4222886e-07   1.6793089e-06   9.2500920e-07  -1.1525532e-06   3.0875749e-06  -6.6862162e-07   1.7983760e-06  -2.4235314e-07   3.9085185e-07
  -0.0000000e+00  -1.7323266e-04   1.1452806e-05   2.3785175e-05   2.0244228e-05  -3.8152857e-06   1.1929415e-05   1.6920289e-05   1.3352071e-05   7.9711954e-06   1.0242601e-07   2.8774125e-06   3.0979575e-06  -3.0880668e-07   3.1685431e-06   2.0858686e-06   1.5858869e-06   1.4460737e-06   1.9050179e-07   4.1402669e-07   1.1274290e-06   1.0846622e-06   1.4484789e-06
  -0.0000000e+00  -1.7608810e-04   2.4633893e-05   1.7805951e-05   1.6454005e-05  -3.3902245e-06   7.0946498e-06   1.4843285e-05   1.0022088e-05   4.4431413e-06   2.5270801e-06   4.0127156e-06   5.3516754e-07   3.0193655e-06   7.8919550e-07   2.5210618e-06  -1.3591841e-06  -1.0126403e-06  -4.3299991e-07   1.6902389e-06   8.0820357e-08   3.1635122e-07   6.7153917e-07
  -0.0000000e+00  -1.7314024e-04   1.4369703e-05   1.9669877e-05   2.2071832e-05   3.0550607e-06   9.7088487e-06   1.4793982e-05   9.5605692e-06   8.4429257e-06   4.3250861e-06  -1.1855703e-06   3.1657612e-06   1.8285544e-06   4.7720055e-06   9.0295856e-07   9.5679161e-07   1.2387379e-06  -1.2404149e-06   2.0662442e-07  -3.6642217e-07   4.0136683e-07  -1.6971492e-06
  -0.0000000e+00  -1.8027215e-04   1.7477989e-05   2.2278266e-05   1.2914666e-05  -4.2240492e-07   6.2968911e-06   1.7370578e-05   9.1004131e-06   2.0993907e-06   5.8330074e-06   1.9689267e-06   1.7472794e-06   3.7489286e-07   1.1134316e-06   1.2890794e-06   5.6797331e-09   7.5898589e-07   1.3106821e-06   7.2996556e-07   1.0973388e-06   2.3921908e-07   1.2214982e-06
  -0.0000000e+00  -1.6903598e-04   2.2070786e-05   1.5614381e-05   1.7521903e-05  -1.9411394e-07   3.2136902e-06   1.5870450e-05   1.3604534e-05   2.9612088e-06   3.8780104e-06   3.4690424e-06  -5.8608083e-07  -9.0139487e-08   1.4928555e-06  -2.1801038e-07  -6.3201050e-08  -9.2855129e-07   7.9196451e-07  -1.8749662e-06   5.0946107e-07  -7.2034527e-07  -1.3260965e-06
  -0.0000000e+00  -1.7114905e-04   1.0433384e-05   2.2319571e-05   2.0616328e-05  -3.0503618e-06   1.3912631e-05   1.3302191e-05   1.0440810e-05   1.2456600e-05  -4.6463470e-07   1.9136430e-06   3.3355805e-06   3.0366691e-06   4.1193937e-07   3.1067416e-06   1.4373906e-06  -6.4962428e-08   1.0178595e-06   1.5403670e-06   1.5315165e-06   1.3054772e-06  -6.1874368e-07
  -0.0000000e+00  -1.8455843e-04   2.8928287e-05   1.4235047e-05   1.6255019e-05  -1.2678234e-06   3.3696729e-06   1.6032116e-05   1.3374577e-05   1.7962835e-06   6.0106490e-06   2.0670798e-06   2.1913729e-06   1.4716740e-06   8.2458007e-07   1.5821331e-06   1.2664771e-06  -7.1878709e-08   2.3597006e-07   9.5865119e-07   2.5860954e-06   1.0380666e-07  -4.6129318e-07
  -0.0000000e+00  -1.7186582e-04   1.3258470e-05   2.5029132e-05   1.7712515e-05  -6.0675793e-06   9.0722024e-06   1.9707524e-05   1.0571755e-05   6.6705338e-06   2.0589621e-06   3.6943127e-06  -1.3653084e-06   1.1152669e-06   2.3208240e-06  -4.4873315e-07   2.3654401e-07   1.8504520e-07   5.9934916e-07   3.2257415e-07  -1.7777809e-06   1.4489532e-06   2.5209335e-06
  -0.0000000e+00  -1.6972351e-04   1.7706785e-05   1.8131341e-05   1.8871817e-05   1.1174629e-06   7.4902850e-06   1.0102007e-05   1.3302198e-05   5.5804039e-06   4.7121089e-06   2.4491492e-06   1.8103646e-06  -3.3601722e-07   1.3965836e-06   2.3713196e-06   8.9491323e-07   1.7479771e-06   2.3034906e-06  -8.0605190e-07  -9.1031444e-07   1.0856928e-06  -5.5198018e-07
  -0.0000000e+00  -1.7781262e-04   1.9825766e-05   1.7616778e-05   1.8175568e-05  -2.4997869e-06   1.0501594e-05   1.3271515e-05   1.0555317e-05   9.9930903e-06   2.6814580e-06   1.1498404e-06   3.1030559e-06   1.4520812e-06   2.7166893e-06   2.2114343e-06  -1.9396445e-07   1.6271406e-06   6.0460121e-07   1.4352215e-06   7.5254297e-07  -2.0176356e-07   3.6185452e-07
  -0.0000000e+00  -1.7899361e-04   1.9419582e-05   2.0869084e-05   1.7841548e-05  -8.7191711e-06   8.2791239e-06   1.7868322e-05   1.2395247e-05   4.1105645e-06   1.0900368e-06   3.1555126e-06   2.5348941e-06   2.4002866e-06   1.9571114e-06   9.6435770e-07   2.4978559e-07  -5.2613075e-07   8.5124958e-07   6.2804304e-07   8.6808603e-07  -5.2077294e-08   4.0433838e-07
  -0.0000000e+00  -1.6935394e-04   1.7674558e-05   1.7424134e-05   1.9890014e-05   7.1596683e-06  -6.5835223e-07   1.5654765e-05   1.1755165e-05   2.4044064e-06   8.7922153e-06   4.8574680e-06  -4.8844409e-08   1.4403410e-06   2.1230676e-06   9.7303723e-07   2.3951824e-07  -4.1603613e-07   4.9828105e-07  -4.5266994e-08   5.4175240e-07   1.2678152e-06   6.3086122e-07
  -0.0000000e+00  -1.7567804e-04   1.7678916e-05   1.8820556e-05   1.7710297e-05  -5.4423767e-06   1.4756714e-05   1.2384809e-05   1.0028159e-05   8.7290737e-06   5.8995914e-07   1.9454876e-06   3.1221982e-06   3.3994563e-06   1.1937691e-06   2.6188837e-07   1.1349052e-06  -1.8902161e-07   1.5058436e-06   2.7381429e-07   1.1758402e-06  -1.2177728e-06   1.4262076e-06
  -0.0000000e+00  -1.6840520e-04   1.6463904e-05   2.6789759e-05   1.4172203e-05  -7.2606434e-07   3.6322074e-06   1.4817855e-05   1.2957405e-05   5.8446844e-06   4.3242189e-06   4.1684884e-06   5.6813241e-07   9.7002817e-07   3.1896034e-06   4.3056416e-06   1.5981351e-07  -1.4798442e-06   8.3520911e-07   2.0504087e-06  -1.2012746e-06   8.1566276e-07   3.4845666e-08
  -0.0000000e+00  -1.8457137e-04   2.6525924e-05   1.6486671e-05   2.6566420e-05  -5.5117616e-06   1.0097980e-05   1.3595869e-05   1.0931561e-05   3.4377724e-06   5.3479835e-06  -1.1045706e-06   2.6494581e-06   2.4135975e-06   2.2007969e-06  -7.5389295e-07   2.3551682e-07   1.3691217e-06  -5.9882183e-07  -1.8941530e-06   5.9047966e-07  -2.1741191e-07   4.1763903e-07
  -0.0000000e+00  -1.6297026e-04   1.0726876e-05   1.6409338e-05   1.3931238e-05   2.5750087e-06   5.4855327e-06   1.6847232e-05   1.1559058e-05   6.7831788e-06  -4.8707750e-07   3.3075451e-06  -1.4965027e-08   2.5262093e-06   2.1125934e-06   1.2257100e-07   2.3946716e-06   2.2902134e-06  -1.0681028e-06   2.8045843e-06   3.6792144e-07  -9.3939214e-08   1.5360750e-06
  -0.0000000e+00  -1.8363514e-04   2.3800072e-05   2.4089033e-05   1.4794632e-05  -1.2495150e-06   6.8110608e-06   1.5224908e-05   9.3316603e-06   5.7824882e-06   6.8688191e-06   2.5271047e-06   2.4968319e-06   2.7612491e-06  -8.6624186e-07   3.4993091e-06   1.0869873e-06  -2.5045958e-06   3.4060772e-06  -4.6173302e-08   7.7165913e-07   1.3210256e-07   5.1877248e-07
  -0.0000000e+00  -1.7197651e-04   1.8115765e-05   2.2056331e-05   1.8719962e-05  -4.7335593e-06   1.0662633e-05   1.6774391e-05   9.5907126e-06   7.9956499e-06   1.8045064e-06   5.1794832e-06   1.6466830e-06   1.7568548e-06   1.7631514e-06   1.2751561e-06  -1.3362746e-06   1.1514612e-06  -1.9806514e-07   5.9345552e-07   2.4569965e-07   1.4351033e-06   1.1285678e-06
  -0.0000000e+00  -1.7343776e-04   1.8390769e-05   9.1000729e-06   2.3870989e-05  -3.4912676e-07   2.8092024e-06   1.3167374e-05   1.4204880e-05   4.7566214e-06   4.3970022e-06   3.6159431e-06   2.6201096e-06   3.4013187e-06  -1.5139468e-06   5.6173104e-07   8.5044690e-08   6.9256089e-07   2.2575991e-06  -9.0437641e-07   2.3006135e-06   1.1360264e-06  -7.7956776e-07
  -0.0000000e+00  -1.7351136e-04   1.7434564e-05   2.6688649e-05   1.0497560e-05   7.0485345e-07   4.2994443e-06   1.7920691e-05   1.0291032e-05   5.0288268e-06   4.7884391e-06   1.0776441e-06   3.7660589e-06   2.4112780e-06   2.2584180e-07   3.6978150e-07   2.2784611e-06   9.5520397e-07  -3.1861322e-07  -1.7210510e-07  -7.3664188e-07  -4.4131519e-07  -5.1555952e-07
  -0.0000000e+00  -1.7741890e-04   2.1297781e-05   1.7504890e-05   2.0273070e-05  -5.1342972e-06   1.5081068e-05   1.1497201e-05   1.2676834e-05   5.4651769e-06   5.1427646e-06   4.0151153e-06   8.2369075e-07  -2.9827552e-07   2.6290400e-06   1.9686868e-06   7.0571008e-07  -1.2589114e-06   2.8284379e-07   1.2957598e-06  -1.5241203e-06   4.0026083e-07   3.5207013e-09
  -0.0000000e+00  -1.7248756e-04   1.4197051e-05   2.0901796e-05   1.3913369e-05   5.7883462e-08   2.5674436e-07   1.8622655e-05   6.8091199e-06   7.2279959e-06   4.4696935e-06   1.7160265e-06   2.7073215e-06   2.3717059e-06  -7.0038942e-07   3.0734697e-08   2.2856059e-07   1.4307766e-06   1.5137761e-06  -9.2006667e-07   2.1457024e-06   1.9903846e-06   2.3445725e-07
  -0.0000000e+00  -1.7386931e-04   2.6975064e-05   1.0405728e-05   2.6533689e-05  -4.0584709e-06   1.0779170e-05   1.4799906e-05   1.4104154e-05   7.8117628e-06   3.1460261e-06   3.1590325e-06   1.5847901e-06  -2.4092230e-06   4.4769076e-06   3.1733623e-07   5.7611913e-07   1.5584196e-06  -1.4297523e-06   6.6156154e-08  -3.2778934e-07   2.4713830e-07  -4.9586617e-07
  -0.0000000e+00  -1.7166587e-04   9.3493272e-06   2.9382825e-05   1.1715510e-05   1.2332424e-06   6.8097376e-07   1.6521095e-05   8.5529482e-06   4.5495699e-06   5.5540550e-06  -8.9808862e-07   3.3885046e-06   4.6418309e-06  -1.1803581e-06   1.7967382e-06  -1.0425513e-06  -6.4848842e-07   2.0930559e-06   8.4621206e-07  -1.3659867e-07   2.0713433e-06  -3.3718152e-07
  -0.0000000e+00  -1.8071890e-04   2.3478884e-05   1.7106486e-05   1.5484789e-05  -5.0608705e-06   1.2351993e-05   1.4286270e-05   1.3797931e-05   7.3828155e-06   2.4941799e-06   5.0196245e-06   9.4823565e-07  -8.6229835e-07   3.1565760e-06   1.1149680e-06   2.7862557e-06   3.7964000e-07  -5.6296676e-07   1.5187409e-06   4.9652948e-07  -2.3063906e-06   9.2394725e-07
  -0.0000000e+00  -1.6525069e-04   1.7520751e-05   1.8935885e-05   2.5778563e-05  -2.1242538e-06   6.6864113e-06   1.6342708e-05   7.4825170e-06   6.9626371e-06   1.4447528e-06   6.7713944e-07   3.3327219e-06   3.1562781e-06   1.0395394e-06   6.3225644e-07  -1.3557100e-06   2.2117679e-06   2.6409039e-06  -2.0189641e-06   2.7606262e-07   1.3236050e-06  -8.7088068e-07
  -0.0000000e+00  -1.8127266e-04   2.4908544e-05   1.4406771e-05   1.6599985e-05   1.0856814e-06   4.8755473e-06   1.3640659e-05   1.5844525e-05   4.6701375e-06   5.8135643e-06   2.4111159e-06   1.2497939e-06  -2.9039950e-07   1.1152135e-06   1.8262648e-06   1.8419116e-06   1.2965887e-06  -1.4757989e-06   1.7679387e-06   1.0104774e-06  -1.4418364e-07   1.8704743e-08
  -0.0000000e+00  -1.7390819e-04   1.2071760e-05   2.3513918e-05   1.4746018e-05  -2.5353454e-06   6.7097108e-06   2.0111262e-05   5.7966145e-06   6.2650665e-06   8.9821452e-07   1.2116600e-06   3.2130799e-06   1.2321926e-06   8.2332315e-07   1.8189586e-06  -1.0321214e-06   3.5297076e-06   1.1039122e-06   1.3168806e-06   1.4276195e-07  -3.6909586e-07   1.2728151e-06
  -0.0000000e+00  -1.7181957e-04   2.1752008e-05   1.9175130e-05   2.0092288e-05  -2.7326964e-08   9.3064073e-06   1.1225636e-05   1.5463320e-05   4.8568177e-06   9.5101814e-06   1.4219999e-06  -1.2111558e-07   1.4471265e-06   2.6236244e-06   2.2293834e-06   2.8631478e-06  -3.0836866e-06  -4.9315776e-07   2.8413945e-06   1.9247054e-07   1.2089190e-07  -1.5137784e-06
  -0.0000000e+00  -1.7432550e-04   1.5601534e-05   1.8515493e-05   1.4951180e-05  -1.0833063e-06   4.0996470e-06   1.7712526e-05   7.7008253e-06   7.7552459e-06  -3.7208392e-07   5.4531715e-06   1.5976972e-06   3.5350411e-06  -3.3322516e-07   9.1311966e-07   4.8550407e-07   1.7654760e-06   5.1040661e-07   1.4774320e-06   1.3135501e-06  -7.9202636e-08  -2.8338811e-09
  -0.0000000e+00  -1.7898451e-04   2.2439881e-05   1.3570768e-05   2.2681243e-05  -2.6304974e-06   1.0777357e-05   1.8927500e-05   1.2941944e-05   7.1490017e-06   6.1948354e-06   7.9920477e-07   1.5634776e-06   1.6126507e-06   2.3653924e-06   1.4577068e-06   3.4291952e-06  -3.9999631e-07   1.4686068e-06   1.7418645e-06   1.0210913e-06   1.3245151e-06  -7.9225168e-07
  -0.0000000e+00  -1.7433724e-04   1.6110969e-05   2.9868885e-05   8.9970781e-06   2.1731050e-06   7.8997082e-06   1.2257394e-05   8.4979629e-06   6.3267535e-06   7.4322151e-07   4.2911770e-06   1.1559367e-06   1.3869490e-06  -1.5602484e-06   4.1536342e-07   3.1363606e-07   1.5887366e-06   5.7126300e-07  -5.1337752e-09  -5.2231314e-07  -4.6480178e-08   5.5395526e-07
  -0.0000000e+00  -1.7282374e-04   1.7712959e-05   1.0136740e-05   2.6115367e-05  -5.9075082e-06   7.1436161e-06   2.0091173e-05   1.3901403e-05   2.9673429e-06   5.4984557e-06   1.5256404e-06   2.8169640e-07   1.9712572e-06   2.4420342e-06   7.1791084e-07   9.3788691e-07   1.9177260e-06  -1.4006328e-07  -1.0547286e-06  -8.2032022e-07   9.5278665e-07  -1.1235120e-06
  -0.0000000e+00  -1.7118822e-04   1.9448069e-05   2.0226995e-05   1.2018582e-05  -1.7780468e-06   7.3512174e-06   1.3244578e-05   9.3815261e-06   4.4482858e-06   2.3401717e-06   4.2052948e-06   6.8883787e-07   3.9537454e-06  -1.5776027e-07   1.9047466e-06   8.9998861e-07   1.8477612e-06  -6.9781316e-07   6.8584870e-07   3.3811409e-07   2.0328122e-07   1.6551553e-06
  -0.0000000e+00  -1.8508339e-04   2.0442361e-05   1.9864763e-05   2.1468688e-05  -2.8187060e-06   1.0478097e-05   1.2272274e-05   1.1347044e-05   7.6734159e-06   5.9524627e-06   4.0632653e-08   4.6785981e-06  -5.7750708e-07   2.6634652e-06   2.0629170e-06   3.0500024e-07  -1.7055311e-06   1.0511737e-06   2.2973984e-07   1.2966005e-06   1.1381226e-06  -1.0041007e-06
  -0.0000000e+00  -1.6551695e-04   1.5577869e-05   1.6903474e-05   1.1147322e-05   1.3240062e-06   5.2616815e-06   1.9026951e-05   8.6509581e-06   1.0995442e-05  -1.3664412e-06   3.8780299e-06   7.8736826e-07   3.5641244e-06  -4.3717324e-07   1.6287929e-06   1.1764304e-07   2.0007094e-06   1.4613942e-06   9.8828332e-07  -4.2206912e-07  -7.3760327e-07  -3.0188895e-07
  -0.0000000e+00  -1.8200272e-04   1.7472237e-05   2.3477021e-05   2.1369542e-05  -6.9912617e-06   1.0922422e-05   1.4626573e-05   1.2218669e-05   2.8883771e-06   8.6849759e-06   2.9125367e-06   1.7550909e-06  -1.3678867e-06   1.4583667e-06   2.0687692e-06   1.4265812e-06  -1.7598983e-06   8.8458381e-07   1.1350763e-06   3.3756729e-07   1.8446082e-06  -6.6665950e-07
  -0.0000000e+00  -1.6687470e-04   2.1359398e-05   1.4760453e-05   1.8558954e-05   4.7045182e-06   3.0117740e-06   1.9387640e-05   1.0970597e-05   4.5626371e-06   3.7193379e-06   2.6223731e-06   1.5559318e-06   3.8300209e-06   9.4494823e-07  -4.7989928e-08  -1.0167518e-06   2.4022613e-06   1.7535133e-06   8.0610727e-07   1.2399211e-06  -1.0003132e-06  -1.0276899e-07
  -0.0000000e+00  -1.8563274e-04   1.5961446e-05   1.8658873e-05   2.0445874e-05  -8.4895210e-06   1.4073839e-05   1.0517405e-05   1.2909501e-05   6.6953348e-06   6.6458729e-06   6.9848028e-07   2.3175226e-06   3.4390218e-06   2.1523551e-06   2.0468808e-06   1.7714785e-06  -2.5989749e-07   1.4200347e-06  -4.0700428e-07   5.5868719e-07   2.0043074e-06   8.6669763e-07
  -0.0000000e+00  -1.6488563e-04   1.5511496e-05   2.0777645e-05   1.4359158e-05   7.3200326e-06   2.0975463e-06   1.8944860e-05   1.0430221e-05   5.9095678e-06   1.5491062e-06   3.7891887e-06  -2.4061299e-07   5.0275605e-07   2.5037052e-06   7.4883980e-07   1.8534621e-06   2.2687038e-06  -5.5849574e-07  -9.0433548e-07  -1.0033197e-06  -4.7464817e-07   2.6006728e-07
  -0.0000000e+00  -1.8109655e-04   2.3126955e-05   1.7470391e-05   2.1503851e-05  -7.1387631e-06   6.4187693e-06   1.7118178e-05   1.0693869e-05   6.8703848e-06   4.0098234e-06   7.4756150e-07   2.1678266e-06   1.0612767e-06   2.1059257e-06   2.2342599e-06   6.6121311e-07   5.5478120e-07   9.5104565e-07   3.6945156e-07  -1.1997660e-06   1.0743018e-06   5.3303762e-07
  -0.0000000e+00  -1.7185599e-04   1.6531731e-05   1.9210398e-05   1.2345601e-05   9.3549590e-07   7.9279334e-06   1.1292946e-05   1.1290278e-05   6.5595964e-06   1.0554585e-06   5.2157961e-06  -3.1804902e-07   2.7513254e-06   1.3558056e-06   2.4998899e-06   1.5157945e-06  -6.0907541e-07  -1.5071115e-06  -6.8956746e-07   2.2442307e-06   5.1751852e-07   1.8402462e-06
  -0.0000000e+00  -1.7378599e-04   2.0112126e-05   1.6117463e-05   2.4726154e-05  -6.0605539e-06   9.7439470e-06   1.8835934e-05   1.5009659e-05   2.5529407e-06   5.6984509e-06  -1.8169393e-06   5.2622140e-06   3.2869190e-07   2.6560817e-06   5.8555787e-07  -9.4151920e-07   1.2293152e-06  -1.2738820e-07   7.5214933e-07   6.3750633e-07  -1.9306663e-07   2.2060192e-06
  -0.0000000e+00  -1.7201809e-04   1.5021107e-05   2.5054780e-05   1.2598022e-05   2.3366244e-06   3.4093521e-06   1.4236323e-05   9.1707716e-06   8.1608587e-06   1.8189864e-06   5.3985850e-06   1.8960742e-07   2.4453784e-06   1.1864578e-06   8.8889072e-07   2.2018835e-06   8.0064115e-07   2.3748379e-07  -9.1965866e-08  -1.1084370e-07   2.8466914e-07   5.8939872e-07
  -0.0000000e+00  -1.7999935e-04   2.1733662e-05   1.2263941e-05   2.2956154e-05  -1.0836724e-06   1.0460003e-05   1.7647271e-05   1.2704248e-05   5.4672646e-06   3.7355080e-06   1.6969527e-06  -3.1715231e-07   4.0021371e-07   4.0350767e-07   9.0647228e-07   1.7519736e-07   2.1244646e-06   5.4251637e-07  -1.9984841e-06  -1.8041742e-07   1.0602183e-06  -1.3323501e-06
  -0.0000000e+00  -1.7211931e-04   1.6688238e-05   2.4832143e-05   1.4140724e-05  -1.0147893e-06   6.9703751e-06   1.7286691e-05   1.0464762e-05   6.2400268e-06   1.8564469e-06   2.0822220e-06   1.8222529e-06  -1.8595942e-07   3.1813922e-06  -6.1769111e-07   6.1793486e-07   1.1635108e-06   8.7753824e-07   6.0372196e-07   3.5365170e-07   3.6599326e-07   8.8799146e-07
  -0.0000000e+00  -1.7593270e-04   1.9823139e-05   1.6751257e-05   1.6542761e-05  -2.9643079e-06   8.9475789e-06   1.1503023e-05   1.5062223e-05   5.2808141e-06   6.3259440e-06   1.7952464e-06  -2.0856345e-07   2.4132830e-06   9.8928604e-07   3.0961287e-06   1.5656508e-06  -1.1555331e-06   2.3897526e-06   1.0672505e-06  -5.5468188e-08  -5.3858287e-07   5.4966711e-07
  -0.0000000e+00  -1.7060753e-04   1.0164061e-05   2.1463471e-05   1.7052786e-05   1.5269630e-06   6.1564742e-06   1.9072409e-05   8.4628246e-06   6.5077356e-06   5.8040464e-06   1.3055919e-06   4.8365628e-06   3.1053178e-06   1.4384482e-06  -1.4749285e-06   1.3404255e-06   5.4344167e-07  -4.0833035e-07   9.3746058e-07   1.5855294e-06   4.5333582e-07   5.3932197e-08
  -0.0000000e+00  -1.7898917e-04   2.5138503e-05   1.6124950e-05   2.0676647e-05  -1.4481127e-06   3.3080230e-06   1.4490907e-05   1.4647373e-05   5.9591257e-06   3.0517256e-06   1.9143263e-06   7.3128973e-07   9.1500652e-07   2.8368345e-06   1.4037372e-06   7.0081853e-08   9.0797579e-07   1.8090030e-06  -1.6587356e-06   3.5338300e-07   1.2316866e-06   2.1360734e-07
  -0.0000000e+00  -1.7006727e-04   1.8516346e-05   2.1926679e-05   1.5599691e-05  -1.6768930e-06   8.3576497e-06   2.2135084e-05   7.1363520e-06   7.6672859e-06   2.3569769e-06   1.5316059e-06   1.7460731e-06   2.9097218e-06   1.1015829e-06   3.6181816e-06  -8.4151719e-07   7.8836428e-07   5.6822381e-07  -1.7593466e-06  -3.2886646e-07   1.9457145e-06   5.2677308e-07
  -0.0000000e+00  -1.7652690e-04   1.9925679e-05   1.7971719e-05   1.8268327e-05  -3.9891691e-07   9.7441789e-06   1.2097214e-05   1.3239508e-05   7.2366092e-06   6.0911302e-06   2.6480670e-06   5.3914903e-07   1.9715034e-07   2.6944781e-06  -5.6126261e-08   1.7832648e-06   4.4545456e-07  -2.0398509e-06   1.5582796e-06   1.9156587e-06  -1.8660021e-06   1.8729355e-06
  -0.0000000e+00  -1.7227876e-04   1.3220468e-05   2.0240610e-05   1.9534973e-05  -6.0085313e-07   4.0880245e-06   1.8118153e-05   1.0823303e-05   2.7263327e-06   3.3645288e-06   4.2330889e-06   1.4386412e-06   3.5022399e-06   8.9520609e-07   2.6776722e-06   1.9785755e-07   1.3416617e-06   2.3218045e-06  -4.1278756e-07  -1.2764481e-06   5.2361827e-07   8.9748063e-08
  -0.0000000e+00  -1.7484157e-04   2.4801877e-05   1.9438410e-05   1.7139473e-05  -5.8037034e-07   8.9982568e-06   1.3512184e-05   1.3156281e-05   7.9826450e-06   3.7552961e-06   2.4702283e-06   2.4917879e-06   3.4774527e-07   1.7662804e-06   2.1591593e-06   4.4035761e-07   3.4498166e-07  -9.5466748e-07   7.7015608e-07   1.8045265e-06   4.1673286e-07   1.4307161e-06
  -0.0000000e+00  -1.7530128e-04   1.3683887e-05   2.1293636e-05   1.5406556e-05  -7.3951065e-07   5.6640702e-06   1.7537157e-05   8.4366075e-06   5.3223603e-06   3.7417703e-06   1.9121042e-06   2.2282425e-06   2.6559881e-06   1.1281350e-07   1.5903687e-06   2.5218884e-07  -1.2561203e-06   1.2040404e-06  -2.4115377e-07   6.1312278e-07  -1.3934098e-06  -9.8525868e-07
  -0.0000000e+00  -1.7405646e-04   2.2089991e-05   1.5582475e-05   1.9977495e-05  -2.4414121e-06   7.2305124e-06   1.4108169e-05   1.0754102e-05   9.1344446e-06   3.8064977e-06   7.9826293e-08   3.0420003e-06   2.0797822e-06   3.9072984e-06   1.8612216e-07   1.1740538e-06   9.9760564e-07  -1.7500570e-07  -3.1283014e-07   1.5430063e-06  -3.9403733e-07  -7.5351284e-07
