  -0.0000000e+00  -1.8146854e-04   1.5524764e-05   2.4323337e-05   1.8165907e-05  -2.1568478e-06   5.4939205e-06   1.7287794e-05   1.2863877e-05   5.4202328e-06   4.9603282e-06   5.5125629e-06   5.5725059e-07   1.1116916e-06  -1.3130178e-06   2.8529009e-06   1.7498612e-06   8.4401205e-07   9.2362308e-07   1.7403660e-06  -7.9353975e-07  -6.8992790e-07  -1.8008647e-07
  -0.0000000e+00  -1.7747849e-04   1.6291668e-05   1.1989414e-05   1.6775757e-05  -1.8028720e-06   9.5667256e-06   1.4458949e-05   1.5135266e-05   4.3146056e-06   3.7331354e-06   1.5267009e-06   5.2484313e-07   2.2571674e-06   3.2421647e-06  -2.0179334e-06   4.6991922e-06  -5.3012690e-07   2.1324029e-06  -8.0810672e-08  -8.8574177e-07   1.1182575e-06   8.7721918e-07
  -0.0000000e+00  -1.7713233e-04   1.3686665e-05   2.4848678e-05   1.7773098e-05  -1.3569743e-06   9.6053545e-06   1.5196830e-05   7.4987147e-06   9.2321297e-06   5.3068261e-06   2.0473499e-06   2.9863061e-06   4.3150709e-07   2.2223567e-06   3.0502113e-06  -4.3976263e-07  -1.5220327e-06   2.2272774e-08   8.0440429e-07   1.4458649e-06   6.8978676e-07  -5.2231252e-07
  -0.0000000e+00  -1.8009373e-04   2.2203440e-05   1.3532702e-05   2.0108784e-05  -3.2025971e-06   5.3771546e-06   1.8267858e-05   1.1669616e-05   5.2591786e-06   1.6117697e-06   3.0256417e-06   3.7320738e-06   1.9594686e-06   3.7731554e-06   7.7275013e-07   1.4755248e-06   1.3536563e-06   3.8884305e-06  -1.0173022e-06   6.8190332e-07   4.1279691e-07   5.2174443e-07
  -0.0000000e+00  -1.8267956e-04   1.1971969e-05   1.7128947e-05   1.6646703e-05  -3.3988631e-06   6.8391346e-06   1.9686388e-05   1.4577963e-05   7.3723991e-06   5.4021502e-06   3.1568502e-06   1.9863714e-06   3.7911441e-08   1.4149075e-06   3.1492659e-06  -1.5927696e-07  -3.1294897e-07  -1.3198788e-06   9.9183012e-07   1.4369393e-06   2.8218494e-07  -1.2214542e-06
  -0.0000000e+00  -1.7701249e-04   1.9456309e-05   1.9632133e-05   1.9370702e-05   2.0180400e-06   7.0159967e-06   1.2661981e-05   1.2008857e-05   3.0075878e-06   3.8484113e-06   2.2243387e-06   4.2203037e-06   3.5946177e-06  -1.0677020e-06   1.3205001e-06   3.2782493e-06   1.8027967e-07   8.2255838e-07   3.7084254e-07   1.2536699e-06  -1.4717958e-07   1.8426095e-06
  -0.0000000e+00  -1.7430290e-04   1.1457237e-05   1.9332214e-05   1.6353737e-05  -5.6612480e-06   1.2435641e-05   1.9346042e-05   1.4053872e-05   1.0292531e-05   2.3127823e-06   2.1025380e-06   2.5579229e-07   1.7933370e-06   2.1870408e-06   4.0853702e-06  -9.6300505e-07   9.6284418e-07  -7.0399540e-07   1.3040836e-06   8.7499114e-07   4.1483204e-07   1.1170059e-06
  -0.0000000e+00  -1.8510083e-04   1.5646545e-05   1.5210316e-05   1.7340653e-05  -4.5286029e-06   2.5966017e-06   1.6608627e-05   8.6868422e-06   4.5809288e-06   3.5792866e-06   2.9008713e-06   3.9427032e-06   1.6169911e-06   2.3507973e-06   1.2713987e-06   7.9523528e-07   1.6018763e-06  -4.1721606e-07   1.1076066e-06   1.0353417e-06   5.6609974e-07  -1.6792047e-06
  -0.0000000e+00  -1.7748830e-04   1.9342606e-05   2.0990570e-05   1.5866133e-05   4.5090742e-06   7.6229276e-06   1.9936731e-05   1.5183125e-05   6.5485251e-06   5.1574584e-06   2.5136012e-06  -1.5620849e-06   1.8662996e-06   1.8192706e-06   1.8134104e-06  -3.9316376e-07   1.4032237e-07   8.9554641e-07  -2.2610200e-06   6.5822559e-07  -1.2293299e-06   4.0047926e-08
  -0.0000000e+00  -1.8313562e-04   1.2968290e-05   1.7983328e-05   1.7048411e-05  -8.2763536e-06   8.7500321e-06   1.4480957e-05   9.5391133e-06   8.4587427e-06   4.9368386e-06   1.4519128e-06   5.5225646e-06  -3.1674293e-07   1.3278025e-06   2.2686822e-06   1.8288671e-06  -6.9029511e-07  -9.6187819e-07   1.7006269e-06   2.0653090e-06  -1.2550452e-06  -1.1726423e-06
  -0.0000000e+00  -1.7373559e-04   1.5417130e-05   1.3228406e-05   1.9661944e-05  -7.7564977e-07   5.5620426e-06   1.8134453e-05   1.5566096e-05   1.9204410e-06   5.5100900e-06   3.7305513e-06  -1.1469285e-06   1.3350924e-06   1.6361183e-06  -4.0760909e-07   1.3477301e-06   6.7263295e-07   1.7299717e-06   1.7611393e-06   1.1864329e-07   1.7684488e-06   6.8523906e-07
  -0.0000000e+00  -1.8172826e-04   1.5241400e-05   1.7486838e-05   1.9957581e-05  -5.3970689e-06   8.6143518e-06   2.1617761e-05   1.0366344e-05   1.0867592e-05   5.4289417e-06   2.9039256e-06   1.2219448e-06   3.0171223e-06   2.0847870e-06   1.9708456e-07   3.2802640e-07   4.0089330e-07   3.2181865e-06   3.6274568e-07   9.7586815e-07   1.7586405e-06   1.6584244e-06
  -0.0000000e+00  -1.8005940e-04   1.9888694e-05   1.7254753e-05   1.5572175e-05   7.1365463e-07   3.2057205e-06   1.4202375e-05   9.6913836e-06   5.9350964e-06   3.5899604e-06   2.2414470e-06   4.4244011e-06   2.4406372e-06   2.0710218e-06   1.5784625e-06   8.5594871e-07   7.9815993e-07  -1.7780103e-06   1.5675353e-06  -1.3059415e-06   8.0915618e-07  -1.3174500e-06
  -0.0000000e+00  -1.8425231e-04   9.4321767e-06   2.3613449e-05   1.5859097e-05   6.8516812e-07   1.3166597e-05   1.9447061e-05   1.5160213e-05   9.0829390e-06   2.9330604e-06   1.7316611e-06   2.6154619e-06   2.8232835e-06   1.6688489e-06   2.5764132e-06  -3.6563029e-07   5.4792571e-07   2.4717251e-06   1.5620590e-07   8.7206735e-07   5.1183861e-07   5.0267988e-07
  -0.0000000e+00  -1.7055043e-04   1.6615333e-05   1.4019535e-05   1.9283103e-05  -3.0245938e-06   5.6709628e-06   1.1848781e-05   9.7457823e-06   2.2143581e-06   6.3561638e-06   3.6734978e-06   5.1018918e-07   1.3027761e-06   1.8039688e-06   8.9542773e-08   5.2154599e-07   1.4922397e-06  -1.7571210e-06  -3.6392623e-07  -2.1140020e-06   8.8460996e-07   1.1639723e-06
  -0.0000000e+00  -1.8500221e-04   2.0879901e-05   1.6631135e-05   2.1414122e-05  -5.1291763e-06   8.0609889e-06   2.2963133e-05   1.8416260e-05   5.6892140e-06   6.0753860e-06   2.7269020e-06  -1.0318394e-07   2.3103694e-06   8.6443316e-07   4.3525824e-06   2.4768078e-06  -7.9397535e-07  -9.9480371e-07   9.1268362e-07   4.0560822e-06  -1.5340665e-06  -1.6052333e-07
  -0.0000000e+00  -1.7842039e-04   1.1865015e-05   2.0605123e-05   1.6570186e-05   1.4439072e-06   8.9418772e-06   1.5096515e-05   6.1802311e-06   7.3034557e-06   1.9925394e-06   5.1621623e-06   2.5889481e-06   8.6478838e-07   2.5197380e-06  -3.1123218e-07  -8.0333803e-07   1.6791481e-06   1.8373931e-06   2.4749950e-06  -2.5348763e-06   5.7965298e-07   1.7348436e-06
  -0.0000000e+00  -1.7745631e-04   1.4801914e-05   1.8630397e-05   2.0399628e-05  -2.7810304e-06   7.3721217e-06   1.9887855e-05   9.8353676e-06   9.4654024e-06   6.0352495e-06   1.3784485e-06  -1.1104712e-06   1.4381873e-06   3.5256162e-06   9.0350858e-07   5.5565346e-07  -1.7035112e-06   2.5700879e-06   4.9647753e-07   6.9201616e-07  -9.3215937e-07   6.0835170e-08
  -0.0000000e+00  -1.7634015e-04   1.3177759e-05   2.2022825e-05   1.7655913e-05  -4.9967257e-06   1.1962275e-05   1.8152257e-05   1.1751355e-05   9.6993574e-07   3.1583336e-06   2.1278061e-06   4.2842366e-06   1.0531476e-06   2.7180261e-06  -1.0888917e-06   1.3969303e-07   2.0675629e-06  -1.5385673e-07   1.3570696e-06  -9.2593439e-07   1.6602652e-06   5.7940230e-07
  -0.0000000e+00  -1.8395497e-04   2.5117482e-05   1.1303927e-05   2.2010692e-05  -1.5706555e-06   5.8157752e-06   1.2632949e-05   1.5852043e-05   7.4763234e-06   7.1955087e-06   3.5934406e-06  -2.7933033e-06   2.4024189e-06   9.4959853e-07   1.4241034e-06   1.0731693e-06  -4.0741705e-07   1.9839734e-07   1.3579354e-06   6.7202836e-07   8.7069168e-07  -1.2788993e-06
  -0.0000000e+00  -1.7946854e-04   1.1510277e-05   2.3950532e-05   1.6771830e-05  -8.4147950e-07   9.8644023e-06   1.7181439e-05   1.1848655e-05   4.8798561e-06   1.8727945e-06  -1.1604217e-06   4.2780289e-06   2.4999922e-06   2.5199486e-06  -5.8927625e-08  -1.1320955e-06  -7.5913135e-07  -2.4468624e-08   1.2599820e-07   7.3222672e-08   4.9178300e-07   2.6943185e-06
  -0.0000000e+00  -1.7304839e-04   1.0821809e-05   1.8553530e-05   1.6840708e-05  -2.9066571e-06   8.5054944e-06   2.0926260e-05   1.2884315e-05   6.6821658e-06   3.6953847e-06   5.2999731e-06   1.7847905e-06   6.6276596e-07   2.9533612e-06   2.3941168e-06   2.4975509e-06   1.4950439e-06  -1.9570014e-06  -4.3764936e-07   2.2261827e-06   5.7843175e-07  -9.5247854e-09
  -0.0000000e+00  -1.8559655e-04   2.0454367e-05   1.6948628e-05   1.8571838e-05  -1.3898826e-06   7.1807090e-06   1.3871737e-05   8.5154752e-06   7.9690071e-06   3.6805538e-06   3.1848922e-06   8.9955086e-07   1.0762066e-06   2.7296621e-06   1.3073623e-08  -1.8588064e-06   2.6244679e-06  -2.1451554e-07  -1.7972276e-07  -2.0202435e-07   1.3816007e-06   1.5496994e-06
  -0.0000000e+00  -1.7888729e-04   1.9731438e-05   1.6466340e-05   1.8777735e-05  -5.4499401e-06   1.1538693e-05   1.9128278e-05   1.5359210e-05   3.8825183e-06   5.2418018e-06   5.4578408e-07   2.5854172e-06   2.5519514e-06   1.5052237e-08   2.8871029e-06   3.5800472e-08  -1.8872835e-07   5.8993203e-07   1.5580697e-06   3.5079363e-06   5.7580752e-07  -1.8100629e-07
  -0.0000000e+00  -1.7019015e-04   1.2366241e-05   1.6934207e-05   1.5173241e-05  -7.6442302e-07   6.3062221e-06   1.4804029e-05   1.2545378e-05   5.9406366e-06   5.4551501e-06   5.6180346e-07   1.3905359e-06   2.7637566e-06   2.2913330e-06   4.0968322e-07   1.6191124e-06   1.0603457e-06   6.4284154e-07   1.1644735e-06   4.5774820e-07  -9.7750660e-07   4.3294889e-07
  -0.0000000e+00  -1.8610709e-04   1.0885918e-05   2.3145321e-05   1.9932659e-05  -2.5922247e-06   8.1724993e-06   1.6203392e-05   1.0971326e-05   8.1493836e-06   5.2859291e-06   4.7811673e-06   1.6342452e-06   2.5206739e-06   3.3814324e-06   2.8887509e-06  -2.8766388e-07  -3.2655518e-07   1.7537511e-07   1.9088116e-06  -9.5440180e-07   2.1140047e-06   5.5540676e-07
  -0.0000000e+00  -1.7831776e-04   2.0541040e-05   1.4566655e-05   1.6566497e-05   2.5361642e-06   6.3172915e-06   1.6731039e-05   1.3881204e-05   4.6044033e-06   2.0525692e-06   4.5138895e-06   1.0574536e-06   2.0811774e-06   3.2101818e-06  -8.4677652e-07   1.8504861e-06   2.2048257e-06   9.5242251e-07  -1.7324906e-07   6.8279843e-07  -3.1008068e-07  -1.7999065e-06
  -0.0000000e+00  -1.8161508e-04   1.8430419e-05   1.6746175e-05   2.0144582e-05  -8.1696417e-06   1.0271855e-05   1.8864490e-05   9.7655102e-06   9.3400286e-06   3.6945519e-06   1.7818872e-06   9.8056421e-07  -4.5111531e-07   1.9450933e-06   5.5513704e-07   2.1621906e-06  -7.7728674e-07   1.5202589e-06   1.1435948e-06  -9.3580172e-07   2.0772163e-06  -5.2870377e-07
  -0.0000000e+00  -1.7231680e-04   1.0763468e-05   2.0850288e-05   1.7359502e-05   6.3794126e-08   5.5833198e-06   1.4644459e-05   1.4894860e-05   2.3131879e-06   6.0015609e-06   9.0392496e-07   1.5710167e-07   4.5937445e-06   7.0461844e-08   4.2986889e-07  -4.0989150e-07  -3.8797506e-07   1.5711740e-06   1.4102368e-06   9.7624786e-07  -1.6276302e-06   1.8061327e-06
  -0.0000000e+00  -1.8468512e-04   1.0140926e-05   2.1678992e-05   2.0048268e-05  -4.6740752e-06   9.4900906e-06   1.7552429e-05   1.2759919e-05   8.5297224e-06   6.5191489e-06   3.4194738e-07   3.2907099e-06   3.5593629e-07   1.6862979e-06   3.3100041e-06   8.7957670e-07  -4.7959600e-07   1.1554957e-06  -8.8199448e-07   1.6760672e-06   1.1998915e-06   2.6263567e-07
  -0.0000000e+00  -1.7991697e-04   2.7106575e-05   1.0738216e-05   1.6131127e-05   9.3336780e-08   6.2197250e-06   1.5439449e-05   9.5213691e-06   5.9849649e-06   1.9403344e-06   5.6144559e-06   4.1470418e-07  -6.8862738e-07   2.4325407e-06   2.5538841e-07   4.7718959e-07   1.2561417e-06  -5.2453566e-07  -9.3573783e-07  -2.5689602e-07  -1.8927840e-06   2.6252987e-06
  -0.0000000e+00  -1.7551164e-04   1.1323238e-05   1.8839568e-05   1.8680012e-05  -3.1063287e-06   1.2157721e-05   2.0066829e-05   1.0700281e-05   9.2853488e-06   4.1930493e-06   1.7573605e-07  -5.2880517e-07   7.9750555e-07   9.8299597e-07   4.3853611e-06  -8.7050180e-09  -1.1037497e-07   1.1248459e-06  -2.3499527e-07   1.1472326e-06   1.3414028e-06  -1.3700461e-06
  -0.0000000e+00  -1.8153740e-04   1.2259843e-05   2.0290521e-05   1.6292794e-05  -4.7368189e-06   7.5126154e-06   1.2833703e-05   1.2924553e-05   4.2649749e-06   3.1995933e-06   5.4959869e-06   8.9526071e-07   4.7673061e-06   1.1395459e-06   7.4067981e-07   2.2198735e-06   1.3014019e-06  -1.2532777e-06   1.0325609e-06  -3.4263905e-07  -3.1881837e-07   2.1820001e-06
  -0.0000000e+00  -1.7714663e-04   1.5534533e-05   1.9628769e-05   1.7954457e-05   1.8635341e-06   8.5859283e-06   2.0035070e-05   1.4422839e-05   6.8194554e-06   6.4968949e-06   9.4921108e-07   2.1921656e-07   4.2082688e-06   2.3149446e-06   1.6860847e-06   7.8773678e-07  -1.1113332e-06   3.4780496e-06   3.6566274e-08   1.1975160e-06   1.1463368e-06   6.5262850e-07
  -0.0000000e+00  -1.7945212e-04   1.6883083e-05   1.2389005e-05   1.7926921e-05  -8.2795094e-07   7.4809477e-06   1.3299600e-05   1.1614600e-05   2.5867405e-06   3.5390954e-06   5.8385262e-06   1.6888661e-06   1.5120878e-06   1.5174103e-06   2.5747606e-06   9.4288777e-07   1.4014133e-06   2.1594078e-06   7.8436142e-07  -1.5858291e-06   1.5974734e-06  -2.3741418e-08
  -0.0000000e+00  -1.8334719e-04   1.4940375e-05   1.8709386e-05   2.0990892e-05  -4.2510137e-06   5.8947649e-06   2.2835084e-05   1.0811661e-05   9.7386774e-06   4.3737705e-06   2.4718192e-06   3.7114276e-06  -1.1025453e-06   2.7654171e-06   1.1163803e-06   2.5525862e-06  -1.8544117e-06  -1.7549520e-06   4.1464239e-07   1.6783717e-06  -9.5656318e-08   1.2519791e-06
  -0.0000000e+00  -1.7659117e-04   1.4438064e-05   2.3676741e-05   1.5900296e-05  -2.5191405e-06   1.3998829e-05   1.4686095e-05   1.0253250e-05   6.0720977e-06   2.6057280e-06   2.6047003e-06  -3.0566406e-07   3.5713808e-06   1.8224368e-06   7.5829729e-07  -5.1849901e-07   1.5365467e-06   2.1559001e-06   3.3722617e-07  -1.1160873e-06  -1.4218817e-06   1.5471957e-06
  -0.0000000e+00  -1.7729984e-04   1.5832829e-05   1.5450927e-05   1.7213370e-05   8.0050029e-07   3.6953127e-06   1.5133995e-05   1.5733398e-05   5.1641728e-06   6.6780694e-06   4.3723539e-06  -1.0992223e-06  -9.9108206e-07   1.7096490e-06   3.7186123e-07   1.3704275e-06   9.5166587e-07   2.7964518e-07  -1.8099659e-07   2.2373713e-06   1.5381877e-06  -1.0984268e-06
  -0.0000000e+00  -1.8530437e-04   1.7098266e-05   1.7345883e-05   2.2308997e-05  -2.1078217e-06   6.4273208e-06   2.1534999e-05   1.4161134e-05   3.3518818e-06   2.4453138e-06   4.2697861e-06   2.0942166e-06   2.0810267e-06   1.1402969e-06   2.8168777e-06   8.0874048e-07   1.4478745e-06   2.1381602e-06  -7.0030643e-07  -1.6430899e-08   1.1576714e-06  -3.2761082e-07
  -0.0000000e+00  -1.7326303e-04   1.2933532e-05   2.0926991e-05   1.5997033e-05  -4.6456876e-06   9.9931294e-06   1.3370772e-05   1.1889951e-05   6.6775824e-06   4.9795835e-06   2.5389443e-06   1.2176981e-06   1.9796944e-06   1.1937487e-06   2.1292119e-06  -5.0400280e-07   1.2159555e-06   4.3014873e-07   1.8308619e-06   1.3648130e-06   8.7938315e-07   1.8035394e-06
  -0.0000000e+00  -1.8144879e-04   1.5933228e-05   1.8894823e-05   1.8779638e-05  -4.3034656e-06   1.0068006e-05   1.8702764e-05   9.7077882e-06   8.5271558e-06   2.2225145e-06   2.5349279e-06   2.4297549e-06   1.4051658e-06   8.9294281e-07   7.2512563e-07   1.1080193e-06   8.8894086e-07   2.9241136e-07  -7.8335681e-08   5.7336075e-07   3.4599117e-07   1.7616734e-06
  -0.0000000e+00  -1.8351454e-04   1.7723616e-05   1.9931958e-05   1.6352860e-05   4.7976837e-06   3.3350254e-06   1.5942676e-05   1.5557984e-05   5.0417075e-06   4.0442519e-06   4.1863418e-06   8.2720811e-07   1.3505860e-06   3.3434528e-06  -8.4838729e-07   2.2579206e-06   9.8793907e-07  -9.6726797e-07   6.8229167e-07  -7.6445144e-07  -6.8386430e-07   7.8957726e-07
  -0.0000000e+00  -1.7784996e-04   1.0726489e-05   1.6914897e-05   2.3327006e-05  -8.2816214e-06   5.6693734e-06   1.6155273e-05   1.2953032e-05   4.7308822e-06   5.9870708e-06   2.1989065e-06  -1.0464728e-06   6.9264064e-07   3.4230320e-06   1.4135961e-07   3.6934443e-06  -1.8266988e-07   9.8983583e-07  -2.1227288e-08   2.4222372e-06  -1.1431159e-06   1.4156686e-06
  -0.0000000e+00  -1.7601113e-04   1.7313287e-05   1.7877681e-05   1.6337335e-05  -7.5395582e-07   1.1841818e-05   1.9422763e-05   8.1367161e-06   7.2151688e-06   5.5327878e-06  -1.0484111e-06   5.1062821e-06   1.6854451e-06   3.3381830e-06   3.8135332e-07   8.1951544e-07   2.3338357e-06   1.6249480e-07   1.9243939e-06   1.1275580e-06   2.0413531e-06  -1.0215631e-07
  -0.0000000e+00  -1.7782002e-04   1.3956324e-05   2.1238035e-05   1.3243527e-05  -2.1227218e-06   7.1336885e-06   1.3650983e-05   1.3270987e-05   4.7194394e-06   4.9189071e-06   2.7962412e-06   2.5009806e-06   2.9905887e-06   2.6108928e-06   3.3665810e-06   2.6672043e-07   1.0472916e-07   1.1270241e-06  -2.1964270e-06   2.0096206e-06   2.3168025e-06  -1.6363374e-06
  -0.0000000e+00  -1.8308371e-04   1.5253539e-05   1.3477787e-05   2.2208902e-05  -2.5680338e-06   5.5305741e-06   1.9774667e-05   1.3191039e-05   5.4902025e-06   1.2214661e-06   5.4108045e-06   3.0564959e-07   2.0536536e-06   1.7321413e-06   2.5415824e-07  -1.0594465e-06   1.8805007e-06   5.2580924e-07  -9.2424739e-07  -9.5284190e-07  -5.8044441e-07  -5.7516866e-07
  -0.0000000e+00  -1.7914403e-04   1.9485964e-05   1.8858225e-05   1.7676437e-05  -1.0339104e-06   1.0878887e-05   1.5364029e-05   1.0685437e-05   5.6374479e-06   5.8359637e-06   1.5511170e-06   5.4772670e-07   2.1732430e-06  -2.4679210e-07  -4.5679388e-07   1.2124602e-06   1.8837477e-06  -1.1211573e-06  -3.1801994e-07   8.2433701e-07   2.7527863e-06  -1.3307045e-06
  -0.0000000e+00  -1.7351224e-04   1.4700950e-05   1.8968365e-05   1.7784141e-05  -5.5630708e-06   8.5054080e-06   1.4923857e-05   1.0642946e-05   1.1237710e-05   4.1607850e-06  -2.8198016e-07   4.3761796e-07   3.2257590e-06   1.8958376e-06   3.0640285e-06  -1.3662731e-07  -3.0891434e-07   1.4498614e-06   7.1737117e-07   4.9066028e-08   5.1614836e-07   1.9141501e-06
  -0.0000000e+00  -1.7916445e-04   1.6068168e-05   1.5252665e-05   2.2059821e-05   9.6002361e-07   6.1775049e-06   1.9804269e-05   1.2022724e-05   5.5672836e-06   6.3872367e-06   1.4630945e-06   3.5697453e-06  -1.2670234e-06   1.8478208e-06   1.4404084e-06  -2.8138477e-06   1.0818637e-06  -1.2715062e-06   1.0897797e-07  -4.6998886e-07  -2.5597944e-07   4.8411806e-07
  -0.0000000e+00  -1.8425018e-04   1.4348801e-05   2.0406291e-05   1.5606467e-05  -1.1198229e-06   7.6251349e-06   1.4290707e-05   1.6421845e-05   3.8728622e-06   3.3089741e-06   6.3262842e-06   6.9819947e-07   1.2520035e-06   2.5732836e-06   1.9246158e-06  -2.0787743e-07   2.5114614e-06   5.0208416e-07   7.3546278e-07   2.4560134e-06  -8.1200056e-07   2.2566184e-07
  -0.0000000e+00  -1.7458685e-04   2.1465108e-05   1.7185715e-05   1.8721292e-05  -5.6699937e-06   1.1141327e-05   1.5039005e-05   1.0735833e-05   1.1069546e-05   5.0279527e-06   1.9526074e-06   2.2498921e-06   3.3206711e-06   3.1824388e-06  -3.0439935e-07   2.6312639e-06  -9.2345988e-07  -3.4962022e-07   2.2220814e-07  -1.2313088e-06   1.0386237e-06   2.0742605e-06
  -0.0000000e+00  -1.8444183e-04   1.3789431e-05   1.7478656e-05   1.8976549e-05  -1.2123645e-06   5.2373398e-06   1.9086592e-05   1.3350804e-05   5.3242011e-06   4.0594659e-06   3.5948005e-06   3.5068122e-06   2.0549696e-06  -2.0153607e-06   1.2334694e-06   3.0775475e-06  -1.4731206e-06   2.3165228e-06   3.8785490e-07   8.3267184e-07   2.5229372e-07  -8.2942614e-07
  -0.0000000e+00  -1.7241150e-04   1.0650717e-05   1.8121009e-05   1.8498631e-05  -2.0343748e-06   8.2237011e-06   1.5751686e-05   1.2242414e-05   6.2740387e-06   3.2451974e-06   2.6660455e-06   1.7270189e-06   1.3038765e-06   2.0454731e-06   1.2630924e-06   1.6411104e-06   3.0797409e-08   1.1714807e-06   1.1871849e-06  -9.0639276e-08   1.6464468e-06  -7.9099021e-07
  -0.0000000e+00  -1.8423707e-04   2.2256310e-05   1.7730654e-05   1.7672655e-05  -2.1899364e-06   4.7780991e-06   1.9337094e-05   1.2240121e-05   7.8839621e-06   5.7146972e-06   3.3558138e-06   4.3391444e-07   1.3794773e-06   2.6157770e-06   1.8545378e-06  -7.1876843e-07   7.1811957e-07   7.0686883e-07  -8.1915424e-08   2.0161185e-06   2.6639216e-07   1.0493184e-06
  -0.0000000e+00  -1.7955998e-04   1.3064537e-05   2.0747457e-05   1.6205087e-05  -2.4550334e-06   1.1966335e-05   1.5932539e-05   1.3736147e-05   5.7747743e-06   1.1950066e-06   2.3970008e-06   4.1966846e-06  -1.6837623e-06   2.2771142e-06   9.1909391e-07   1.1145776e-06  -1.3837335e-06  -1.4213301e-06   2.6495618e-07  -1.1837697e-06   1.7070967e-06   1.3998418e-06
  -0.0000000e+00  -1.7556011e-04   9.1897064e-06   1.8376373e-05   2.2886650e-05  -6.2737358e-06   4.9645764e-06   1.9743342e-05   9.5268379e-06   4.1787703e-06   6.1729766e-06  -6.7242547e-07   1.0059771e-06   2.2293541e-06   2.4076173e-06   1.9491556e-06   2.2188915e-06   6.7746879e-07   3.1823919e-07   1.8059130e-06  -1.5595084e-06   5.8284982e-08   2.9721939e-06
  -0.0000000e+00  -1.8377087e-04   2.5221831e-05   1.6034481e-05   1.2916993e-05   3.5487781e-06   7.8753064e-06   1.6170759e-05   1.3006550e-05   6.7204060e-06   2.6812768e-06   4.8488018e-06   1.3891237e-06  -1.5828464e-07   2.8722186e-06   2.1131257e-06   2.0918928e-06   2.5111708e-06  -1.3851906e-06   2.1428652e-06   4.8798546e-07  -1.4137895e-06   7.7312296e-07
  -0.0000000e+00  -1.7715780e-04   1.0999680e-05   1.8603629e-05   1.9456382e-05  -2.3367256e-06   8.6210903e-06   1.9531737e-05   1.1108159e-05   6.0378466e-06   3.6851254e-06   3.2436656e-06   6.4248798e-07   3.1618270e-06  -1.3088288e-06   1.9438899e-06   7.5287983e-07   5.2041685e-07   2.4372205e-06  -4.8131886e-07   2.1857534e-06  -8.4031348e-07   1.7715324e-07
  -0.0000000e+00  -1.8190779e-04   1.3074358e-05   1.7882016e-05   1.8192004e-05  -4.2993588e-06   6.7880164e-06   1.2707296e-05   1.4310064e-05   7.9184156e-06   3.2340986e-06   7.8975671e-07   4.2375104e-06   3.1062632e-06   1.2634229e-06   1.3559411e-06  -6.5126397e-07   2.5352408e-06   1.3184385e-06   1.3602119e-07   1.0669279e-06  -6.5470039e-07   1.5625531e-06
  -0.0000000e+00  -1.7781604e-04   1.3784778e-05   2.0641161e-05   1.9382980e-05  -4.0785453e-06   6.4660449e-06   2.1917022e-05   9.7240109e-06   6.4474452e-06   4.2838342e-06   1.0238614e-06   2.1354504e-06   2.5439049e-06   5.7169945e-07   3.4756522e-06   4.2589345e-06  -1.6847926e-06   1.8592186e-06   1.2783494e-06  -9.3426041e-07   1.8029115e-06  -8.7573545e-07
  -0.0000000e+00  -1.7216246e-04   2.3611650e-05   1.2509418e-05   1.2710345e-05   1.9490844e-06   9.1922975e-06   1.5205052e-05   1.5670561e-05   4.5144952e-06   2.4051226e-06   3.1008126e-06   1.5935254e-06   2.2164916e-06   1.4192963e-06  -1.1193622e-07   7.3952680e-07   9.4984745e-07  -7.8433550e-07   2.3616719e-06   1.4804036e-06  -9.8200326e-07   7.5620044e-08
  -0.0000000e+00  -1.9329647e-04   1.5129192e-05   2.0542479e-05   1.9967893e-05  -5.0607805e-06   6.0247689e-06   1.9929243e-05   1.0136296e-05   1.0288182e-05   4.9960131e-06   6.8854354e-07   1.1394724e-07   4.5018371e-07   3.2312123e-06   8.7414136e-08   3.1008733e-07   1.3305119e-06   2.9327515e-07   6.8720070e-08  -2.4705807e-07   2.7679143e-06  -1.1089179e-06
  -0.0000000e+00  -1.6647822e-04   8.7946501e-06   2.1340471e-05   1.9359210e-05  -1.9333963e-06   1.0331510e-05   1.3993073e-05   1.5053090e-05   6.8407535e-06  -2.2603428e-08   4.0712812e-06   1.8128610e-06   1.1804235e-06   4.4076319e-06   1.0765032e-06   2.8668265e-07  -7.0886387e-08   1.3696086e-06   7.4839755e-07  -6.3607820e-07  -1.0734342e-06   1.8384620e-07
  -0.0000000e+00  -1.8385694e-04   2.1295198e-05   1.8982373e-05   1.4598669e-05  -6.2988220e-06   8.7598664e-06   1.7227432e-05   1.1983071e-05   7.1854088e-06   6.2018844e-06  -2.1797891e-06   1.8439612e-06   2.8775398e-06   1.9306995e-06   2.5301533e-06   1.9383640e-06  -9.4016912e-08  -6.3771552e-07   1.9527590e-06  -7.2578422e-07  -8.4620234e-07   1.4166213e-06
  -0.0000000e+00  -1.8119065e-04   1.8042792e-05   1.3650941e-05   1.8105877e-05   6.9416960e-06   2.5513664e-06   1.9201603e-05   1.1284143e-05   3.4637417e-06   7.1052937e-06   3.8650001e-06  -1.7224147e-06   6.6766620e-06   5.8769734e-07   1.8093765e-06   1.0658982e-06  -1.1567921e-06   3.2810474e-06  -7.4410946e-07   1.8647198e-06  -1.1912154e-07   3.7544623e-07
  -0.0000000e+00  -1.7738834e-04   8.0729824e-06   2.2886859e-05   2.0484595e-05  -5.0424487e-06   1.2859923e-05   1.8362960e-05   1.4572070e-05   8.6609207e-06   2.0281088e-07   3.1447578e-06   3.4285708e-06  -3.5015523e-07   3.4139164e-06   2.2650249e-06   1.6302163e-06   1.6546634e-06   1.1976401e-07   4.8674241e-07   1.2045350e-06   1.1169624e-06   1.4913710e-06
  -0.0000000e+00  -1.8055196e-04   2.2422932e-05   1.6418577e-05   1.6260556e-05  -4.5316719e-06   7.4760160e-06   1.6121559e-05   1.1100953e-05   4.9986370e-06   2.8205507e-06   4.4783865e-06   6.6361849e-07   3.2898924e-06   7.8635526e-07   2.8327695e-06  -1.3682607e-06  -9.8242504e-07  -3.6489971e-07   1.7504941e-06   1.3981519e-07   2.5810249e-07   7.8005081e-07
  -0.0000000e+00  -1.7731659e-04   1.1335326e-05   1.8393359e-05   2.2422486e-05   2.5139768e-06   1.0409043e-05   1.6184509e-05   1.0507922e-05   9.3550261e-06   4.6637151e-06  -1.2628301e-06   3.4213706e-06   1.9708323e-06   5.0997214e-06   8.6835854e-07   1.1211650e-06   1.2877512e-06  -1.2520840e-06   3.3840934e-07  -4.6945198e-07   5.1805171e-07  -1.7422478e-06
  -0.0000000e+00  -1.8518645e-04   1.4569097e-05   2.1377926e-05   1.2550247e-05  -1.3166540e-06   6.6212524e-06   1.9070245e-05   1.0037565e-05   2.2818504e-06   6.4719929e-06   2.1516059e-06   1.9435874e-06   5.1878260e-07   1.2247001e-06   1.4805328e-06   2.1073713e-08   8.8319985e-07   1.2978883e-06   7.4488844e-07   1.2201792e-06   1.8101160e-07   1.2658473e-06
  -0.0000000e+00  -1.7292668e-04   1.9749617e-05   1.4015703e-05   1.7472374e-05  -1.0022258e-06   3.3437695e-06   1.7408071e-05   1.4923099e-05   3.2797727e-06   4.3771893e-06   3.9127226e-06  -5.1658770e-07  -2.2809585e-08   1.7463847e-06  -1.3787677e-07  -7.6828490e-09  -8.9567533e-07   9.2223905e-07  -1.9318857e-06   5.4747545e-07  -6.8540015e-07  -1.3234915e-06
  -0.0000000e+00  -1.7515213e-04   6.8129712e-06   2.1485834e-05   2.0924357e-05  -4.0469308e-06   1.5059066e-05   1.4443674e-05   1.1239134e-05   1.3689633e-05  -5.9700255e-07   2.0103566e-06   3.5449937e-06   3.3196670e-06   4.6284867e-07   3.2915050e-06   1.4925507e-06  -4.4810772e-08   1.1429987e-06   1.5873964e-06   1.5424251e-06   1.3600410e-06  -5.7517400e-07
  -0.0000000e+00  -1.8994061e-04   2.7206379e-05   1.2469198e-05   1.6144271e-05  -1.9791519e-06   3.3789763e-06   1.7394790e-05   1.4646255e-05   1.9722952e-06   6.7226292e-06   2.2988734e-06   2.4289632e-06   1.6357488e-06   8.6522272e-07   1.7264648e-06   1.4530108e-06  -1.7719625e-08   2.0396666e-07   9.5332859e-07   2.8380605e-06   5.4144785e-08  -4.3726098e-07
  -0.0000000e+00  -1.7582881e-04   9.8666796e-06   2.4333915e-05   1.7640636e-05  -7.2545081e-06   9.6639160e-06   2.1678299e-05   1.1442651e-05   7.3772517e-06   2.2589254e-06   4.1280096e-06  -1.4191871e-06   1.3128808e-06   2.6109872e-06  -4.0941222e-07   2.9040152e-07   2.5622623e-07   6.7717053e-07   4.6490422e-07  -1.8538801e-06   1.4841382e-06   2.6510227e-06
  -0.0000000e+00  -1.7364213e-04   1.4870058e-05   1.6704700e-05   1.8861729e-05   5.5404615e-07   7.9980100e-06   1.1085256e-05   1.4492559e-05   6.0042235e-06   5.2368086e-06   2.6045539e-06   2.1154065e-06  -3.4008701e-07   1.6183608e-06   2.5335737e-06   9.9132353e-07   1.8093472e-06   2.4592514e-06  -8.7703614e-07  -8.4547088e-07   1.1481018e-06  -5.2738534e-07
  -0.0000000e+00  -1.8235120e-04   1.7083392e-05   1.6341455e-05   1.8169219e-05  -3.3975259e-06   1.1164342e-05   1.4575164e-05   1.1568283e-05   1.0859626e-05   2.9511916e-06   1.2240362e-06   3.4330742e-06   1.6334479e-06   2.8623383e-06   2.4470546e-06  -2.0596080e-07   1.7405191e-06   5.9957949e-07   1.4825416e-06   9.5560040e-07  -2.8028742e-07   3.9413737e-07
  -0.0000000e+00  -1.8385729e-04   1.6868777e-05   1.9861052e-05   1.7930755e-05  -1.0247898e-05   8.8925672e-06   1.9506235e-05   1.3494782e-05   4.6072623e-06   1.3342489e-06   3.5818293e-06   2.6936427e-06   2.5947941e-06   2.1365061e-06   9.5756025e-07   4.1459936e-07  -4.8702418e-07   1.0350701e-06   6.4112464e-07   8.2159255e-07  -3.0027834e-08   5.4795981e-07
  -0.0000000e+00  -1.7316746e-04   1.4872966e-05   1.5993577e-05   1.9925063e-05   7.2430125e-06  -1.0581174e-06   1.7236611e-05   1.2863869e-05   2.6180003e-06   9.6112235e-06   5.1948227e-06  -1.4474531e-07   1.6800392e-06   2.2903112e-06   1.2284655e-06   3.7312577e-07  -4.2085372e-07   4.3398182e-07   4.7528733e-08   6.6673056e-07   1.3301637e-06   5.9092537e-07
  -0.0000000e+00  -1.8035706e-04   1.4830716e-05   1.7444112e-05   1.7615690e-05  -6.7771862e-06   1.6064418e-05   1.3596789e-05   1.0929899e-05   9.6496524e-06   6.4394158e-07   2.0225566e-06   3.5472337e-06   3.7552074e-06   1.2487028e-06   2.9670039e-07   1.1817192e-06  -8.2636092e-08   1.6728579e-06   1.7202757e-07   1.3150086e-06  -1.3044375e-06   1.5662338e-06
  -0.0000000e+00  -1.7213513e-04   1.3426255e-05   2.6203867e-05   1.3708124e-05  -1.4785982e-06   3.7495481e-06   1.6283739e-05   1.4145329e-05   6.4614101e-06   4.6216610e-06   4.6813866e-06   6.1146415e-07   9.8167743e-07   3.4082839e-06   4.6216346e-06   2.3400588e-07  -1.5193432e-06   8.7094458e-07   2.1883957e-06  -1.2495615e-06   9.2875598e-07   9.9173096e-09
  -0.0000000e+00  -1.9001085e-04   2.4481284e-05   1.4838051e-05   2.7500852e-05  -6.8342833e-06   1.0840414e-05   1.4905414e-05   1.1911434e-05   3.7509781e-06   6.0484649e-06  -1.1364378e-06   3.0357000e-06   2.5444986e-06   2.4456472e-06  -6.7907757e-07   2.5377781e-07   1.5372963e-06  -4.9782710e-07  -1.9889139e-06   6.4657644e-07  -1.6746677e-07   4.6937325e-07
  -0.0000000e+00  -1.6609409e-04   7.1737691e-06   1.4911569e-05   1.3503691e-05   2.1936580e-06   5.6849544e-06   1.8414321e-05   1.2729623e-05   7.5479079e-06  -4.3940128e-07   3.7306049e-06  -3.6526282e-09   2.7903845e-06   2.3916716e-06   6.7039117e-08   2.5743998e-06   2.4365836e-06  -1.2455721e-06   3.0524293e-06   4.6619095e-07  -2.1501461e-07   1.6654907e-06
  -0.0000000e+00  -1.8884467e-04   2.1610940e-05   2.3250133e-05   1.4537695e-05  -2.2014049e-06   7.2718271e-06   1.6575450e-05   1.0320299e-05   6.2159006e-06   7.5233802e-06   2.7403012e-06   2.7351830e-06   2.9861185e-06  -9.1996560e-07   3.8235257e-06   1.2318976e-06  -2.6463056e-06   3.6780739e-06  -1.4152748e-07   8.3570694e-07   2.6490045e-07   5.1059999e-07
  -0.0000000e+00  -1.7603705e-04   1.5158476e-05   2.1233676e-05   1.8779450e-05  -5.8400838e-06   1.1430859e-05   1.8362982e-05   1.0386750e-05   8.8672341e-06   1.8626596e-06   5.6118201e-06   1.7871168e-06   1.8241471e-06   2.0800255e-06   1.3983548e-06  -1.4610921e-06   1.4200549e-06  -2.5119263e-07   7.5792991e-07   1.6841159e-07   1.5025857e-06   1.2383517e-06
  -0.0000000e+00  -1.7771746e-04   1.5623067e-05   6.8488598e-06   2.4408910e-05  -1.2198087e-06   2.9924643e-06   1.4424544e-05   1.5515438e-05   5.1981515e-06   4.9412920e-06   3.8537592e-06   2.7538058e-06   3.7534969e-06  -1.5106700e-06   7.4365278e-07   1.7070049e-07   6.7950771e-07   2.4408107e-06  -1.1019388e-06   2.5882061e-06   1.1461237e-06  -8.5790896e-07
  -0.0000000e+00  -1.7777005e-04   1.4461291e-05   2.6295100e-05   9.8120536e-06   1.9253355e-07   4.5059928e-06   1.9665453e-05   1.1156171e-05   5.6289759e-06   5.1657285e-06   1.2746051e-06   4.0307573e-06   2.5943993e-06   3.9196374e-07   3.9054910e-07   2.4264107e-06   1.0596999e-06  -3.6315598e-07  -8.7575309e-08  -7.5820810e-07  -4.1786541e-07  -4.8259892e-07
  -0.0000000e+00  -1.8207943e-04   1.8950761e-05   1.6071921e-05   2.0638632e-05  -6.4872620e-06   1.6320353e-05   1.2470017e-05   1.4022755e-05   6.0158955e-06   5.5896708e-06   4.3330028e-06   9.9072986e-07  -3.3325833e-07   2.9294415e-06   2.0461907e-06   8.7013780e-07  -1.3111170e-06   2.6870242e-07   1.5188994e-06  -1.6289573e-06   3.6969871e-07   1.1355699e-07
  -0.0000000e+00  -1.7663983e-04   1.0892637e-05   1.9902769e-05   1.3391537e-05  -5.8030969e-07  -7.6890033e-10   2.0415335e-05   7.4144377e-06   7.8505864e-06   4.8362340e-06   1.8934973e-06   2.9634466e-06   2.7373178e-06  -6.9830941e-07   1.2041924e-07   2.8580405e-07   1.4822044e-06   1.7175591e-06  -1.0947906e-06   2.2403713e-06   2.1464607e-06   1.5111290e-07
  -0.0000000e+00  -1.7828940e-04   2.5105730e-05   8.2496099e-06   2.7485181e-05  -5.1773168e-06   1.1780033e-05   1.6005892e-05   1.5576365e-05   8.5276288e-06   3.4087129e-06   3.5277201e-06   1.7453153e-06  -2.6848916e-06   5.0738759e-06   2.6056907e-07   7.2623328e-07   1.6091997e-06  -1.4906288e-06   1.8028410e-07  -2.6192140e-07   1.9312411e-07  -4.1668036e-07
  -0.0000000e+00  -1.7568369e-04   5.5770406e-06   2.9205221e-05   1.0997568e-05   7.4158430e-07   5.4805872e-07   1.8156532e-05   9.3278404e-06   4.8709062e-06   6.1561705e-06  -8.5234984e-07   3.5940236e-06   5.2282358e-06  -1.4602742e-06   2.1427850e-06  -1.0910104e-06  -6.7451845e-07   2.3878113e-06   7.8063545e-07  -2.8669373e-07   2.3834407e-06  -4.6212725e-07
  -0.0000000e+00  -1.8584784e-04   2.1219141e-05   1.5584545e-05   1.5193516e-05  -6.2173667e-06   1.3296481e-05   1.5494181e-05   1.5172296e-05   8.1304952e-06   2.7288518e-06   5.5103460e-06   1.0445430e-06  -9.0462248e-07   3.3882548e-06   1.2286350e-06   3.0699925e-06   3.7908666e-07  -7.3694866e-07   1.7335020e-06   6.4554746e-07  -2.5473487e-06   1.0832018e-06
  -0.0000000e+00  -1.6857080e-04   1.4497731e-05   1.7700613e-05   2.6435004e-05  -3.0145543e-06   7.1080271e-06   1.7989347e-05   8.0552654e-06   7.5747030e-06   1.7292263e-06   7.3325532e-07   3.5743601e-06   3.5759222e-06   1.1459282e-06   6.8943922e-07  -1.4456589e-06   2.4580822e-06   2.8401303e-06  -2.1434132e-06   2.3887128e-07   1.5536561e-06  -9.7190525e-07
  -0.0000000e+00  -1.8639774e-04   2.2743603e-05   1.2776495e-05   1.6494514e-05   3.2528396e-07   5.1909560e-06   1.4816989e-05   1.7378521e-05   5.1980001e-06   6.4916999e-06   2.7071087e-06   1.2987574e-06  -3.4537445e-07   1.3541420e-06   2.0943876e-06   1.9717465e-06   1.3682355e-06  -1.6664727e-06   2.0309183e-06   1.0964277e-06  -2.0117277e-07   4.2356756e-08
  -0.0000000e+00  -1.7811797e-04   8.5929196e-06   2.2775339e-05   1.4399094e-05  -3.5388307e-06   7.1577965e-06   2.2012342e-05   6.2959898e-06   6.9431139e-06   8.7187971e-07   1.4016673e-06   3.6574943e-06   1.4551927e-06   9.3377776e-07   1.9698984e-06  -1.1919633e-06   3.8467329e-06   1.2196074e-06   1.3588568e-06   6.4086798e-08  -3.6802234e-07   1.4271006e-06
  -0.0000000e+00  -1.7601730e-04   1.9345956e-05   1.7902725e-05   2.0402973e-05  -8.6016161e-07   1.0045825e-05   1.2211698e-05   1.7118422e-05   5.1728548e-06   1.0467448e-05   1.5681881e-06  -9.6689192e-08   1.5530197e-06   2.8252648e-06   2.3532839e-06   3.2612722e-06  -3.2862572e-06  -4.8319311e-07   3.0702281e-06   1.8100542e-07   2.2518425e-07  -1.6037376e-06
  -0.0000000e+00  -1.7845425e-04   1.2521267e-05   1.7330409e-05   1.4601522e-05  -1.8193217e-06   4.2642332e-06   1.9286392e-05   8.4239027e-06   8.4883941e-06  -5.1030827e-07   5.9022186e-06   1.8085855e-06   3.8433927e-06  -2.5727633e-07   1.0542284e-06   4.1086057e-07   2.1023254e-06   4.7035553e-07   1.5690756e-06   1.3296660e-06  -3.8231331e-08   6.6110509e-08
  -0.0000000e+00  -1.8387439e-04   2.0128229e-05   1.1708156e-05   2.3209490e-05  -3.7528794e-06   1.1487754e-05   2.0581831e-05   1.4209309e-05   7.7661934e-06   6.8639315e-06   9.3885325e-07   1.6578306e-06   1.6989532e-06   2.6512018e-06   1.5531226e-06   3.6597339e-06  -4.9081507e-07   1.6517009e-06   1.7859677e-06   1.0011760e-06   1.5307749e-06  -9.0840604e-07
  -0.0000000e+00  -1.7857760e-04   1.2962238e-05   2.9740031e-05   8.1160069e-06   1.6918394e-06   8.3093692e-06   1.3263322e-05   9.1648917e-06   7.0081574e-06   8.9392518e-07   4.6375926e-06   1.3818453e-06   1.6540031e-06  -1.5846045e-06   6.1994336e-07   3.5873020e-07   1.6845981e-06   6.3186576e-07   7.0835718e-08  -5.6311859e-07   2.5285081e-09   6.1118487e-07
  -0.0000000e+00  -1.7714287e-04   1.4931024e-05   7.9967058e-06   2.6991456e-05  -7.1787681e-06   7.6178080e-06   2.2050439e-05   1.5316191e-05   3.3746012e-06   6.1909168e-06   1.5695432e-06   4.0596376e-07   2.1382968e-06   2.7086335e-06   7.5977869e-07   1.0692382e-06   2.0258508e-06  -1.5055410e-07  -1.0261891e-06  -7.9193001e-07   1.0430178e-06  -1.1779078e-06
  -0.0000000e+00  -1.7506020e-04   1.6726830e-05   1.9209709e-05   1.1505808e-05  -2.5879103e-06   7.7785680e-06   1.4475812e-05   1.0367332e-05   4.9147284e-06   2.4819578e-06   4.7164181e-06   7.4786789e-07   4.2442516e-06  -1.2770049e-07   2.1400438e-06   9.3886797e-07   1.9158645e-06  -6.5858734e-07   7.9248696e-07   2.7417158e-07   2.9526277e-07   1.6703012e-06
  -0.0000000e+00  -1.9059474e-04   1.7892389e-05   1.8692026e-05   2.1837179e-05  -3.7515533e-06   1.1163615e-05   1.3500892e-05   1.2459770e-05   8.2818442e-06   6.6038556e-06   1.1596993e-07   5.0879426e-06  -7.5326318e-07   3.0281290e-06   2.1183635e-06   5.1162442e-07  -1.7447065e-06   1.0810943e-06   3.3494447e-07   1.3256509e-06   1.1611625e-06  -9.9527847e-07
  -0.0000000e+00  -1.6884904e-04   1.2390137e-05   1.5594140e-05   1.0505878e-05   8.6764419e-07   5.4284710e-06   2.0761332e-05   9.4462939e-06   1.2121008e-05  -1.6046671e-06   4.2260740e-06   9.2039954e-07   4.0100476e-06  -3.7188173e-07   1.7650926e-06   3.6180413e-08   2.2479092e-06   1.5304249e-06   1.0134653e-06  -4.5416024e-07  -7.0258085e-07  -2.3427582e-07
  -0.0000000e+00  -1.8718596e-04   1.4722451e-05   2.2510980e-05   2.1753458e-05  -8.4407247e-06   1.1768058e-05   1.5867909e-05   1.3439400e-05   3.0957128e-06   9.5423147e-06   3.1733121e-06   1.9443921e-06  -1.4291567e-06   1.7007388e-06   2.1581398e-06   1.7309505e-06  -1.8903112e-06   9.7475390e-07   1.1827849e-06   3.9088556e-07   2.0226180e-06  -7.9209451e-07
  -0.0000000e+00  -1.7033142e-04   1.8823415e-05   1.3203232e-05   1.8467999e-05   4.4306780e-06   2.9734324e-06   2.1206453e-05   1.1999590e-05   5.0439194e-06   4.0028749e-06   2.9251814e-06   1.7114648e-06   4.0938680e-06   1.1494450e-06   4.9559738e-08  -1.0260397e-06   2.5727541e-06   1.8530249e-06   8.2453403e-07   1.2755449e-06  -9.7039981e-07  -2.9397533e-08
  -0.0000000e+00  -1.9114342e-04   1.3036290e-05   1.7346134e-05   2.0716989e-05  -1.0228323e-05   1.5209521e-05   1.1458445e-05   1.4120942e-05   7.3926581e-06   7.1835325e-06   7.8641222e-07   2.5114184e-06   3.6849440e-06   2.2538288e-06   2.2082518e-06   2.0038069e-06  -3.5656734e-07   1.5940134e-06  -4.1516046e-07   6.0004800e-07   2.1439550e-06   8.2428988e-07
  -0.0000000e+00  -1.6825754e-04   1.2482602e-05   1.9829366e-05   1.3842149e-05   7.3984002e-06   2.1023047e-06   2.0657257e-05   1.1376981e-05   6.5130457e-06   1.7124994e-06   4.2375314e-06  -1.0403875e-07   6.1482172e-07   2.7675082e-06   7.9325622e-07   1.9957836e-06   2.4026613e-06  -5.6606507e-07  -8.7105610e-07  -1.0010265e-06  -3.9517232e-07   2.7239878e-07
  -0.0000000e+00  -1.8611496e-04   2.0751831e-05   1.6121145e-05   2.1877282e-05  -8.5486745e-06   6.9677831e-06   1.8748078e-05   1.1678146e-05   7.5548514e-06   4.4521980e-06   8.1009108e-07   2.4453784e-06   1.1972038e-06   2.3847701e-06   2.3646671e-06   6.5307432e-07   6.1201962e-07   1.1127556e-06   3.7618443e-07  -1.2194895e-06   1.1092660e-06   6.2291286e-07
  -0.0000000e+00  -1.7602107e-04   1.3437173e-05   1.8105411e-05   1.1773787e-05   3.8343077e-07   8.4588892e-06   1.2256336e-05   1.2378831e-05   7.1802870e-06   1.2224958e-06   5.8783903e-06  -3.8069066e-07   2.9817941e-06   1.3894066e-06   2.6940625e-06   1.7756756e-06  -6.4156040e-07  -1.5860646e-06  -6.0787329e-07   2.3981984e-06   4.6821850e-07   1.9254812e-06
  -0.0000000e+00  -1.7819738e-04   1.7511602e-05   1.4591722e-05   2.5496625e-05  -7.4145660e-06   1.0522169e-05   2.0651440e-05   1.6352729e-05   2.7434614e-06   6.4758324e-06  -2.1375397e-06   5.7647999e-06   4.3271854e-07   2.8014365e-06   7.5798579e-07  -9.3625624e-07   1.2990365e-06  -4.0689937e-08   8.0284838e-07   6.3524647e-07  -1.9093632e-07   2.3330435e-06
  -0.0000000e+00  -1.7605853e-04   1.1842048e-05   2.4359186e-05   1.1994365e-05   1.7753937e-06   3.5085445e-06   1.5510419e-05   9.9436656e-06   9.0560297e-06   2.0513328e-06   5.8512828e-06   1.7417655e-07   2.7039086e-06   1.3522482e-06   9.6250153e-07   2.2912620e-06   9.1097638e-07   2.3675935e-07  -6.3750306e-08  -5.7743911e-08   3.0167780e-07   6.1880246e-07
  -0.0000000e+00  -1.8492865e-04   1.9442366e-05   1.0211532e-05   2.3429327e-05  -1.9454196e-06   1.1126622e-05   1.9177782e-05   1.3885984e-05   5.9385011e-06   4.1510957e-06   1.8728631e-06  -1.5929994e-07   5.6987193e-07   5.3481369e-07   1.0506625e-06   2.2293679e-07   2.1963883e-06   6.9366666e-07  -2.1382743e-06  -6.1722844e-08   1.0950213e-06  -1.3453354e-06
  -0.0000000e+00  -1.7615051e-04   1.3705227e-05   2.4278781e-05   1.3816057e-05  -1.8887590e-06   7.3331298e-06   1.8920515e-05   1.1336379e-05   6.9857633e-06   2.0621126e-06   2.4056055e-06   2.1086964e-06  -2.2539554e-07   3.4588088e-06  -5.7319306e-07   7.6868196e-07   1.1606472e-06   9.2217539e-07   7.3399656e-07   3.4318643e-07   3.9251597e-07   9.2393412e-07
  -0.0000000e+00  -1.8052623e-04   1.7408694e-05   1.5225512e-05   1.6608310e-05  -4.0418572e-06   9.7196480e-06   1.2544175e-05   1.6561546e-05   5.6925478e-06   6.8195459e-06   2.1134929e-06  -2.6142689e-07   2.7757894e-06   1.0180108e-06   3.2923954e-06   1.8036109e-06  -1.3003299e-06   2.5415366e-06   1.1279069e-06  -2.2251291e-08  -5.6169154e-07   6.3672911e-07
  -0.0000000e+00  -1.7449056e-04   6.4935002e-06   2.0539559e-05   1.6996515e-05   9.2077715e-07   6.5700979e-06   2.0818783e-05   9.2000346e-06   7.0788610e-06   6.2540144e-06   1.3552067e-06   5.2333639e-06   3.2867445e-06   1.5827464e-06  -1.4874940e-06   1.4400171e-06   6.9697967e-07  -3.4659487e-07   9.0915984e-07   1.6623521e-06   5.0909608e-07   8.3941082e-08
  -0.0000000e+00  -1.8393766e-04   2.3112216e-05   1.4487706e-05   2.0963926e-05  -2.4385329e-06   3.6290000e-06   1.5697580e-05   1.6065531e-05   6.6242451e-06   3.4688014e-06   2.2597330e-06   8.4800814e-07   9.0296209e-07   3.2344030e-06   1.5485149e-06   1.4218995e-07   9.2787127e-07   1.8920559e-06  -1.7019346e-06   4.8756164e-07   1.2395734e-06   2.5867388e-07
  -0.0000000e+00  -1.7401698e-04   1.5638421e-05   2.0994195e-05   1.5391885e-05  -2.5329457e-06   8.8420393e-06   2.4131436e-05   7.6961032e-06   8.3596988e-06   2.6036494e-06   1.8015631e-06   1.9419131e-06   3.2185646e-06   1.1058299e-06   3.9026067e-06  -9.6616623e-07   9.5805774e-07   6.9594216e-07  -1.8126807e-06  -3.2128366e-07   2.0513060e-06   5.3425788e-07
  -0.0000000e+00  -1.8117492e-04   1.7269163e-05   1.6558324e-05   1.8282173e-05  -1.3370343e-06   1.0607718e-05   1.3124308e-05   1.4506171e-05   7.9131205e-06   6.5851887e-06   2.8641907e-06   7.4032369e-07   2.6416785e-07   2.9496784e-06  -2.3631914e-08   2.0247760e-06   5.6395459e-07  -2.2686270e-06   1.6734972e-06   2.1825365e-06  -2.1018864e-06   2.0196303e-06
  -0.0000000e+00  -1.7635533e-04   9.9276886e-06   1.9163632e-05   1.9644600e-05  -1.3502873e-06   4.1111871e-06   1.9774483e-05   1.1922321e-05   3.1016928e-06   3.6847191e-06   4.5808747e-06   1.5027416e-06   3.9803795e-06   9.3557156e-07   2.8333334e-06   2.3362379e-07   1.4018756e-06   2.4915298e-06  -4.0351938e-07  -1.3480737e-06   5.5066835e-07   1.7728540e-07
  -0.0000000e+00  -1.7927383e-04   2.2583123e-05   1.8243894e-05   1.7158103e-05  -1.5117906e-06   9.7534339e-06   1.4783898e-05   1.4402842e-05   8.6889522e-06   4.1773178e-06   2.7401452e-06   2.6801190e-06   3.0261003e-07   1.9755473e-06   2.4671667e-06   3.8122030e-07   4.4627419e-07  -9.6845827e-07   8.3548582e-07   1.9115228e-06   3.4322400e-07   1.4824875e-06
  -0.0000000e+00  -1.7967954e-04   1.0507755e-05   2.0176889e-05   1.5138789e-05  -1.5075155e-06   6.0607385e-06   1.9119678e-05   9.2015880e-06   5.9034678e-06   4.0734199e-06   2.1702376e-06   2.5062106e-06   2.9195669e-06   2.2561238e-07   1.7313340e-06   3.7270382e-07  -1.2375425e-06   1.3429418e-06  -3.6024127e-07   7.0736934e-07  -1.4180793e-06  -9.7014015e-07
  -0.0000000e+00  -1.7842636e-04   1.9746029e-05   1.3959150e-05   2.0222500e-05  -3.4500877e-06   7.8397898e-06   1.5490232e-05   1.1765715e-05   9.9408398e-06   4.1781859e-06   1.8710840e-07   3.2991443e-06   2.1559513e-06   4.2076808e-06   1.6329972e-07   1.2890181e-06   1.0584396e-06  -8.3682771e-08  -3.3602436e-07   1.6548875e-06  -4.5017077e-07  -7.5636081e-07
