  -0.0000000e+00  -1.8477091e-04   1.3113096e-05   2.3549961e-05   1.8084089e-05  -2.9896914e-06   5.6393924e-06   1.8610832e-05   1.3800846e-05   5.7522761e-06   5.3389144e-06   5.8909409e-06   5.7608457e-07   1.3670923e-06  -1.3150449e-06   3.1076972e-06   1.8952979e-06   8.0770337e-07   9.8108137e-07   1.7754093e-06  -7.8051579e-07  -6.5985643e-07  -1.7555674e-07
  -0.0000000e+00  -1.8068078e-04   1.4022096e-05   1.0348786e-05   1.6543287e-05  -2.6352536e-06   1.0050162e-05   1.5491289e-05   1.6326823e-05   4.6460264e-06   4.0135515e-06   1.6739918e-06   6.8338568e-07   2.4637779e-06   3.5423202e-06  -2.2223203e-06   5.0330705e-06  -6.1428301e-07   2.3083342e-06  -7.8857667e-08  -9.0693726e-07   1.1738923e-06   9.1966410e-07
  -0.0000000e+00  -1.8014423e-04   1.1089847e-05   2.4217512e-05   1.7505521e-05  -2.1583180e-06   1.0069907e-05   1.6354321e-05   8.0718210e-06   9.9915187e-06   5.7626803e-06   2.2427132e-06   3.1701954e-06   4.4480547e-07   2.3862169e-06   3.2679413e-06  -3.7039783e-07  -1.5446496e-06   1.2106450e-07   7.9746843e-07   1.5820606e-06   7.0335147e-07  -5.5754180e-07
  -0.0000000e+00  -1.8349028e-04   2.0426127e-05   1.1998085e-05   2.0080526e-05  -4.1095936e-06   5.6207923e-06   1.9616709e-05   1.2565513e-05   5.6274121e-06   1.7254803e-06   3.2717860e-06   4.0094251e-06   2.0994373e-06   4.0546061e-06   7.6472622e-07   1.6037874e-06   1.3850856e-06   4.1093417e-06  -1.1278537e-06   6.8161023e-07   4.9539568e-07   5.9167633e-07
  -0.0000000e+00  -1.8618190e-04   9.3169756e-06   1.5971867e-05   1.6400469e-05  -4.3876448e-06   7.1657828e-06   2.1084095e-05   1.5576576e-05   7.9981664e-06   5.8550163e-06   3.3471856e-06   2.0925872e-06   2.1865556e-08   1.6042079e-06   3.3673552e-06  -1.0591320e-07  -2.9321552e-07  -1.3213839e-06   1.1114829e-06   1.5366115e-06   2.6159643e-07  -1.2430994e-06
  -0.0000000e+00  -1.8016009e-04   1.7452612e-05   1.8469174e-05   1.9364235e-05   1.4358354e-06   7.3208494e-06   1.3441488e-05   1.2826270e-05   3.2329433e-06   4.1933549e-06   2.4266110e-06   4.4817693e-06   3.9800475e-06  -1.0578715e-06   1.3442558e-06   3.4954460e-06   1.7760560e-07   9.5352902e-07   3.5162799e-07   1.2721856e-06  -1.7004119e-07   1.9926804e-06
  -0.0000000e+00  -1.7723397e-04   8.8934630e-06   1.8221430e-05   1.6112188e-05  -6.7187448e-06   1.3123969e-05   2.0796750e-05   1.5100885e-05   1.1135246e-05   2.5357201e-06   2.3104360e-06   2.0077616e-07   2.0006610e-06   2.2872571e-06   4.3534355e-06  -9.8331816e-07   1.1038164e-06  -8.0474109e-07   1.4243593e-06   9.8864211e-07   3.5932601e-07   1.1446742e-06
  -0.0000000e+00  -1.8868089e-04   1.3337033e-05   1.3793720e-05   1.7202146e-05  -5.5718078e-06   2.6286459e-06   1.7785931e-05   9.3123263e-06   4.8460947e-06   3.9577676e-06   3.1807351e-06   4.2720048e-06   1.6685435e-06   2.5032941e-06   1.3760041e-06   7.9201510e-07   1.7875293e-06  -4.1987704e-07   1.1040621e-06   1.0831288e-06   6.2196023e-07  -1.7192887e-06
  -0.0000000e+00  -1.8066053e-04   1.7304188e-05   2.0024407e-05   1.5566622e-05   4.2356378e-06   7.9771862e-06   2.1312724e-05   1.6282920e-05   7.1668519e-06   5.4185216e-06   2.7927454e-06  -1.6504821e-06   2.1146486e-06   2.0509237e-06   1.9575348e-06  -4.3278871e-07   2.0381697e-07   1.0591845e-06  -2.3573871e-06   7.1766721e-07  -1.3038604e-06   1.4829274e-07
  -0.0000000e+00  -1.8669716e-04   1.0509733e-05   1.6815929e-05   1.6897589e-05  -9.6191770e-06   9.2526152e-06   1.5437221e-05   1.0243803e-05   9.0960093e-06   5.3028884e-06   1.4541379e-06   5.9776225e-06  -3.1767837e-07   1.4000027e-06   2.3991490e-06   1.9477109e-06  -6.3477614e-07  -1.0126550e-06   1.8065684e-06   2.1448127e-06  -1.2436176e-06  -1.1963996e-06
  -0.0000000e+00  -1.7653502e-04   1.3062642e-05   1.1811466e-05   1.9568261e-05  -1.3844839e-06   5.8562678e-06   1.9351397e-05   1.6815467e-05   2.0447978e-06   5.8645760e-06   4.1355115e-06  -1.1295000e-06   1.5714774e-06   1.8141750e-06  -4.0247181e-07   1.5462688e-06   6.7649449e-07   1.7874347e-06   1.8373039e-06   8.0068119e-08   1.9011711e-06   6.9818060e-07
  -0.0000000e+00  -1.8525399e-04   1.2976562e-05   1.6289479e-05   2.0060808e-05  -6.5489435e-06   9.1089396e-06   2.3102726e-05   1.1053707e-05   1.1691568e-05   5.7497973e-06   3.1194922e-06   1.2446781e-06   3.1748559e-06   2.3066391e-06   2.7266401e-07   4.1133785e-07   3.5826426e-07   3.4194420e-06   3.5114076e-07   1.0481025e-06   1.7854776e-06   1.7215286e-06
  -0.0000000e+00  -1.8325035e-04   1.7817465e-05   1.6067443e-05   1.5147461e-05   3.7378122e-08   3.2076657e-06   1.5234736e-05   1.0368144e-05   6.3837620e-06   3.8153585e-06   2.4903954e-06   4.8060178e-06   2.5290421e-06   2.1768535e-06   1.6581971e-06   9.9987915e-07   9.2245324e-07  -1.8402959e-06   1.6435934e-06  -1.3115223e-06   9.3109202e-07  -1.3559149e-06
  -0.0000000e+00  -1.8791833e-04   6.7058172e-06   2.2851824e-05   1.5562118e-05  -2.7616705e-08   1.3976899e-05   2.0907421e-05   1.6316641e-05   9.8387854e-06   3.2690382e-06   1.8195927e-06   2.7198605e-06   2.9981466e-06   1.8203789e-06   2.8231273e-06  -3.9064065e-07   5.4401494e-07   2.5932275e-06   1.8480642e-07   8.8692656e-07   5.5442149e-07   5.2127592e-07
  -0.0000000e+00  -1.7309230e-04   1.4379346e-05   1.2512800e-05   1.9220266e-05  -3.9425890e-06   5.7995258e-06   1.2685354e-05   1.0400762e-05   2.4093904e-06   6.8170061e-06   3.9793899e-06   6.6308917e-07   1.4359865e-06   1.9983952e-06   1.0467667e-07   5.5428234e-07   1.6718376e-06  -1.7804560e-06  -2.7572162e-07  -2.1843045e-06   9.2086475e-07   1.2432052e-06
  -0.0000000e+00  -1.8873635e-04   1.8994817e-05   1.5272157e-05   2.1490385e-05  -6.0946973e-06   8.4544226e-06   2.4508923e-05   1.9869443e-05   6.0447028e-06   6.5020217e-06   2.8697359e-06  -7.3705553e-09   2.5765662e-06   8.3741622e-07   4.6061459e-06   2.6392659e-06  -7.9692910e-07  -1.0867320e-06   9.5610585e-07   4.2827869e-06  -1.5964747e-06  -1.7189006e-07
  -0.0000000e+00  -1.8165413e-04   9.3014532e-06   1.9655799e-05   1.6213517e-05   8.6461500e-07   9.3241051e-06   1.6120246e-05   6.6989146e-06   7.9850397e-06   2.0283692e-06   5.4607890e-06   2.8858967e-06   9.4522011e-07   2.7049662e-06  -3.1563115e-07  -7.8642518e-07   1.8141169e-06   1.9007734e-06   2.6485882e-06  -2.7840808e-06   7.2772059e-07   1.8024216e-06
  -0.0000000e+00  -1.8064809e-04   1.2482586e-05   1.7463904e-05   2.0351186e-05  -3.7222283e-06   7.7097120e-06   2.1177881e-05   1.0712341e-05   1.0221130e-05   6.5587401e-06   1.5500339e-06  -1.2048743e-06   1.5640653e-06   3.7505067e-06   1.0561876e-06   7.1627807e-07  -1.8575953e-06   2.7030374e-06   4.9741851e-07   7.8838951e-07  -8.8800226e-07   3.2596024e-08
  -0.0000000e+00  -1.7945196e-04   1.0691139e-05   2.1066962e-05   1.7372684e-05  -5.9549043e-06   1.2546247e-05   1.9480949e-05   1.2656697e-05   1.0616378e-06   3.3402205e-06   2.2752840e-06   4.7177432e-06   1.1927342e-06   2.8516515e-06  -1.1576395e-06   1.8080605e-07   2.2554557e-06  -1.0684170e-07   1.3572700e-06  -9.8167152e-07   1.8181853e-06   5.8043383e-07
  -0.0000000e+00  -1.8748312e-04   2.3496175e-05   9.5480100e-06   2.2123299e-05  -2.3354287e-06   6.0339762e-06   1.3578643e-05   1.7041830e-05   8.0501459e-06   7.7645391e-06   3.9013721e-06  -2.9437895e-06   2.5460640e-06   1.0565745e-06   1.6126452e-06   1.2442524e-06  -5.0198946e-07   1.8043571e-07   1.5100421e-06   6.4668330e-07   1.0133446e-06  -1.3443324e-06
  -0.0000000e+00  -1.8269139e-04   8.8629131e-06   2.3237621e-05   1.6453978e-05  -1.5207860e-06   1.0246627e-05   1.8445435e-05   1.2642220e-05   5.2837995e-06   2.0596174e-06  -1.1666405e-06   4.6960627e-06   2.6724624e-06   2.6191708e-06   1.4411627e-08  -1.1165545e-06  -7.0783801e-07   5.0841557e-08   1.9571407e-07   2.1832555e-08   5.0789714e-07   2.8470870e-06
  -0.0000000e+00  -1.7586749e-04   8.2175093e-06   1.7391892e-05   1.6636210e-05  -3.8419157e-06   8.8869883e-06   2.2380162e-05   1.3765559e-05   7.2851476e-06   3.9632523e-06   5.6680556e-06   1.8235995e-06   7.4965016e-07   3.1020272e-06   2.5402160e-06   2.5983452e-06   1.5837846e-06  -2.0436541e-06  -4.2188512e-07   2.4464878e-06   5.7373535e-07  -4.2704485e-08
  -0.0000000e+00  -1.8932753e-04   1.8410612e-05   1.5713926e-05   1.8491990e-05  -2.1593482e-06   7.4142690e-06   1.4922452e-05   9.1154052e-06   8.6667151e-06   3.9184943e-06   3.4787749e-06   9.7663235e-07   1.2121825e-06   3.0082606e-06   7.1872350e-08  -2.0144521e-06   2.9235109e-06  -2.0521111e-07  -1.3057665e-07  -2.8465817e-07   1.4639733e-06   1.6760856e-06
  -0.0000000e+00  -1.8223641e-04   1.7785793e-05   1.5132789e-05   1.8778675e-05  -6.4729629e-06   1.2208360e-05   2.0415011e-05   1.6580358e-05   4.1625676e-06   5.6698764e-06   6.6688062e-07   2.8178661e-06   2.6971354e-06   1.0193394e-09   3.1821348e-06   1.0121715e-07  -1.9671383e-07   6.1308771e-07   1.6190610e-06   3.6736765e-06   5.4829331e-07  -1.6560253e-07
  -0.0000000e+00  -1.7277611e-04   9.7698730e-06   1.5770976e-05   1.4818972e-05  -1.5358958e-06   6.5225627e-06   1.5929965e-05   1.3451136e-05   6.3409507e-06   5.7719280e-06   7.1889542e-07   1.5872687e-06   2.9890855e-06   2.4241167e-06   4.5220199e-07   1.7784560e-06   1.1150850e-06   6.7679161e-07   1.2331649e-06   5.0299974e-07  -1.0102242e-06   5.3437003e-07
  -0.0000000e+00  -1.8993474e-04   8.2983352e-06   2.2309057e-05   1.9939063e-05  -3.4835994e-06   8.4965613e-06   1.7417133e-05   1.1759922e-05   8.8352735e-06   5.6781473e-06   5.0117874e-06   1.7061594e-06   2.6347898e-06   3.5741041e-06   3.0434715e-06  -2.6683605e-07  -2.9225922e-07   2.8958121e-07   1.9600936e-06  -1.0080031e-06   2.2720938e-06   5.1073465e-07
  -0.0000000e+00  -1.8145176e-04   1.8630737e-05   1.3094184e-05   1.6227130e-05   2.0674133e-06   6.5915892e-06   1.7986682e-05   1.4905864e-05   4.9647961e-06   2.1590238e-06   4.9231307e-06   1.1871975e-06   2.2251447e-06   3.4470127e-06  -8.9732328e-07   2.0132914e-06   2.3301045e-06   9.7781594e-07  -2.5253709e-07   8.5418066e-07  -3.1153820e-07  -1.8154174e-06
  -0.0000000e+00  -1.8505997e-04   1.6401444e-05   1.5420581e-05   2.0109233e-05  -9.5006972e-06   1.0843917e-05   2.0190206e-05   1.0406210e-05   1.0074456e-05   4.0389268e-06   1.9114104e-06   1.1509118e-06  -3.9607878e-07   2.1382716e-06   6.8009933e-07   2.2897409e-06  -8.8586057e-07   1.6939023e-06   1.1933328e-06  -9.8358510e-07   2.1899059e-06  -5.4259783e-07
  -0.0000000e+00  -1.7506954e-04   8.0753880e-06   1.9850526e-05   1.7143611e-05  -5.3474582e-07   5.8231412e-06   1.5635203e-05   1.5998479e-05   2.4994333e-06   6.4791388e-06   1.0825870e-06   2.1811270e-07   4.8797720e-06   1.1802214e-07   5.2867000e-07  -3.4265858e-07  -3.2901011e-07   1.5908427e-06   1.5178274e-06   9.6626445e-07  -1.6689366e-06   1.9376969e-06
  -0.0000000e+00  -1.8833252e-04   7.3970168e-06   2.0803123e-05   1.9995665e-05  -5.6712029e-06   9.9634772e-06   1.8860201e-05   1.3763914e-05   9.0843578e-06   6.9630164e-06   2.9469876e-07   3.6378717e-06   4.0128552e-07   1.7594550e-06   3.4514803e-06   1.0483253e-06  -4.9205664e-07   1.1992029e-06  -9.0952659e-07   1.7877020e-06   1.2829628e-06   2.0206221e-07
  -0.0000000e+00  -1.8323558e-04   2.5693776e-05   9.0065250e-06   1.5854663e-05  -5.3021125e-07   6.3558168e-06   1.6553367e-05   1.0281665e-05   6.4554711e-06   1.9888578e-06   6.0968105e-06   4.9058690e-07  -6.2153026e-07   2.7286851e-06   2.8156506e-07   4.3221903e-07   1.4268751e-06  -5.0935790e-07  -9.2965814e-07  -1.7955459e-07  -2.0022576e-06   2.7825085e-06
  -0.0000000e+00  -1.7856646e-04   8.7665749e-06   1.7751669e-05   1.8657218e-05  -4.0812683e-06   1.2762886e-05   2.1577518e-05   1.1519246e-05   1.0049596e-05   4.5586589e-06   2.9635379e-07  -4.4754640e-07   9.3463836e-07   1.0758451e-06   4.6779692e-06  -3.9086967e-08  -6.8767427e-08   1.2170542e-06  -2.4150361e-07   1.1904018e-06   1.4227022e-06  -1.4019151e-06
  -0.0000000e+00  -1.8498232e-04   9.6584427e-06   1.9359668e-05   1.6010281e-05  -5.7653438e-06   7.7909581e-06   1.3709411e-05   1.3802365e-05   4.5912002e-06   3.3811527e-06   5.8901228e-06   1.0580885e-06   5.0193780e-06   1.1874635e-06   7.2725641e-07   2.4460448e-06   1.4104970e-06  -1.3244907e-06   1.1230383e-06  -2.9918777e-07  -3.3230174e-07   2.2830570e-06
  -0.0000000e+00  -1.8031633e-04   1.3321142e-05   1.8530543e-05   1.7814769e-05   1.3078982e-06   8.9826826e-06   2.1523374e-05   1.5498112e-05   7.3558849e-06   7.0763044e-06   9.3945278e-07   2.4412904e-07   4.4548324e-06   2.4722840e-06   1.8988916e-06   8.4613481e-07  -1.1973531e-06   3.7110967e-06  -4.1888356e-08   1.3355979e-06   1.1736771e-06   6.6177790e-07
  -0.0000000e+00  -1.8264211e-04   1.4723871e-05   1.0831965e-05   1.7779772e-05  -1.6381074e-06   7.8136572e-06   1.4165305e-05   1.2529312e-05   2.8473239e-06   3.7361369e-06   6.2329123e-06   1.9010331e-06   1.6319170e-06   1.6507863e-06   2.7144740e-06   9.0976749e-07   1.5825489e-06   2.2526447e-06   7.8174838e-07  -1.6171010e-06   1.6884746e-06   3.0473931e-08
  -0.0000000e+00  -1.8688652e-04   1.2694010e-05   1.7508270e-05   2.1040496e-05  -5.2692953e-06   6.1179003e-06   2.4494841e-05   1.1608959e-05   1.0531217e-05   4.7193498e-06   2.5900865e-06   4.0512891e-06  -1.2421966e-06   3.0359281e-06   1.1792079e-06   2.8244265e-06  -1.9280994e-06  -1.7676833e-06   4.4352487e-07   1.8632660e-06  -1.2615844e-07   1.2459551e-06
  -0.0000000e+00  -1.7968289e-04   1.2016314e-05   2.2888073e-05   1.5543512e-05  -3.4558570e-06   1.4798004e-05   1.5706077e-05   1.0959339e-05   6.6171351e-06   2.7864676e-06   2.7918331e-06  -2.2813522e-07   3.9469537e-06   1.9428958e-06   7.6954717e-07  -4.9574288e-07   1.6394363e-06   2.2950646e-06   3.5371318e-07  -1.1030694e-06  -1.5521144e-06   1.7641690e-06
  -0.0000000e+00  -1.8044656e-04   1.3535814e-05   1.4061114e-05   1.6933809e-05   2.0246712e-07   3.8231619e-06   1.6159389e-05   1.6882919e-05   5.5397522e-06   7.2069811e-06   4.6244540e-06  -1.0594651e-06  -9.6736881e-07   1.9097788e-06   4.9656649e-07   1.5163525e-06   9.8313683e-07   2.3123175e-07  -1.0114545e-07   2.3615066e-06   1.5823632e-06  -1.1546224e-06
  -0.0000000e+00  -1.8900061e-04   1.4863801e-05   1.6060700e-05   2.2529743e-05  -2.9293888e-06   6.6414559e-06   2.3098763e-05   1.5180398e-05   3.6422273e-06   2.6849768e-06   4.5108927e-06   2.2923418e-06   2.3344257e-06   1.1541890e-06   2.9780772e-06   8.1787624e-07   1.5564375e-06   2.3117705e-06  -7.7144801e-07   2.3504516e-08   1.2096476e-06  -2.4058858e-07
  -0.0000000e+00  -1.7605272e-04   1.0491374e-05   1.9894829e-05   1.5653994e-05  -5.7239972e-06   1.0537164e-05   1.4258743e-05   1.2721182e-05   7.2364292e-06   5.4495877e-06   2.6679713e-06   1.2743819e-06   2.2040501e-06   1.2405681e-06   2.4054498e-06  -5.1292295e-07   1.2472216e-06   5.1524410e-07   1.8872469e-06   1.4647994e-06   8.5161378e-07   1.9031553e-06
  -0.0000000e+00  -1.8480855e-04   1.3725677e-05   1.7673092e-05   1.8659333e-05  -5.2474179e-06   1.0656059e-05   2.0117599e-05   1.0355060e-05   9.2107748e-06   2.4443825e-06   2.7152380e-06   2.6618884e-06   1.5257936e-06   9.5743223e-07   8.6928247e-07   1.2132634e-06   9.5922871e-07   3.2194038e-07  -4.9708532e-08   6.5275026e-07   3.8449696e-07   1.7959305e-06
  -0.0000000e+00  -1.8704870e-04   1.5611047e-05   1.8796667e-05   1.6049748e-05   4.4317244e-06   3.4372626e-06   1.7053282e-05   1.6761998e-05   5.3557392e-06   4.2908732e-06   4.4528620e-06   1.0060493e-06   1.4498163e-06   3.6176780e-06  -8.7598971e-07   2.4114809e-06   1.0558540e-06  -9.9204237e-07   8.3586934e-07  -7.9557003e-07  -6.6067270e-07   8.5787252e-07
  -0.0000000e+00  -1.8102101e-04   8.1070466e-06   1.5613879e-05   2.3472991e-05  -9.5860687e-06   5.9049635e-06   1.7282464e-05   1.3869261e-05   5.1649063e-06   6.4507608e-06   2.4526159e-06  -1.0118172e-06   8.0985467e-07   3.6355434e-06   2.0083988e-07   3.8807384e-06  -1.9320915e-07   1.1032323e-06  -4.7272621e-08   2.5415434e-06  -1.1759270e-06   1.4992253e-06
  -0.0000000e+00  -1.7909850e-04   1.5263047e-05   1.6642683e-05   1.6119759e-05  -1.4594750e-06   1.2520543e-05   2.0897229e-05   8.7654726e-06   7.7888080e-06   5.8633123e-06  -1.1493552e-06   5.5246705e-06   1.8112797e-06   3.5146786e-06   4.1762368e-07   8.9992670e-07   2.4625422e-06   1.5560775e-07   2.0536302e-06   1.0900435e-06   2.1412591e-06  -9.6642793e-08
  -0.0000000e+00  -1.8099949e-04   1.1534539e-05   2.0370906e-05   1.2796391e-05  -2.9306907e-06   7.4023105e-06   1.4589299e-05   1.4288818e-05   5.1722254e-06   5.3368021e-06   3.1128614e-06   2.5644986e-06   3.1437437e-06   2.7024539e-06   3.6017470e-06   3.7197498e-07   1.4510169e-08   1.3105723e-06  -2.2638662e-06   2.0545958e-06   2.4517774e-06  -1.7132780e-06
  -0.0000000e+00  -1.8669305e-04   1.2962749e-05   1.1970804e-05   2.2391003e-05  -3.4064751e-06   5.6207459e-06   2.1167771e-05   1.4170985e-05   5.9668873e-06   1.2641162e-06   5.8795963e-06   2.9368960e-07   2.1772498e-06   1.9583645e-06   3.6671784e-07  -1.1169698e-06   2.0294240e-06   5.7293647e-07  -9.5403118e-07  -9.0350085e-07  -5.9714768e-07  -5.0859438e-07
  -0.0000000e+00  -1.8246783e-04   1.7412920e-05   1.7781640e-05   1.7371254e-05  -1.7423771e-06   1.1439622e-05   1.6486671e-05   1.1552642e-05   6.1009141e-06   6.1986866e-06   1.7595966e-06   6.9607165e-07   2.4481706e-06  -2.7063106e-07  -3.7116959e-07   1.3154133e-06   2.0126254e-06  -1.2132583e-06  -2.8188629e-07   8.8455459e-07   2.8632894e-06  -1.4256020e-06
  -0.0000000e+00  -1.7631993e-04   1.2245570e-05   1.7883527e-05   1.7570577e-05  -6.7645942e-06   9.0027515e-06   1.6041942e-05   1.1439662e-05   1.2027387e-05   4.4391286e-06  -1.8797611e-07   5.3208890e-07   3.4720010e-06   2.0280879e-06   3.1876139e-06  -1.1090040e-07  -2.6261094e-07   1.4614890e-06   8.1531050e-07   6.2621858e-08   4.2468398e-07   2.0709854e-06
  -0.0000000e+00  -1.8248594e-04   1.3764082e-05   1.3882816e-05   2.2118022e-05   3.5944097e-07   6.3477087e-06   2.1285234e-05   1.2845943e-05   5.9132271e-06   6.8269251e-06   1.6013190e-06   3.9563774e-06  -1.4304444e-06   2.0709188e-06   1.6286423e-06  -2.9051428e-06   1.2652350e-06  -1.3229401e-06   1.5437553e-07  -4.4666754e-07  -2.4373819e-07   5.3376095e-07
  -0.0000000e+00  -1.8788475e-04   1.1873605e-05   1.9439976e-05   1.5289104e-05  -1.9009508e-06   8.0147383e-06   1.5326319e-05   1.7557933e-05   4.1796702e-06   3.6061115e-06   6.7621786e-06   7.3090467e-07   1.4050017e-06   2.7815852e-06   1.9995832e-06  -1.9634207e-07   2.6516641e-06   4.7596654e-07   7.3501951e-07   2.5957409e-06  -8.1574410e-07   2.2170707e-07
  -0.0000000e+00  -1.7747190e-04   1.9570745e-05   1.5953494e-05   1.8550303e-05  -6.6963644e-06   1.1643479e-05   1.6190892e-05   1.1542264e-05   1.1860780e-05   5.3337953e-06   2.0452742e-06   2.3987277e-06   3.5152136e-06   3.4150489e-06  -3.2735372e-07   2.7855308e-06  -9.1061571e-07  -3.0737982e-07   3.2531076e-07  -1.3135992e-06   1.0988700e-06   2.1466610e-06
  -0.0000000e+00  -1.8811379e-04   1.1389874e-05   1.6279086e-05   1.8883708e-05  -1.9360152e-06   5.4718198e-06   2.0472742e-05   1.4301022e-05   5.6878057e-06   4.3965883e-06   3.8482453e-06   3.6751217e-06   2.3301468e-06  -2.1507278e-06   1.4375894e-06   3.3310293e-06  -1.6256093e-06   2.4468234e-06   4.3911115e-07   8.4264161e-07   3.1323614e-07  -8.0571954e-07
  -0.0000000e+00  -1.7506038e-04   8.0010759e-06   1.6945289e-05   1.8324779e-05  -2.8496099e-06   8.6299915e-06   1.6867425e-05   1.3084402e-05   6.8486852e-06   3.5134108e-06   2.9183982e-06   1.9038885e-06   1.4141585e-06   2.2592549e-06   1.3198044e-06   1.7443186e-06  -2.1316561e-08   1.3455908e-06   1.1975637e-06  -1.3306985e-07   1.8512266e-06  -8.6847166e-07
  -0.0000000e+00  -1.8799088e-04   2.0488458e-05   1.6415344e-05   1.7564540e-05  -3.0984372e-06   5.0320086e-06   2.0619160e-05   1.3123014e-05   8.3786163e-06   6.1642868e-06   3.5664295e-06   4.1258374e-07   1.5597111e-06   2.8196171e-06   1.9958179e-06  -7.1949432e-07   7.7954911e-07   8.4116567e-07  -1.8778928e-07   2.1316293e-06   3.4820368e-07   1.0664670e-06
  -0.0000000e+00  -1.8276344e-04   1.0569550e-05   1.9762389e-05   1.5859443e-05  -3.2521521e-06   1.2685581e-05   1.7028631e-05   1.4762998e-05   6.2319618e-06   1.3898351e-06   2.5470433e-06   4.6043997e-06  -1.7084280e-06   2.4428230e-06   9.5163790e-07   1.3101796e-06  -1.3647046e-06  -1.4140420e-06   3.6263503e-07  -1.2198830e-06   1.7836846e-06   1.4481573e-06
  -0.0000000e+00  -1.7858576e-04   6.4669825e-06   1.7140528e-05   2.3184846e-05  -7.4373374e-06   5.0490121e-06   2.1081851e-05   1.0349827e-05   4.5861725e-06   6.7194510e-06  -6.3091443e-07   1.1377804e-06   2.5066038e-06   2.5081383e-06   2.0234199e-06   2.3397654e-06   7.1397199e-07   2.8959687e-07   2.0335224e-06  -1.6099499e-06  -2.9617635e-08   3.1457082e-06
  -0.0000000e+00  -1.8728845e-04   2.3689328e-05   1.4673659e-05   1.2302902e-05   3.1826742e-06   8.1462485e-06   1.7290686e-05   1.3930007e-05   7.2682083e-06   2.9015930e-06   5.1473949e-06   1.5362052e-06  -2.0793831e-07   3.1831337e-06   2.2094591e-06   2.1629000e-06   2.6992122e-06  -1.4855465e-06   2.2393642e-06   5.6441218e-07  -1.4418383e-06   8.4449010e-07
  -0.0000000e+00  -1.8021201e-04   8.3182877e-06   1.7510893e-05   1.9402565e-05  -3.2934818e-06   9.1489010e-06   2.0933800e-05   1.1962292e-05   6.4645828e-06   3.9544111e-06   3.5516830e-06   6.7580726e-07   3.4568454e-06  -1.3018102e-06   2.1440749e-06   7.8000716e-07   6.4268431e-07   2.5561319e-06  -6.1750558e-07   2.4099540e-06  -7.9729000e-07   1.1295916e-07
  -0.0000000e+00  -1.8544008e-04   1.0673109e-05   1.6726750e-05   1.8074634e-05  -5.3266808e-06   7.1416976e-06   1.3617278e-05   1.5267531e-05   8.5736892e-06   3.4986299e-06   9.2465154e-07   4.4666617e-06   3.2753908e-06   1.4065320e-06   1.5732749e-06  -8.0459603e-07   2.7551200e-06   1.4170118e-06   1.6569028e-07   1.0816650e-06  -6.7867592e-07   1.6712570e-06
  -0.0000000e+00  -1.8097513e-04   1.1310396e-05   1.9670088e-05   1.9468314e-05  -5.0785438e-06   6.7847968e-06   2.3476030e-05   1.0418709e-05   6.8877507e-06   4.6887972e-06   1.1931154e-06   2.2060931e-06   2.7640651e-06   5.4730947e-07   3.7218617e-06   4.5233837e-06  -1.8845783e-06   2.0538423e-06   1.3252055e-06  -9.8627231e-07   1.9290214e-06  -8.9844593e-07
  -0.0000000e+00  -1.7494026e-04   2.1859836e-05   1.0896965e-05   1.2162766e-05   1.5017623e-06   9.6685781e-06   1.6203969e-05   1.6805807e-05   4.8966394e-06   2.6591529e-06   3.4167531e-06   1.7694232e-06   2.3525167e-06   1.6206967e-06  -1.4049930e-07   8.7668570e-07   1.0983402e-06  -8.7156070e-07   2.4764208e-06   1.6030245e-06  -1.0840114e-06   1.6020417e-07
  -0.0000000e+00  -1.9762463e-04   1.2722842e-05   1.9425728e-05   2.0040583e-05  -6.0695388e-06   6.1628793e-06   2.1301130e-05   1.0793927e-05   1.1012124e-05   5.3602171e-06   8.0071936e-07   2.4545790e-07   5.1740039e-07   3.5361563e-06   1.6606428e-07   3.5464100e-07   1.4019827e-06   3.7349292e-07   3.7697198e-08  -2.0342249e-07   2.9217204e-06  -1.2209357e-06
  -0.0000000e+00  -1.6877896e-04   6.0053490e-06   2.0406240e-05   1.9271316e-05  -2.7657027e-06   1.0926170e-05   1.5046106e-05   1.6114085e-05   7.2623670e-06  -1.5584053e-08   4.4567983e-06   2.0483837e-06   1.1977532e-06   4.6663617e-06   1.1040447e-06   3.9072546e-07   3.6742200e-08   1.4216299e-06   7.7794397e-07  -6.5928953e-07  -1.0946751e-06   2.9028274e-07
  -0.0000000e+00  -1.8747986e-04   1.9372139e-05   1.7842949e-05   1.4279286e-05  -7.4754971e-06   9.2345235e-06   1.8565468e-05   1.2856240e-05   7.7633513e-06   6.7986698e-06  -2.2675467e-06   2.1245708e-06   2.9968796e-06   2.0081964e-06   2.7697622e-06   1.9929078e-06  -7.0351227e-08  -6.4662385e-07   2.0991527e-06  -6.7636080e-07  -9.1660809e-07   1.4937953e-06
  -0.0000000e+00  -1.8456936e-04   1.5957487e-05   1.2117647e-05   1.7972316e-05   6.7412448e-06   2.4765350e-06   2.0479183e-05   1.2094863e-05   3.7204368e-06   7.6058423e-06   4.1867420e-06  -1.8911761e-06   7.1901122e-06   6.2711916e-07   1.9177203e-06   1.1931182e-06  -1.1641818e-06   3.4513112e-06  -8.1039997e-07   1.9181875e-06  -8.3600016e-09   3.5732324e-07
  -0.0000000e+00  -1.8046064e-04   5.2623186e-06   2.1984355e-05   2.0527779e-05  -6.1908027e-06   1.3594488e-05   1.9584297e-05   1.5608101e-05   9.2500741e-06   3.0100458e-07   3.3643487e-06   3.7236068e-06  -3.8644825e-07   3.6215872e-06   2.4231124e-06   1.6638511e-06   1.8416458e-06   5.4539434e-08   5.5073644e-07   1.2708774e-06   1.1359946e-06   1.5293232e-06
  -0.0000000e+00  -1.8389523e-04   2.0613677e-05   1.5088978e-05   1.5947680e-05  -5.6222225e-06   7.7592231e-06   1.7189310e-05   1.2025848e-05   5.4780758e-06   3.0673523e-06   4.8911816e-06   7.6911721e-07   3.5257676e-06   7.8634253e-07   3.0969104e-06  -1.3681009e-06  -9.5416635e-07  -3.0204484e-07   1.8032347e-06   1.8807827e-07   2.1231153e-07   8.7101716e-07
  -0.0000000e+00  -1.8041684e-04   8.8321740e-06   1.7162061e-05   2.2559896e-05   1.9575700e-06   1.0948925e-05   1.7360700e-05   1.1317528e-05   1.0137029e-05   4.9600831e-06  -1.3308352e-06   3.6475367e-06   2.0946377e-06   5.3780341e-06   8.4296641e-07   1.2631975e-06   1.3325613e-06  -1.2567251e-06   4.5257326e-07  -5.5614544e-07   6.2040567e-07  -1.7763359e-06
  -0.0000000e+00  -1.8890899e-04   1.2153941e-05   2.0472935e-05   1.2088595e-05  -2.1929111e-06   6.8516688e-06   2.0508180e-05   1.0833971e-05   2.4444960e-06   7.0198921e-06   2.3128582e-06   2.1171029e-06   6.4603984e-07   1.3245314e-06   1.6486044e-06   3.6193107e-08   9.9482270e-07   1.2858679e-06   7.5957018e-07   1.3247329e-06   1.3318893e-07   1.3033949e-06
  -0.0000000e+00  -1.7578407e-04   1.7859677e-05   1.2504544e-05   1.7277527e-05  -1.7921965e-06   3.4054606e-06   1.8703955e-05   1.6054442e-05   3.5493265e-06   4.8090751e-06   4.2973088e-06  -4.5321588e-07   4.1894893e-08   1.9714025e-06  -6.8348051e-08   4.6975547e-08  -8.6402844e-07   1.0374222e-06  -1.9794347e-06   5.8325992e-07  -6.5456652e-07  -1.3130576e-06
  -0.0000000e+00  -1.7809602e-04   3.7904176e-06   2.0640409e-05   2.1030743e-05  -4.9964942e-06   1.5983918e-05   1.5408194e-05   1.1910499e-05   1.4749539e-05  -7.1066705e-07   2.0953753e-06   3.7285361e-06   3.5673388e-06   5.0691341e-07   3.4543029e-06   1.5406454e-06  -2.4709903e-08   1.2481050e-06   1.6299557e-06   1.5450876e-06   1.4092415e-06  -5.3614013e-07
  -0.0000000e+00  -1.9407636e-04   2.5826323e-05   1.0814093e-05   1.5904372e-05  -2.6938537e-06   3.3474716e-06   1.8530365e-05   1.5739368e-05   2.1183196e-06   7.3346400e-06   2.4996450e-06   2.6381203e-06   1.7795687e-06   9.0511293e-07   1.8529870e-06   1.6135399e-06   3.1003260e-08   1.7974661e-07   9.4234571e-07   3.0556030e-06   9.3337800e-09  -4.1705144e-07
  -0.0000000e+00  -1.7873694e-04   7.0402734e-06   2.3607487e-05   1.7419026e-05  -8.3620735e-06   1.0109900e-05   2.3360990e-05   1.2171579e-05   7.9837228e-06   2.4330075e-06   4.5019870e-06  -1.4595214e-06   1.4897030e-06   2.8635013e-06  -3.7068580e-07   3.3694963e-07   3.2376801e-07   7.3967266e-07   5.9364555e-07  -1.9193953e-06   1.5124708e-06   2.7606984e-06
  -0.0000000e+00  -1.7652383e-04   1.2533515e-05   1.5339658e-05   1.8708579e-05  -3.4934715e-08   8.3922878e-06   1.1897607e-05   1.5514437e-05   6.3669777e-06   5.6822964e-06   2.7433080e-06   2.3815385e-06  -3.3823540e-07   1.8137063e-06   2.6706994e-06   1.0815589e-06   1.8529643e-06   2.5988581e-06  -9.3884296e-07  -7.8794176e-07   1.2059453e-06  -5.0600471e-07
  -0.0000000e+00  -1.8575693e-04   1.4817332e-05   1.5115474e-05   1.8002627e-05  -4.2552974e-06   1.1676185e-05   1.5681746e-05   1.2426517e-05   1.1598086e-05   3.1870993e-06   1.2869053e-06   3.7190259e-06   1.7939078e-06   2.9870473e-06   2.6533389e-06  -2.1985737e-07   1.8431426e-06   5.9197555e-07   1.5212987e-06   1.1346615e-06  -3.5022876e-07   4.2532517e-07
  -0.0000000e+00  -1.8754289e-04   1.4771023e-05   1.8859093e-05   1.7860892e-05  -1.1666702e-05   9.3751614e-06   2.0885904e-05   1.4435926e-05   5.0340609e-06   1.5413443e-06   3.9504580e-06   2.8314169e-06   2.7609265e-06   2.2954316e-06   9.5128433e-07   5.6300803e-07  -4.5134379e-07   1.1937417e-06   6.5531901e-07   7.7680488e-07  -7.0638180e-09   6.7120101e-07
  -0.0000000e+00  -1.7595837e-04   1.2560424e-05   1.4628687e-05   1.9796058e-05   7.2235557e-06  -1.4537262e-06   1.8578981e-05   1.3808425e-05   2.8004242e-06   1.0314074e-05   5.4808434e-06  -2.2509064e-07   1.8904195e-06   2.4335325e-06   1.4526696e-06   4.9297694e-07  -4.2165834e-07   3.8183967e-07   1.2744211e-07   7.7358692e-07   1.3847388e-06   5.5235535e-07
  -0.0000000e+00  -1.8388483e-04   1.2473502e-05   1.6125256e-05   1.7383814e-05  -8.0264008e-06   1.7139113e-05   1.4616345e-05   1.1699802e-05   1.0436844e-05   6.9351989e-07   2.0863977e-06   3.9168563e-06   4.0588311e-06   1.2981834e-06   3.3033166e-07   1.2227546e-06   1.4704902e-08   1.8166052e-06   8.3979430e-08   1.4384142e-06  -1.3836609e-06   1.6906871e-06
  -0.0000000e+00  -1.7485236e-04   1.0910052e-05   2.5566540e-05   1.3148394e-05  -2.2162687e-06   3.7977043e-06   1.7525235e-05   1.5158864e-05   6.9963626e-06   4.8672737e-06   5.1341790e-06   6.4335768e-07   9.9825968e-07   3.5947530e-06   4.8935094e-06   2.9928046e-07  -1.5460770e-06   9.0045381e-07   2.3119371e-06  -1.2940172e-06   1.0342675e-06  -1.4897117e-08
  -0.0000000e+00  -1.9419735e-04   2.2817921e-05   1.3275755e-05   2.8158938e-05  -8.0791187e-06   1.1433827e-05   1.6006032e-05   1.2751373e-05   4.0135319e-06   6.6654129e-06  -1.1719720e-06   3.3796546e-06   2.6561465e-06   2.6580196e-06  -6.1307981e-07   2.7513343e-07   1.6806467e-06  -4.0398959e-07  -2.0687376e-06   6.9909493e-07  -1.2491856e-07   5.1636579e-07
  -0.0000000e+00  -1.6828258e-04   4.2032852e-06   1.3505782e-05   1.2965985e-05   1.7840212e-06   5.7948228e-06   1.9746547e-05   1.3723915e-05   8.2134120e-06  -4.0707920e-07   4.1071239e-06   3.6463348e-09   3.0227845e-06   2.6332687e-06   2.3247246e-08   2.7253436e-06   2.5681436e-06  -1.4037372e-06   3.2698867e-06   5.4777769e-07  -3.1933413e-07   1.7759982e-06
  -0.0000000e+00  -1.9284044e-04   1.9840429e-05   2.2372626e-05   1.4184040e-05  -3.1367165e-06   7.6330916e-06   1.7702747e-05   1.1173096e-05   6.5773906e-06   8.0944801e-06   2.9146170e-06   2.9473129e-06   3.1787818e-06  -9.6093277e-07   4.1019971e-06   1.3633222e-06  -2.7724777e-06   3.9200004e-06  -2.3233501e-07   8.9184266e-07   3.8287376e-07   4.9800445e-07
  -0.0000000e+00  -1.7902699e-04   1.2690367e-05   2.0414467e-05   1.8657243e-05  -6.8654031e-06   1.2019173e-05   1.9722045e-05   1.1051809e-05   9.6253389e-06   1.8999625e-06   5.9890676e-06   1.9030731e-06   1.8845723e-06   2.3577104e-06   1.5104332e-06  -1.5686775e-06   1.6612310e-06  -3.0499680e-07   9.0652691e-07   9.7558207e-08   1.5560086e-06   1.3339026e-06
  -0.0000000e+00  -1.8090972e-04   1.3355797e-05   4.7623857e-06   2.4737226e-05  -2.0853715e-06   3.1239908e-06   1.5466279e-05   1.6648784e-05   5.5611786e-06   5.4171774e-06   4.0478317e-06   2.8702680e-06   4.0611453e-06  -1.5035512e-06   9.0406758e-07   2.5235536e-07   6.6546721e-07   2.6001690e-06  -1.2725819e-06   2.8348370e-06   1.1539499e-06  -9.2432884e-07
  -0.0000000e+00  -1.8093639e-04   1.1989311e-05   2.5838952e-05   9.0548101e-06  -3.2570529e-07   4.6135674e-06   2.1158790e-05   1.1878758e-05   6.1574574e-06   5.4767129e-06   1.4490131e-06   4.2553220e-06   2.7542249e-06   5.4053783e-07   4.1418488e-07   2.5530933e-06   1.1512140e-06  -3.9760064e-07  -1.5398600e-08  -7.7158842e-07  -3.9405694e-07  -4.5006470e-07
  -0.0000000e+00  -1.8559638e-04   1.7034023e-05   1.4695582e-05   2.0815165e-05  -7.7594386e-06   1.7351680e-05   1.3272085e-05   1.5185281e-05   6.4734086e-06   5.9784511e-06   4.5995262e-06   1.1427210e-06  -3.6289725e-07   3.1954003e-06   2.1139415e-06   1.0135868e-06  -1.3512100e-06   2.5660870e-07   1.7137560e-06  -1.7191388e-06   3.4746489e-07   2.0859305e-07
  -0.0000000e+00  -1.7971449e-04   8.1437720e-06   1.8917479e-05   1.2781758e-05  -1.2131227e-06  -2.8458041e-07   2.1944912e-05   7.9180782e-06   8.3917903e-06   5.1452726e-06   2.0503353e-06   3.1778065e-06   3.0666411e-06  -6.9838796e-07   2.0591145e-07   3.3927040e-07   1.5233046e-06   1.8971946e-06  -1.2474726e-06   2.3222294e-06   2.2751440e-06   7.9026130e-08
  -0.0000000e+00  -1.8160154e-04   2.3592474e-05   6.2627560e-06   2.8154074e-05  -6.2439167e-06   1.2602132e-05   1.7011929e-05   1.6840755e-05   9.1343991e-06   3.6323934e-06   3.8423782e-06   1.8973759e-06  -2.9300759e-06   5.6047456e-06   2.0562678e-07   8.6308154e-07   1.6547398e-06  -1.5427987e-06   2.8194631e-07  -2.0411815e-07   1.4419004e-07  -3.4396729e-07
  -0.0000000e+00  -1.7864398e-04   2.4293906e-06   2.8914734e-05   1.0225448e-05   2.3242713e-07   3.7571044e-07   1.9546451e-05   9.9846093e-06   5.1448660e-06   6.6760608e-06  -8.0906705e-07   3.7630232e-06   5.7502002e-06  -1.7122042e-06   2.4564051e-06  -1.1364606e-06  -6.9207528e-07   2.6422942e-06   7.2220570e-07  -4.1693445e-07   2.6568737e-06  -5.7407618e-07
  -0.0000000e+00  -1.8976990e-04   1.9370305e-05   1.4142926e-05   1.4794668e-05  -7.3162769e-06   1.4065340e-05   1.6504528e-05   1.6345908e-05   8.7735316e-06   2.9250834e-06   5.9349150e-06   1.1364881e-06  -9.4902043e-07   3.6031752e-06   1.3185244e-06   3.3198874e-06   3.7774086e-07  -8.8593208e-07   1.9177296e-06   7.7797682e-07  -2.7582557e-06   1.2287624e-06
  -0.0000000e+00  -1.7092844e-04   1.1988513e-05   1.6507656e-05   2.6836329e-05  -3.8670873e-06   7.4113632e-06   1.9390651e-05   8.5393112e-06   8.0982800e-06   1.9803176e-06   7.7963654e-07   3.7834675e-06   3.9485917e-06   1.2294096e-06   7.5082926e-07  -1.5254653e-06   2.6708988e-06   3.0107021e-06  -2.2501497e-06   2.0824523e-07   1.7574916e-06  -1.0608004e-06
  -0.0000000e+00  -1.9032121e-04   2.0983836e-05   1.1234132e-05   1.6261789e-05  -4.3913172e-07   5.4226598e-06   1.5793788e-05   1.8694755e-05   5.6479107e-06   7.0736314e-06   2.9679693e-06   1.3428557e-06  -3.9010794e-07   1.5724086e-06   2.3177238e-06   2.0908883e-06   1.4250563e-06  -1.8299987e-06   2.2590950e-06   1.1681689e-06  -2.5081226e-07   6.7130863e-08
  -0.0000000e+00  -1.8123316e-04   5.6861040e-06   2.2018339e-05   1.3932603e-05  -4.4819876e-06   7.4780310e-06   2.3636159e-05   6.7118604e-06   7.5300131e-06   8.4845595e-07   1.5651220e-06   4.0473869e-06   1.6498885e-06   1.0294639e-06   2.1085928e-06  -1.3357283e-06   4.1234921e-06   1.3174932e-06   1.3899701e-06  -1.1959196e-09  -3.6621549e-07   1.5613167e-06
  -0.0000000e+00  -1.7914713e-04   1.7386155e-05   1.6661248e-05   2.0534269e-05  -1.6934947e-06   1.0643170e-05   1.3023260e-05   1.8540190e-05   5.4353336e-06   1.1288544e-05   1.6977816e-06  -7.5627916e-08   1.6505871e-06   3.0028998e-06   2.4535143e-06   3.6135464e-06  -3.4639120e-06  -4.7104587e-07   3.2658966e-06   1.6757734e-07   3.2012073e-07  -1.6777367e-06
  -0.0000000e+00  -1.8149763e-04   9.9570234e-06   1.6193335e-05   1.4132584e-05  -2.5324098e-06   4.3396199e-06   2.0626509e-05   9.0287604e-06   9.1232114e-06  -6.3222961e-07   6.2858280e-06   1.9946626e-06   4.1101566e-06  -1.9022788e-07   1.1827852e-06   3.4138478e-07   2.3967646e-06   4.3298445e-07   1.6439684e-06   1.3450576e-06  -7.9564879e-09   1.3251403e-07
  -0.0000000e+00  -1.8759530e-04   1.8243840e-05   9.9658864e-06   2.3520792e-05  -4.8281245e-06   1.2054218e-05   2.1967569e-05   1.5299274e-05   8.2839151e-06   7.4417626e-06   1.0584971e-06   1.7442477e-06   1.7763665e-06   2.9020882e-06   1.6351469e-06   3.8581497e-06  -5.6988455e-07   1.8090336e-06   1.8184874e-06   9.8360476e-07   1.7085388e-06  -1.0083254e-06
  -0.0000000e+00  -1.8172128e-04   1.0350107e-05   2.9499179e-05   7.2045659e-06   1.1851562e-06   8.6024484e-06   1.4110828e-05   9.7238308e-06   7.6023653e-06   1.0197926e-06   4.9418122e-06   1.5751514e-06   1.8930301e-06  -1.6016925e-06   8.0321865e-07   3.9736662e-07   1.7667535e-06   6.8469632e-07   1.3779761e-07  -5.9478197e-07   4.4604395e-08   6.6413213e-07
  -0.0000000e+00  -1.8036713e-04   1.2634773e-05   6.0280054e-06   2.7589527e-05  -8.3647947e-06   7.9735082e-06   2.3707626e-05   1.6530819e-05   3.7179368e-06   6.7920737e-06   1.6048084e-06   5.2287777e-07   2.2821944e-06   2.9465193e-06   7.9347990e-07   1.1874843e-06   2.1165890e-06  -1.5537192e-07  -9.9896067e-07  -7.6324443e-07   1.1229937e-06  -1.2227247e-06
  -0.0000000e+00  -1.7789322e-04   1.4483584e-05   1.8200779e-05   1.0920688e-05  -3.3877593e-06   8.0983209e-06   1.5512544e-05   1.1204776e-05   5.3236936e-06   2.5995314e-06   5.1623797e-06   7.9515672e-07   4.5027259e-06  -1.0551456e-07   2.3506886e-06   9.7013435e-07   1.9760280e-06  -6.2285085e-07   8.8607612e-07   2.1976867e-07   3.7491449e-07   1.6810199e-06
  -0.0000000e+00  -1.9484018e-04   1.5802512e-05   1.7552687e-05   2.1998598e-05  -4.6404548e-06   1.1695713e-05   1.4535531e-05   1.3415240e-05   8.7956478e-06   7.1662475e-06   1.7776122e-07   5.4485740e-06  -9.0960964e-07   3.3550250e-06   2.1577598e-06   6.9979302e-07  -1.7805336e-06   1.1116344e-06   4.2326488e-07   1.3507963e-06   1.1808281e-06  -9.8403893e-07
  -0.0000000e+00  -1.7121530e-04   9.7346756e-06   1.4342740e-05   9.8019882e-06   3.7383981e-07   5.5229234e-06   2.2227723e-05   1.0118487e-05   1.3087989e-05  -1.8089653e-06   4.5244583e-06   1.0364453e-06   4.4020594e-06  -3.1872071e-07   1.8943557e-06  -3.9432084e-08   2.4679764e-06   1.5849173e-06   1.0345815e-06  -4.7846851e-07  -6.7308611e-07  -1.6964401e-07
  -0.0000000e+00  -1.9115597e-04   1.2471362e-05   2.1536976e-05   2.1938955e-05  -9.7860211e-06   1.2442013e-05   1.6909826e-05   1.4483613e-05   3.2707323e-06   1.0271773e-05   3.4023992e-06   2.1061257e-06  -1.4755626e-06   1.9185366e-06   2.2305512e-06   2.0035611e-06  -2.0066789e-06   1.0557270e-06   1.2222763e-06   4.3252672e-07   2.1815204e-06  -9.0186956e-07
  -0.0000000e+00  -1.7279881e-04   1.6722759e-05   1.1746039e-05   1.8223263e-05   4.1035382e-06   2.8850743e-06   2.2746113e-05   1.2873530e-05   5.4547877e-06   4.2474089e-06   3.1810428e-06   1.8528833e-06   4.3202695e-06   1.3261606e-06   1.4380822e-07  -1.0380098e-06   2.7249089e-06   1.9341830e-06   8.3782021e-07   1.3093568e-06  -9.4790636e-07   3.8804423e-08
  -0.0000000e+00  -1.9539763e-04   1.0634577e-05   1.6072259e-05   2.0809714e-05  -1.1829764e-05   1.6135262e-05   1.2243217e-05   1.5155463e-05   7.9890833e-06   7.6432580e-06   8.6570009e-07   2.6751638e-06   3.9034881e-06   2.3411869e-06   2.3440673e-06   2.2093104e-06  -4.4485060e-07   1.7479774e-06  -4.2222621e-07   6.3552062e-07   2.2647243e-06   7.8478229e-07
  -0.0000000e+00  -1.7065305e-04   9.9598110e-06   1.8893230e-05   1.3232260e-05   7.3760184e-06   2.0540751e-06   2.2106638e-05   1.2181152e-05   7.0319920e-06   1.8512840e-06   4.6265641e-06   2.1772507e-08   7.0966456e-07   2.9983451e-06   8.3232970e-07   2.1128913e-06   2.5235183e-06  -5.7473062e-07  -8.3514220e-07  -9.9488159e-07  -3.2293053e-07   2.8357948e-07
  -0.0000000e+00  -1.8994433e-04   1.8819268e-05   1.4818958e-05   2.2056627e-05  -9.8622213e-06   7.3885722e-06   2.0124055e-05   1.2521553e-05   8.1357657e-06   4.8411562e-06   8.6137919e-07   2.6907428e-06   1.3191070e-06   2.6236723e-06   2.4768669e-06   6.4756023e-07   6.6005128e-07   1.2574731e-06   3.8497637e-07  -1.2331708e-06   1.1383381e-06   7.0012550e-07
  -0.0000000e+00  -1.7910395e-04   1.0861233e-05   1.7030561e-05   1.1122326e-05  -1.8704051e-07   8.8686447e-06   1.3064987e-05   1.3298595e-05   7.7245095e-06   1.3556865e-06   6.4607020e-06  -4.3667970e-07   3.1841628e-06   1.4202861e-06   2.8593352e-06   2.0023315e-06  -6.6587512e-07  -1.6493821e-06  -5.3365642e-07   2.5285306e-06   4.2422027e-07   1.9918880e-06
  -0.0000000e+00  -1.8149990e-04   1.5379193e-05   1.3142808e-05   2.6009973e-05  -8.6716882e-06   1.1134102e-05   2.2183413e-05   1.7508602e-05   2.8921336e-06   7.1600016e-06  -2.4216347e-06   6.2062672e-06   5.2375043e-07   2.9263442e-06   9.1078113e-07  -9.2906549e-07   1.3606749e-06   3.7936818e-08   8.4763548e-07   6.3376046e-07  -1.9264046e-07   2.4395072e-06
  -0.0000000e+00  -1.7903995e-04   9.1992915e-06   2.3632410e-05   1.1319069e-05   1.1912210e-06   3.5439964e-06   1.6586113e-05   1.0589413e-05   9.8369283e-06   2.2386509e-06   6.2541003e-06   1.5760558e-07   2.9328314e-06   1.5022299e-06   1.0242733e-06   2.3696368e-06   1.0078513e-06   2.3756839e-07  -3.6404710e-08  -1.1540747e-08   3.2038571e-07   6.4193682e-07
  -0.0000000e+00  -1.8867146e-04   1.7574581e-05   8.3073000e-06   2.3688406e-05  -2.7840260e-06   1.1646939e-05   2.0462086e-05   1.4900484e-05   6.3319567e-06   4.5201537e-06   2.0170814e-06  -7.3254758e-09   7.1999284e-07   6.5055661e-07   1.1827364e-06   2.6336912e-07   2.2579391e-06   8.2554948e-07  -2.2544125e-06   4.4093902e-08   1.1261421e-06  -1.3525728e-06
  -0.0000000e+00  -1.7912510e-04   1.1228369e-05   2.3683235e-05   1.3375518e-05  -2.7348003e-06   7.5880516e-06   2.0304980e-05   1.2069810e-05   7.6305241e-06   2.2342485e-06   2.6942264e-06   2.3555663e-06  -2.5134585e-07   3.7036039e-06  -5.3460798e-07   9.0224972e-07   1.1579530e-06   9.5791950e-07   8.4975477e-07   3.3323269e-07   4.1614902e-07   9.5533380e-07
  -0.0000000e+00  -1.8398049e-04   1.5440024e-05   1.3765509e-05   1.6526485e-05  -5.0742942e-06   1.0339252e-05   1.3409066e-05   1.7847193e-05   6.0400753e-06   7.2416888e-06   2.3894306e-06  -3.0367192e-07   3.0932765e-06   1.0438437e-06   3.4634613e-06   2.0084881e-06  -1.4229474e-06   2.6717255e-06   1.1762371e-06   8.5570688e-09  -5.8060448e-07   7.1287974e-07
  -0.0000000e+00  -1.7733643e-04   3.4234272e-06   1.9630292e-05   1.6777536e-05   3.1945737e-07   6.8603667e-06   2.2303540e-05   9.8191140e-06   7.5650005e-06   6.6436342e-06   1.3956588e-06   5.5796263e-06   3.4417251e-06   1.7073006e-06  -1.4909609e-06   1.5264789e-06   8.3015897e-07  -2.9212538e-07   8.8655008e-07   1.7233881e-06   5.6130216e-07   1.0732401e-07
  -0.0000000e+00  -1.8770249e-04   2.1475973e-05   1.2930707e-05   2.1079470e-05  -3.4114855e-06   3.8732560e-06   1.6700205e-05   1.7277589e-05   7.1993913e-06   3.8196149e-06   2.5615634e-06   9.5059238e-07   8.9529590e-07   3.5814478e-06   1.6699803e-06   2.0909026e-07   9.4765392e-07   1.9635061e-06  -1.7355135e-06   6.0603287e-07   1.2404989e-06   3.0051729e-07
  -0.0000000e+00  -1.7691495e-04   1.3248494e-05   2.0073228e-05   1.5037233e-05  -3.3391755e-06   9.1832853e-06   2.5832536e-05   8.1677817e-06   8.9438236e-06   2.8225127e-06   2.0358398e-06   2.1132307e-06   3.4886853e-06   1.1065147e-06   4.1527910e-06  -1.0747434e-06   1.1097070e-06   8.0707258e-07  -1.8520583e-06  -3.1669305e-07   2.1475985e-06   5.3248073e-07
  -0.0000000e+00  -1.8468722e-04   1.5086939e-05   1.5198581e-05   1.8160779e-05  -2.2694496e-06   1.1319263e-05   1.3971588e-05   1.5588428e-05   8.4959465e-06   7.0056376e-06   3.0506474e-06   9.1893816e-07   3.2264452e-07   3.1769009e-06   4.4193255e-10   2.2365166e-06   6.6749215e-07  -2.4620560e-06   1.7739594e-06   2.4144420e-06  -2.3099221e-06   2.1487945e-06
  -0.0000000e+00  -1.7935906e-04   7.1887721e-06   1.8108343e-05   1.9568817e-05  -2.0689240e-06   4.0612495e-06   2.1185249e-05   1.2856122e-05   3.4225188e-06   3.9574184e-06   4.8823031e-06   1.5584415e-06   4.3989580e-06   9.6475731e-07   2.9734176e-06   2.6335277e-07   1.4548133e-06   2.6376586e-06  -3.9417148e-07  -1.4099658e-06   5.7763361e-07   2.5022550e-07
  -0.0000000e+00  -1.8260464e-04   2.0769188e-05   1.7084436e-05   1.7030077e-05  -2.4286212e-06   1.0364564e-05   1.5846623e-05   1.5468611e-05   9.2937316e-06   4.5423235e-06   2.9688260e-06   2.8469763e-06   2.6255137e-07   2.1628391e-06   2.7310068e-06   3.3258050e-07   5.3714217e-07  -9.8037890e-07   8.9603566e-07   1.9966312e-06   2.8371946e-07   1.5227868e-06
  -0.0000000e+00  -1.8293584e-04   7.8737758e-06   1.9075500e-05   1.4752373e-05  -2.2527181e-06   6.3447437e-06   2.0463563e-05   9.8533428e-06   6.3992902e-06   4.3555415e-06   2.3982534e-06   2.7422402e-06   3.1541399e-06   3.2258083e-07   1.8559531e-06   4.8007587e-07  -1.2183406e-06   1.4666715e-06  -4.6517823e-07   7.9437569e-07  -1.4408537e-06  -9.4850748e-07
  -0.0000000e+00  -1.8170691e-04   1.7821809e-05   1.2440132e-05   2.0278099e-05  -4.4192839e-06   8.3161049e-06   1.6652923e-05   1.2629003e-05   1.0632925e-05   4.4964713e-06   2.7754086e-07   3.5307316e-06   2.2155612e-06   4.4742969e-06   1.4198237e-07   1.3909621e-06   1.1135983e-06  -8.0023224e-09  -3.4964057e-07   1.7469405e-06  -4.9020417e-07  -7.5724358e-07
