  -0.0000000e+00  -1.8723847e-04   1.1182683e-05   2.2824250e-05   1.7929000e-05  -3.7516756e-06   5.7261796e-06   1.9701976e-05   1.4576829e-05   6.0249440e-06   5.6558970e-06   6.2084182e-06   5.9040332e-07   1.5901520e-06  -1.3191213e-06   3.3262811e-06   2.0146526e-06   7.7600646e-07   1.0323993e-06   1.8021228e-06  -7.6812097e-07  -6.3239304e-07  -1.6987509e-07
  -0.0000000e+00  -1.8306688e-04   1.2188406e-05   8.9278392e-06   1.6247248e-05  -3.3921176e-06   1.0416342e-05   1.6336093e-05   1.7314758e-05   4.9239125e-06   4.2440324e-06   1.7991269e-06   8.2236409e-07   2.6356449e-06   3.7977818e-06  -2.3928612e-06   5.3124345e-06  -6.8207419e-07   2.4530225e-06  -7.7040177e-08  -9.2180346e-07   1.2192122e-06   9.5577195e-07
  -0.0000000e+00  -1.8238038e-04   9.0128033e-06   2.3607065e-05   1.7198992e-05  -2.8975314e-06   1.0421295e-05   1.7305993e-05   8.5474439e-06   1.0619910e-05   6.1454793e-06   2.4070011e-06   3.3227777e-06   4.6173957e-07   2.5231036e-06   3.4518189e-06  -3.1153078e-07  -1.5626268e-06   2.0515816e-07   7.9441924e-07   1.6907687e-06   7.1902400e-07  -5.8834246e-07
  -0.0000000e+00  -1.8602909e-04   1.8999523e-05   1.0663938e-05   1.9955891e-05  -4.9294399e-06   5.7891216e-06   2.0725085e-05   1.3306174e-05   5.9356967e-06   1.8177843e-06   3.4778404e-06   4.2450856e-06   2.2162928e-06   4.2906863e-06   7.5855553e-07   1.7123907e-06   1.4128882e-06   4.2936485e-06  -1.2238097e-06   6.8809919e-07   5.5762189e-07   6.5577206e-07
  -0.0000000e+00  -1.8883326e-04   7.1915897e-06   1.4928274e-05   1.6106371e-05  -5.2789264e-06   7.3989404e-06   2.2235276e-05   1.6403083e-05   8.5183538e-06   6.2322501e-06   3.5082503e-06   2.1803824e-06   1.1240836e-08   1.7657826e-06   3.5491503e-06  -6.0107091e-08  -2.7417525e-07  -1.3226795e-06   1.2155343e-06   1.6138342e-06   2.5111621e-07  -1.2637767e-06
  -0.0000000e+00  -1.8248784e-04   1.5840224e-05   1.7440345e-05   1.9265739e-05   8.8034807e-07   7.5430776e-06   1.4072341e-05   1.3505750e-05   3.4153759e-06   4.4851108e-06   2.5917548e-06   4.7064727e-06   4.3014329e-06  -1.0474286e-06   1.3649408e-06   3.6787324e-06   1.7412492e-07   1.0665141e-06   3.3372879e-07   1.2878404e-06  -1.9142239e-07   2.1184860e-06
  -0.0000000e+00  -1.7940743e-04   6.8397721e-06   1.7221852e-05   1.5816546e-05  -7.6604092e-06   1.3654695e-05   2.1995220e-05   1.5961818e-05   1.1843110e-05   2.7143974e-06   2.4931956e-06   1.5111762e-07   2.1805779e-06   2.3697480e-06   4.5782494e-06  -9.9923682e-07   1.2234630e-06  -8.8795377e-07   1.5239041e-06   1.0836023e-06   3.1296068e-07   1.1664039e-06
  -0.0000000e+00  -1.9137474e-04   1.1478814e-05   1.2548733e-05   1.6998116e-05  -6.5135946e-06   2.6267828e-06   1.8745362e-05   9.8365399e-06   5.0552785e-06   4.2847009e-06   3.4066181e-06   4.5553911e-06   1.7102584e-06   2.6350399e-06   1.4631114e-06   7.8950706e-07   1.9465160e-06  -4.2423187e-07   1.1072705e-06   1.1172260e-06   6.7492181e-07  -1.7515257e-06
  -0.0000000e+00  -1.8302500e-04   1.5678956e-05   1.9152412e-05   1.5222355e-05   3.9463771e-06   8.2311763e-06   2.2448907e-05   1.7185645e-05   7.6923179e-06   5.6213330e-06   3.0387707e-06  -1.7262989e-06   2.3283276e-06   2.2446698e-06   2.0801624e-06  -4.6245387e-07   2.5705009e-07   1.2012731e-06  -2.4403628e-06   7.7459794e-07  -1.3681616e-06   2.4531695e-07
  -0.0000000e+00  -1.8938402e-04   8.5368620e-06   1.5773179e-05   1.6683780e-05  -1.0806198e-05   9.6382209e-06   1.6216545e-05   1.0831783e-05   9.6140320e-06   5.6196873e-06   1.4466843e-06   6.3659227e-06  -3.1631217e-07   1.4642385e-06   2.5107206e-06   2.0463790e-06  -5.8349588e-07  -1.0562275e-06   1.8971647e-06   2.2095676e-06  -1.2309090e-06  -1.2142433e-06
  -0.0000000e+00  -1.7858224e-04   1.1167291e-05   1.0569389e-05   1.9394063e-05  -1.9560773e-06   6.0651491e-06   2.0349633e-05   1.7847242e-05   2.1518167e-06   6.1512728e-06   4.4803378e-06  -1.1143737e-06   1.7729266e-06   1.9660511e-06  -3.9499869e-07   1.7137072e-06   6.8080720e-07   1.8336048e-06   1.9003485e-06   4.4212040e-08   2.0130876e-06   7.0608286e-07
  -0.0000000e+00  -1.8791457e-04   1.1170494e-05   1.5217560e-05   2.0059828e-05  -7.5774255e-06   9.4857669e-06   2.4324889e-05   1.1622764e-05   1.2373021e-05   6.0170373e-06   3.2988062e-06   1.2649068e-06   3.3114175e-06   2.4919686e-06   3.3815900e-07   4.8516932e-07   3.1965493e-07   3.5903447e-06   3.3612841e-07   1.1113174e-06   1.8013953e-06   1.7754795e-06
  -0.0000000e+00  -1.8562243e-04   1.6155211e-05   1.5016601e-05   1.4696949e-05  -5.9132748e-07   3.1701629e-06   1.6081447e-05   1.0924325e-05   6.7560291e-06   4.0028749e-06   2.6971875e-06   5.1280995e-06   2.6000387e-06   2.2696161e-06   1.7257613e-06   1.1199983e-06   1.0310015e-06  -1.8946649e-06   1.7107794e-06  -1.3178939e-06   1.0367553e-06  -1.3882784e-06
  -0.0000000e+00  -1.9069371e-04   4.5129027e-06   2.2145599e-05   1.5223231e-05  -6.9073025e-07   1.4620073e-05   2.2103397e-05   1.7279328e-05   1.0465620e-05   3.5476835e-06   1.8948065e-06   2.8060131e-06   3.1490315e-06   1.9459662e-06   3.0306369e-06  -4.0873007e-07   5.4013583e-07   2.6990226e-06   2.0632260e-07   9.0324346e-07   5.8841766e-07   5.3833759e-07
  -0.0000000e+00  -1.7492897e-04   1.2584300e-05   1.1189737e-05   1.9073022e-05  -4.7738845e-06   5.8627302e-06   1.3376080e-05   1.0934005e-05   2.5743052e-06   7.1992140e-06   4.2344436e-06   7.9698418e-07   1.5458481e-06   2.1649776e-06   1.1749994e-07   5.8419579e-07   1.8240531e-06  -1.7987448e-06  -1.9797092e-07  -2.2422025e-06   9.5239506e-07   1.3092651e-06
  -0.0000000e+00  -1.9156506e-04   1.7497809e-05   1.4069610e-05   2.1462298e-05  -6.9705861e-06   8.7525077e-06   2.5768990e-05   2.1087530e-05   6.3302732e-06   6.8601857e-06   2.9909932e-06   7.0886955e-08   2.8066654e-06   8.1458307e-07   4.8185821e-06   2.7762699e-06  -7.9944789e-07  -1.1593760e-06   9.8972077e-07   4.4739049e-06  -1.6492436e-06  -1.8018289e-07
  -0.0000000e+00  -1.8406748e-04   7.2338398e-06   1.8798197e-05   1.5816411e-05   3.1858929e-07   9.5961886e-06   1.6970756e-05   7.1118325e-06   8.5636448e-06   2.0529383e-06   5.7091497e-06   3.1416478e-06   1.0115482e-06   2.8613617e-06  -3.1503430e-07  -7.7213878e-07   1.9292661e-06   1.9509168e-06   2.7946498e-06  -2.9931073e-06   8.5322790e-07   1.8583053e-06
  -0.0000000e+00  -1.8302992e-04   1.0625497e-05   1.6416539e-05   2.0224348e-05  -4.5836791e-06   7.9640859e-06   2.2223483e-05   1.1454343e-05   1.0839120e-05   6.9981288e-06   1.6965283e-06  -1.2834386e-06   1.6736012e-06   3.9439165e-06   1.1803841e-06   8.5720626e-07  -1.9877230e-06   2.8162724e-06   4.9601584e-07   8.6924706e-07  -8.4802878e-07   8.5243590e-09
  -0.0000000e+00  -1.8175735e-04   8.6831114e-06   2.0209363e-05   1.7031180e-05  -6.8092340e-06   1.2981428e-05   2.0586089e-05   1.3394875e-05   1.1444424e-06   3.4914647e-06   2.3989203e-06   5.0843769e-06   1.3125857e-06   2.9611542e-06  -1.2058347e-06   2.1326797e-07   2.4172534e-06  -7.0358283e-08   1.3592230e-06  -1.0265948e-06   1.9462539e-06   5.8511580e-07
  -0.0000000e+00  -1.9015312e-04   2.2226535e-05   8.0036707e-06   2.2135846e-05  -3.0557742e-06   6.1938481e-06   1.4339638e-05   1.8036253e-05   8.5250194e-06   8.2370561e-06   4.1623571e-06  -3.0671445e-06   2.6693067e-06   1.1510759e-06   1.7689122e-06   1.3915850e-06  -5.7778311e-07   1.6639773e-07   1.6385977e-06   6.2236552e-07   1.1383519e-06  -1.4022032e-06
  -0.0000000e+00  -1.8508080e-04   6.7140427e-06   2.2587921e-05   1.6082158e-05  -2.1409403e-06   1.0512983e-05   1.9492518e-05   1.3294427e-05   5.6182357e-06   2.2209119e-06  -1.1737621e-06   5.0507142e-06   2.8177212e-06   2.7000328e-06   8.3145032e-08  -1.1026813e-06  -6.6114251e-07   1.1632572e-07   2.5504775e-07  -1.8061080e-08   5.1632151e-07   2.9757521e-06
  -0.0000000e+00  -1.7795408e-04   6.1352025e-06   1.6342317e-05   1.6383266e-05  -4.6992313e-06   9.1796546e-06   2.3567276e-05   1.4498245e-05   7.7883560e-06   4.1805574e-06   5.9823874e-06   1.8534398e-06   8.2626150e-07   3.2297999e-06   2.6594389e-06   2.6862501e-06   1.6585992e-06  -2.1104245e-06  -4.0858745e-07   2.6298940e-06   5.7103671e-07  -7.3194137e-08
  -0.0000000e+00  -1.9213650e-04   1.6762320e-05   1.4627030e-05   1.8326313e-05  -2.8616291e-06   7.5622670e-06   1.5790760e-05   9.6056556e-06   9.2470509e-06   4.1200869e-06   3.7221789e-06   1.0466782e-06   1.3265155e-06   3.2415417e-06   1.2523773e-07  -2.1435983e-06   3.1784061e-06  -2.0014514e-07  -8.5908354e-08  -3.5428499e-07   1.5301483e-06   1.7818751e-06
  -0.0000000e+00  -1.8476312e-04   1.6250653e-05   1.3946808e-05   1.8688323e-05  -7.3942088e-06   1.2735735e-05   2.1464775e-05   1.7599192e-05   4.3905316e-06   6.0283000e-06   7.6719004e-07   3.0161361e-06   2.8199383e-06  -6.6222765e-09   3.4263637e-06   1.6311617e-07  -2.0847924e-07   6.3937978e-07   1.6652939e-06   3.8100195e-06   5.2520124e-07  -1.5303991e-07
  -0.0000000e+00  -1.7463781e-04   7.6684410e-06   1.4736410e-05   1.4434790e-05  -2.2495301e-06   6.6652074e-06   1.6857972e-05   1.4194124e-05   6.6795524e-06   6.0289135e-06   8.5745501e-07   1.7492762e-06   3.1801967e-06   2.5343975e-06   4.9204300e-07   1.9084655e-06   1.1664073e-06   7.0262615e-07   1.2892541e-06   5.4273590e-07  -1.0383085e-06   6.2044353e-07
  -0.0000000e+00  -1.9284966e-04   6.2167128e-06   2.1546623e-05   1.9842731e-05  -4.2848537e-06   8.7270764e-06   1.8411363e-05   1.2419317e-05   9.3956787e-06   6.0119355e-06   5.1969610e-06   1.7733058e-06   2.7280353e-06   3.7378356e-06   3.1695160e-06  -2.4389516e-07  -2.6669474e-07   3.8835779e-07   2.0020461e-06  -1.0528699e-06   2.4047590e-06   4.7443410e-07
  -0.0000000e+00  -1.8378113e-04   1.7115319e-05   1.1789875e-05   1.5863969e-05   1.5986590e-06   6.7882825e-06   1.9019419e-05   1.5748001e-05   5.2721598e-06   2.2390179e-06   5.2729320e-06   1.2921089e-06   2.3514763e-06   3.6433032e-06  -9.3626039e-07   2.1488004e-06   2.4365947e-06   9.9793772e-07  -3.1959377e-07   1.0012840e-06  -3.1333281e-07  -1.8235772e-06
  -0.0000000e+00  -1.8764626e-04   1.4772831e-05   1.4261755e-05   1.9972453e-05  -1.0666537e-05   1.1281323e-05   2.1278096e-05   1.0940758e-05   1.0676701e-05   4.3332029e-06   2.0155030e-06   1.3007269e-06  -3.4781479e-07   2.3022546e-06   7.8834461e-07   2.3958894e-06  -9.7452403e-07   1.8380865e-06   1.2362518e-06  -1.0255021e-06   2.2867553e-06  -5.5389091e-07
  -0.0000000e+00  -1.7708621e-04   5.9195104e-06   1.8933046e-05   1.6884213e-05  -1.1100027e-06   5.9885924e-06   1.6447890e-05   1.6907950e-05   2.6599021e-06   6.8699701e-06   1.2386560e-06   2.7195600e-07   5.1215861e-06   1.6130795e-07   6.1417114e-07  -2.8499025e-07  -2.7620192e-07   1.6065235e-06   1.6057148e-06   9.6064343e-07  -1.7056775e-06   2.0483562e-06
  -0.0000000e+00  -1.9108538e-04   5.1712154e-06   2.0020554e-05   1.9846697e-05  -6.5599115e-06   1.0319407e-05   1.9932670e-05   1.4601490e-05   9.5371852e-06   7.3387437e-06   2.5372995e-07   3.9317433e-06   4.4462817e-07   1.8235202e-06   3.5693988e-06   1.1934910e-06  -5.0248013e-07   1.2378094e-06  -9.2931691e-07   1.8767520e-06   1.3565326e-06   1.4775880e-07
  -0.0000000e+00  -1.8572550e-04   2.4598854e-05   7.4828872e-06   1.5542892e-05  -1.1255587e-06   6.4344499e-06   1.7468599e-05   1.0904597e-05   6.8518189e-06   2.0245859e-06   6.5038357e-06   5.5911664e-07  -5.6203498e-07   2.9781295e-06   3.0664560e-07   3.9427132e-07   1.5745555e-06  -4.9818686e-07  -9.1890746e-07  -1.1365022e-07  -2.0938344e-06   2.9156593e-06
  -0.0000000e+00  -1.8082136e-04   6.6989569e-06   1.6788475e-05   1.8535797e-05  -4.9556070e-06   1.3228660e-05   2.2820101e-05   1.2201462e-05   1.0681426e-05   4.8651145e-06   3.9838346e-07  -3.7628686e-07   1.0547659e-06   1.1561735e-06   4.9197083e-06  -5.9680289e-08  -3.6742289e-08   1.3004013e-06  -2.4737963e-07   1.2255050e-06   1.4965049e-06  -1.4314210e-06
  -0.0000000e+00  -1.8758357e-04   7.5742314e-06   1.8506335e-05   1.5690366e-05  -6.6928660e-06   7.9856181e-06   1.4422971e-05   1.4526828e-05   4.8627967e-06   3.5315018e-06   6.2207168e-06   1.1985661e-06   5.2284499e-06   1.2283793e-06   7.2035169e-07   2.6295286e-06   1.5085571e-06  -1.3880762e-06   1.2029670e-06  -2.6374477e-07  -3.4339234e-07   2.3663902e-06
  -0.0000000e+00  -1.8265987e-04   1.1537222e-05   1.7558117e-05   1.7598190e-05   7.7801030e-07   9.2758719e-06   2.2748653e-05   1.6391234e-05   7.7993482e-06   7.5601010e-06   9.3005519e-07   2.6578081e-07   4.6645669e-06   2.6040830e-06   2.0734019e-06   8.9985599e-07  -1.2724516e-06   3.9084252e-06  -1.0989547e-07   1.4524436e-06   1.1936044e-06   6.6974644e-07
  -0.0000000e+00  -1.8503649e-04   1.3010295e-05   9.4556126e-06   1.7569691e-05  -2.3822456e-06   8.0528680e-06   1.4872361e-05   1.3282185e-05   3.0671190e-06   3.8959402e-06   6.5650943e-06   2.0791165e-06   1.7341304e-06   1.7608452e-06   2.8348588e-06   8.8008852e-07   1.7367834e-06   2.3281916e-06   7.8146672e-07  -1.6429905e-06   1.7648903e-06   7.5379589e-08
  -0.0000000e+00  -1.8953354e-04   1.0879999e-05   1.6450511e-05   2.0982898e-05  -6.1854244e-06   6.2678105e-06   2.5857893e-05   1.2274932e-05   1.1184931e-05   5.0105318e-06   2.6854996e-06   4.3403397e-06  -1.3583290e-06   3.2673602e-06   1.2315994e-06   3.0519629e-06  -1.9866598e-06  -1.7750170e-06   4.6792240e-07   2.0194279e-06  -1.5203804e-07   1.2413134e-06
  -0.0000000e+00  -1.8199916e-04   1.0086856e-05   2.2149045e-05   1.5157477e-05  -4.3055679e-06   1.5425054e-05   1.6544900e-05   1.1536167e-05   7.0748056e-06   2.9317118e-06   2.9547025e-06  -1.6378802e-07   4.2681313e-06   2.0440837e-06   7.8019673e-07  -4.7102765e-07   1.7239407e-06   2.4131982e-06   3.6774307e-07  -1.0885873e-06  -1.6601743e-06   1.9473844e-06
  -0.0000000e+00  -1.8276364e-04   1.1674998e-05   1.2847648e-05   1.6600632e-05  -3.6285408e-07   3.8934359e-06   1.6993728e-05   1.7840874e-05   5.8461551e-06   7.6533543e-06   4.8290262e-06  -1.0168965e-06  -9.4531964e-07   2.0811681e-06   6.0532250e-07   1.6358508e-06   1.0110208e-06   1.9347237e-07  -3.6466080e-08   2.4662704e-06   1.6192079e-06  -1.1995445e-06
  -0.0000000e+00  -1.9182173e-04   1.3093398e-05   1.4907862e-05   2.2625383e-05  -3.6819104e-06   6.7812666e-06   2.4391093e-05   1.6018232e-05   3.8871635e-06   2.8796171e-06   4.7184121e-06   2.4574413e-06   2.5514453e-06   1.1686650e-06   3.1111683e-06   8.3067499e-07   1.6451340e-06   2.4543731e-06  -8.2633494e-07   5.2216148e-08   1.2575563e-06  -1.6999886e-07
  -0.0000000e+00  -1.7807403e-04   8.5091633e-06   1.8974964e-05   1.5270676e-05  -6.6922239e-06   1.0957890e-05   1.4976576e-05   1.3415879e-05   7.6965307e-06   5.8431547e-06   2.7744372e-06   1.3262290e-06   2.3938073e-06   1.2828917e-06   2.6395535e-06  -5.2256377e-07   1.2770141e-06   5.8630434e-07   1.9314216e-06   1.5516692e-06   8.2121454e-07   1.9880390e-06
  -0.0000000e+00  -1.8734414e-04   1.1974303e-05   1.6580299e-05   1.8465258e-05  -6.0973034e-06   1.1104415e-05   2.1288382e-05   1.0882920e-05   9.7826742e-06   2.6270050e-06   2.8689053e-06   2.8572956e-06   1.6305260e-06   1.0136662e-06   9.9171154e-07   1.3039553e-06   1.0183932e-06   3.4768860e-07  -2.2958803e-08   7.1684678e-07   4.2074612e-07   1.8198762e-06
  -0.0000000e+00  -1.8969807e-04   1.3911322e-05   1.7784481e-05   1.5705798e-05   4.0554023e-06   3.4920922e-06   1.7959530e-05   1.7764351e-05   5.6117492e-06   4.5001325e-06   4.6727937e-06   1.1610136e-06   1.5357898e-06   3.8486742e-06  -8.9708914e-07   2.5406980e-06   1.1141803e-06  -1.0128751e-06   9.6964777e-07  -8.2327728e-07  -6.3829981e-07   9.1574088e-07
  -0.0000000e+00  -1.8338910e-04   6.0025309e-06   1.4459768e-05   2.3498529e-05  -1.0737384e-05   6.0623138e-06   1.8207824e-05   1.4628403e-05   5.5277173e-06   6.8330614e-06   2.6692478e-06  -9.8064447e-07   9.1024964e-07   3.8142339e-06   2.5202596e-07   4.0357659e-06  -2.0194250e-07   1.2014106e-06  -7.3693030e-08   2.6442851e-06  -1.2040344e-06   1.5684689e-06
  -0.0000000e+00  -1.8138788e-04   1.3625231e-05   1.5546148e-05   1.5847454e-05  -2.1142084e-06   1.3050188e-05   2.2114562e-05   9.2822675e-06   8.2658898e-06   6.1405685e-06  -1.2335706e-06   5.8760679e-06   1.9176625e-06   3.6625172e-06   4.4692840e-07   9.6811061e-07   2.5709860e-06   1.4567910e-07   2.1658602e-06   1.0533242e-06   2.2240874e-06  -9.1455078e-08
  -0.0000000e+00  -1.8336497e-04   9.5877285e-06   1.9579717e-05   1.2330596e-05  -3.6733775e-06   7.5923881e-06   1.5351592e-05   1.5137416e-05   5.5476480e-06   5.6843323e-06   3.3800627e-06   2.6165337e-06   3.2750527e-06   2.7771150e-06   3.8007456e-06   4.5938694e-07  -5.9994761e-08   1.4667050e-06  -2.3206326e-06   2.0919456e-06   2.5664986e-06  -1.7776331e-06
  -0.0000000e+00  -1.8942381e-04   1.1126439e-05   1.0646604e-05   2.2449445e-05  -4.1700573e-06   5.6568333e-06   2.2318409e-05   1.4980208e-05   6.3648786e-06   1.2994458e-06   6.2707759e-06   2.8979176e-07   2.2786678e-06   2.1532683e-06   4.5985493e-07  -1.1603260e-06   2.1550832e-06   6.1358651e-07  -9.7755151e-07  -8.5615437e-07  -6.1458064e-07  -4.4672791e-07
  -0.0000000e+00  -1.8495334e-04   1.5754982e-05   1.6817847e-05   1.7021861e-05  -2.3991288e-06   1.1870397e-05   1.7405397e-05   1.2272992e-05   6.4829333e-06   6.5032664e-06   1.9354179e-06   8.2177888e-07   2.6859118e-06  -2.9297209e-07  -2.9080363e-07   1.3999778e-06   2.1228086e-06  -1.2876089e-06  -2.4997922e-07   9.3253732e-07   2.9593737e-06  -1.5076774e-06
  -0.0000000e+00  -1.7838246e-04   1.0274620e-05   1.6906330e-05   1.7303446e-05  -7.8388266e-06   9.3832523e-06   1.6959624e-05   1.2095717e-05   1.2687210e-05   4.6667669e-06  -1.0596321e-07   6.1648706e-07   3.6772337e-06   2.1466742e-06   3.2884193e-06  -8.4257991e-08  -2.2231475e-07   1.4729054e-06   8.9615969e-07   7.7190862e-08   3.4366244e-07   2.2032837e-06
  -0.0000000e+00  -1.8497017e-04   1.1907626e-05   1.2678874e-05   2.2065331e-05  -2.0096505e-07   6.4496771e-06   2.2503011e-05   1.3530454e-05   6.1926598e-06   7.1956324e-06   1.7155518e-06   4.2830698e-06  -1.5624418e-06   2.2586771e-06   1.7873505e-06  -2.9749635e-06   1.4188773e-06  -1.3637491e-06   1.9522417e-07  -4.2862254e-07  -2.3027651e-07   5.7386342e-07
  -0.0000000e+00  -1.9063638e-04   9.8912860e-06   1.8558509e-05   1.4941577e-05  -2.6288399e-06   8.3068935e-06   1.6174497e-05   1.8494900e-05   4.4361259e-06   3.8488361e-06   7.1292570e-06   7.5530301e-07   1.5377631e-06   2.9558651e-06   2.0668706e-06  -1.8895165e-07   2.7717724e-06   4.5575732e-07   7.3352572e-07   2.7135191e-06  -8.1968676e-07   2.1912298e-07
  -0.0000000e+00  -1.7959153e-04   1.8054561e-05   1.4865489e-05   1.8300509e-05  -7.6059973e-06   1.2019107e-05   1.7138394e-05   1.2208642e-05   1.2515734e-05   5.5866781e-06   2.1184705e-06   2.5301902e-06   3.6746023e-06   3.6140366e-06  -3.4940956e-07   2.9207047e-06  -9.0136115e-07  -2.7067148e-07   4.1355591e-07  -1.3826739e-06   1.1506582e-06   2.2055276e-06
  -0.0000000e+00  -1.9089702e-04   9.4696970e-06   1.5203333e-05   1.8729639e-05  -2.6224295e-06   5.6418785e-06   2.1605563e-05   1.5089425e-05   5.9862537e-06   4.6771438e-06   4.0615537e-06   3.8112059e-06   2.5681384e-06  -2.2657850e-06   1.6155279e-06   3.5374110e-06  -1.7477379e-06   2.5546472e-06   4.8206942e-07   8.5185297e-07   3.6422983e-07  -7.8322898e-07
  -0.0000000e+00  -1.7698057e-04   5.8572036e-06   1.5905322e-05   1.8070303e-05  -3.5775447e-06   8.9192454e-06   1.7789944e-05   1.3777132e-05   7.3265978e-06   3.7359332e-06   3.1266388e-06   2.0596729e-06   1.5033298e-06   2.4450051e-06   1.3659995e-06   1.8332191e-06  -6.4263212e-08   1.4916783e-06   1.2060734e-06  -1.6916903e-07   2.0237785e-06  -9.3413144e-07
  -0.0000000e+00  -1.9084527e-04   1.9096400e-05   1.5242176e-05   1.7396071e-05  -3.9396791e-06   5.2206979e-06   2.1662763e-05   1.3857558e-05   8.7870712e-06   6.5371223e-06   3.7486161e-06   3.9192369e-07   1.7193240e-06   2.9889854e-06   2.1162250e-06  -7.1729482e-07   8.3354973e-07   9.5427129e-07  -2.7570508e-07   2.2305856e-06   4.1122703e-07   1.0826371e-06
  -0.0000000e+00  -1.8514002e-04   8.5522179e-06   1.8882307e-05   1.5465441e-05  -3.9674778e-06   1.3234690e-05   1.7936347e-05   1.5607255e-05   6.6152206e-06   1.5555103e-06   2.6691130e-06   4.9529099e-06  -1.7272745e-06   2.5837962e-06   9.8133739e-07   1.4753494e-06  -1.3466837e-06  -1.4030304e-06   4.4751977e-07  -1.2522009e-06   1.8509650e-06   1.4836990e-06
  -0.0000000e+00  -1.8083811e-04   4.2807319e-06   1.6033218e-05   2.3353021e-05  -8.4898120e-06   5.0969193e-06   2.2170718e-05   1.1037389e-05   4.9234245e-06   7.1720278e-06  -5.8746048e-07   1.2488741e-06   2.7419055e-06   2.5950101e-06   2.0838925e-06   2.4412072e-06   7.4649381e-07   2.6667107e-07   2.2241106e-06  -1.6493045e-06  -1.0349237e-07   3.2886867e-06
  -0.0000000e+00  -1.8992355e-04   2.2476408e-05   1.3479993e-05   1.1686197e-05   2.8256072e-06   8.3192099e-06   1.8220477e-05   1.4689588e-05   7.7229597e-06   3.0921274e-06   5.3926042e-06   1.6651481e-06  -2.4724687e-07   3.4453608e-06   2.2899828e-06   2.2216343e-06   2.8551331e-06  -1.5690948e-06   2.3213088e-06   6.2771795e-07  -1.4631978e-06   9.0497957e-07
  -0.0000000e+00  -1.8248853e-04   6.1616320e-06   1.6526657e-05   1.9274359e-05  -4.1704780e-06   9.5689102e-06   2.2072511e-05   1.2674929e-05   6.8201639e-06   4.1735725e-06   3.8146381e-06   7.0463801e-07   3.7073648e-06  -1.2946070e-06   2.3124164e-06   8.0430311e-07   7.4291142e-07   2.6562070e-06  -7.3303994e-07   2.5981756e-06  -7.5956171e-07   5.9014823e-08
  -0.0000000e+00  -1.8808999e-04   8.7419930e-06   1.5699667e-05   1.7879274e-05  -6.2407807e-06   7.3855813e-06   1.4374237e-05   1.6052147e-05   9.1188658e-06   3.7230020e-06   1.0363311e-06   4.6605346e-06   3.4184804e-06   1.5283199e-06   1.7567204e-06  -9.3412626e-07   2.9409878e-06   1.4963736e-06   1.9074569e-07   1.0955457e-06  -7.0165976e-07   1.7657314e-06
  -0.0000000e+00  -1.8333433e-04   9.3190174e-06   1.8792121e-05   1.9449673e-05  -5.9828726e-06   7.0241440e-06   2.4748151e-05   1.0998706e-05   7.2505131e-06   5.0252347e-06   1.3391683e-06   2.2668487e-06   2.9490304e-06   5.3036598e-07   3.9265578e-06   4.7458147e-06  -2.0532495e-06   2.2176835e-06   1.3641843e-06  -1.0328615e-06   2.0403193e-06  -9.1948124e-07
  -0.0000000e+00  -1.7697012e-04   2.0477692e-05   9.4833276e-06   1.1614425e-05   1.0641561e-06   1.0024434e-05   1.7025357e-05   1.7741551e-05   5.2153805e-06   2.8714653e-06   3.6823974e-06   1.9206741e-06   2.4696124e-06   1.7894312e-06  -1.5980108e-07   9.8987550e-07   1.2266574e-06  -9.4492179e-07   2.5688735e-06   1.7112613e-06  -1.1753503e-06   2.3683255e-07
  -0.0000000e+00  -2.0094955e-04   1.0779007e-05   1.8432391e-05   2.0005647e-05  -6.9756793e-06   6.2412896e-06   2.2426737e-05   1.1336252e-05   1.1611464e-05   5.6665358e-06   8.9620710e-07   3.6023462e-07   5.7738220e-07   3.7929167e-06   2.3253672e-07   3.9741022e-07   1.4594436e-06   4.4320737e-07   1.4896822e-08  -1.7197509e-07   3.0568369e-06  -1.3166662e-06
  -0.0000000e+00  -1.7041987e-04   3.7643060e-06   1.9549940e-05   1.9112145e-05  -3.5307594e-06   1.1387991e-05   1.5906895e-05   1.6992501e-05   7.6111633e-06  -1.1564041e-08   4.7856715e-06   2.2463639e-06   1.2156021e-06   4.8829452e-06   1.1282652e-06   4.7839097e-07   1.3013698e-07   1.4659881e-06   8.0173817e-07  -6.7366744e-07  -1.1135251e-06   3.8341005e-07
  -0.0000000e+00  -1.9020992e-04   1.7829252e-05   1.6836511e-05   1.3909294e-05  -8.5164920e-06   9.5871364e-06   1.9666008e-05   1.3576497e-05   8.2430552e-06   7.3007996e-06  -2.3437365e-06   2.3670214e-06   3.0953236e-06   2.0736711e-06   2.9706844e-06   2.0369764e-06  -4.6370211e-08  -6.5461825e-07   2.2225756e-06  -6.3316605e-07  -9.7517000e-07   1.5593607e-06
  -0.0000000e+00  -1.8711275e-04   1.4302414e-05   1.0758117e-05   1.7780221e-05   6.4969331e-06   2.3838541e-06   2.1523623e-05   1.2766341e-05   3.9342344e-06   8.0162918e-06   4.4663993e-06  -2.0351390e-06   7.6212964e-06   6.6079906e-07   2.0052335e-06   1.3050218e-06  -1.1746254e-06   3.5972043e-06  -8.6634304e-07   1.9600379e-06   8.7742180e-08   3.3867161e-07
  -0.0000000e+00  -1.8272968e-04   2.9825044e-06   2.1176298e-05   2.0455655e-05  -7.2071575e-06   1.4159459e-05   2.0591011e-05   1.6463880e-05   9.7362827e-06   3.9246086e-07   3.5388939e-06   3.9780602e-06  -4.1609240e-07   3.7921832e-06   2.5590969e-06   1.6876729e-06   2.0044895e-06  -3.4042948e-09   6.0491402e-07   1.3273522e-06   1.1456940e-06   1.5625365e-06
  -0.0000000e+00  -1.8640698e-04   1.9184688e-05   1.3901379e-05   1.5606260e-05  -6.6105831e-06   7.9659821e-06   1.8057119e-05   1.2793345e-05   5.8803535e-06   3.2664077e-06   5.2456471e-06   8.5478030e-07   3.7235748e-06   7.8968259e-07   3.3146757e-06  -1.3628681e-06  -9.2954605e-07  -2.4712935e-07   1.8490263e-06   2.2523678e-07   1.7875197e-07   9.4453384e-07
  -0.0000000e+00  -1.8271327e-04   6.8159020e-06   1.6073618e-05   2.2570310e-05   1.4351490e-06   1.1353849e-05   1.8328827e-05   1.1989466e-05   1.0784755e-05   5.2122227e-06  -1.3897079e-06   3.8411272e-06   2.2007569e-06   5.6075778e-06   8.2539924e-07   1.3825234e-06   1.3718258e-06  -1.2573967e-06   5.4857878e-07  -6.2736416e-07   7.0729891e-07  -1.8020123e-06
  -0.0000000e+00  -1.9173266e-04   1.0212779e-05   1.9649531e-05   1.1614884e-05  -2.9978855e-06   7.0099190e-06   2.1691068e-05   1.1490019e-05   2.5831607e-06   7.4753243e-06   2.4513326e-06   2.2644288e-06   7.5461128e-07   1.4119695e-06   1.7902734e-06   5.0174371e-08   1.0922171e-06   1.2740998e-06   7.7514210e-07   1.4097990e-06   9.6486410e-08   1.3341457e-06
  -0.0000000e+00  -1.7787982e-04   1.6358268e-05   1.1175329e-05   1.7024619e-05  -2.5171075e-06   3.4216057e-06   1.9766274e-05   1.6996055e-05   3.7703614e-06   5.1702291e-06   4.6197706e-06  -3.9613127e-07   9.9826600e-08   2.1630785e-06  -9.1075831e-09   9.7182316e-08  -8.3658313e-07   1.1370448e-06  -2.0199154e-06   6.1641526e-07  -6.2932480e-07  -1.2990402e-06
  -0.0000000e+00  -1.8027214e-04   1.3436951e-06   1.9870682e-05   2.1020001e-05  -5.8493201e-06   1.6711376e-05   1.6200793e-05   1.2460144e-05   1.5632555e-05  -8.0585198e-07   2.1689559e-06   3.8831267e-06   3.7784860e-06   5.4417325e-07   3.5933722e-06   1.5811183e-06  -5.4741647e-09   1.3341498e-06   1.6672932e-06   1.5435719e-06   1.4518745e-06  -5.0287389e-07
  -0.0000000e+00  -1.9723657e-04   2.4747256e-05   9.3639610e-06   1.5620741e-05  -3.3633571e-06   3.2937032e-06   1.9453808e-05   1.6649425e-05   2.2358249e-06   7.8448084e-06   2.6675316e-06   2.8178374e-06   1.9010362e-06   9.4221690e-07   1.9601405e-06   1.7483525e-06   7.2418324e-08   1.6281895e-07   9.2782733e-07   3.2398318e-06  -3.0950957e-08  -3.9984118e-07
  -0.0000000e+00  -1.8088378e-04   4.7579438e-06   2.2937213e-05   1.7134622e-05  -9.3443905e-06   1.0437004e-05   2.4754647e-05   1.2767302e-05   8.4870244e-06   2.5796267e-06   4.8151201e-06  -1.4897314e-06   1.6424390e-06   3.0758445e-06  -3.3452702e-07   3.7513470e-07   3.8536658e-07   7.8759359e-07   7.0645257e-07  -1.9754621e-06   1.5354575e-06   2.8514710e-06
  -0.0000000e+00  -1.7863807e-04   1.0655706e-05   1.4131500e-05   1.8494246e-05  -5.9668434e-07   8.6910541e-06   1.2553374e-05   1.6363960e-05   6.6686875e-06   6.0486855e-06   2.8632944e-06   2.6065809e-06  -3.3348212e-07   1.9808331e-06   2.7825351e-06   1.1635102e-06   1.8823248e-06   2.7209592e-06  -9.9213719e-07  -7.3874787e-07   1.2574175e-06  -4.8857902e-07
  -0.0000000e+00  -1.8832170e-04   1.3005162e-05   1.4026235e-05   1.7767687e-05  -5.0326039e-06   1.2062414e-05   1.6593669e-05   1.3133333e-05   1.2208502e-05   3.3869569e-06   1.3385909e-06   3.9595493e-06   1.9315589e-06   3.0904689e-06   2.8294035e-06  -2.3449005e-07   1.9326023e-06   5.8436217e-07   1.5520286e-06   1.2874308e-06  -4.1043901e-07   4.5384812e-07
  -0.0000000e+00  -1.9032399e-04   1.3088736e-05   1.7956309e-05   1.7711936e-05  -1.2918071e-05   9.7451730e-06   2.2016980e-05   1.5217969e-05   5.3888512e-06   1.7111093e-06   4.2594406e-06   2.9484102e-06   2.8986658e-06   2.4327924e-06   9.4437360e-07   6.9224325e-07  -4.2062052e-07   1.3263044e-06   6.6941760e-07   7.3677438e-07   1.4283734e-08   7.7393037e-07
  -0.0000000e+00  -1.7801189e-04   1.0708512e-05   1.3421545e-05   1.9593952e-05   7.1419809e-06  -1.8209724e-06   1.9686504e-05   1.4588333e-05   2.9505034e-06   1.0900016e-05   5.7176362e-06  -2.9047243e-07   2.0696536e-06   2.5517693e-06   1.6440649e-06   5.9549052e-07  -4.2038670e-07   3.4097110e-07   1.9390717e-07   8.6275327e-07   1.4306052e-06   5.1803994e-07
  -0.0000000e+00  -1.8654036e-04   1.0578560e-05   1.4955565e-05   1.7098635e-05  -9.1347592e-06   1.8000303e-05   1.5449561e-05   1.2339750e-05   1.1089156e-05   7.3625904e-07   2.1383294e-06   4.2286197e-06   4.3110899e-06   1.3420419e-06   3.6038509e-07   1.2574935e-06   1.0034868e-07   1.9371962e-06   9.2237302e-09   1.5454900e-06  -1.4539837e-06   1.7977820e-06
  -0.0000000e+00  -1.7683499e-04   8.8808301e-06   2.4969886e-05   1.2584406e-05  -2.8953791e-06   3.8001540e-06   1.8548653e-05   1.5995411e-05   7.4464783e-06   5.0639255e-06   5.5214828e-06   6.6574461e-07   1.0179285e-06   3.7486161e-06   5.1219645e-06   3.5483407e-07  -1.5638843e-06   9.2352616e-07   2.4205440e-06  -1.3352252e-06   1.1291411e-06  -3.8189462e-08
  -0.0000000e+00  -1.9741517e-04   2.1510064e-05   1.1895560e-05   2.8621602e-05  -9.1911461e-06   1.1897345e-05   1.6905195e-05   1.3451806e-05   4.2245811e-06   7.1915110e-06  -1.2098504e-06   3.6769941e-06   2.7475301e-06   2.8384709e-06  -5.5825865e-07   2.9730711e-07   1.7991271e-06  -3.2028018e-07  -2.1359208e-06   7.4642412e-07  -8.9562896e-08   5.5690896e-07
  -0.0000000e+00  -1.6981142e-04   1.7839135e-06   1.2279116e-05   1.2411189e-05   1.3894414e-06   5.8413334e-06   2.0848016e-05   1.4542698e-05   8.7744156e-06  -3.8894862e-07   4.4321923e-06   6.4820820e-09   3.2220007e-06   2.8348491e-06  -9.1927408e-09   2.8480797e-06   2.6837993e-06  -1.5412087e-06   3.4565096e-06   6.1274835e-07  -4.0622629e-07   1.8681827e-06
  -0.0000000e+00  -1.9590827e-04   1.8455466e-05   2.1553715e-05   1.3813804e-05  -4.0010741e-06   7.9122128e-06   1.8617500e-05   1.1887492e-05   6.8682180e-06   8.5785678e-06   3.0523781e-06   3.1313241e-06   3.3383947e-06  -9.9054307e-07   4.3333289e-06   1.4793443e-06  -2.8827183e-06   4.1291987e-06  -3.1437449e-07   9.3905010e-07   4.8464670e-07   4.8322715e-07
  -0.0000000e+00  -1.8122134e-04   1.0684314e-05   1.9683654e-05   1.8444573e-05  -7.7661316e-06   1.2455360e-05   2.0854482e-05   1.1589013e-05   1.0266462e-05   1.9188110e-06   6.3109987e-06   1.9952008e-06   1.9387912e-06   2.5921559e-06   1.6087519e-06  -1.6601258e-06   1.8710710e-06  -3.5657206e-07   1.0355573e-06   3.5968714e-08   1.5976404e-06   1.4145891e-06
  -0.0000000e+00  -1.8330214e-04   1.1554431e-05   2.9381301e-06   2.4935358e-05  -2.8917152e-06   3.2179009e-06   1.6303278e-05   1.7602297e-05   5.8470791e-06   5.8233873e-06   4.2002903e-06   2.9717901e-06   4.3200935e-06  -1.4948341e-06   1.0403320e-06   3.2673319e-07   6.5075909e-07   2.7358456e-06  -1.4157303e-06   3.0407818e-06   1.1595625e-06  -9.7857901e-07
  -0.0000000e+00  -1.8328597e-04   9.9903800e-06   2.5402882e-05   8.3181403e-06  -8.0766097e-07   4.6510668e-06   2.2403290e-05   1.2462378e-05   6.6101939e-06   5.7224347e-06   1.6011539e-06   4.4395015e-06   2.8908396e-06   6.6794530e-07   4.3816837e-07   2.6581879e-06   1.2295502e-06  -4.2334761e-07   4.3259750e-08  -7.7843566e-07  -3.7266952e-07  -4.2016453e-07
  -0.0000000e+00  -1.8825190e-04   1.5512413e-05   1.3475035e-05   2.0879717e-05  -8.8962524e-06   1.8188141e-05   1.3914710e-05   1.6160848e-05   6.8384293e-06   6.3104562e-06   4.8146399e-06   1.2775303e-06  -3.8829938e-07   3.4234317e-06   2.1705980e-06   1.1356982e-06  -1.3813024e-06   2.4552764e-07   1.8793751e-06  -1.7949492e-06   3.3161604e-07   2.8818073e-07
  -0.0000000e+00  -1.8199452e-04   5.9251265e-06   1.8028266e-05   1.2177626e-05  -1.7997663e-06  -5.6446640e-07   2.3213244e-05   8.3232471e-06   8.8508032e-06   5.3941571e-06   2.1879628e-06   3.3506753e-06   3.3530507e-06  -7.0083530e-07   2.8426876e-07   3.8574635e-07   1.5554018e-06   2.0519894e-06  -1.3776565e-06   2.3914404e-06   2.3799112e-06   1.8520426e-08
  -0.0000000e+00  -1.8408083e-04   2.2397775e-05   4.5434440e-06   2.8618513e-05  -7.2023454e-06   1.3257602e-05   1.7829450e-05   1.7895461e-05   9.6312997e-06   3.8202452e-06   4.1003273e-06   2.0372036e-06  -3.1420188e-06   6.0611846e-06   1.5363344e-07   9.8470719e-07   1.6936598e-06  -1.5871334e-06   3.6959170e-07  -1.5487568e-07   1.0075584e-07  -2.7981511e-07
  -0.0000000e+00  -1.8083345e-04  -1.1658405e-07   2.8597129e-05   9.4915813e-06  -2.5388906e-07   1.9245240e-07   2.0694588e-05   1.0524049e-05   5.3718359e-06   7.1096106e-06  -7.6777559e-07   3.8964768e-06   6.2003701e-06  -1.9316324e-06   2.7315500e-06  -1.1793734e-06  -7.0291867e-07   2.8563729e-06   6.7177342e-07  -5.2648147e-07   2.8895602e-06  -6.7098102e-07
  -0.0000000e+00  -1.9275615e-04   1.7894119e-05   1.2878305e-05   1.4368899e-05  -8.3028326e-06   1.4674344e-05   1.7327446e-05   1.7319793e-05   9.3085646e-06   3.0852109e-06   6.2895624e-06   1.2222612e-06  -9.9308409e-07   3.7958494e-06   1.3852847e-06   3.5350483e-06   3.7609971e-07  -1.0105324e-06   2.0714806e-06   8.9222715e-07  -2.9383868e-06   1.3569291e-06
  -0.0000000e+00  -1.7261558e-04   9.9715789e-06   1.5443706e-05   2.7074710e-05  -4.6384621e-06   7.6238271e-06   2.0548736e-05   8.9357172e-06   8.5329975e-06   2.1932099e-06   8.1744759e-07   3.9591964e-06   4.2687252e-06   1.2914034e-06   8.1406631e-07  -1.5964723e-06   2.8498355e-06   3.1534728e-06  -2.3391208e-06   1.8253634e-07   1.9327742e-06  -1.1369090e-06
  -0.0000000e+00  -1.9330876e-04   1.9589390e-05   9.8757355e-06   1.5981970e-05  -1.1516609e-06   5.5861997e-06   1.6585096e-05   1.9790630e-05   6.0190828e-06   7.5571220e-06   3.1915442e-06   1.3802542e-06  -4.2561987e-07   1.7652656e-06   2.4960673e-06   2.1978324e-06   1.4694941e-06  -1.9668785e-06   2.4512810e-06   1.2268088e-06  -2.9268890e-07   9.0990362e-08
  -0.0000000e+00  -1.8355090e-04   3.3298040e-06   2.1328684e-05   1.3439886e-05  -5.3230215e-06   7.6989290e-06   2.4983457e-05   7.0478222e-06   8.0211066e-06   8.2917433e-07   1.6998735e-06   4.3791533e-06   1.8151853e-06   1.1078051e-06   2.2330414e-06  -1.4615377e-06   4.3582882e-06   1.3980757e-06   1.4131758e-06  -5.4270668e-08  -3.6352128e-07   1.6741113e-06
  -0.0000000e+00  -1.8147205e-04   1.5831038e-05   1.5547561e-05   2.0564103e-05  -2.4697076e-06   1.1115240e-05   1.3673763e-05   1.9725210e-05   5.6472099e-06   1.1971253e-05   1.8099092e-06  -5.7483064e-08   1.7356348e-06   3.1554694e-06   2.5323066e-06   3.9152515e-06  -3.6157342e-06  -4.5855006e-07   3.4295217e-06   1.5287783e-07   4.0380104e-07  -1.7380399e-06
  -0.0000000e+00  -1.8375722e-04   7.8887078e-06   1.5186663e-05   1.3637410e-05  -3.1800414e-06   4.3546897e-06   2.1735628e-05   9.5211726e-06   9.6546828e-06  -7.3584965e-07   6.6044972e-06   2.1532494e-06   4.3348459e-06  -1.3285708e-07   1.2949886e-06   2.7939308e-07   2.6468606e-06   3.9897509e-07   1.7045107e-06   1.3595464e-06   1.3772344e-08   1.9257362e-07
  -0.0000000e+00  -1.9040659e-04   1.6742688e-05   8.4439980e-06   2.3695260e-05  -5.8020405e-06   1.2496062e-05   2.3098801e-05   1.6207492e-05   8.7063218e-06   7.9257916e-06   1.1573976e-06   1.8215616e-06   1.8431471e-06   3.1145314e-06   1.7041311e-06   4.0246609e-06  -6.3672667e-07   1.9405568e-06   1.8428542e-06   9.6842496e-07   1.8579442e-06  -1.0920822e-06
  -0.0000000e+00  -1.8407225e-04   8.2549168e-06   2.9226729e-05   6.3513939e-06   7.0108803e-07   8.8049619e-06   1.4806041e-05   1.0179275e-05   8.1029821e-06   1.1199147e-06   5.2027740e-06   1.7337240e-06   2.1002647e-06  -1.6141540e-06   9.6115866e-07   4.2935201e-07   1.8356002e-06   7.2936950e-07   1.9487396e-07  -6.1925817e-07   7.9279815e-08   7.1127124e-07
  -0.0000000e+00  -1.8275682e-04   1.0781099e-05   4.3294485e-06   2.7992286e-05  -9.4182033e-06   8.2337147e-06   2.5069763e-05   1.7542176e-05   3.9981765e-06   7.2982311e-06   1.6301730e-06   6.3038374e-07   2.4010819e-06   3.1517932e-06   8.1952919e-07   1.2902696e-06   2.1917408e-06  -1.5711925e-07  -9.7517272e-07  -7.3599409e-07   1.1908814e-06  -1.2587619e-06
  -0.0000000e+00  -1.7998865e-04   1.2698496e-05   1.7282262e-05   1.0349406e-05  -4.1276635e-06   8.3315244e-06   1.6362843e-05   1.1895891e-05   5.6675708e-06   2.6940772e-06   5.5407936e-06   8.3075076e-07   4.7263493e-06  -9.0389761e-08   2.5338863e-06   9.9350916e-07   2.0281216e-06  -5.9146964e-07   9.6563883e-07   1.7385649e-07   4.4332094e-07   1.6882510e-06
  -0.0000000e+00  -1.9808237e-04   1.4126151e-05   1.6545158e-05   2.2034168e-05  -5.4377792e-06   1.2097471e-05   1.5382941e-05   1.4208848e-05   9.2185637e-06   7.6369224e-06   2.2634379e-07   5.7573748e-06  -1.0441331e-06   3.6383228e-06   2.1831522e-06   8.6627551e-07  -1.8134045e-06   1.1402749e-06   4.9640937e-07   1.3719749e-06   1.1969540e-06  -9.7192651e-07
  -0.0000000e+00  -1.7291577e-04   7.5964072e-06   1.3228252e-05   9.1276252e-06  -1.1170196e-07   5.5694181e-06   2.3432844e-05   1.0672205e-05   1.3892742e-05  -1.9803697e-06   4.7740891e-06   1.1340786e-06   4.7360077e-06  -2.7760279e-07   2.0123600e-06  -1.0822544e-07   2.6584130e-06   1.6272552e-06   1.0513787e-06  -4.9599186e-07  -6.4881795e-07  -1.1212002e-07
  -0.0000000e+00  -1.9417840e-04   1.0670902e-05   2.0658517e-05   2.2000813e-05  -1.0970511e-05   1.2963681e-05   1.7762930e-05   1.5348161e-05   3.4144730e-06   1.0874931e-05   3.5978805e-06   2.2405297e-06  -1.5108822e-06   2.1078122e-06   2.2869415e-06   2.2397373e-06  -2.1082080e-06   1.1264694e-06   1.2549829e-06   4.6382539e-07   2.3182733e-06  -9.9445072e-07
  -0.0000000e+00  -1.7457017e-04   1.5037478e-05   1.0466466e-05   1.7924724e-05   3.7626264e-06   2.7755370e-06   2.4012355e-05   1.3596111e-05   5.7928128e-06   4.4534968e-06   3.3897820e-06   1.9775973e-06   4.5103411e-06   1.4728566e-06   2.3015947e-07  -1.0518622e-06   2.8574063e-06   1.9981560e-06   8.4747853e-07   1.3408162e-06  -9.3214726e-07   9.8997184e-08
  -0.0000000e+00  -1.9867148e-04   8.7168764e-06   1.4938511e-05   2.0797352e-05  -1.3233094e-05   1.6868651e-05   1.2881156e-05   1.6012869e-05   8.4842650e-06   8.0235768e-06   9.3624328e-07   2.8094360e-06   4.0907694e-06   2.4153883e-06   2.4557198e-06   2.3848329e-06  -5.2256530e-07   1.8805052e-06  -4.2818624e-07   6.6445415e-07   2.3666605e-06   7.5045165e-07
  -0.0000000e+00  -1.7235350e-04   7.9155634e-06   1.8052442e-05   1.2626085e-05   7.2934595e-06   1.9786512e-06   2.3299872e-05   1.2843071e-05   7.4645636e-06   1.9653801e-06   4.9528780e-06   1.3333802e-07   7.8790788e-07   3.1934876e-06   8.6597254e-07   2.2071770e-06   2.6297166e-06  -5.8444346e-07  -8.0056145e-07  -9.8730300e-07  -2.5972642e-07   2.9257666e-07
  -0.0000000e+00  -1.9286983e-04   1.7295713e-05   1.3657677e-05   2.2120617e-05  -1.1026653e-05   7.7013729e-06   2.1253807e-05   1.3223800e-05   8.6133987e-06   5.1712818e-06   9.0316223e-07   2.8988527e-06   1.4251481e-06   2.8232498e-06   2.5698996e-06   6.4570060e-07   6.9806180e-07   1.3828557e-06   3.9441446e-07  -1.2428308e-06   1.1612547e-06   7.6543250e-07
  -0.0000000e+00  -1.8137872e-04   8.7730405e-06   1.6075550e-05   1.0480669e-05  -7.2748298e-07   9.1770289e-06   1.3725809e-05   1.4053019e-05   8.1851449e-06   1.4583882e-06   6.9551074e-06  -4.8304298e-07   3.3554736e-06   1.4478646e-06   2.9967212e-06   2.1934213e-06  -6.8337687e-07  -1.6995970e-06  -4.6994006e-07   2.6369155e-06   3.8699875e-07   2.0426248e-06
  -0.0000000e+00  -1.8398046e-04   1.3684330e-05   1.1861001e-05   2.6349664e-05  -9.7851171e-06   1.1604793e-05   2.3440312e-05   1.8474211e-05   3.0038925e-06   7.7424529e-06  -2.6654150e-06   6.5817690e-06   6.0129901e-07   3.0308047e-06   1.0423778e-06  -9.2247717e-07   1.4133605e-06   1.0704861e-07   8.8546727e-07   6.3288564e-07  -1.9634039e-07   2.5271534e-06
  -0.0000000e+00  -1.8123964e-04   7.0621218e-06   2.2964476e-05   1.0660043e-05   6.3545383e-07   3.5371561e-06   1.7470971e-05   1.1113826e-05   1.0495782e-05   2.3837119e-06   6.6021585e-06   1.4088334e-07   3.1294742e-06   1.6322811e-06   1.0740746e-06   2.4375790e-06   1.0905613e-06   2.3837185e-07  -1.1330672e-08   2.7931415e-08   3.3804091e-07   6.6021778e-07
  -0.0000000e+00  -1.9150846e-04   1.6094309e-05   6.6458333e-06   2.3817231e-05  -3.5502378e-06   1.2044583e-05   2.1510450e-05   1.5745525e-05   6.6503744e-06   4.8379752e-06   2.1302787e-06   1.3176229e-07   8.4726975e-07   7.4929903e-07   1.2988061e-06   2.9644190e-07   2.3093201e-06   9.3756108e-07  -2.3491116e-06   1.3447999e-07   1.1526884e-06  -1.3556979e-06
  -0.0000000e+00  -1.8132731e-04   9.2332384e-06   2.3128945e-05   1.2906657e-05  -3.5034893e-06   7.7589139e-06   2.1447291e-05   1.2669613e-05   8.1708758e-06   2.3714567e-06   2.9446780e-06   2.5606530e-06  -2.6683384e-07   3.9122533e-06  -5.0255352e-07   1.0167092e-06   1.1558849e-06   9.8656301e-07   9.4826640e-07   3.2441056e-07   4.3766360e-07   9.8114310e-07
  -0.0000000e+00  -1.8657318e-04   1.3876198e-05   1.2469162e-05   1.6379840e-05  -6.0108187e-06   1.0826736e-05   1.4107442e-05   1.8917104e-05   6.3241209e-06   7.5937469e-06   2.6197838e-06  -3.3502570e-07   3.3615727e-06   1.0669847e-06   3.6080562e-06   2.1799567e-06  -1.5240771e-06   2.7803565e-06   1.2147804e-06   3.6025877e-08  -5.9723175e-07   7.7838826e-07
  -0.0000000e+00  -1.7942938e-04   9.2988512e-07   1.8818824e-05   1.6485237e-05  -2.3307604e-07   7.0535489e-06   2.3531555e-05   1.0325073e-05   7.9656775e-06   6.9710945e-06   1.4278485e-06   5.8723422e-06   3.5720554e-06   1.8114124e-06  -1.4891381e-06   1.5990357e-06   9.4230990e-07  -2.4540941e-07   8.6845876e-07   1.7713111e-06   6.0885401e-07   1.2407170e-07
  -0.0000000e+00  -1.9056074e-04   2.0192590e-05   1.1550952e-05   2.1102984e-05  -4.3097584e-06   4.0559471e-06   1.7511782e-05   1.8282377e-05   7.6809411e-06   4.1055232e-06   2.8176448e-06   1.0381567e-06   8.9042101e-07   3.8750759e-06   1.7694227e-06   2.6880247e-07   9.6528731e-07   2.0240702e-06  -1.7616151e-06   7.0715947e-07   1.2365196e-06   3.3856315e-07
  -0.0000000e+00  -1.7904538e-04   1.1319912e-05   1.9249987e-05   1.4628825e-05  -4.0555751e-06   9.4128127e-06   2.7241469e-05   8.5542533e-06   9.4232164e-06   3.0086137e-06   2.2325319e-06   2.2581921e-06   3.7182608e-06   1.1051055e-06   4.3659966e-06  -1.1668501e-06   1.2413544e-06   8.9940414e-07  -1.8803958e-06  -3.1474752e-07   2.2328697e-06   5.2491623e-07
  -0.0000000e+00  -1.8734000e-04   1.3345837e-05   1.3987523e-05   1.7983672e-05  -3.1357690e-06   1.1892093e-05   1.4653373e-05   1.6485585e-05   8.9813657e-06   7.3538417e-06   3.2071935e-06   1.0718153e-06   3.7163940e-07   3.3726642e-06   1.7890999e-08   2.4161125e-06   7.5473031e-07  -2.6210080e-06   1.8585973e-06   2.6102227e-06  -2.4883066e-06   2.2599309e-06
  -0.0000000e+00  -1.8157435e-04   4.9735095e-06   1.7164821e-05   1.9400224e-05  -2.7178060e-06   3.9698252e-06   2.2352673e-05   1.3626995e-05   3.6873246e-06   4.1833173e-06   5.1349607e-06   1.6061792e-06   4.7543317e-06   9.8448777e-07   3.0956776e-06   2.8747124e-07   1.5003924e-06   2.7598910e-06  -3.8551963e-07  -1.4619715e-06   6.0306525e-07   3.0905593e-07
  -0.0000000e+00  -1.8510937e-04   1.9330306e-05   1.6049868e-05   1.6836915e-05  -3.2714595e-06   1.0846000e-05   1.6711128e-05   1.6353457e-05   9.7955481e-06   4.8474285e-06   3.1581872e-06   2.9903081e-06   2.2763145e-07   2.3253592e-06   2.9499538e-06   2.9436481e-07   6.1421520e-07  -9.8906401e-07   9.4921000e-07   2.0624675e-06   2.3869063e-07   1.5531174e-06
  -0.0000000e+00  -1.8535895e-04   5.7498846e-06   1.8084495e-05   1.4335764e-05  -2.9337239e-06   6.5421027e-06   2.1573465e-05   1.0390338e-05   6.8101967e-06   4.5881138e-06   2.5930697e-06   2.9372295e-06   3.3561507e-06   4.0353169e-07   1.9619240e-06   5.7240447e-07  -1.2002240e-06   1.5725063e-06  -5.5468564e-07   8.7252187e-07  -1.4630580e-06  -9.2393753e-07
  -0.0000000e+00  -1.8416841e-04   1.6286001e-05   1.1113791e-05   2.0229138e-05  -5.2958803e-06   8.6783984e-06   1.7604285e-05   1.3344755e-05   1.1208394e-05   4.7610829e-06   3.5155176e-07   3.7318136e-06   2.2616221e-06   4.7033500e-06   1.2268150e-07   1.4786164e-06   1.1618764e-06   5.2628753e-08  -3.5600823e-07   1.8208943e-06  -5.1813464e-07  -7.5697272e-07
