  -0.0000000e+00  -1.8905601e-04   9.6941794e-06   2.2200813e-05   1.7759510e-05  -4.4055614e-06   5.7735542e-06   2.0565876e-05   1.5193030e-05   6.2400422e-06   5.9102586e-06   6.4636401e-06   6.0120055e-07   1.7754742e-06  -1.3250734e-06   3.5064784e-06   2.1078008e-06   7.5063394e-07   1.0759949e-06   1.8213558e-06  -7.5686410e-07  -6.0884094e-07  -1.6447530e-07
  -0.0000000e+00  -1.8481525e-04   1.0757512e-05   7.7735122e-06   1.5947253e-05  -4.0329937e-06   1.0684781e-05   1.7001028e-05   1.8100156e-05   5.1463139e-06   4.4262051e-06   1.9004160e-06   9.3907153e-07   2.7716048e-06   4.0064028e-06  -2.5300801e-06   5.5373216e-06  -7.3507329e-07   2.5676925e-06  -7.5671274e-08  -9.3133980e-07   1.2539085e-06   9.8586702e-07
  -0.0000000e+00  -1.8402208e-04   7.4169120e-06   2.3069770e-05   1.6911892e-05  -3.5365874e-06   1.0679819e-05   1.8057664e-05   8.9255127e-06   1.1118635e-05   6.4530464e-06   2.5404356e-06   3.4428117e-06   4.8091425e-07   2.6320095e-06   3.6005745e-06  -2.6374258e-07  -1.5767581e-06   2.7390786e-07   7.9346364e-07   1.7744351e-06   7.3526672e-07  -6.1456024e-07
  -0.0000000e+00  -1.8789152e-04   1.7888789e-05   9.5800988e-06   1.9794114e-05  -5.6210583e-06   5.9000754e-06   2.1600801e-05   1.3893210e-05   6.1823539e-06   1.8898720e-06   3.6427216e-06   4.4384437e-06   2.3084758e-06   4.4811927e-06   7.5381695e-07   1.8009658e-06   1.4356739e-06   4.4415451e-06  -1.3031232e-06   6.9859487e-07   6.0147096e-07   7.1183445e-07
  -0.0000000e+00  -1.9081160e-04   5.5574519e-06   1.4048148e-05   1.5823955e-05  -6.0354364e-06   7.5610496e-06   2.3145591e-05   1.7059621e-05   8.9331907e-06   6.5329900e-06   3.6397144e-06   2.2492150e-06   5.5303384e-09   1.8971998e-06   3.6947415e-06  -2.3222757e-08  -2.5665145e-07  -1.3241928e-06   1.3016713e-06   1.6713659e-06   2.4802836e-07  -1.2828673e-06
  -0.0000000e+00  -1.8418132e-04   1.4585407e-05   1.6595746e-05   1.9131936e-05   3.9372819e-07   7.6994384e-06   1.4564613e-05   1.4047324e-05   3.5554306e-06   4.7224421e-06   2.7204539e-06   4.8922584e-06   4.5575443e-06  -1.0371314e-06   1.3818060e-06   3.8272460e-06   1.7037146e-07   1.1594182e-06   3.1783512e-07   1.3012842e-06  -2.1040695e-07   2.2198556e-06
  -0.0000000e+00  -1.8099877e-04   5.2562191e-06   1.6383221e-05   1.5528311e-05  -8.4510521e-06   1.4051366e-05   2.2946315e-05   1.6640432e-05   1.2414194e-05   2.8503689e-06   2.6471473e-06   1.0792039e-07   2.3302225e-06   2.4341289e-06   4.7599760e-06  -1.0114277e-06   1.3200375e-06  -9.5366653e-07   1.6035266e-06   1.1590555e-06   2.7631606e-07   1.1832070e-06
  -0.0000000e+00  -1.9336768e-04   1.0036072e-05   1.1525693e-05   1.6782635e-05  -7.3110818e-06   2.6068544e-06   1.9496438e-05   1.0259338e-05   5.2112296e-06   4.5553616e-06   3.5812495e-06   4.7887065e-06   1.7427215e-06   2.7439694e-06   1.5319299e-06   7.8829828e-07   2.0765065e-06  -4.2916523e-07   1.1134871e-06   1.1411888e-06   7.2198685e-07  -1.7773752e-06
  -0.0000000e+00  -1.8476149e-04   1.4431087e-05   1.8421511e-05   1.4895526e-05   3.6761155e-06   8.4070043e-06   2.3352322e-05   1.7893701e-05   8.1217486e-06   5.7714783e-06   3.2458724e-06  -1.7885844e-06   2.5028339e-06   2.4004448e-06   2.1805085e-06  -4.8485504e-07   3.0023514e-07   1.3181631e-06  -2.5083177e-06   8.2518540e-07  -1.4222187e-06   3.2789217e-07
  -0.0000000e+00  -1.9137691e-04   7.0081546e-06   1.4908725e-05   1.6460286e-05  -1.1796173e-05   9.9253893e-06   1.6825214e-05   1.1305319e-05   1.0015695e-05   5.8827745e-06   1.4333855e-06   6.6828202e-06  -3.1314511e-07   1.5176389e-06   2.6014943e-06   2.1257777e-06  -5.3957149e-07  -1.0919297e-06   1.9709482e-06   2.2609702e-06  -1.2192585e-06  -1.2272765e-06
  -0.0000000e+00  -1.8006108e-04   9.6991434e-06   9.5448941e-06   1.9202284e-05  -2.4539968e-06   6.2077493e-06   2.1138478e-05   1.8662546e-05   2.2411680e-06   6.3733614e-06   4.7620533e-06  -1.1021580e-06   1.9365727e-06   2.0895691e-06  -3.8635309e-07   1.8482340e-06   6.8518852e-07   1.8698412e-06   1.9507499e-06   1.2795603e-08   2.1043584e-06   7.1014296e-07
  -0.0000000e+00  -1.8988873e-04   9.7799475e-06   1.4326996e-05   2.0008303e-05  -8.4419353e-06   9.7650363e-06   2.5290914e-05   1.2075582e-05   1.2912806e-05   6.2311788e-06   3.4417715e-06   1.2824281e-06   3.4239713e-06   2.6408791e-06   3.9129662e-07   5.4774978e-07   2.8627676e-07   3.7299853e-06   3.2009419e-07   1.1644100e-06   1.8099123e-06   1.8198780e-06
  -0.0000000e+00  -1.8735917e-04   1.4869166e-05   1.4147134e-05   1.4282207e-05  -1.1340436e-06   3.1135610e-06   1.6749160e-05   1.1362615e-05   7.0519473e-06   4.1525564e-06   2.8623019e-06   5.3886815e-06   2.6553460e-06   2.3466639e-06   1.7808288e-06   1.2158927e-06   1.1214685e-06  -1.9407694e-06   1.7682852e-06  -1.3254654e-06   1.1246120e-06  -1.4149228e-06
  -0.0000000e+00  -1.9276078e-04   2.8140014e-06   2.1546270e-05   1.4900382e-05  -1.2639096e-06   1.5114684e-05   2.3044860e-05   1.8047727e-05   1.0964454e-05   3.7685545e-06   1.9571091e-06   2.8741310e-06   3.2733299e-06   2.0466628e-06   3.1968859e-06  -4.2073171e-07   5.3635557e-07   2.7870005e-06   2.2160856e-07   9.1935317e-07   6.1410594e-07   5.5347004e-07
  -0.0000000e+00  -1.7623724e-04   1.1192982e-05   1.0101143e-05   1.8900937e-05  -5.4790748e-06   5.8836022e-06   1.3924735e-05   1.1350203e-05   2.7065073e-06   7.5046078e-06   4.4376097e-06   9.0918428e-07   1.6328040e-06   2.3001814e-06   1.2954789e-07   6.0838812e-07   1.9484273e-06  -1.8134668e-06  -1.3293440e-07  -2.2883760e-06   9.7864097e-07   1.3620152e-06
  -0.0000000e+00  -1.9367707e-04   1.6354237e-05   1.3072672e-05   2.1388632e-05  -7.7159730e-06   8.9726409e-06   2.6756070e-05   2.2066624e-05   6.5507238e-06   7.1474560e-06   3.0905226e-06   1.3193214e-07   2.9961809e-06   7.9638426e-07   4.9891059e-06   2.8872855e-06  -8.0192672e-07  -1.2141892e-06   1.0142589e-06   4.6288237e-06  -1.6923759e-06  -1.8576198e-07
  -0.0000000e+00  -1.8583260e-04   5.6218837e-06   1.8084374e-05   1.5440393e-05  -1.5566712e-07   9.7827660e-06   1.7650062e-05   7.4266181e-06   9.0328740e-06   2.0694733e-06   5.9073604e-06   3.3515230e-06   1.0647256e-06   2.9874575e-06  -3.1191962e-07  -7.6039964e-07   2.0233949e-06   1.9888350e-06   2.9132311e-06  -3.1615443e-06   9.5517908e-07   1.9026920e-06
  -0.0000000e+00  -1.8479134e-04   9.1989796e-06   1.5537724e-05   2.0076577e-05  -5.3219646e-06   8.1508306e-06   2.3038519e-05   1.2055303e-05   1.1323823e-05   7.3512024e-06   1.8164457e-06  -1.3454772e-06   1.7630122e-06   4.1036296e-06   1.2769242e-06   9.7512077e-07  -2.0938974e-06   2.9094240e-06   4.9349393e-07   9.3374803e-07  -8.1370348e-07  -1.1205477e-08
  -0.0000000e+00  -1.8342931e-04   7.1121585e-06   1.9502218e-05   1.6694097e-05  -7.5248445e-06   1.3295163e-05   2.1468926e-05   1.3971917e-05   1.2152381e-06   3.6116130e-06   2.4984615e-06   5.3804415e-06   1.4118506e-06   3.0469405e-06  -1.2379030e-06   2.3686985e-07   2.5516908e-06  -4.4262993e-08   1.3629082e-06  -1.0620179e-06   2.0468915e-06   5.9112352e-07
  -0.0000000e+00  -1.9215186e-04   2.1275679e-05   6.7211649e-06   2.2104779e-05  -3.6855606e-06   6.3086081e-06   1.4928815e-05   1.8833263e-05   8.9005753e-06   8.6143455e-06   4.3733203e-06  -3.1631871e-06   2.7694105e-06   1.2301548e-06   1.8934037e-06   1.5126843e-06  -6.3677186e-07   1.5578139e-07   1.7432175e-06   5.9996103e-07   1.2431547e-06  -1.4512408e-06
  -0.0000000e+00  -1.8681394e-04   5.0261860e-06   2.2051281e-05   1.5718711e-05  -2.6677822e-06   1.0690915e-05   2.0325526e-05   1.3809143e-05   5.8834298e-06   2.3530442e-06  -1.1797324e-06   5.3371623e-06   2.9359492e-06   2.7633953e-06   1.4339449e-07  -1.0917768e-06  -6.2086303e-07   1.6986030e-07   3.0382748e-07  -4.8633741e-08   5.2013104e-07   3.0797796e-06
  -0.0000000e+00  -1.7949012e-04   4.5365618e-06   1.5456215e-05   1.6138245e-05  -5.4347829e-06   9.3985518e-06   2.4499675e-05   1.5081635e-05   8.1908820e-06   4.3498717e-06   6.2384597e-06   1.8769340e-06   8.8994011e-07   3.3350818e-06   2.7523517e-06   2.7600945e-06   1.7189570e-06  -2.1603839e-06  -3.9877858e-07   2.7773638e-06   5.6951848e-07  -9.9556551e-08
  -0.0000000e+00  -1.9420522e-04   1.5476116e-05   1.3736403e-05   1.8135279e-05  -3.4602290e-06   7.6493034e-06   1.6480561e-05   9.9898716e-06   9.7096154e-06   4.2833608e-06   3.9163947e-06   1.1061024e-06   1.4187179e-06   3.4283721e-06   1.7200146e-07  -2.2476497e-06   3.3859740e-06  -1.9774683e-07  -4.7483613e-08  -4.1055745e-07   1.5806961e-06   1.8677490e-06
  -0.0000000e+00  -1.8664627e-04   1.5085073e-05   1.2960010e-05   1.8563958e-05  -8.1733488e-06   1.3138509e-05   2.2287482e-05   1.8415101e-05   4.5673878e-06   6.3164202e-06   8.4631660e-07   3.1783923e-06   2.9193436e-06  -9.5546344e-09   3.6189870e-06   2.1886589e-07  -2.2204034e-07   6.6598705e-07   1.6978963e-06   3.9194529e-06   5.0679546e-07  -1.4373059e-07
  -0.0000000e+00  -1.7595770e-04   6.0288198e-06   1.3878322e-05   1.4079293e-05  -2.8646225e-06   6.7539982e-06   1.7594157e-05   1.4777528e-05   6.9545263e-06   6.2284453e-06   9.7458599e-07   1.8768774e-06   3.3357296e-06   2.6217499e-06   5.2801789e-07   2.0097737e-06   1.2113818e-06   7.2141142e-07   1.3343627e-06   5.7498534e-07  -1.0612142e-06   6.9039532e-07
  -0.0000000e+00  -1.9503276e-04   4.6022251e-06   2.0908712e-05   1.9703812e-05  -4.9601567e-06   8.8861452e-06   1.9192739e-05   1.2949272e-05   9.8336832e-06   6.2849972e-06   5.3394597e-06   1.8329307e-06   2.8008237e-06   3.8721660e-06   3.2673265e-06  -2.2112170e-07  -2.4848748e-07   4.6979895e-07   2.0347595e-06  -1.0884852e-06   2.5114691e-06   4.4608024e-07
  -0.0000000e+00  -1.8548478e-04   1.5956584e-05   1.0705602e-05   1.5533215e-05   1.1733265e-06   6.9248886e-06   1.9837411e-05   1.6410349e-05   5.5237010e-06   2.2955383e-06   5.5597111e-06   1.3733737e-06   2.4576464e-06   3.7984091e-06  -9.6414271e-07   2.2563279e-06   2.5238835e-06   1.0129401e-06  -3.7346416e-07   1.1216237e-06  -3.1552088e-07  -1.8271624e-06
  -0.0000000e+00  -1.8955866e-04   1.3511493e-05   1.3315127e-05   1.9796686e-05  -1.1631078e-05   1.1604963e-05   2.2134549e-05   1.1369726e-05   1.1149775e-05   4.5741785e-06   2.0954278e-06   1.4264008e-06  -3.0862233e-07   2.4362498e-06   8.7690887e-07   2.4808821e-06  -1.0444118e-06   1.9534789e-06   1.2716011e-06  -1.0606665e-06   2.3662546e-06  -5.6269022e-07
  -0.0000000e+00  -1.7854467e-04   4.2540996e-06   1.8153802e-05   1.6636537e-05  -1.6199001e-06   6.0991383e-06   1.7090311e-05   1.7625562e-05   2.7919486e-06   7.1767490e-06   1.3691796e-06   3.1632104e-07   5.3179833e-06   1.9766901e-07   6.8464158e-07  -2.3784771e-07  -2.3137866e-07   1.6185060e-06   1.6748704e-06   9.5814858e-07  -1.7362997e-06   2.1371861e-06
  -0.0000000e+00  -1.9312679e-04   3.4295654e-06   1.9376053e-05   1.9663434e-05  -7.3039359e-06   1.0578387e-05   2.0776613e-05   1.5272895e-05   9.8911696e-06   7.6440101e-06   2.1944925e-07   4.1698418e-06   4.8300666e-07   1.8769891e-06   3.6635095e-06   1.3131307e-06  -5.1177585e-07   1.2708442e-06  -9.4317119e-07   1.9452095e-06   1.4180833e-06   1.0238847e-07
  -0.0000000e+00  -1.8756744e-04   2.3783783e-05   6.2192480e-06   1.5252211e-05  -1.6510105e-06   6.4755927e-06   1.8192379e-05   1.1392630e-05   7.1723493e-06   2.0488774e-06   6.8329941e-06   6.1799113e-07  -5.1289487e-07   3.1790400e-06   3.2989865e-07   3.6234746e-07   1.6974639e-06  -4.9104762e-07  -9.0698836e-07  -5.9578021e-08  -2.1677124e-06   3.0236411e-06
  -0.0000000e+00  -1.8245746e-04   5.0819704e-06   1.5999709e-05   1.8374631e-05  -5.6898657e-06   1.3575091e-05   2.3801911e-05   1.2747265e-05   1.1181274e-05   5.1117477e-06   4.8104681e-07  -3.1746490e-07   1.1547112e-06   1.2228896e-06   5.1106040e-06  -7.1465138e-08  -1.4221261e-08   1.3721417e-06  -2.5275429e-07   1.2530913e-06   1.5593214e-06  -1.4568523e-06
  -0.0000000e+00  -1.8952273e-04   5.9714312e-06   1.7778735e-05   1.5392330e-05  -7.4810910e-06   8.1179132e-06   1.4982442e-05   1.5099647e-05   5.0795848e-06   3.6509268e-06   6.4866531e-06   1.3141264e-06   5.3952695e-06   1.2616027e-06   7.1846023e-07   2.7719691e-06   1.5929063e-06  -1.4428824e-06   1.2707757e-06  -2.3686455e-07  -3.5128912e-07   2.4321639e-06
  -0.0000000e+00  -1.8435872e-04   1.0143529e-05   1.6761709e-05   1.7363207e-05   3.1511362e-07   9.4863517e-06   2.3717676e-05   1.7103086e-05   8.1503849e-06   7.9472593e-06   9.2207159e-07   2.8410849e-07   4.8352672e-06   2.7101291e-06   2.2105933e-06   9.4727471e-07  -1.3357968e-06   4.0692235e-06  -1.6614973e-07   1.5470096e-06   1.2078073e-06   6.7655429e-07
  -0.0000000e+00  -1.8681592e-04   1.1706294e-05   8.3101404e-06   1.7355334e-05  -3.0206634e-06   8.2180959e-06   1.5428612e-05   1.3875806e-05   3.2447595e-06   4.0204231e-06   6.8335785e-06   2.2221273e-06   1.8179459e-06   1.8475821e-06   2.9348821e-06   8.5393560e-07   1.8631760e-06   2.3869929e-06   7.8247660e-07  -1.6633744e-06   1.8260694e-06   1.1120400e-07
  -0.0000000e+00  -1.9147208e-04   9.4609713e-06   1.5584807e-05   2.0878215e-05  -6.9595649e-06   6.3662956e-06   2.6932692e-05   1.2809180e-05   1.1700495e-05   5.2463074e-06   2.7595352e-06   4.5761176e-06  -1.4517744e-06   3.4572015e-06   1.2726395e-06   3.2351290e-06  -2.0320447e-06  -1.7783204e-06   4.8630335e-07   2.1470901e-06  -1.7409286e-07   1.2385060e-06
  -0.0000000e+00  -1.8371787e-04   8.6110140e-06   2.1512358e-05   1.4800515e-05  -5.0279677e-06   1.5899293e-05   1.7209080e-05   1.1987132e-05   7.4440577e-06   3.0432366e-06   3.0901601e-06  -1.1307995e-07   4.5307788e-06   2.1250389e-06   7.8963546e-07  -4.4687945e-07   1.7897403e-06   2.5095344e-06   3.7948817e-07  -1.0752034e-06  -1.7464555e-06   2.0955797e-06
  -0.0000000e+00  -1.8443639e-04   1.0216288e-05   1.1858371e-05   1.6274851e-05  -8.5548595e-07   3.9273327e-06   1.7646329e-05   1.8606985e-05   6.0847956e-06   8.0143718e-06   4.9887767e-06  -9.7581938e-07  -9.2714691e-07   2.2215759e-06   6.9503102e-07   1.7302077e-06   1.0345191e-06   1.6555785e-07   1.2979106e-08   2.5520744e-06   1.6482035e-06  -1.2341284e-06
  -0.0000000e+00  -1.9394593e-04   1.1746974e-05   1.3940105e-05   2.2654282e-05  -4.3269288e-06   6.8676345e-06   2.5417006e-05   1.6678987e-05   4.0851510e-06   3.0311362e-06   4.8898928e-06   2.5883153e-06   2.7296021e-06   1.1819584e-06   3.2170963e-06   8.4405184e-07   1.7153790e-06   2.5670320e-06  -8.6710622e-07   7.1683608e-08   1.2994856e-06  -1.1544102e-07
  -0.0000000e+00  -1.7951149e-04   6.9528141e-06   1.8217504e-05   1.4906154e-05  -7.5078274e-06   1.1272497e-05   1.5535250e-05   1.3972912e-05   8.0585623e-06   6.1596725e-06   2.8582620e-06   1.3720505e-06   2.5470695e-06   1.3183225e-06   2.8297388e-06  -5.3161290e-07   1.3030715e-06   6.4347097e-07   1.9647803e-06   1.6241847e-06   7.9130507e-07   2.0581519e-06
  -0.0000000e+00  -1.8923335e-04   1.0639453e-05   1.5666201e-05   1.8259198e-05  -6.8178579e-06   1.1436788e-05   2.2218934e-05   1.1294932e-05   1.0242143e-05   2.7706444e-06   2.9947498e-06   3.0144977e-06   1.7170433e-06   1.0607409e-06   1.0906914e-06   1.3782087e-06   1.0665378e-06   3.6880402e-07   3.5570333e-10   7.6618630e-07   4.5344186e-07   1.8355488e-06
  -0.0000000e+00  -1.9164932e-04   1.2589605e-05   1.6946988e-05   1.5376771e-05   3.7120819e-06   3.5148405e-06   1.8670653e-05   1.8565452e-05   5.8107917e-06   4.6705018e-06   4.8470474e-06   1.2891991e-06   1.6063550e-06   4.0354112e-06  -9.1353604e-07   2.6457853e-06   1.1616297e-06  -1.0301637e-06   1.0808088e-06  -8.4697621e-07  -6.1902648e-07   9.6310350e-07
  -0.0000000e+00  -1.8513037e-04   4.3738378e-06   1.3502075e-05   2.3466151e-05  -1.1699211e-05   6.1640994e-06   1.8937799e-05   1.5230966e-05   5.8185501e-06   7.1350346e-06   2.8465379e-06  -9.5422945e-07   9.9231499e-07   3.9576280e-06   2.9521644e-07   4.1580561e-06  -2.0818129e-07   1.2824986e-06  -9.8386508e-08   2.7288938e-06  -1.2265810e-06   1.6231671e-06
  -0.0000000e+00  -1.8306515e-04   1.2364106e-05   1.4638339e-05   1.5576386e-05  -2.6778080e-06   1.3448866e-05   2.3080031e-05   9.6899566e-06   8.6454193e-06   6.3640937e-06  -1.3008724e-06   6.1581868e-06   2.0047935e-06   3.7813622e-06   4.6933076e-07   1.0243415e-06   2.6578089e-06   1.3563361e-07   2.2585568e-06   1.0206802e-06   2.2900965e-06  -8.6629889e-08
  -0.0000000e+00  -1.8509335e-04   8.0771915e-06   1.8913965e-05   1.1906568e-05  -4.3112755e-06   7.7235845e-06   1.5947840e-05   1.5814834e-05   5.8459236e-06   5.9612198e-06   3.5956689e-06   2.6589908e-06   3.3822341e-06   2.8357408e-06   3.9623365e-06   5.2871536e-07  -1.1842194e-07   1.5929461e-06  -2.3663040e-06   2.1219403e-06   2.6599425e-06  -1.8296051e-06
  -0.0000000e+00  -1.9146156e-04   9.7104121e-06   9.5556416e-06   2.2441998e-05  -4.8200427e-06   5.6598087e-06   2.3230634e-05   1.5621612e-05   6.6827306e-06   1.3274674e-06   6.5842169e-06   2.9095406e-07   2.3577584e-06   2.3147850e-06   5.3275568e-07  -1.1915685e-06   2.2562010e-06   6.4727908e-07  -9.9561680e-07  -8.1457631e-07  -6.3130506e-07  -3.9283776e-07
  -0.0000000e+00  -1.8677516e-04   1.4472420e-05   1.6016134e-05   1.6688587e-05  -2.9652031e-06   1.2191328e-05   1.8128274e-05   1.2846975e-05   6.7842730e-06   6.7481496e-06   2.0777995e-06   9.2274985e-07   2.8834004e-06  -3.1437116e-07  -2.1978279e-07   1.4660819e-06   2.2138674e-06  -1.3464854e-06  -2.2285940e-07   9.6913504e-07   3.0399328e-06  -1.5759879e-06
  -0.0000000e+00  -1.7988682e-04   8.7547796e-06   1.6087864e-05   1.7040404e-05  -8.7437102e-06   9.6651793e-06   1.7684735e-05   1.2612475e-05   1.3216531e-05   4.8454835e-06  -3.8065430e-08   6.8817945e-07   3.8402964e-06   2.2479553e-06   3.3674639e-06  -5.9522353e-08  -1.8952902e-07   1.4840075e-06   9.5999087e-07   9.1076792e-08   2.7561779e-07   2.3106563e-06
  -0.0000000e+00  -1.8679078e-04   1.0460121e-05   1.1690839e-05   2.1963371e-05  -6.8487128e-07   6.5060972e-06   2.3463099e-05   1.4077982e-05   6.4083924e-06   7.4925006e-06   1.8060807e-06   4.5473034e-06  -1.6646156e-06   2.4092790e-06   1.9154463e-06  -3.0264721e-06   1.5420183e-06  -1.3954971e-06   2.3033962e-07  -4.1567066e-07  -2.1699378e-07   6.0477316e-07
  -0.0000000e+00  -1.9269215e-04   8.3673322e-06   1.7812328e-05   1.4619366e-05  -3.2594878e-06   8.5179981e-06   1.6844959e-05   1.9234918e-05   4.6419846e-06   4.0390887e-06   7.4260583e-06   7.7306402e-07   1.6470134e-06   3.0963570e-06   2.1237818e-06  -1.8494674e-07   2.8704767e-06   4.4112150e-07   7.3077217e-07   2.8095053e-06  -8.2384821e-07   2.1772026e-07
  -0.0000000e+00  -1.8112047e-04   1.6878379e-05   1.3971246e-05   1.8036890e-05  -8.3658488e-06   1.2292882e-05   1.7884875e-05   1.2738295e-05   1.3034993e-05   5.7884035e-06   2.1740902e-06   2.6410194e-06   3.7999860e-06   3.7770010e-06  -3.6943410e-07   3.0338429e-06  -8.9524644e-07  -2.4064207e-07   4.8602658e-07  -1.4385506e-06   1.1930596e-06   2.2520260e-06
  -0.0000000e+00  -1.9297712e-04   7.9931169e-06   1.4303420e-05   1.8565539e-05  -3.2247217e-06   5.7607854e-06   2.2497521e-05   1.5715683e-05   6.2223230e-06   4.8997899e-06   4.2347410e-06   3.9167935e-06   2.7653848e-06  -2.3608052e-06   1.7637825e-06   3.6992392e-06  -1.8424188e-06   2.6408773e-06   5.1623834e-07   8.6016757e-07   4.0478852e-07  -7.6345060e-07
  -0.0000000e+00  -1.7835076e-04   4.1822545e-06   1.5048198e-05   1.7801774e-05  -4.1867252e-06   9.1175107e-06   1.8522243e-05   1.4324362e-05   7.7066925e-06   3.9141887e-06   3.2910050e-06   2.1908313e-06   1.5716693e-06   2.5995159e-06   1.4019830e-06   1.9058565e-06  -9.7605401e-08   1.6089788e-06   1.2130793e-06  -1.9889497e-07   2.1638286e-06  -9.8803707e-07
  -0.0000000e+00  -1.9298161e-04   1.8041825e-05   1.4264348e-05   1.7220009e-05  -4.6684418e-06   5.3586500e-06   2.2479549e-05   1.4443508e-05   9.1107358e-06   6.8329359e-06   3.9001229e-06   3.7273884e-07   1.8536317e-06   3.1239990e-06   2.2138836e-06  -7.1324882e-07   8.7850503e-07   1.0448591e-06  -3.4513025e-07   2.3113873e-06   4.5798058e-07   1.0972728e-06
  -0.0000000e+00  -1.8687268e-04   6.9768789e-06   1.8154897e-05   1.5086446e-05  -4.5663587e-06   1.3638552e-05   1.8658759e-05   1.6274440e-05   6.9212715e-06   1.6912566e-06   2.7632491e-06   5.2383698e-06  -1.7412921e-06   2.6977627e-06   1.0076137e-06   1.6081671e-06  -1.3307219e-06  -1.3917232e-06   5.1816818e-07  -1.2803429e-06   1.9075385e-06   1.5091966e-06
  -0.0000000e+00  -1.8249710e-04   2.5932222e-06   1.5105910e-05   2.3445989e-05  -9.3875469e-06   5.1235652e-06   2.3022858e-05   1.1585511e-05   5.1929819e-06   7.5296357e-06  -5.4549974e-07   1.3385194e-06   2.9320461e-06   2.6671250e-06   2.1316039e-06   2.5227957e-06   7.7392679e-07   2.4941906e-07   2.3763123e-06  -1.6788285e-06  -1.6254407e-07   3.4018744e-06
  -0.0000000e+00  -1.9185837e-04   2.1544389e-05   1.2503050e-05   1.1129293e-05   2.5127702e-06   8.4198637e-06   1.8962373e-05   1.5291169e-05   8.0819464e-06   3.2505557e-06   5.5863838e-06   1.7712193e-06  -2.7584986e-07   3.6568144e-06   2.3541361e-06   2.2690792e-06   2.9793166e-06  -1.6357350e-06   2.3878938e-06   6.7791785e-07  -1.4789759e-06   9.5384439e-07
  -0.0000000e+00  -1.8416961e-04   4.4956523e-06   1.5699785e-05   1.9127821e-05  -4.9250575e-06   9.8957571e-06   2.2960448e-05   1.3243925e-05   7.1054078e-06   4.3441410e-06   4.0287523e-06   7.3036654e-07   3.9092574e-06  -1.2877243e-06   2.4477313e-06   8.2576565e-07   8.2101445e-07   2.7373724e-06  -8.2650746e-07   2.7499445e-06  -7.2961114e-07   1.6668642e-08
  -0.0000000e+00  -1.9003666e-04   7.2395860e-06   1.4851094e-05   1.7665681e-05  -7.0043820e-06   7.5431922e-06   1.4981573e-05   1.6669264e-05   9.5525384e-06   3.9055622e-06   1.1252797e-06   4.8170850e-06   3.5352987e-06   1.6268684e-06   1.9054997e-06  -1.0398686e-06   3.0922852e-06   1.5585496e-06   2.0957529e-07   1.1089422e-06  -7.2216903e-07   1.8436378e-06
  -0.0000000e+00  -1.8507880e-04   7.7786381e-06   1.8057535e-05   1.9383831e-05  -6.7524984e-06   7.2027583e-06   2.5743509e-05   1.1463131e-05   7.5377407e-06   5.2926398e-06   1.4595543e-06   2.3173257e-06   3.0974074e-06   5.1961393e-07   4.0897908e-06   4.9254154e-06  -2.1895489e-06   2.3496559e-06   1.3958116e-06  -1.0726158e-06   2.1335723e-06  -9.3782853e-07
  -0.0000000e+00  -1.7842668e-04   1.9422732e-05   8.3167724e-06   1.1125412e-05   6.7555823e-07   1.0278411e-05   1.7677276e-05   1.8481682e-05   5.4693505e-06   3.0414619e-06   3.8966309e-06   2.0440064e-06   2.5670247e-06   1.9237841e-06  -1.7211468e-07   1.0799818e-06   1.3320762e-06  -1.0044671e-06   2.6416267e-06   1.8014861e-06  -1.2527036e-06   3.0233161e-07
  -0.0000000e+00  -2.0346032e-04   9.2676983e-06   1.7613667e-05   1.9919862e-05  -7.7406867e-06   6.2825884e-06   2.3313032e-05   1.1765699e-05   1.2087575e-05   5.9131635e-06   9.7369434e-07   4.5569951e-07   6.2714287e-07   4.0009886e-06   2.8537804e-07   4.3572069e-07   1.5035013e-06   5.0136447e-07  -1.4555455e-09  -1.5056104e-07   3.1705497e-06  -1.3953655e-06
  -0.0000000e+00  -1.7157274e-04   2.0282632e-06   1.8822428e-05   1.8940575e-05  -4.1886560e-06   1.1734488e-05   1.6584130e-05   1.7690052e-05   7.8878911e-06  -9.7857837e-09   5.0531571e-06   2.4066098e-06   1.2316003e-06   5.0569756e-06   1.1491551e-06   5.4817616e-07   2.0793732e-07   1.5019676e-06   8.1974196e-07  -6.8125161e-07  -1.1300139e-06   4.6071852e-07
  -0.0000000e+00  -1.9223646e-04   1.6635373e-05   1.6011163e-05   1.3549059e-05  -9.3834078e-06   9.8409701e-06   2.0536088e-05   1.4147083e-05   8.6241389e-06   7.7054283e-06  -2.4068336e-06   2.5663430e-06   3.1742245e-06   2.1262895e-06   3.1324460e-06   2.0716018e-06  -2.4698950e-08  -6.6135601e-07   2.3222967e-06  -5.9730581e-07  -1.0227045e-06   1.6132711e-06
  -0.0000000e+00  -1.8899572e-04   1.3037391e-05   9.6250969e-06   1.7586675e-05   6.2505583e-06   2.2904057e-06   2.2344904e-05   1.3298814e-05   4.1055318e-06   8.3387440e-06   4.6991227e-06  -2.1535357e-06   7.9690180e-06   6.8856201e-07   2.0729888e-06   1.3990035e-06  -1.1862880e-06   3.7167583e-06  -9.1134490e-07   1.9915517e-06   1.6740222e-07   3.2123950e-07
  -0.0000000e+00  -1.8437971e-04   1.1972351e-06   2.0511578e-05   2.0329948e-05  -8.0529480e-06   1.4580339e-05   2.1388298e-05   1.7143555e-05   1.0119248e-05   4.7339685e-07   3.6715755e-06   4.1883359e-06  -4.3953560e-07   3.9269853e-06   2.6711366e-06   1.7035104e-06   2.1397707e-06  -5.1988032e-08   6.4833642e-07   1.3741064e-06   1.1491094e-06   1.5906711e-06
  -0.0000000e+00  -1.8826962e-04   1.8101164e-05   1.2906330e-05   1.5293479e-05  -7.4535733e-06   8.1134049e-06   1.8735785e-05   1.3402635e-05   6.2051090e-06   3.4191928e-06   5.5367641e-06   9.2236894e-07   3.8819121e-06   7.9514945e-07   3.4875147e-06  -1.3558201e-06  -9.0919434e-07  -2.0192535e-07   1.8875290e-06   2.5191244e-07   1.5615470e-07   1.0011975e-06
  -0.0000000e+00  -1.8438307e-04   5.2444448e-06   1.5179172e-05   2.2515518e-05   9.8411590e-07   1.1647098e-05   1.9095181e-05   1.2524501e-05   1.1297524e-05   5.4183197e-06  -1.4385835e-06   3.9991328e-06   2.2886452e-06   5.7892466e-06   8.1363243e-07   1.4791734e-06   1.4041674e-06  -1.2560974e-06   6.2602498e-07  -6.8364142e-07   7.7757477e-07  -1.8207578e-06
  -0.0000000e+00  -1.9384401e-04   8.7145881e-06   1.8955860e-05   1.1186410e-05  -3.6888953e-06   7.1157942e-06   2.2625431e-05   1.2008329e-05   2.6957548e-06   7.8377579e-06   2.5658560e-06   2.3834095e-06   8.4285517e-07   1.4854735e-06   1.9041685e-06   6.1765441e-08   1.1740021e-06   1.2625370e-06   7.9103631e-07   1.4754330e-06   7.0375165e-08   1.3579842e-06
  -0.0000000e+00  -1.7939135e-04   1.5202770e-05   1.0080037e-05   1.6772179e-05  -3.1382956e-06   3.4106699e-06   2.0604188e-05   1.7746952e-05   3.9440533e-06   5.4598108e-06   4.8778434e-06  -3.4609587e-07   1.4826921e-07   2.3181215e-06   3.9586734e-08   1.4084529e-07  -8.1539145e-07   1.2202430e-06  -2.0538475e-06   6.4575494e-07  -6.1017965e-07  -1.2843141e-06
  -0.0000000e+00  -1.8186364e-04  -5.6014375e-07   1.9224079e-05   2.0952770e-05  -6.5685017e-06   1.7266213e-05   1.6825450e-05   1.2893236e-05   1.6337246e-05  -8.8248925e-07   2.2308557e-06   4.0066984e-06   3.9510983e-06   5.7466440e-07   3.7070929e-06   1.6128024e-06   1.2712507e-08   1.4016691e-06   1.6982813e-06   1.5405329e-06   1.4871771e-06  -4.7622956e-07
  -0.0000000e+00  -1.9960056e-04   2.3928667e-05   8.1714234e-06   1.5347838e-05  -3.9447473e-06   3.2307157e-06   2.0179225e-05   1.7374041e-05   2.3270163e-06   8.2525639e-06   2.8017000e-06   2.9662494e-06   1.9989402e-06   9.7436225e-07   2.0465750e-06   1.8579919e-06   1.0494881e-07   1.5217246e-07   9.1229640e-07   3.3901440e-06  -6.6256483e-08  -3.8508639e-07
  -0.0000000e+00  -1.8245314e-04   2.9868070e-06   2.2369517e-05   1.6850443e-05  -1.0167677e-05   1.0672037e-05   2.5859697e-05   1.3237261e-05   8.8865436e-06   2.6979583e-06   5.0668227e-06  -1.5122524e-06   1.7683567e-06   3.2466651e-06  -3.0291721e-07   4.0471636e-07   4.3879092e-07   8.2240058e-07   8.0084072e-07  -2.0219279e-06   1.5537798e-06   2.9239582e-06
  -0.0000000e+00  -1.8016288e-04   9.1960292e-06   1.3133786e-05   1.8272089e-05  -1.0876640e-06   8.9086743e-06   1.3065626e-05   1.7039372e-05   6.9098560e-06   6.3374800e-06   2.9625912e-06   2.7890176e-06  -3.2821069e-07   2.1178259e-06   2.8699308e-06   1.2341416e-06   1.9006418e-06   2.8237198e-06  -1.0371700e-06  -6.9825990e-07   1.3009874e-06  -4.7541454e-07
  -0.0000000e+00  -1.9022750e-04   1.1612354e-05   1.3121230e-05   1.7527789e-05  -5.6958093e-06   1.2346075e-05   1.7314473e-05   1.3692788e-05   1.2691832e-05   3.5498726e-06   1.3788933e-06   4.1536896e-06   2.0446109e-06   3.1723239e-06   2.9737082e-06  -2.4856422e-07   2.0071611e-06   5.7714072e-07   1.5763467e-06   1.4114548e-06  -4.5994548e-07   4.7850943e-07
  -0.0000000e+00  -1.9238330e-04   1.1785311e-05   1.7203542e-05   1.7538836e-05  -1.3958459e-05   1.0019729e-05   2.2908367e-05   1.5841277e-05   5.6714703e-06   1.8439362e-06   4.5083734e-06   3.0436283e-06   3.0081935e-06   2.5468285e-06   9.3653938e-07   7.9999592e-07  -3.9591399e-07   1.4327944e-06   6.8167088e-07   7.0380088e-07   3.2299390e-08   8.5617495e-07
  -0.0000000e+00  -1.7950425e-04   9.2788287e-06   1.2423639e-05   1.9380019e-05   7.0338037e-06  -2.1394158e-06   2.0565145e-05   1.5204714e-05   3.0688393e-06   1.1368923e-05   5.9063896e-06  -3.4167007e-07   2.2160875e-06   2.6444566e-06   1.8014789e-06   6.7812317e-07  -4.1817634e-07   3.1030510e-07   2.4678596e-07   9.3423375e-07   1.4674619e-06   4.8950665e-07
  -0.0000000e+00  -1.8850897e-04   9.1131242e-06   1.3984545e-05   1.6817874e-05  -1.0060719e-05   1.8667044e-05   1.6102791e-05   1.2851599e-05   1.1606742e-05   7.7110229e-07   2.1791520e-06   4.4808671e-06   4.5120241e-06   1.3800270e-06   3.8450543e-07   1.2861148e-06   1.7196641e-07   2.0341795e-06  -5.1969142e-08   1.6348837e-06  -1.5138046e-06   1.8860005e-06
  -0.0000000e+00  -1.7825821e-04   7.2991829e-06   2.4464707e-05   1.2078332e-05  -3.4795664e-06   3.7769837e-06   1.9360366e-05   1.6655926e-05   7.8094408e-06   5.2154865e-06   5.8383048e-06   6.8059416e-07   1.0383166e-06   3.8697231e-06   5.3070698e-06   3.9976217e-07  -1.5755182e-06   9.4069838e-07   2.5121785e-06  -1.3721635e-06   1.2102406e-06  -5.8700035e-08
  -0.0000000e+00  -1.9984819e-04   2.0523426e-05   1.0751570e-05   2.8942768e-05  -1.0126150e-05   1.2248521e-05   1.7610802e-05   1.4012639e-05   4.3861801e-06   7.6206679e-06  -1.2467627e-06   3.9228557e-06   2.8187369e-06   2.9862467e-06  -5.1574966e-07   3.1868029e-07   1.8926125e-06  -2.4903221e-07  -2.1913124e-06   7.8712401e-07  -6.1392562e-08   5.9002730e-07
  -0.0000000e+00  -1.7085865e-04  -1.1842410e-07   1.1275815e-05   1.1905973e-05   1.0421264e-06   5.8482392e-06   2.1723028e-05   1.5189062e-05   9.2276669e-06  -3.8238292e-07   4.7012272e-06   5.6834044e-09   3.3856638e-06   2.9952723e-06  -3.1087687e-08   2.9428122e-06   2.7820474e-06  -1.6562815e-06   3.6107003e-06   6.6177495e-07  -4.7505503e-07   1.9418733e-06
  -0.0000000e+00  -1.9822936e-04   1.7414221e-05   2.0852382e-05   1.3477239e-05  -4.7471781e-06   8.1228063e-06   1.9331157e-05   1.2461213e-05   7.0914593e-06   8.9730165e-06   3.1562329e-06   3.2843614e-06   3.4649918e-06  -1.0105839e-06   4.5166698e-06   1.5780264e-06  -2.9757541e-06   4.3023574e-06  -3.8405099e-07   9.7700331e-07   5.6805902e-07   4.6891495e-07
  -0.0000000e+00  -1.8279972e-04   9.1104212e-06   1.9082241e-05   1.8208093e-05  -8.5120164e-06   1.2767073e-05   2.1761207e-05   1.2004796e-05   1.0786671e-05   1.9233746e-06   6.5755917e-06   2.0650923e-06   1.9858385e-06   2.7807264e-06   1.6912404e-06  -1.7357526e-06   2.0459538e-06  -4.0290860e-07   1.1420472e-06  -1.4652768e-08   1.6294858e-06   1.4795820e-06
  -0.0000000e+00  -1.8507733e-04   1.0177522e-05   1.4336847e-06   2.5054122e-05  -3.5916066e-06   3.2843298e-06   1.6948941e-05   1.8371986e-05   6.0613615e-06   6.1571604e-06   4.3145951e-06   3.0579254e-06   4.5276242e-06  -1.4857275e-06   1.1505733e-06   3.9104430e-07   6.3568694e-07   2.8478437e-06  -1.5315767e-06   3.2061532e-06   1.1633570e-06  -1.0210565e-06
  -0.0000000e+00  -1.8499617e-04   8.4298517e-06   2.5030793e-05   7.6670112e-06  -1.2225902e-06   4.6462724e-06   2.3400349e-05   1.2913127e-05   6.9828930e-06   5.9066047e-06   1.7297922e-06   4.5837223e-06   3.0035756e-06   7.7155602e-07   4.6009956e-07   2.7418262e-06   1.2943646e-06  -4.4264226e-07   8.9150703e-08  -7.8071588e-07  -3.5550764e-07  -3.9421681e-07
  -0.0000000e+00  -1.9022948e-04   1.4349156e-05   1.2463789e-05   2.0884492e-05  -9.8525252e-06   1.8841409e-05   1.4409242e-05   1.6947175e-05   7.1147856e-06   6.5853824e-06   4.9796690e-06   1.3923182e-06  -4.1008693e-07   3.6105841e-06   2.2155991e-06   1.2353712e-06  -1.4031558e-06   2.3562845e-07   2.0142388e-06  -1.8561552e-06   3.2057724e-07   3.5209771e-07
  -0.0000000e+00  -1.8365802e-04   4.1997941e-06   1.7282935e-05   1.1641883e-05  -2.3075738e-06  -8.1446501e-07   2.4223169e-05   8.6344253e-06   9.2261826e-06   5.5832847e-06   2.3057264e-06   3.4836708e-06   3.5908970e-06  -7.0553051e-07   3.5261178e-07   4.2339366e-07   1.5797009e-06   2.1799224e-06  -1.4840621e-06   2.4473693e-06   2.4630513e-06  -3.0418128e-08
  -0.0000000e+00  -1.8590869e-04   2.1485577e-05   3.1424556e-06   2.8933491e-05  -8.0086675e-06   1.3759501e-05   1.8469078e-05   1.8739918e-05   1.0019933e-05   3.9740307e-06   4.3015307e-06   2.1597125e-06  -3.3178642e-06   6.4363776e-06   1.0661945e-07   1.0880890e-06   1.7251223e-06  -1.6234075e-06   4.4146654e-07  -1.1445997e-07   6.3826633e-08  -2.2607496e-07
  -0.0000000e+00  -1.8243144e-04  -2.0970945e-06   2.8302149e-05   8.8578236e-06  -6.8425027e-07   2.2288775e-08   2.1605460e-05   1.0948033e-05   5.5530022e-06   7.4549398e-06  -7.2934057e-07   3.9964743e-06   6.5721329e-06  -2.1147437e-06   2.9619368e-06  -1.2179950e-06  -7.0905310e-07   3.0292351e-06   6.3049174e-07  -6.1491875e-07   3.0789356e-06  -7.5071438e-07
  -0.0000000e+00  -1.9498625e-04   1.6754131e-05   1.1842394e-05   1.3970966e-05  -9.1331340e-06   1.5139332e-05   1.7971894e-05   1.8096427e-05   9.7340253e-06   3.2115545e-06   6.5725490e-06   1.2990449e-06  -1.0348352e-06   3.9609567e-06   1.4313101e-06   3.7128430e-06   3.7473674e-07  -1.1108452e-06   2.1943767e-06   9.8678311e-07  -3.0859030e-06   1.4640112e-06
  -0.0000000e+00  -1.7381401e-04   8.4121393e-06   1.4556135e-05   2.7214297e-05  -5.2949063e-06   7.7685836e-06   2.1467778e-05   9.2460059e-06   8.8795132e-06   2.3655475e-06   8.4734791e-07   4.1003454e-06   4.5322336e-06   1.3338333e-06   8.7508880e-07  -1.6577744e-06   2.9941216e-06   3.2684618e-06  -2.4098736e-06   1.6077941e-07   2.0771693e-06  -1.1993370e-06
  -0.0000000e+00  -1.9553723e-04   1.8520921e-05   8.7560693e-06   1.5707419e-05  -1.7661574e-06   5.6963008e-06   1.7203325e-05   2.0665324e-05   6.3127304e-06   7.9414349e-06   3.3757710e-06   1.4101672e-06  -4.5343035e-07   1.9282784e-06   2.6313182e-06   2.2898446e-06   1.5032990e-06  -2.0770137e-06   2.6061430e-06   1.2733815e-06  -3.2658465e-07   1.1212828e-07
  -0.0000000e+00  -1.8525615e-04   1.4923911e-06   2.0750253e-05   1.2987291e-05  -6.0310144e-06   7.8467619e-06   2.6055221e-05   7.3088831e-06   8.4137328e-06   8.1497677e-07   1.8055382e-06   4.6492987e-06   1.9502622e-06   1.1677567e-06   2.3401324e-06  -1.5670889e-06   4.5492779e-06   1.4617688e-06   1.4304592e-06  -9.6129355e-08  -3.6035109e-07   1.7648475e-06
  -0.0000000e+00  -1.8316713e-04   1.4637723e-05   1.4618420e-05   2.0543053e-05  -3.1402199e-06   1.1475700e-05   1.4177043e-05   2.0671481e-05   5.8118048e-06   1.2515451e-05   1.9029991e-06  -4.2000320e-08   1.8050555e-06   3.2815301e-06   2.5915770e-06   4.1623875e-06  -3.7401837e-06  -4.4694235e-07   3.5610390e-06   1.3864084e-07   4.7375207e-07  -1.7856055e-06
  -0.0000000e+00  -1.8541986e-04   6.2852691e-06   1.4353112e-05   1.3181887e-05  -3.7308362e-06   4.3357477e-06   2.2616276e-05   9.9072058e-06   1.0080173e-05  -8.1991089e-07   6.8588724e-06   2.2823422e-06   4.5165771e-06  -8.6198909e-08   1.3882772e-06   2.2652580e-07   2.8509505e-06   3.6911931e-07   1.7524403e-06   1.3719385e-06   2.9532403e-08   2.4311120e-07
  -0.0000000e+00  -1.9248325e-04   1.5583524e-05   7.1976037e-06   2.3785818e-05  -6.6293646e-06   1.2829827e-05   2.3988514e-05   1.6931426e-05   9.0380054e-06   8.3146851e-06   1.2356589e-06   1.8875680e-06   1.8978882e-06   3.2864525e-06   1.7595197e-06   4.1595790e-06  -6.9150201e-07   2.0464040e-06   1.8611436e-06   9.5548251e-07   1.9788833e-06  -1.1596351e-06
  -0.0000000e+00  -1.8581669e-04   6.6415396e-06   2.8968940e-05   5.6173972e-06   2.7648051e-07   8.9401801e-06   1.5353447e-05   1.0536816e-05   8.5057909e-06   1.1953429e-06   5.4182701e-06   1.8574133e-06   2.2721463e-06  -1.6236544e-06   1.0909688e-06   4.5439427e-07   1.8915982e-06   7.6516011e-07   2.4148761e-07  -6.3763417e-07   1.0624796e-07   7.5127042e-07
  -0.0000000e+00  -1.8448918e-04   9.3320596e-06   2.9509577e-06   2.8257815e-05  -1.0301322e-05   8.4179674e-06   2.6146412e-05   1.8348368e-05   4.2177244e-06   7.7071600e-06   1.6459262e-06   7.2522346e-07   2.4940348e-06   3.3211186e-06   8.3877632e-07   1.3754000e-06   2.2517838e-06  -1.5697641e-07  -9.5616826e-07  -7.1171775e-07   1.2458210e-06  -1.2868438e-06
  -0.0000000e+00  -1.8153008e-04   1.1335784e-05   1.6503871e-05   9.8477112e-06  -4.7649896e-06   8.4971716e-06   1.7032624e-05   1.2444275e-05   5.9423814e-06   2.7671617e-06   5.8490941e-06   8.5550369e-07   4.9119517e-06  -8.1453223e-08   2.6865341e-06   1.0094250e-06   2.0718951e-06  -5.6571946e-07   1.0306397e-06   1.3626989e-07   4.9989455e-07   1.6929903e-06
  -0.0000000e+00  -2.0050067e-04   1.2821919e-05   1.5719326e-05   2.2002916e-05  -6.1091896e-06   1.2390188e-05   1.6051337e-05   1.4838671e-05   9.5542346e-06   8.0140680e-06   2.6306699e-07   6.0107691e-06  -1.1551648e-06   3.8730645e-06   2.1969815e-06   1.0075391e-06  -1.8429186e-06   1.1653955e-06   5.5512959e-07   1.3888132e-06   1.2097796e-06  -9.6041379e-07
  -0.0000000e+00  -1.7413354e-04   5.9447193e-06   1.2296490e-05   8.5426227e-06  -5.4805332e-07   5.5878450e-06   2.4383209e-05   1.1111803e-05   1.4533553e-05  -2.1183387e-06   4.9751529e-06   1.2121940e-06   5.0086164e-06  -2.4790108e-07   2.1147139e-06  -1.6842034e-07   2.8163918e-06   1.6591275e-06   1.0639861e-06  -5.0802464e-07  -6.2931304e-07  -6.4385688e-08
  -0.0000000e+00  -1.9643176e-04   9.2762202e-06   1.9930587e-05   2.1992597e-05  -1.1953416e-05   1.3352405e-05   1.8436460e-05   1.6032873e-05   3.5286128e-06   1.1353628e-05   3.7575439e-06   2.3483869e-06  -1.5378879e-06   2.2648223e-06   2.3288537e-06   2.4352339e-06  -2.1934409e-06   1.1859009e-06   1.2811532e-06   4.8650855e-07   2.4303333e-06  -1.0689507e-06
  -0.0000000e+00  -1.7582990e-04   1.3737030e-05   9.4082707e-06   1.7637565e-05   3.4437880e-06   2.6672933e-06   2.5011888e-05   1.4170678e-05   6.0579096e-06   4.6212913e-06   3.5528089e-06   2.0823218e-06   4.6639775e-06   1.5891902e-06   3.0439980e-07  -1.0662422e-06   2.9686828e-06   2.0455589e-06   8.5508759e-07   1.3684974e-06  -9.2210871e-07   1.4941253e-07
  -0.0000000e+00  -2.0114315e-04   7.2404919e-06   1.3999570e-05   2.0732505e-05  -1.4394232e-05   1.7428431e-05   1.3380719e-05   1.6694139e-05   8.8792312e-06   8.3242967e-06   9.9707972e-07   2.9151502e-06   4.2437191e-06   2.4760911e-06   2.5441261e-06   2.5283712e-06  -5.8843648e-07   1.9906161e-06  -4.3356366e-07   6.8687967e-07   2.4496603e-06   7.2218097e-07
  -0.0000000e+00  -1.7354141e-04   6.3170987e-06   1.7352600e-05   1.2087592e-05   7.1861818e-06   1.8962921e-06   2.4244055e-05   1.3365300e-05   7.8097719e-06   2.0558925e-06   5.2145338e-06   2.2742579e-07   8.5012351e-07   3.3508452e-06   8.9421820e-07   2.2800129e-06   2.7192614e-06  -5.9452123e-07  -7.7006689e-07  -9.7984912e-07  -2.0706355e-07   2.9909944e-07
  -0.0000000e+00  -1.9507285e-04   1.6141255e-05   1.2689437e-05   2.2123730e-05  -1.2001286e-05   7.9267838e-06   2.2145179e-05   1.3784579e-05   8.9902087e-06   5.4386614e-06   9.3668126e-07   3.0667261e-06   1.5133156e-06   2.9838486e-06   2.6429680e-06   6.4738691e-07   7.2638102e-07   1.4863273e-06   4.0352302e-07  -1.2495846e-06   1.1779182e-06   8.1913498e-07
  -0.0000000e+00  -1.8302341e-04   7.1371219e-06   1.5289201e-05   9.9092858e-06  -1.1983187e-06   9.4015477e-06   1.4244960e-05   1.4647359e-05   8.5570837e-06   1.5348816e-06   7.3560809e-06  -5.1863429e-07   3.4936206e-06   1.4711085e-06   3.1070367e-06   2.3472553e-06  -6.9544740e-07  -1.7381959e-06  -4.1828699e-07   2.7236956e-06   3.5762025e-07   2.0799398e-06
  -0.0000000e+00  -1.8582310e-04   1.2390171e-05   1.0795425e-05   2.6573667e-05  -1.0717923e-05   1.1955861e-05   2.4432027e-05   1.9247094e-05   3.0844408e-06   8.2164979e-06  -2.8652660e-06   6.8872355e-06   6.6447154e-07   3.1148927e-06   1.1506493e-06  -9.1742248e-07   1.4563285e-06   1.6528568e-07   9.1535293e-07   6.3280163e-07  -2.0083066e-07   2.5968895e-06
  -0.0000000e+00  -1.8283456e-04   5.3935173e-06   2.2405437e-05   1.0076271e-05   1.4948623e-07   3.5084029e-06   1.8170440e-05   1.1522867e-05   1.1027731e-05   2.4910353e-06   6.8899253e-06   1.2516823e-07   3.2913119e-06   1.7389774e-06   1.1125808e-06   2.4943843e-06   1.1583871e-06   2.3804452e-07   1.0915854e-08   6.0149048e-08   3.5287968e-07   6.7464146e-07
  -0.0000000e+00  -1.9362425e-04   1.4963740e-05   5.2786336e-06   2.3872779e-05  -4.2051661e-06   1.2338823e-05   2.2333783e-05   1.6420767e-05   6.8970512e-06   5.1000306e-06   2.2151532e-06   2.5160676e-07   9.4986495e-07   8.2987634e-07   1.3956479e-06   3.2236787e-07   2.3502892e-06   1.0292615e-06  -2.4241720e-06   2.0812347e-07   1.1741406e-06  -1.3562002e-06
  -0.0000000e+00  -1.8293325e-04   7.6844935e-06   2.2661134e-05   1.2471090e-05  -4.1561098e-06   7.8684925e-06   2.2353001e-05   1.3140488e-05   8.6051095e-06   2.4751535e-06   3.1530237e-06   2.7233186e-06  -2.7488090e-07   4.0820928e-06  -4.7717498e-07   1.1101599e-06   1.1548951e-06   1.0088769e-06   1.0278526e-06   3.1723422e-07   4.5678729e-07   1.0009193e-06
  -0.0000000e+00  -1.8849026e-04   1.2677538e-05   1.1391684e-05   1.6221715e-05  -6.8091922e-06   1.1198566e-05   1.4650427e-05   1.9770359e-05   6.5467584e-06   7.8765679e-06   2.8027546e-06  -3.5584480e-07   3.5776591e-06   1.0869086e-06   3.7248235e-06   2.3185401e-06  -1.6052908e-06   2.8678164e-06   1.2451078e-06   5.8968766e-08  -6.1196766e-07   8.3291690e-07
  -0.0000000e+00  -1.8094592e-04  -1.0209945e-06   1.8148330e-05   1.6184762e-05  -7.0406213e-07   7.1751488e-06   2.4506666e-05   1.0723320e-05   8.2817760e-06   7.2347812e-06   1.4533396e-06   6.1083229e-06   3.6782396e-06   1.8947661e-06  -1.4846759e-06   1.6565155e-06   1.0339378e-06  -2.0759538e-07   8.5411364e-07   1.8081912e-06   6.5007606e-07   1.3493701e-07
  -0.0000000e+00  -1.9269464e-04   1.9221710e-05   1.0404999e-05   2.1084214e-05  -5.0843937e-06   4.1894473e-06   1.8144707e-05   1.9080635e-05   8.0670843e-06   4.3292303e-06   3.0258145e-06   1.1101578e-06   8.8700710e-07   4.1128210e-06   1.8478549e-06   3.1975179e-07   9.7920315e-07   2.0737909e-06  -1.7813965e-06   7.8956072e-07   1.2296593e-06   3.7182446e-07
  -0.0000000e+00  -1.8058924e-04   9.8196724e-06   1.8568151e-05   1.4235336e-05  -4.6544760e-06   9.5599153e-06   2.8361876e-05   8.8580209e-06   9.8017581e-06   3.1592838e-06   2.3906709e-06   2.3752971e-06   3.9055176e-06   1.1024150e-06   4.5400093e-06  -1.2421830e-06   1.3508400e-06   9.7247596e-07  -1.9003429e-06  -3.1464751e-07   2.3051057e-06   5.1445068e-07
  -0.0000000e+00  -1.8931125e-04   1.2007032e-05   1.2980459e-05   1.7800248e-05  -3.8840349e-06   1.2337389e-05   1.5182193e-05   1.7199256e-05   9.3676581e-06   7.6311753e-06   3.3333581e-06   1.1969896e-06   4.1047625e-07   3.5338373e-06   2.9793499e-08   2.5623826e-06   8.2450629e-07  -2.7463991e-06   1.9267188e-06   2.7688466e-06  -2.6351354e-06   2.3519440e-06
  -0.0000000e+00  -1.8318479e-04   3.2464379e-06   1.6380656e-05   1.9205483e-05  -3.2682574e-06   3.8645626e-06   2.3280045e-05   1.4237369e-05   3.8969133e-06   4.3630534e-06   5.3379363e-06   1.6453703e-06   5.0430617e-06   9.9711815e-07   3.1975280e-06   3.0583047e-07   1.5386423e-06   2.8576058e-06  -3.7794200e-07  -1.5040121e-06   6.2570604e-07   3.5448653e-07
  -0.0000000e+00  -1.8696359e-04   1.8230443e-05   1.5190300e-05   1.6632221e-05  -3.9924830e-06   1.1212292e-05   1.7387769e-05   1.7058650e-05   1.0194114e-05   5.0916301e-06   3.3092701e-06   3.1081656e-06   1.9857153e-07   2.4596088e-06   3.1241552e-06   2.6622550e-07   6.7540498e-07  -9.9408726e-07   9.9304270e-07   2.1118112e-06   2.0632031e-07   1.5752606e-06
  -0.0000000e+00  -1.8713530e-04   4.0984928e-06   1.7256603e-05   1.3950599e-05  -3.5173741e-06   6.6747898e-06   2.2454180e-05   1.0813242e-05   7.1376121e-06   4.7721160e-06   2.7519998e-06   3.0923009e-06   3.5219509e-06   4.6854171e-07   2.0479936e-06   6.4761457e-07  -1.1838491e-06   1.6584603e-06  -6.2768964e-07   9.3919061e-07  -1.4835201e-06  -9.0006813e-07
  -0.0000000e+00  -1.8598558e-04   1.5104259e-05   1.0026615e-05   2.0133157e-05  -6.0373295e-06   8.9449668e-06   1.8352674e-05   1.3914704e-05   1.1666126e-05   4.9722426e-06   4.1041946e-07   3.8976918e-06   2.2964039e-06   4.8912816e-06   1.0561693e-07   1.5514377e-06   1.2014179e-06   9.9549325e-08  -3.5755329e-07   1.8783248e-06  -5.3754707e-07  -7.5574621e-07
