  -0.0000000e+00  -1.9033941e-04   8.6094242e-06   2.1712747e-05   1.7612048e-05  -4.9217383e-06   5.7966618e-06   2.1207970e-05   1.5651232e-05   6.3998036e-06   6.1016785e-06   6.6556945e-06   6.0865767e-07   1.9191714e-06  -1.3321064e-06   3.6457327e-06   2.1751589e-06   7.3278454e-07   1.1097125e-06   1.8345769e-06  -7.4768019e-07  -5.8990747e-07  -1.6039012e-07
  -0.0000000e+00  -1.8604549e-04   9.7049851e-06   6.9046837e-06   1.5686792e-05  -4.5305746e-06   1.0871389e-05   1.7492752e-05   1.8686000e-05   5.3124586e-06   4.5616548e-06   1.9768165e-06   1.0309423e-06   2.8713202e-06   4.1661319e-06  -2.6340203e-06   5.7075745e-06  -7.7490495e-07   2.6536700e-06  -7.5038749e-08  -9.3663880e-07   1.2781787e-06   1.0098283e-06
  -0.0000000e+00  -1.8517989e-04   6.2600325e-06   2.2640541e-05   1.6678938e-05  -4.0441246e-06   1.0861537e-05   1.8614997e-05   9.2068776e-06   1.1490204e-05   6.6842249e-06   2.6425450e-06   3.5302824e-06   5.0006139e-07   2.7125798e-06   3.7133150e-06  -2.2778603e-07  -1.5869145e-06   3.2628452e-07   7.9339367e-07   1.8351935e-06   7.5032000e-07  -6.3576641e-07
  -0.0000000e+00  -1.8920119e-04   1.7071081e-05   8.7661947e-06   1.9637775e-05  -6.1565493e-06   5.9683416e-06   2.2250964e-05   1.4329517e-05   6.3668754e-06   1.9432846e-06   3.7657944e-06   4.5877200e-06   2.3756070e-06   4.6256891e-06   7.4997683e-07   1.8691011e-06   1.4523833e-06   4.5530337e-06  -1.3640268e-06   7.0992900e-07   6.2989045e-07   7.5741940e-07
  -0.0000000e+00  -1.9222524e-04   4.3726327e-06   1.3363839e-05   1.5590878e-05  -6.6281937e-06   7.6697361e-06   2.3820909e-05   1.7548884e-05   9.2436321e-06   6.7571482e-06   3.7409404e-06   2.2991233e-06   3.7237351e-09   1.9964255e-06   3.8046176e-06   3.6701522e-09  -2.4130082e-07  -1.3261816e-06   1.3682256e-06   1.7115675e-06   2.4965124e-07  -1.2993457e-06
  -0.0000000e+00  -1.8536481e-04   1.3663283e-05   1.5957246e-05   1.9001709e-05   7.0888428e-09   7.8035246e-06   1.4926351e-05   1.4451908e-05   3.6558115e-06   4.9039809e-06   2.8139489e-06   5.0361127e-06   4.7483809e-06  -1.0277422e-06   1.3939643e-06   3.9405104e-06   1.6645470e-07   1.2309481e-06   3.0445855e-07   1.3126584e-06  -2.2631559e-07   2.2966556e-06
  -0.0000000e+00  -1.8211815e-04   4.1040130e-06   1.5735239e-05   1.5287242e-05  -9.0647673e-06   1.4333044e-05   2.3654880e-05   1.7142083e-05   1.2846219e-05   2.9467349e-06   2.7685048e-06   7.2892398e-08   2.4462072e-06   2.4807982e-06   4.8983347e-06  -1.0208578e-06   1.3931049e-06  -1.0025963e-06   1.6638048e-06   1.2146768e-06   2.4955807e-07   1.1954919e-06
  -0.0000000e+00  -1.9478059e-04   8.9787609e-06   1.0748903e-05   1.6593189e-05  -7.9324554e-06   2.5811116e-06   2.0048434e-05   1.0579532e-05   5.3195558e-06   4.7652043e-06   3.7075154e-06   4.9681662e-06   1.7664576e-06   2.8281931e-06   1.5820387e-06   7.8883153e-07   2.1751969e-06  -4.3336397e-07   1.1196163e-06   1.1579192e-06   7.5989186e-07  -1.7970100e-06
  -0.0000000e+00  -1.8598475e-04   1.3526358e-05   1.7858136e-05   1.4625628e-05   3.4516959e-06   8.5229231e-06   2.4027797e-05   1.8413451e-05   8.4507701e-06   5.8754549e-06   3.4085840e-06  -1.8366394e-06   2.6354464e-06   2.5176453e-06   2.2579115e-06  -5.0186003e-07   3.3349653e-07   1.4072982e-06  -2.5598163e-06   8.6568144e-07  -1.4643417e-06   3.9268173e-07
  -0.0000000e+00  -1.9279352e-04   5.8899354e-06   1.4249159e-05   1.6264599e-05  -1.2559861e-05   1.0128830e-05   1.7270526e-05   1.1664332e-05   1.0307224e-05   6.0870552e-06   1.4183407e-06   6.9244134e-06  -3.0919040e-07   1.5586113e-06   2.6698744e-06   2.1864535e-06  -5.0542076e-07  -1.1190318e-06   2.0266607e-06   2.3000794e-06  -1.2105867e-06  -1.2359285e-06
  -0.0000000e+00  -1.8108822e-04   8.6259779e-06   8.7623066e-06   1.9032957e-05  -2.8495795e-06   6.2997428e-06   2.1725427e-05   1.9265453e-05   2.3115713e-06   6.5349527e-06   4.9773971e-06  -1.0930027e-06   2.0604580e-06   2.1832270e-06  -3.7770215e-07   1.9486085e-06   6.8964414e-07   1.8963557e-06   1.9890635e-06  -1.3002003e-08   2.1747619e-06   7.1139073e-07
  -0.0000000e+00  -1.9129357e-04   8.7694798e-06   1.3645983e-05   1.9943200e-05  -9.1131960e-06   9.9623503e-06   2.6007077e-05   1.2414364e-05   1.3313316e-05   6.3924326e-06   3.5486257e-06   1.2966941e-06   3.5101141e-06   2.7532888e-06   4.3083156e-07   5.9756803e-07   2.5896006e-07   3.8373591e-06   3.0504049e-07   1.2061932e-06   1.8137395e-06   1.8540792e-06
  -0.0000000e+00  -1.8857709e-04   1.3928578e-05   1.3483296e-05   1.3943509e-05  -1.5619605e-06   3.0552285e-06   1.7243967e-05   1.1686489e-05   7.2726511e-06   4.2647339e-06   2.9860551e-06   5.5857367e-06   2.6964799e-06   2.4055084e-06   1.8233420e-06   1.2870797e-06   1.1921686e-06  -1.9778731e-06   1.8146029e-06  -1.3333868e-06   1.1927963e-06  -1.4355867e-06
  -0.0000000e+00  -1.9423800e-04   1.5739328e-06   2.1081270e-05   1.4632357e-05  -1.7172944e-06   1.5474407e-05   2.3741288e-05   1.8622322e-05   1.1337069e-05   3.9322708e-06   2.0058637e-06   2.9247628e-06   3.3681540e-06   2.1233404e-06   3.3205931e-06  -4.2739126e-07   5.3246430e-07   2.8555635e-06   2.3134605e-07   9.3376900e-07   6.3196450e-07   5.6606109e-07
  -0.0000000e+00  -1.7713160e-04   1.0173298e-05   9.2734335e-06   1.8743702e-05  -6.0292118e-06   5.8817400e-06   1.4333757e-05   1.1655641e-05   2.8048687e-06   7.7344466e-06   4.5887418e-06   9.9666750e-07   1.6978609e-06   2.4015751e-06   1.4105072e-07   6.2536679e-07   2.0442726e-06  -1.8254574e-06  -8.1964131e-08  -2.3235766e-06   9.9954696e-07   1.4011225e-06
  -0.0000000e+00  -1.9519105e-04   1.5530821e-05   1.2308553e-05   2.1307802e-05  -8.2995766e-06   9.1275888e-06   2.7482851e-05   2.2803180e-05   6.7113915e-06   7.3627530e-06   3.1673305e-06   1.7673334e-07   3.1412151e-06   7.8315264e-07   5.1168799e-06   2.9720870e-06  -8.0485961e-07  -1.2525272e-06   1.0305680e-06   4.7468416e-06  -1.7258900e-06  -1.8891797e-07
  -0.0000000e+00  -1.8706576e-04   4.4336985e-06   1.7539833e-05   1.5128028e-05  -5.3117293e-07   9.9044355e-06   1.8158951e-05   7.6526239e-06   9.3882427e-06   2.0801906e-06   6.0559278e-06   3.5117425e-06   1.1050514e-06   3.0823819e-06  -3.0790008e-07  -7.5189229e-07   2.0960579e-06   2.0151733e-06   3.0038505e-06  -3.2889227e-06   1.0328561e-06   1.9355948e-06
  -0.0000000e+00  -1.8604725e-04   8.1683738e-06   1.4857398e-05   1.9943420e-05  -5.9025738e-06   8.2812621e-06   2.3636352e-05   1.2510119e-05   1.1680751e-05   7.6171345e-06   1.9079725e-06  -1.3908880e-06   1.8303089e-06   4.2269226e-06   1.3469296e-06   1.0676786e-06  -2.1761132e-06   2.9818414e-06   4.9053835e-07   9.8193811e-07  -7.8671854e-07  -2.6109626e-08
  -0.0000000e+00  -1.8458738e-04   5.9487643e-06   1.8968371e-05   1.6406726e-05  -8.0785185e-06   1.3510733e-05   2.2129821e-05   1.4395652e-05   1.2715080e-06   3.7007765e-06   2.5739005e-06   5.6033900e-06   1.4891502e-06   3.1095556e-06  -1.2573610e-06   2.5179935e-07   2.6569887e-06  -2.7537759e-08   1.3674669e-06  -1.0887042e-06   2.1219989e-06   5.9646999e-07
  -0.0000000e+00  -1.9359135e-04   2.0606594e-05   5.7327602e-06   2.2063519e-05  -4.1874405e-06   6.3869365e-06   1.5358701e-05   1.9431540e-05   9.1785359e-06   8.8974421e-06   4.5323195e-06  -3.2325686e-06   2.8444779e-06   1.2917847e-06   1.9861398e-06   1.6060122e-06  -6.8068766e-07   1.4832928e-07   1.8230235e-06   5.8113727e-07   1.3245606e-06  -1.4895544e-06
  -0.0000000e+00  -1.8801325e-04   3.7720722e-06   2.1648879e-05   1.5409130e-05  -3.0787701e-06   1.0804187e-05   2.0946831e-05   1.4190492e-05   6.0808870e-06   2.4536346e-06  -1.1835513e-06   5.5524906e-06   3.0266251e-06   2.8099450e-06   1.9188545e-07  -1.0843471e-06  -5.8839055e-07   2.1008744e-07   3.4171256e-07  -7.1466388e-08   5.2193252e-07   3.1582244e-06
  -0.0000000e+00  -1.8058474e-04   3.3827318e-06   1.4765213e-05   1.5935739e-05  -6.0138332e-06   9.5539954e-06   2.5188239e-05   1.5516869e-05   8.4925005e-06   4.4740868e-06   6.4329697e-06   1.8952477e-06   9.3862934e-07   3.4161628e-06   2.8200434e-06   2.8183256e-06   1.7640124e-06  -2.1953479e-06  -3.9290751e-07   2.8893592e-06   5.6825564e-07  -1.2034580e-07
  -0.0000000e+00  -1.9565763e-04   1.4525012e-05   1.3064951e-05   1.7960439e-05  -3.9288971e-06   7.6961260e-06   1.6995025e-05   1.0272577e-05   1.0055159e-05   4.4071116e-06   4.0621071e-06   1.1522512e-06   1.4886369e-06   3.5679730e-06   2.1051784e-07  -2.3271455e-06   3.5442406e-06  -1.9737949e-07  -1.6410233e-08  -4.5351749e-07   1.6169255e-06   1.9333756e-06
  -0.0000000e+00  -1.8799615e-04   1.4251365e-05   1.2200817e-05   1.8444598e-05  -8.7805593e-06   1.3430164e-05   2.2893020e-05   1.9027484e-05   4.6960722e-06   6.5336640e-06   9.0456155e-07   3.3028534e-06   2.9940777e-06  -9.0693506e-09   3.7604837e-06   2.6540792e-07  -2.3533283e-07   6.9014351e-07   1.7184722e-06   4.0029227e-06   4.9301275e-07  -1.3752789e-07
  -0.0000000e+00  -1.7685608e-04   4.8207953e-06   1.3222967e-05   1.3788730e-05  -3.3497995e-06   6.8051468e-06   1.8143188e-05   1.5207083e-05   7.1637446e-06   6.3735556e-06   1.0673291e-06   1.9706233e-06   3.4546044e-06   2.6858725e-06   5.5841031e-07   2.0836453e-06   1.2475524e-06   7.3388861e-07   1.3694909e-06   5.9845399e-07  -1.0784350e-06   7.4361492e-07
  -0.0000000e+00  -1.9659920e-04   3.4221111e-06   2.0419206e-05   1.9566762e-05  -5.4848565e-06   8.9915511e-06   1.9768620e-05   1.3348822e-05   1.0154539e-05   6.4947635e-06   5.4420293e-06   1.8820380e-06   2.8536790e-06   3.9759134e-06   3.3379670e-06  -2.0095339e-07  -2.3628513e-07   5.3262249e-07   2.0580953e-06  -1.1144502e-06   2.5917934e-06   4.2513227e-07
  -0.0000000e+00  -1.8667866e-04   1.5117988e-05   9.8735809e-06   1.5266680e-05   8.2638360e-07   7.0148749e-06   2.0447054e-05   1.6898306e-05   5.7166790e-06   2.3323671e-06   5.7798093e-06   1.4324203e-06   2.5408806e-06   3.9125189e-06  -9.8199394e-07   2.3356688e-06   2.5912238e-06   1.0229558e-06  -4.1332947e-07   1.2130376e-06  -3.1771350e-07  -1.8281504e-06
  -0.0000000e+00  -1.9091577e-04   1.2590373e-05   1.2599019e-05   1.9629031e-05  -1.2370563e-05   1.1832634e-05   2.2766508e-05   1.1693201e-05   1.1498137e-05   4.7589406e-06   2.1530468e-06   1.5243673e-06  -2.7950742e-07   2.5392101e-06   9.4362701e-07   2.5451834e-06  -1.0966071e-06   2.0405771e-06   1.2983260e-06  -1.0877866e-06   2.4269218e-06  -5.6905435e-07
  -0.0000000e+00  -1.7955889e-04   3.0390797e-06   1.7548266e-05   1.6432241e-05  -2.0302637e-06   6.1693313e-06   1.7568595e-05   1.8155904e-05   2.8935713e-06   7.4028412e-06   1.4709756e-06   3.4998732e-07   5.4674729e-06   2.2533828e-07   7.3901492e-07  -2.0216230e-07  -1.9588855e-07   1.6267207e-06   1.7265461e-06   9.5703592e-07  -1.7593948e-06   2.2035813e-06
  -0.0000000e+00  -1.9457682e-04   2.1456706e-06   1.8887429e-05   1.9491719e-05  -7.8788153e-06   1.0757700e-05   2.1399526e-05   1.5777790e-05   1.0150832e-05   7.8762878e-06   1.9263094e-07   4.3504051e-06   5.1365390e-07   1.9187446e-06   3.7335044e-06   1.4056225e-06  -5.2028435e-07   1.2977642e-06  -9.5294359e-07   1.9952838e-06   1.4653643e-06   6.7701485e-08
  -0.0000000e+00  -1.8887394e-04   2.3209099e-05   5.2492514e-06   1.5015399e-05  -2.0729967e-06   6.4943069e-06   1.8730398e-05   1.1751018e-05   7.4152395e-06   2.0641176e-06   7.0821620e-06   6.6458546e-07  -4.7515724e-07   3.3299502e-06   3.5017408e-07   3.3625005e-07   1.7936804e-06  -4.8756789e-07  -8.9614321e-07  -1.8017866e-08  -2.2236613e-06   3.1054410e-06
  -0.0000000e+00  -1.8359743e-04   3.8885869e-06   1.5405227e-05   1.8218056e-05  -6.2574377e-06   1.3819021e-05   2.4530200e-05   1.3156859e-05   1.1551749e-05   5.2978330e-06   5.4386027e-07  -2.7232809e-07   1.2315550e-06   1.2749708e-06   5.2513424e-06  -7.6234777e-08  -3.5457387e-10   1.4296586e-06  -2.5755733e-07   1.2736940e-06   1.6082744e-06  -1.4767082e-06
  -0.0000000e+00  -1.9090890e-04   4.8098091e-06   1.7208780e-05   1.5150952e-05  -8.0993568e-06   8.2042689e-06   1.5395000e-05   1.5524047e-05   5.2420746e-06   3.7401396e-06   6.6868433e-06   1.4025900e-06   5.5205642e-06   1.2863292e-06   7.1990718e-07   2.8753436e-06   1.6606587e-06  -1.4871989e-06   1.3246129e-06  -2.1835608e-07  -3.5578353e-07   2.4805177e-06
  -0.0000000e+00  -1.8553926e-04   9.1142829e-06   1.6161977e-05   1.7152333e-05  -5.1403955e-08   9.6303320e-06   2.4437000e-05   1.7635284e-05   8.4107560e-06   8.2374409e-06   9.1629857e-07   2.9876773e-07   4.9646028e-06   2.7904948e-06   2.3113928e-06   9.8651344e-07  -1.3862729e-06   4.1924277e-06  -2.0986344e-07   1.6188588e-06   1.2171989e-06   6.8219555e-07
  -0.0000000e+00  -1.8808639e-04   1.0770596e-05   7.4276527e-06   1.7173346e-05  -3.5236951e-06   8.3262721e-06   1.5840216e-05   1.4314668e-05   3.3794115e-06   4.1117341e-06   7.0367660e-06   2.3293683e-06   1.8825862e-06   1.9112081e-06   3.0130768e-06   8.3175928e-07   1.9608362e-06   2.4294222e-06   7.8441832e-07  -1.6787560e-06   1.8721613e-06   1.3787826e-07
  -0.0000000e+00  -1.9283115e-04   8.4122321e-06   1.4931648e-05   2.0768166e-05  -7.5619168e-06   6.4288356e-06   2.7728342e-05   1.3210991e-05   1.2081244e-05   5.4255065e-06   2.8134648e-06   4.7563049e-06  -1.5228525e-06   3.6029503e-06   1.3020574e-06   3.3740193e-06  -2.0659941e-06  -1.7785899e-06   4.9832403e-07   2.2455470e-06  -1.9235000e-07   1.2374452e-06
  -0.0000000e+00  -1.8494316e-04   7.5465168e-06   2.1011256e-05   1.4509936e-05  -5.5933037e-06   1.6237997e-05   1.7703245e-05   1.2317787e-05   7.7236737e-06   3.1234792e-06   3.1954121e-06  -7.6119548e-08   4.7315407e-06   2.1852470e-06   7.9767682e-07  -4.2642571e-07   1.8380110e-06   2.5827233e-06   3.8906757e-07  -1.0647447e-06  -1.8107893e-06   2.2075258e-06
  -0.0000000e+00  -1.8559452e-04   9.1364927e-06   1.1113497e-05   1.5998467e-05  -1.2459163e-06   3.9405868e-06   1.8126220e-05   1.9181374e-05   6.2587942e-06   8.2878078e-06   5.1060779e-06  -9.4016377e-07  -9.1392968e-07   2.3291311e-06   7.6334817e-07   1.8007953e-06   1.0525147e-06   1.4642423e-07   4.8080995e-08   2.6182954e-06   1.6692388e-06  -1.2591236e-06
  -0.0000000e+00  -1.9547780e-04   1.0781389e-05   1.3190163e-05   2.2653951e-05  -4.8352531e-06   6.9177377e-06   2.6181149e-05   1.7167808e-05   4.2353495e-06   3.1419013e-06   5.0225103e-06   2.6848872e-06   2.8664024e-06   1.1927320e-06   3.2965847e-06   8.5534157e-07   1.7682953e-06   2.6504142e-06  -8.9564224e-07   8.4000710e-08   1.3333063e-06  -7.5937486e-08
  -0.0000000e+00  -1.8049349e-04   5.7992033e-06   1.7645001e-05   1.4600872e-05  -8.1398821e-06   1.1494908e-05   1.5944568e-05   1.4391798e-05   8.3250534e-06   6.3987345e-06   2.9197445e-06   1.4099240e-06   2.6625819e-06   1.3454510e-06   2.9741223e-06  -5.3867285e-07   1.3232468e-06   6.8709841e-07   1.9882571e-06   1.6808598e-06   7.6504529e-07   2.1125927e-06
  -0.0000000e+00  -1.9058297e-04   9.6793228e-06   1.4960163e-05   1.8081288e-05  -7.3822930e-06   1.1671970e-05   2.2912844e-05   1.1596196e-05   1.0588771e-05   2.8762122e-06   3.0915728e-06   3.1324930e-06   1.7835446e-06   1.0974601e-06   1.1655012e-06   1.4344190e-06   1.1037488e-06   3.8444458e-07   1.9356612e-08   8.0135425e-07   4.8103590e-07   1.8447494e-06
  -0.0000000e+00  -1.9302771e-04   1.1619559e-05   1.6309568e-05   1.5100395e-05   3.4337008e-06   3.5184644e-06   1.9195062e-05   1.9166107e-05   5.9554877e-06   4.8006573e-06   4.9765067e-06   1.3881202e-06   1.6599561e-06   4.1770732e-06  -9.2645701e-07   2.7264230e-06   1.1972858e-06  -1.0435544e-06   1.1664886e-06  -8.6532702e-07  -6.0463265e-07   9.9981810e-07
  -0.0000000e+00  -1.8635606e-04   3.1835077e-06   1.2768243e-05   2.3416753e-05  -1.2444132e-05   6.2275603e-06   1.9478774e-05   1.5678974e-05   6.0371972e-06   7.3586575e-06   2.9823184e-06  -9.3357050e-07   1.0550824e-06   4.0645909e-06   3.3012086e-07   4.2478473e-06  -2.1194001e-07   1.3447892e-06  -1.1899787e-07   2.7935023e-06  -1.2428784e-06   1.6632969e-06
  -0.0000000e+00  -1.8424974e-04   1.1448788e-05   1.3944858e-05   1.5344816e-05  -3.1210116e-06   1.3732501e-05   2.3798388e-05   9.9919298e-06   8.9282503e-06   6.5332902e-06  -1.3512908e-06   6.3699658e-06   2.0716857e-06   3.8712114e-06   4.8485708e-07   1.0682681e-06   2.7224207e-06   1.2743286e-07   2.3293387e-06   9.9489387e-07   2.3389891e-06  -8.2208942e-08
  -0.0000000e+00  -1.8630082e-04   6.9686853e-06   1.8401379e-05   1.1562993e-05  -4.8138772e-06   7.8103476e-06   1.6386928e-05   1.6321312e-05   6.0680522e-06   6.1678616e-06   3.7585787e-06   2.6919504e-06   3.4637667e-06   2.8787399e-06   4.0854479e-06   5.7997210e-07  -1.6101549e-07   1.6877582e-06  -2.4001820e-06   2.1440537e-06   2.7315750e-06  -1.8692984e-06
  -0.0000000e+00  -1.9292218e-04   8.6828350e-06   8.7229173e-06   2.2408902e-05  -5.3286462e-06   5.6470813e-06   2.3908779e-05   1.6098580e-05   6.9205548e-06   1.3485653e-06   6.8195091e-06   2.9469072e-07   2.4150559e-06   2.4403348e-06   5.8552502e-07  -1.2124838e-06   2.3319499e-06   6.7364158e-07  -1.0091179e-06  -7.8100317e-07  -6.4609696e-07  -3.4946871e-07
  -0.0000000e+00  -1.8805041e-04   1.3531989e-05   1.5403883e-05   1.6410386e-05  -3.4112284e-06   1.2418279e-05   1.8662922e-05   1.3275686e-05   7.0071683e-06   6.9324155e-06   2.1860674e-06   9.9797933e-07   3.0370286e-06  -3.3397680e-07  -1.6165613e-07   1.5140087e-06   2.2847244e-06  -1.3911255e-06  -2.0101581e-07   9.9501369e-07   3.1033619e-06  -1.6293189e-06
  -0.0000000e+00  -1.8094816e-04   7.6523893e-06   1.5455720e-05   1.6819580e-05  -9.4477500e-06   9.8633491e-06   1.8223345e-05   1.2994032e-05   1.3614538e-05   4.9774708e-06   1.4067385e-08   7.4495028e-07   3.9609517e-06   2.3285063e-06   3.4253103e-06  -3.8550393e-08  -1.6529826e-07   1.4942659e-06   1.0069083e-06   1.0302113e-07   2.2250380e-07   2.3923972e-06
  -0.0000000e+00  -1.8806523e-04   9.3919571e-06   1.0942918e-05   2.1854676e-05  -1.0661552e-06   6.5346453e-06   2.4172714e-05   1.4489078e-05   6.5647778e-06   7.7165632e-06   1.8736889e-06   4.7467879e-06  -1.7386533e-06   2.5218203e-06   2.0124855e-06  -3.0628999e-06   1.6349788e-06  -1.4196086e-06   2.5882051e-07  -4.0738482e-07  -2.0522511e-07   6.2705374e-07
  -0.0000000e+00  -1.9416719e-04   7.2649300e-06   1.7231740e-05   1.4356849e-05  -3.7591494e-06   8.6620603e-06   1.7344553e-05   1.9782410e-05   4.7971821e-06   4.1791773e-06   7.6506840e-06   7.8572680e-07   1.7303850e-06   3.2026633e-06   2.1680189e-06  -1.8277720e-07   2.9456007e-06   4.3192057e-07   7.2687368e-07   2.8832233e-06  -8.2785033e-07   2.1714297e-07
  -0.0000000e+00  -1.8217583e-04   1.6013491e-05   1.3293541e-05   1.7805634e-05  -8.9528139e-06   1.2484023e-05   1.8435261e-05   1.3134207e-05   1.3420612e-05   5.9400822e-06   2.2140039e-06   2.7277486e-06   3.8924923e-06   3.9017500e-06  -3.8595738e-07   3.1215136e-06  -8.9101235e-07  -2.1833432e-07   5.4189383e-07  -1.4809248e-06   1.2251751e-06   2.2868408e-06
  -0.0000000e+00  -1.9447027e-04   6.9238945e-06   1.3609962e-05   1.8422248e-05  -3.7054781e-06   5.8390192e-06   2.3159140e-05   1.6181231e-05   6.3982543e-06   5.0649446e-06   4.3668333e-06   3.9937745e-06   2.9179835e-06  -2.4345732e-06   1.8785547e-06   3.8191997e-06  -1.9123900e-06   2.7062831e-06   5.4116765e-07   8.6738515e-07   4.3475839e-07  -7.4747499e-07
  -0.0000000e+00  -1.7928814e-04   2.9464222e-06   1.4396195e-05   1.7566863e-05  -4.6572941e-06   9.2472073e-06   1.9066732e-05   1.4730602e-05   7.9897336e-06   4.0486102e-06   3.4126836e-06   2.2934182e-06   1.6207355e-06   2.7190133e-06   1.4287176e-06   1.9605116e-06  -1.2121012e-07   1.6966587e-06   1.2190529e-06  -2.2240692e-07   2.2709714e-06  -1.0299003e-06
  -0.0000000e+00  -1.9451510e-04   1.7288110e-05   1.3512846e-05   1.7067947e-05  -5.2466780e-06   5.4552161e-06   2.3081244e-05   1.4880854e-05   9.3518247e-06   7.0528190e-06   4.0177683e-06   3.5665448e-07   1.9580684e-06   3.2253893e-06   2.2871820e-06  -7.0823336e-07   9.1296255e-07   1.1127034e-06  -3.9652218e-07   2.3731134e-06   4.9048435e-07   1.1096486e-06
  -0.0000000e+00  -1.8808132e-04   5.8142537e-06   1.7602186e-05   1.4768063e-05  -5.0277886e-06   1.3919834e-05   1.9197527e-05   1.6770757e-05   7.1488284e-06   1.7959493e-06   2.8310776e-06   5.4566426e-06  -1.7508413e-06   2.7830617e-06   1.0296948e-06   1.7074188e-06  -1.3173895e-06  -1.3824323e-06   5.7326440e-07  -1.3034067e-06   1.9520107e-06   1.5265377e-06
  -0.0000000e+00  -1.8367544e-04   1.3676973e-06   1.4389295e-05   2.3496976e-05  -1.0093417e-05   5.1381267e-06   2.3650584e-05   1.1992941e-05   5.3966723e-06   7.7937502e-06  -5.0904208e-07   1.4063939e-06   3.0749393e-06   2.7234569e-06   2.1666617e-06   2.5846286e-06   7.9492008e-07   2.3776835e-07   2.4895187e-06  -1.6994056e-06  -2.0687435e-07   3.4861525e-06
  -0.0000000e+00  -1.9321486e-04   2.0862804e-05   1.1765650e-05   1.0676364e-05   2.2660186e-06   8.4720441e-06   1.9517360e-05   1.5739757e-05   8.3461027e-06   3.3738672e-06   5.7305770e-06   1.8515209e-06  -2.9442705e-07   3.8156322e-06   2.4023561e-06   2.3048785e-06   3.0724964e-06  -1.6858658e-06   2.4386782e-06   7.1500455e-07  -1.4897624e-06   9.9048236e-07
  -0.0000000e+00  -1.8536672e-04   3.2853070e-06   1.5058891e-05   1.8998409e-05  -5.5221076e-06   1.0137443e-05   2.3611274e-05   1.3668703e-05   7.3207871e-06   4.4687381e-06   4.1911576e-06   7.5262130e-07   4.0601753e-06  -1.2811512e-06   2.5488700e-06   8.4402501e-07   8.7742728e-07   2.7994972e-06  -8.9738330e-07   2.8649099e-06  -7.0833994e-07  -1.3847114e-08
  -0.0000000e+00  -1.9140227e-04   6.1336150e-06   1.4206207e-05   1.7474280e-05  -7.5921325e-06   7.6374890e-06   1.5439129e-05   1.7125605e-05   9.8748797e-06   4.0448876e-06   1.1921042e-06   4.9346813e-06   3.6252168e-06   1.7006473e-06   2.0189734e-06  -1.1213020e-06   3.2081189e-06   1.6042949e-06   2.2257950e-07   1.1206947e-06  -7.3862151e-07   1.9031465e-06
  -0.0000000e+00  -1.8632108e-04   6.6570383e-06   1.7492339e-05   1.9309238e-05  -7.3568540e-06   7.3317660e-06   2.6474614e-05   1.1810942e-05   7.7522354e-06   5.4914976e-06   1.5518992e-06   2.3570960e-06   3.2080488e-06   5.1389571e-07   4.2115430e-06   5.0613626e-06  -2.2926990e-06   2.4493356e-06   1.4197287e-06  -1.1038201e-06   2.2058857e-06  -9.5244332e-07
  -0.0000000e+00  -1.7942826e-04   1.8658617e-05   7.4257573e-06   1.0733764e-05   3.6496706e-07   1.0448463e-05   1.8164359e-05   1.9031284e-05   5.6581971e-06   3.1692916e-06   4.0588002e-06   2.1369310e-06   2.6435371e-06   2.0230250e-06  -1.7910121e-07   1.1473448e-06   1.4127548e-06  -1.0501026e-06   2.6963323e-06   1.8706543e-06  -1.3129351e-06   3.5383206e-07
  -0.0000000e+00  -2.0527454e-04   8.1619901e-06   1.6991895e-05   1.9824391e-05  -8.3370451e-06   6.3033867e-06   2.3967459e-05   1.2084918e-05   1.2442682e-05   6.0989264e-06   1.0322657e-06   5.2997842e-07   6.6459006e-07   4.1595699e-06   3.2389246e-07   4.6739999e-07   1.5349350e-06   5.4690821e-07  -1.3129489e-08  -1.3636756e-07   3.2590849e-06  -1.4556141e-06
  -0.0000000e+00  -1.7235076e-04   7.5730327e-07   1.8256296e-05   1.8791348e-05  -4.7069125e-06   1.1979737e-05   1.7085598e-05   1.8209350e-05   8.0937725e-06  -9.0907397e-09   5.2561263e-06   2.5281538e-06   1.2444681e-06   5.1877255e-06   1.1664404e-06   5.9939504e-07   2.6879110e-07   1.5289079e-06   8.3266525e-07  -6.8474156e-07  -1.1429611e-06   5.1996005e-07
  -0.0000000e+00  -1.9368083e-04   1.5764779e-05   1.5386375e-05   1.3244202e-05  -1.0051202e-05   1.0015474e-05   2.1181790e-05   1.4571454e-05   8.9078712e-06   8.0105692e-06  -2.4554736e-06   2.7190927e-06   3.2337102e-06   2.1657165e-06   3.2542951e-06   2.0977536e-06  -7.5660642e-09  -6.6635499e-07   2.3975656e-06  -5.6941934e-07  -1.0595033e-06   1.6551386e-06
  -0.0000000e+00  -1.9032949e-04   1.2122736e-05   8.7531471e-06   1.7423490e-05   6.0368479e-06   2.2090196e-06   2.2952168e-05   1.3694225e-05   4.2346146e-06   8.5763904e-06   4.8800434e-06  -2.2452573e-06   8.2320321e-06   7.0996384e-07   2.1222929e-06   1.4720974e-06  -1.1966873e-06   3.8077394e-06  -9.4489315e-07   2.0137295e-06   2.2920217e-07   3.0640322e-07
  -0.0000000e+00  -1.8553314e-04  -1.2014974e-07   2.0009154e-05   2.0198346e-05  -8.7031813e-06   1.4878136e-05   2.1980586e-05   1.7650891e-05   1.0401242e-05   5.3976885e-07   3.7661323e-06   4.3509458e-06  -4.5736411e-07   4.0270679e-06   2.7573426e-06   1.7134814e-06   2.2439183e-06  -8.9193961e-08   6.8034143e-07   1.4107568e-06   1.1487042e-06   1.6130972e-06
  -0.0000000e+00  -1.8959510e-04   1.7324945e-05   1.2137087e-05   1.5041403e-05  -8.1159542e-06   8.2138813e-06   1.9235393e-05   1.3855098e-05   6.4516917e-06   3.5288338e-06   5.7599450e-06   9.7275029e-07   4.0004397e-06   8.0106770e-07   3.6165527e-06  -1.3493296e-06  -8.9318132e-07  -1.6777277e-07   1.9180486e-06   2.6941265e-07   1.4251916e-07   1.0419722e-06
  -0.0000000e+00  -1.8554664e-04   4.0876366e-06   1.4501361e-05   2.2440438e-05   6.2969235e-07   1.1848620e-05   1.9664865e-05   1.2924331e-05   1.1677071e-05   5.5765036e-06  -1.4763738e-06   4.1192584e-06   2.3567077e-06   5.9244398e-06   8.0557277e-07   1.5532456e-06   1.4283011e-06  -1.2538728e-06   6.8439778e-07  -7.2532310e-07   8.3041641e-07  -1.8336013e-06
  -0.0000000e+00  -1.9535725e-04   7.6252563e-06   1.8419591e-05   1.0840465e-05  -4.2335182e-06   7.1842765e-06   2.3317882e-05   1.2392560e-05   2.7816288e-06   8.1074286e-06   2.6548273e-06   2.4729045e-06   9.0990176e-07   1.5425869e-06   1.9904064e-06   6.9655528e-08   1.2387413e-06   1.2517671e-06   8.0564513e-07   1.5226913e-06   5.3360193e-08   1.3750702e-06
  -0.0000000e+00  -1.8043854e-04   1.4360547e-05   9.2456066e-06   1.6557564e-05  -3.6259655e-06   3.3873514e-06   2.1226071e-05   1.8307512e-05   4.0720365e-06   5.6780127e-06   5.0705689e-06  -3.0505592e-07   1.8545600e-07   2.4351677e-06   7.6550322e-08   1.7663974e-07  -8.0132622e-07   1.2856407e-06  -2.0808432e-06   6.6989429e-07  -5.9708697e-07  -1.2709249e-06
  -0.0000000e+00  -1.8298300e-04  -1.9552099e-06   1.8725794e-05   2.0872329e-05  -7.1285776e-06   1.7668595e-05   1.7286215e-05   1.3214838e-05   1.6863929e-05  -9.4046368e-07   2.2799811e-06   4.0986920e-06   4.0828686e-06   5.9808042e-07   3.7942355e-06   1.6350526e-06   2.9237942e-08   1.4509282e-06   1.7224278e-06   1.5370158e-06   1.5150451e-06  -4.5686383e-07
  -0.0000000e+00  -2.0128980e-04   2.3338947e-05   7.2642988e-06   1.5119164e-05  -4.4041117e-06   3.1692030e-06   2.0717338e-05   1.7913269e-05   2.3941850e-06   8.5581787e-06   2.9018731e-06   3.0808765e-06   2.0727155e-06   9.9973272e-07   2.1115195e-06   1.9421923e-06   1.2801108e-07   1.4657594e-07   8.9786374e-07   3.5054975e-06  -9.5728076e-08  -3.7264820e-07
  -0.0000000e+00  -1.8355704e-04   1.6924964e-06   2.1929045e-05   1.6610020e-05  -1.0807509e-05   1.0835708e-05   2.6679527e-05   1.3586999e-05   9.1833590e-06   2.7873932e-06   5.2568125e-06  -1.5288063e-06   1.8652971e-06   3.3751553e-06  -2.7757443e-07   4.2597102e-07   4.8185791e-07   8.4578488e-07   8.7458517e-07  -2.0582675e-06   1.5678957e-06   2.9781934e-06
  -0.0000000e+00  -1.8121953e-04   8.1235003e-06   1.2374454e-05   1.8077650e-05  -1.4760293e-06   9.0573094e-06   1.3443838e-05   1.7541690e-05   7.0911492e-06   6.5510285e-06   3.0390827e-06   2.9278901e-06  -3.2422611e-07   2.2230122e-06   2.9338810e-06   1.2906143e-06   1.9105996e-06   2.9049968e-06  -1.0735068e-06  -6.6674505e-07   1.3351490e-06  -4.6628398e-07
  -0.0000000e+00  -1.9158523e-04   1.0602875e-05   1.2426480e-05   1.7323553e-05  -6.2178233e-06   1.2545441e-05   1.7848715e-05   1.4108785e-05   1.3050261e-05   3.6748368e-06   1.4081444e-06   4.3002742e-06   2.1315816e-06   3.2326188e-06   3.0845588e-06  -2.6104740e-07   2.0656325e-06   5.7011579e-07   1.5954739e-06   1.5049652e-06  -4.9794079e-07   4.9827003e-07
  -0.0000000e+00  -1.9384372e-04   1.0832068e-05   1.6626922e-05   1.7380204e-05  -1.4758269e-05   1.0212696e-05   2.3568053e-05   1.6307276e-05   5.8826145e-06   1.9411057e-06   4.6967339e-06   3.1159780e-06   3.0898511e-06   2.6352325e-06   9.2858767e-07   8.8402834e-07  -3.7792702e-07   1.5134759e-06   6.9077788e-07   6.7914078e-07   4.6038334e-08   9.1796630e-07
  -0.0000000e+00  -1.8054547e-04   8.2351944e-06   1.1662578e-05   1.9193290e-05   6.9284133e-06  -2.3927114e-06   2.1220279e-05   1.5660455e-05   3.1569541e-06   1.1720677e-05   6.0478778e-06  -3.7949050e-07   2.3279483e-06   2.7122055e-06   1.9229512e-06   7.3960905e-07  -4.1555964e-07   2.8844235e-07   2.8641790e-07   9.8761632e-07   1.4955691e-06   4.6735360e-07
  -0.0000000e+00  -1.8991088e-04   8.0467780e-06   1.3238970e-05   1.6580998e-05  -1.0775914e-05   1.9154821e-05   1.6582788e-05   1.3236732e-05   1.1991156e-05   7.9788339e-07   2.2091419e-06   4.6722835e-06   4.6617524e-06   1.4110384e-06   4.0157562e-07   1.3088357e-06   2.2717623e-07   2.1074411e-06  -9.9218951e-08   1.7050656e-06  -1.5617373e-06   1.9542010e-06
  -0.0000000e+00  -1.7923687e-04   6.1330552e-06   2.4076942e-05   1.1670680e-05  -3.9400657e-06   3.7442478e-06   1.9965761e-05   1.7144104e-05   8.0835243e-06   5.3257686e-06   6.0804455e-06   6.8951647e-07   1.0569224e-06   3.9586325e-06   5.4482530e-06   4.3304078e-07  -1.5824069e-06   9.5243928e-07   2.5843565e-06  -1.4030796e-06   1.2748254e-06  -7.5524142e-08
  -0.0000000e+00  -2.0161009e-04   1.9822553e-05   9.8743267e-06   2.9158466e-05  -1.0851812e-05   1.2501328e-05   1.8130469e-05   1.4433722e-05   4.5024553e-06   7.9475540e-06  -1.2788449e-06   4.1125963e-06   2.8704480e-06   3.0998558e-06  -4.8575055e-07   3.3793023e-07   1.9610552e-06  -1.9241757e-07  -2.2345305e-06   8.1969552e-07  -4.0567219e-08   6.1532785e-07
  -0.0000000e+00  -1.7154549e-04  -1.5298657e-06   1.0516374e-05   1.1495874e-05   7.6489124e-07   5.8351170e-06   2.2375702e-05   1.5667640e-05   9.5705127e-06  -3.8321309e-07   4.9094351e-06   2.5877662e-09   3.5114451e-06   3.1141997e-06  -4.3735771e-08   3.0102490e-06   2.8606248e-06  -1.7465743e-06   3.7299333e-06   6.9621518e-07  -5.2563712e-07   1.9967752e-06
  -0.0000000e+00  -1.9991292e-04   1.6675616e-05   2.0304209e-05   1.3205087e-05  -5.3371900e-06   8.2742836e-06   1.9854537e-05   1.2892798e-05   7.2518806e-06   9.2746723e-06   3.2292862e-06   3.4034024e-06   3.5587116e-06  -1.0226033e-06   4.6517407e-06   1.6571261e-06  -3.0496831e-06   4.4362187e-06  -4.3866251e-07   1.0057399e-06   6.3116960e-07   4.5725932e-07
  -0.0000000e+00  -1.8388487e-04   7.9446700e-06   1.8627476e-05   1.7995488e-05  -9.0838730e-06   1.2978548e-05   2.2441945e-05   1.2307043e-05   1.1182245e-05   1.9189108e-06   6.7796486e-06   2.1146400e-06   2.0241505e-06   2.9216801e-06   1.7563634e-06  -1.7952419e-06   2.1824085e-06  -4.4130363e-07   1.2239649e-06  -5.3488517e-08   1.6530598e-06   1.5282233e-06
  -0.0000000e+00  -1.8634672e-04   9.1859638e-06   2.8297234e-07   2.5124553e-05  -4.1470912e-06   3.3295610e-06   1.7417529e-05   1.8953833e-05   6.2114736e-06   6.4146807e-06   4.3948071e-06   3.1265181e-06   4.6824989e-06  -1.4770380e-06   1.2334026e-06   4.4281322e-07   6.2121978e-07   2.9353057e-06  -1.6201773e-06   3.3310041e-06   1.1656526e-06  -1.0522701e-06
  -0.0000000e+00  -1.8618547e-04   7.2779162e-06   2.4744597e-05   7.1460463e-06  -1.5491496e-06   4.6225041e-06   2.4149516e-05   1.3239381e-05   7.2708094e-06   6.0349776e-06   1.8320321e-06   4.6892865e-06   3.0909953e-06   8.4969997e-07   4.7806435e-07   2.8043485e-06   1.3448408e-06  -4.5729286e-07   1.2361524e-07  -7.8070917e-07  -3.4305071e-07  -3.7339740e-07
  -0.0000000e+00  -1.9164511e-04   1.3511646e-05   1.1689348e-05   2.0864481e-05  -1.0594710e-05   1.9321456e-05   1.4767168e-05   1.7541795e-05   7.3093947e-06   6.8001996e-06   5.0976832e-06   1.4835277e-06  -4.2818806e-07   3.7542386e-06   2.2490665e-06   1.3110921e-06  -1.4181066e-06   2.2768749e-07   2.1164878e-06  -1.9021420e-06   3.1308693e-07   4.0020402e-07
  -0.0000000e+00  -1.8481970e-04   2.9326950e-06   1.6709524e-05   1.1214470e-05  -2.7106714e-06  -1.0157298e-06   2.4977579e-05   8.8577854e-06   9.5151818e-06   5.7164070e-06   2.4005103e-06   3.5793073e-06   3.7753762e-06  -7.1176476e-07   4.0776482e-07   4.5176171e-07   1.5970169e-06   2.2784379e-06  -1.5650281e-06   2.4893297e-06   2.5255636e-06  -6.7603779e-08
  -0.0000000e+00  -1.8720343e-04   2.0827079e-05   2.0828345e-06   2.9138366e-05  -8.6323980e-06   1.4121014e-05   1.8939825e-05   1.9374405e-05   1.0303841e-05   4.0934096e-06   4.4481767e-06   2.2591562e-06  -3.4547941e-06   6.7246888e-06   6.7388967e-08   1.1695507e-06   1.7487830e-06  -1.6508452e-06   4.9584213e-07  -8.3090860e-08   3.4642678e-08  -1.8435601e-07
  -0.0000000e+00  -1.8355108e-04  -3.5490016e-06   2.8060304e-05   8.3622781e-06  -1.0319393e-06  -1.1743421e-07   2.2283673e-05   1.1259687e-05   5.6898043e-06   7.7119803e-06  -6.9616220e-07   4.0661080e-06   6.8594090e-06  -2.2578824e-06   3.1414204e-06  -1.2496635e-06  -7.1214515e-07   3.1594516e-06   5.9980732e-07  -6.8229656e-07   3.2229636e-06  -8.1167786e-07
  -0.0000000e+00  -1.9657922e-04   1.5922085e-05   1.1059196e-05   1.3639860e-05  -9.7758648e-06   1.5474243e-05   1.8446051e-05   1.8678313e-05   1.0050075e-05   3.3059591e-06   6.7836045e-06   1.3630946e-06  -1.0718375e-06   4.0928753e-06   1.4604577e-06   3.8497819e-06   3.7388648e-07  -1.1862018e-06   2.2856279e-06   1.0604739e-06  -3.1990548e-06   1.5470453e-06
  -0.0000000e+00  -1.7463615e-04   7.2746793e-06   1.3871920e-05   2.7295890e-05  -5.8102914e-06   7.8631847e-06   2.2152275e-05   9.4731831e-06   9.1390539e-06   2.4958183e-06   8.6998131e-07   4.2057404e-06   4.7355184e-06   1.3598599e-06   9.2825246e-07  -1.7069231e-06   3.1029963e-06   3.3550020e-06  -2.4618585e-06   1.4265420e-07   2.1885862e-06  -1.2472954e-06
  -0.0000000e+00  -1.9712631e-04   1.7746819e-05   7.9043939e-06   1.5473610e-05  -2.2491884e-06   5.7660309e-06   1.7658422e-05   2.1319413e-05   6.5308004e-06   8.2276674e-06   3.5175988e-06   1.4328330e-06  -4.7472872e-07   2.0567106e-06   2.7271751e-06   2.3633804e-06   1.5275679e-06  -2.1597934e-06   2.7224066e-06   1.3086901e-06  -3.5249226e-07   1.2921707e-07
  -0.0000000e+00  -1.8646136e-04   1.4233072e-07   2.0304495e-05   1.2619486e-05  -6.5827576e-06   7.9418669e-06   2.6853761e-05   7.5002840e-06   8.7072394e-06   8.0561762e-07   1.8833118e-06   4.8544975e-06   2.0539619e-06   1.2099484e-06   2.4259739e-06  -1.6498958e-06   4.6948753e-06   1.5087359e-06   1.4431497e-06  -1.2747978e-07  -3.5720373e-07   1.8331197e-06
  -0.0000000e+00  -1.8435268e-04   1.3771437e-05   1.3905895e-05   2.0503567e-05  -3.6683530e-06   1.1735441e-05   1.4544860e-05   2.1378757e-05   5.9324184e-06   1.2922299e-05   1.9749905e-06  -2.9353570e-08   1.8571383e-06   3.3792887e-06   2.6330229e-06   4.3517903e-06  -3.8358080e-06  -4.3704705e-07   3.6599458e-06   1.2670671e-07   5.2765535e-07  -1.8207595e-06
  -0.0000000e+00  -1.8659691e-04   5.1142056e-06   1.3714983e-05   1.2810900e-05  -4.1626017e-06   4.3040664e-06   2.3271448e-05   1.0192440e-05   1.0398880e-05  -8.8356347e-07   7.0494393e-06   2.3804869e-06   4.6543923e-06  -5.1397304e-08   1.4610694e-06   1.8410891e-07   3.0071560e-06   3.4467334e-07   1.7885659e-06   1.3811957e-06   4.1273442e-08   2.8183885e-07
  -0.0000000e+00  -1.9394860e-04   1.4735772e-05   6.2535173e-06   2.3827541e-05  -7.2753369e-06   1.3068371e-05   2.4647386e-05   1.7471057e-05   9.2832470e-06   8.6074961e-06   1.2939329e-06   1.9396923e-06   1.9394001e-06   3.4169843e-06   1.8004047e-06   4.2627685e-06  -7.3397393e-07   2.1263868e-06   1.8744358e-06   9.4516315e-07   2.0704633e-06  -1.2105374e-06
  -0.0000000e+00  -1.8706272e-04   5.4715501e-06   2.8754717e-05   5.0421822e-06  -6.2184803e-08   9.0267231e-06   1.5757187e-05   1.0801607e-05   8.8086672e-06   1.2484774e-06   5.5848336e-06   1.9475151e-06   2.4053711e-06  -1.6312924e-06   1.1907467e-06   4.7244356e-07   1.9346376e-06   7.9167023e-07   2.7725895e-07  -6.5092712e-07   1.2599442e-07   7.8262173e-07
  -0.0000000e+00  -1.8569044e-04   8.2610577e-06   1.9134375e-06   2.8426643e-05  -1.0985857e-05   8.5416732e-06   2.6946838e-05   1.8949593e-05   4.3794003e-06   8.0169639e-06   1.6539024e-06   8.0307819e-07   2.5611553e-06   3.4517325e-06   8.5211292e-07   1.4408951e-06   2.2968329e-06  -1.5568835e-07  -9.4258337e-07  -6.9167743e-07   1.2872039e-06  -1.3074947e-06
  -0.0000000e+00  -1.8262431e-04   1.0355790e-05   1.5897438e-05   9.4500874e-06  -5.2671257e-06   8.6101718e-06   1.7526922e-05   1.2853502e-05   6.1473352e-06   2.8202824e-06   6.0845055e-06   8.7073886e-07   5.0564254e-06  -7.7632158e-08   2.8052589e-06   1.0192701e-06   2.1064664e-06  -5.4656130e-07   1.0806874e-06   1.0720095e-07   5.4357128e-07   1.6960231e-06
  -0.0000000e+00  -2.0222118e-04   1.1861502e-05   1.5096017e-05   2.1947573e-05  -6.6309881e-06   1.2592003e-05   1.6548034e-05   1.5305928e-05   9.8051587e-06   8.2968472e-06   2.8939542e-07   6.2053759e-06  -1.2415521e-06   4.0550358e-06   2.2023748e-06   1.1192648e-06  -1.8677412e-06   1.1859488e-06   5.9913407e-07   1.4015080e-06   1.2192891e-06  -9.5065383e-07
  -0.0000000e+00  -1.7497755e-04   4.7433386e-06   1.1576889e-05   8.0825967e-06  -9.0178116e-07   5.5922046e-06   2.5085808e-05   1.1440337e-05   1.5011056e-05  -2.2217339e-06   5.1268726e-06   1.2703166e-06   5.2172222e-06  -2.2873667e-07   2.1971666e-06  -2.1743772e-07   2.9387716e-06   1.6816374e-06   1.0731833e-06  -5.1624767e-07  -6.1405717e-07  -2.8114538e-08
  -0.0000000e+00  -1.9803776e-04   8.2548695e-06   1.9377496e-05   2.1954864e-05  -1.2708339e-05   1.3625937e-05   1.8937139e-05   1.6540671e-05   3.6143363e-06   1.1709741e-05   3.8797430e-06   2.4298311e-06  -1.5582798e-06   2.3866055e-06   2.3577161e-06   2.5862341e-06  -2.2602894e-06   1.2326253e-06   1.3005468e-06   5.0243307e-07   2.5155357e-06  -1.1247947e-06
  -0.0000000e+00  -1.7669360e-04   1.2789696e-05   8.5982329e-06   1.7399756e-05   3.1779593e-06   2.5755967e-06   2.5752177e-05   1.4599676e-05   6.2524523e-06   4.7499429e-06   3.6721274e-06   2.1640287e-06   4.7805493e-06   1.6752074e-06   3.6356275e-07  -1.0797080e-06   3.0563699e-06   2.0777982e-06   8.6152062e-07   1.3905968e-06  -9.1622957e-07   1.8855927e-07
  -0.0000000e+00  -2.0292684e-04   6.1685269e-06   1.3282066e-05   2.0654763e-05  -1.5284344e-05   1.7831804e-05   1.3748859e-05   1.7201555e-05   9.1750526e-06   8.5469446e-06   1.0460950e-06   2.9933396e-06   4.3600244e-06   2.5228401e-06   2.6094463e-06   2.6385935e-06  -6.4103460e-07   2.0767484e-06  -4.3870025e-07   7.0346056e-07   2.5128888e-06   7.0057666e-07
  -0.0000000e+00  -1.7433839e-04   5.1364227e-06   1.6818472e-05   1.1656241e-05   7.0828173e-06   1.8218044e-06   2.4945719e-05   1.3752016e-05   8.0675291e-06   2.1236854e-06   5.4110510e-06   3.0087264e-07   8.9670976e-07   3.4690781e-06   9.1692192e-07   2.3324726e-06   2.7898361e-06  -6.0392011e-07  -7.4541452e-07  -9.7379939e-07  -1.6599412e-07   3.0322104e-07
  -0.0000000e+00  -1.9666391e-04   1.5317386e-05   1.1942697e-05   2.2103324e-05  -1.2756127e-05   8.0821656e-06   2.2805380e-05   1.4203881e-05   9.2699029e-06   5.6407966e-06   9.6204553e-07   3.1931934e-06   1.5815675e-06   3.1052368e-06   2.6961670e-06   6.5141217e-07   7.4602156e-07   1.5657041e-06   4.1131949e-07  -1.2539050e-06   1.1886651e-06   8.6092274e-07
  -0.0000000e+00  -1.8415996e-04   5.9255008e-06   1.4695441e-05   9.4485886e-06  -1.5708706e-06   9.5561309e-06   1.4628440e-05   1.5087530e-05   8.8369525e-06   1.5892114e-06   7.6600318e-06  -5.4399590e-07   3.5975272e-06   1.4891123e-06   3.1905513e-06   2.4627902e-06  -7.0328485e-07  -1.7662509e-06  -3.7924531e-07   2.7885796e-06   3.3658361e-07   2.1056283e-06
  -0.0000000e+00  -1.8714034e-04   1.1459892e-05   9.9742683e-06   2.6720001e-05  -1.1441714e-05   1.2204822e-05   2.5167150e-05   1.9826124e-05   3.1397904e-06   8.5767479e-06  -3.0181834e-06   7.1195491e-06   7.1233643e-07   3.1786117e-06   1.2333974e-06  -9.1379866e-07   1.4888767e-06   2.1119578e-07   9.3682627e-07   6.3368446e-07  -2.0542484e-07   2.6492555e-06
  -0.0000000e+00  -1.8394216e-04   4.1628496e-06   2.1979842e-05   9.6075582e-06  -2.3639029e-07   3.4737891e-06   1.8689305e-05   1.1822891e-05   1.1429348e-05   2.5659347e-06   7.1119107e-06   1.1164058e-07   3.4158954e-06   1.8198817e-06   1.1408994e-06   2.5385575e-06   1.2105763e-06   2.3639085e-07   2.9661589e-08   8.4340847e-08   3.6427957e-07   6.8551759e-07
  -0.0000000e+00  -1.9513734e-04   1.4148905e-05   4.2344323e-06   2.3891869e-05  -4.7195563e-06   1.2544863e-05   2.2942229e-05   1.6926484e-05   7.0764304e-06   5.3018357e-06   2.2750194e-06   3.4683032e-07   1.0267820e-06   8.9150126e-07   1.4704299e-06   3.4162031e-07   2.3806299e-06   1.0998883e-06  -2.4806848e-06   2.6433133e-07   1.1901702e-06  -1.3553336e-06
  -0.0000000e+00  -1.8405492e-04   6.5491890e-06   2.2302280e-05   1.2112013e-05  -4.6650816e-06   7.9357151e-06   2.3026443e-05   1.3487655e-05   8.9323357e-06   2.5482984e-06   3.3150322e-06   2.8437987e-06  -2.7803935e-07   4.2109223e-06  -4.5817103e-07   1.1809915e-06   1.1551330e-06   1.0250476e-06   1.0878573e-06   3.1189410e-07   4.7256333e-07   1.0149062e-06
  -0.0000000e+00  -1.8985331e-04   1.1810509e-05   1.0564262e-05   1.6084336e-05  -7.4359305e-06   1.1466806e-05   1.5048372e-05   2.0407891e-05   6.7103497e-06   8.0904820e-06   2.9379758e-06  -3.6757572e-07   3.7396997e-06   1.1030334e-06   3.8126404e-06   2.4242511e-06  -1.6674561e-06   2.9343826e-06   1.2676907e-06   7.6622399e-08  -6.2425272e-07   8.7548375e-07
  -0.0000000e+00  -1.8199829e-04  -2.4605708e-06   1.7639100e-05   1.5923368e-05  -1.0714034e-06   7.2469447e-06   2.5232757e-05   1.1018148e-05   8.5159136e-06   7.4332179e-06   1.4732434e-06   6.2853960e-06   3.7598725e-06   1.9570448e-06  -1.4794027e-06   1.6985408e-06   1.1047744e-06  -1.7953550e-07   8.4344146e-07   1.8350858e-06   6.8327302e-07   1.4110913e-07
  -0.0000000e+00  -1.9422267e-04   1.8527810e-05   9.5256128e-06   2.1052650e-05  -5.6967397e-06   4.2826209e-06   1.8609469e-05   1.9675139e-05   8.3569594e-06   4.4939293e-06   3.1839968e-06   1.1658425e-06   8.8416670e-07   4.2930224e-06   1.9058568e-06   3.6022959e-07   9.8903024e-07   2.1120993e-06  -1.7957258e-06   8.5247984e-07   1.2216775e-06   3.9906837e-07
  -0.0000000e+00  -1.8166218e-04   8.7178560e-06   1.8048422e-05   1.3905447e-05  -5.1172533e-06   9.6489966e-06   2.9197548e-05   9.0819876e-06   1.0082898e-05   3.2732423e-06   2.5097086e-06   2.4635556e-06   4.0486584e-06   1.0988629e-06   4.6732034e-06  -1.3002664e-06   1.4358264e-06   1.0265942e-06  -1.9137403e-06  -3.1583161e-07   2.3624539e-06   5.0348092e-07
  -0.0000000e+00  -1.9071618e-04   1.1035863e-05   1.2208479e-05   1.7641320e-05  -4.4745043e-06   1.2663652e-05   1.5568554e-05   1.7731971e-05   9.6551803e-06   7.8388084e-06   3.4285440e-06   1.2928185e-06   4.3898029e-07   3.6578858e-06   3.6721357e-08   2.6745731e-06   8.7605446e-07  -2.8390039e-06   1.9776919e-06   2.8895479e-06  -2.7485535e-06   2.4234539e-06
  -0.0000000e+00  -1.8430865e-04   1.9759320e-06   1.5780235e-05   1.9029791e-05  -3.6990527e-06   3.7672803e-06   2.3971315e-05   1.4690273e-05   4.0530372e-06   4.4969956e-06   5.4910433e-06   1.6753060e-06   5.2620981e-06   1.0047212e-06   3.2768128e-06   3.1820502e-07   1.5692948e-06   2.9303117e-06  -3.7153893e-07  -1.5362311e-06   6.4464268e-07   3.8716198e-07
  -0.0000000e+00  -1.8828012e-04   1.7436942e-05   1.4532441e-05   1.6451875e-05  -4.5571446e-06   1.1476013e-05   1.7885337e-05   1.7586261e-05   1.0490386e-05   5.2750588e-06   3.4223171e-06   3.1987202e-06   1.7619189e-07   2.5626546e-06   3.2538633e-06   2.4747490e-07   7.1995589e-07  -9.9593103e-07   1.0261757e-06   2.1473334e-06   1.8384259e-07   1.5910165e-06
  -0.0000000e+00  -1.8838463e-04   2.8859993e-06   1.6620595e-05   1.3637021e-05  -3.9775869e-06   6.7596748e-06   2.3110610e-05   1.1124715e-05   7.3828551e-06   4.9088944e-06   2.8730542e-06   3.2080627e-06   3.6488141e-06   5.1728188e-07   2.1137328e-06   7.0396385e-07  -1.1696902e-06   1.7231332e-06  -6.8303075e-07   9.9136923e-07  -1.5000335e-06  -8.8016276e-07
  -0.0000000e+00  -1.8727237e-04   1.4246848e-05   9.2011760e-06   2.0030091e-05  -6.6134639e-06   9.1312340e-06   1.8905415e-05   1.4341018e-05   1.2006917e-05   5.1301595e-06   4.5491947e-07   4.0250711e-06   2.3209927e-06   5.0354752e-06   9.1015814e-08   1.6087953e-06   1.2306240e-06   1.3432478e-07  -3.5682365e-07   1.9207657e-06  -5.5119693e-07  -7.5370826e-07
