  -0.0000000e+00  -1.9116105e-04   7.8986959e-06   2.1379963e-05   1.7506549e-05  -5.2775204e-06   5.8062365e-06   2.1633345e-05   1.5954054e-05   6.5061445e-06   6.2296044e-06   6.7843916e-06   6.1268099e-07   2.0180948e-06  -1.3388470e-06   3.7412926e-06   2.2179420e-06   7.2254983e-07   1.1318253e-06   1.8434199e-06  -7.4172630e-07  -5.7605394e-07  -1.5813990e-07
  -0.0000000e+00  -1.8683459e-04   9.0134108e-06   6.3260350e-06   1.5497166e-05  -4.8687220e-06   1.0988690e-05   1.7816799e-05   1.9075469e-05   5.4224829e-06   4.6518326e-06   2.0275456e-06   1.0952475e-06   2.9356984e-06   4.2748238e-06  -2.7043154e-06   5.8225783e-06  -8.0245331e-07   2.7119079e-06  -7.5558837e-08  -9.3854339e-07   1.2926565e-06   1.0270699e-06
  -0.0000000e+00  -1.8592099e-04   5.5065266e-06   2.2343238e-05   1.6518032e-05  -4.3955642e-06   1.0977406e-05   1.8983314e-05   9.3930303e-06   1.1737212e-05   6.8382283e-06   2.7123947e-06   3.5864009e-06   5.1611477e-07   2.7651356e-06   3.7894538e-06  -2.0433264e-07  -1.5927377e-06   3.6096162e-07   7.9410160e-07   1.8742372e-06   7.6250433e-07  -6.5121225e-07
  -0.0000000e+00  -1.9003954e-04   1.6532626e-05   8.2256474e-06   1.9517625e-05  -6.5195109e-06   6.0061207e-06   2.2681083e-05   1.4618620e-05   6.4892847e-06   1.9793138e-06   3.8469047e-06   4.6903010e-06   2.4184872e-06   4.7234694e-06   7.4666866e-07   1.9161855e-06   1.4624430e-06   4.6283153e-06  -1.4057499e-06   7.1969924e-07   6.4586862e-07   7.9009311e-07
  -0.0000000e+00  -1.9313926e-04   3.6009251e-06   1.2897513e-05   1.5428006e-05  -7.0351707e-06   7.7367413e-06   2.4267165e-05   1.7873332e-05   9.4508823e-06   6.9052157e-06   3.8106780e-06   2.3308025e-06   4.4675490e-09   2.0621846e-06   3.8790063e-06   2.0212966e-08  -2.2896120e-07  -1.3287822e-06   1.4141924e-06   1.7362664e-06   2.5345162e-07  -1.3119393e-06
  -0.0000000e+00  -1.8611926e-04   1.3057492e-05   1.5531297e-05   1.8901799e-05  -2.5931567e-07   7.8664243e-06   1.5163634e-05   1.4721134e-05   3.7198909e-06   5.0278031e-06   2.8739964e-06   5.1349380e-06   4.8744387e-06  -1.0200507e-06   1.4009919e-06   4.0179129e-06   1.6241400e-07   1.2803200e-06   2.9405146e-07   1.3216857e-06  -2.3844439e-07   2.3486621e-06
  -0.0000000e+00  -1.8283364e-04   3.3510437e-06   1.5296133e-05   1.5116852e-05  -9.4830039e-06   1.4513321e-05   2.4125175e-05   1.7472432e-05   1.3136843e-05   3.0073434e-06   2.8533216e-06   4.7727642e-08   2.5257500e-06   2.5104987e-06   4.9924965e-06  -1.0281565e-06   1.4427953e-06  -1.0356646e-06   1.7050063e-06   1.2505467e-06   2.3268241e-07   1.2032669e-06
  -0.0000000e+00  -1.9569081e-04   8.2855831e-06   1.0228183e-05   1.6455249e-05  -8.3565674e-06   2.5589034e-06   2.0410031e-05   1.0795379e-05   5.3867520e-06   4.9095956e-06   3.7884627e-06   5.0906742e-06   1.7815788e-06   2.8861859e-06   1.6137768e-06   7.9084197e-07   2.2408863e-06  -4.3579666e-07   1.1236390e-06   1.1692971e-06   7.8581360e-07  -1.8099709e-06
  -0.0000000e+00  -1.8676634e-04   1.2936286e-05   1.7477669e-05   1.4435635e-05   3.2927808e-06   8.5925276e-06   2.4477888e-05   1.8753210e-05   8.6746140e-06   5.9396766e-06   3.5217809e-06  -1.8700113e-06   2.7250635e-06   2.5954043e-06   2.3114142e-06  -5.1416617e-07   3.5669251e-07   1.4669122e-06  -2.5938066e-06   8.9316620e-07  -1.4925512e-06   4.3683175e-07
  -0.0000000e+00  -1.9370913e-04   5.1583174e-06   1.3805523e-05   1.6122653e-05  -1.3078204e-05   1.0259182e-05   1.7560636e-05   1.1906933e-05   1.0495900e-05   6.2275421e-06   1.4052259e-06   7.0879300e-06  -3.0611079e-07   1.5867519e-06   2.7148596e-06   2.2282986e-06  -4.8271562e-07  -1.1367583e-06   2.0633297e-06   2.3273474e-06  -1.2058887e-06  -1.2405679e-06
  -0.0000000e+00  -1.8173680e-04   7.9212668e-06   8.2361476e-06   1.8909481e-05  -3.1223271e-06   6.3533962e-06   2.2115333e-05   1.9661937e-05   2.3611335e-06   6.6398929e-06   5.1234606e-06  -1.0872100e-06   2.1438429e-06   2.2456820e-06  -3.7012973e-07   2.0143336e-06   6.9407383e-07   1.9129600e-06   2.0156979e-06  -3.2164763e-08   2.2236216e-06   7.1080348e-07
  -0.0000000e+00  -1.9220306e-04   8.1126209e-06   1.3186977e-05   1.9889238e-05  -9.5711312e-06   1.0088688e-05   2.6479476e-05   1.2640706e-05   1.3577597e-05   6.5007939e-06   3.6194715e-06   1.3072015e-06   3.5679161e-06   2.8291574e-06   4.5621502e-07   6.3314656e-07   2.3860429e-07   3.9112856e-06   2.9265166e-07   1.2357087e-06   1.8145907e-06   1.8776252e-06
  -0.0000000e+00  -1.8935061e-04   1.3309734e-05   1.3037977e-05   1.3705773e-05  -1.8554541e-06   3.0085378e-06   1.7571061e-05   1.1899630e-05   7.4196587e-06   4.3393434e-06   3.0689303e-06   5.7174552e-06   2.7244280e-06   2.4444828e-06   1.8530776e-06   1.3333463e-06   1.2416135e-06  -2.0048583e-06   1.8479617e-06  -1.3404855e-06   1.2398405e-06  -1.4499894e-06
  -0.0000000e+00  -1.9519834e-04   7.6478040e-07   2.0764621e-05   1.4443828e-05  -2.0300606e-06   1.5709029e-05   2.4200655e-05   1.9004539e-05   1.1584765e-05   4.0406053e-06   2.0393663e-06   2.9587761e-06   3.4313880e-06   2.1759770e-06   3.4016282e-06  -4.2980344e-07   5.2852346e-07   2.9033433e-06   2.3620029e-07   9.4524785e-07   6.4249588e-07   5.7549664e-07
  -0.0000000e+00  -1.7768741e-04   9.5017922e-06   8.7193130e-06   1.8626575e-05  -6.4046285e-06   5.8721016e-06   1.4605139e-05   1.1856123e-05   2.8699685e-06   7.8882795e-06   4.6890373e-06   1.0563142e-06   1.7418201e-06   2.4682206e-06   1.5095885e-07   6.3507912e-07   2.1103965e-06  -1.8348605e-06  -4.6078142e-08  -2.3482382e-06   1.0149829e-06   1.4264136e-06
  -0.0000000e+00  -1.9617767e-04   1.4999761e-05   1.1792149e-05   2.1243892e-05  -8.6994760e-06   9.2263454e-06   2.7960361e-05   2.3295104e-05   6.8163581e-06   7.5064436e-06   3.2195048e-06   2.0652426e-07   3.2387993e-06   7.7508770e-07   5.2013256e-06   3.0302597e-06  -8.0830603e-07  -1.2757874e-06   1.0395406e-06   4.8272718e-06  -1.7496783e-06  -1.8997672e-07
  -0.0000000e+00  -1.8784596e-04   3.6478611e-06   1.7175516e-05   1.4906920e-05  -7.8975370e-07   9.9766776e-06   1.8498051e-05   7.7983568e-06   9.6271106e-06   2.0862465e-06   6.1554742e-06   3.6194997e-06   1.1325819e-06   3.1453883e-06  -3.0381472e-07  -7.4724710e-07   2.1465862e-06   2.0307425e-06   3.0658878e-06  -3.3750212e-06   1.0859001e-06   1.9569131e-06
  -0.0000000e+00  -1.8686357e-04   7.5022949e-06   1.4394079e-05   1.9846098e-05  -6.3012149e-06   8.3637660e-06   2.4028068e-05   1.2815454e-05   1.1915084e-05   7.7955965e-06   1.9694212e-06  -1.4200324e-06   1.8746489e-06   4.3114546e-06   1.3915705e-06   1.1325351e-06  -2.2334109e-06   3.0323222e-06   4.8748717e-07   1.0144450e-06  -7.6873198e-07  -3.5667838e-08
  -0.0000000e+00  -1.8531449e-04   5.1756983e-06   1.8614712e-05   1.6199989e-05  -8.4549019e-06   1.3645267e-05   2.2569577e-05   1.4673573e-05   1.3111687e-06   3.7593422e-06   2.6251598e-06   5.7517764e-06   1.5428946e-06   3.1496202e-06  -1.2671345e-06   2.5919530e-07   2.7305116e-06  -1.8563680e-08   1.3719189e-06  -1.1071471e-06   2.1727253e-06   5.9986053e-07
  -0.0000000e+00  -1.9453432e-04   2.0184711e-05   5.0605963e-06   2.2030188e-05  -4.5347701e-06   6.4352575e-06   1.5639542e-05   1.9830657e-05   9.3615527e-06   9.0868916e-06   4.6382002e-06  -3.2766102e-06   2.8935540e-06   1.3347443e-06   2.0468972e-06   1.6702959e-06  -7.1056155e-07   1.4402312e-07   1.8766608e-06   5.6794300e-07   1.3796096e-06  -1.5154153e-06
  -0.0000000e+00  -1.8876445e-04   2.9363664e-06   2.1385376e-05   1.5185594e-05  -3.3592416e-06   1.0870488e-05   2.1358977e-05   1.4442326e-05   6.2123490e-06   2.5210547e-06  -1.1850375e-06   5.6953818e-06   3.0888950e-06   2.8399270e-06   2.2638827e-07  -1.0805054e-06  -5.6492593e-07   2.3625432e-07   3.6826225e-07  -8.7435978e-08   5.2346650e-07   3.2102635e-06
  -0.0000000e+00  -1.8129870e-04   2.6385301e-06   1.4290802e-05   1.5794980e-05  -6.4118694e-06   9.6533977e-06   2.5641835e-05   1.5806105e-05   8.6931559e-06   4.5560137e-06   6.5634349e-06   1.9085560e-06   9.7092288e-07   3.4717630e-06   2.8635866e-06   2.8593256e-06   1.7931591e-06  -2.2166496e-06  -3.9070702e-07   2.9656744e-06   5.6658268e-07  -1.3430302e-07
  -0.0000000e+00  -1.9657917e-04   1.3892296e-05   1.2620298e-05   1.7829549e-05  -4.2495276e-06   7.7184295e-06   1.7336804e-05   1.0458073e-05   1.0285237e-05   4.4900562e-06   4.1598055e-06   1.1832481e-06   1.5362117e-06   3.6600736e-06   2.3876299e-07  -2.3817927e-06   3.6517865e-06  -1.9864568e-07   6.2943175e-09  -4.8325683e-07   1.6406373e-06   1.9776428e-06
  -0.0000000e+00  -1.8887695e-04   1.3717721e-05   1.1685524e-05   1.8355138e-05  -9.1955299e-06   1.3620157e-05   2.3290402e-05   1.9436280e-05   4.7796298e-06   6.6796733e-06   9.4231194e-07   3.3879328e-06   3.0432186e-06  -6.5354300e-09   3.8522958e-06   2.9967680e-07  -2.4650262e-07   7.0920100e-07   1.7292400e-06   4.0601885e-06   4.8344805e-07  -1.3370102e-07
  -0.0000000e+00  -1.7741269e-04   4.0221385e-06   1.2783781e-05   1.3584668e-05  -3.6830477e-06   6.8314016e-06   1.8508183e-05   1.5489057e-05   7.3053052e-06   6.4673959e-06   1.1326069e-06   2.0313157e-06   3.5358064e-06   2.7269602e-06   5.8130775e-07   2.1311787e-06   1.2733733e-06   7.4070675e-07   1.3945426e-06   6.1289370e-07  -1.0895113e-06   7.7933817e-07
  -0.0000000e+00  -1.9761930e-04   2.6510925e-06   2.0088230e-05   1.9462179e-05  -5.8426940e-06   9.0558988e-06   2.0146645e-05   1.3616826e-05   1.0364045e-05   6.6381476e-06   5.5074793e-06   1.9177539e-06   2.8872983e-06   4.0475065e-06   3.3828039e-06  -1.8531331e-07  -2.2936689e-07   5.7599169e-07   2.0722571e-06  -1.1307211e-06   2.6451460e-06   4.1144338e-07
  -0.0000000e+00  -1.8743772e-04   1.4570865e-05   9.3130602e-06   1.5081421e-05   5.8329476e-07   7.0684059e-06   2.0852398e-05   1.7218417e-05   5.8483924e-06   2.3534640e-06   5.9297390e-06   1.4704729e-06   2.5986951e-06   3.9865954e-06  -9.9138163e-07   2.3870705e-06   2.6377886e-06   1.0282664e-06  -4.3883901e-07   1.2739050e-06  -3.1911244e-07  -1.8281949e-06
  -0.0000000e+00  -1.9179142e-04   1.1989008e-05   1.2119320e-05   1.9502446e-05  -1.2870437e-05   1.1977846e-05   2.3181459e-05   1.1910704e-05   1.1726510e-05   4.8848583e-06   2.1900260e-06   1.5917714e-06  -2.6073954e-07   2.6098107e-06   9.8737326e-07   2.5890561e-06  -1.1319395e-06   2.0996117e-06   1.3155712e-06  -1.1056437e-06   2.4673836e-06  -5.7289833e-07
  -0.0000000e+00  -1.8020127e-04   2.2428626e-06   1.7137676e-05   1.6288581e-05  -2.3157861e-06   6.2096124e-06   1.7886592e-05   1.8504696e-05   2.9633018e-06   7.5512426e-06   1.5412314e-06   3.7225473e-07   5.5687196e-06   2.4326732e-07   7.7663236e-07  -1.7878391e-07  -1.7072310e-07   1.6311463e-06   1.7616513e-06   9.5593123e-07  -1.7741047e-06   2.2472761e-06
  -0.0000000e+00  -1.9551200e-04   1.3005273e-06   1.8559984e-05   1.9363175e-05  -8.2691968e-06   1.0870537e-05   2.1809030e-05   1.6115646e-05   1.0320687e-05   8.0333430e-06   1.7389664e-07   4.4722742e-06   5.3431631e-07   1.9480867e-06   3.7791590e-06   1.4694248e-06  -5.2760936e-07   1.3176415e-06  -9.5993994e-07   2.0287550e-06   1.4967310e-06   4.4736691e-08
  -0.0000000e+00  -1.8971409e-04   2.2841827e-05   4.5944257e-06   1.4850129e-05  -2.3666005e-06   6.5010913e-06   1.9086952e-05   1.1985725e-05   7.5789490e-06   2.0725302e-06   7.2498569e-06   6.9634518e-07  -4.4891937e-07   3.4298018e-06   3.6602844e-07   3.1677138e-07   1.8607961e-06  -4.8696552e-07  -8.8755883e-07   9.8501030e-09  -2.2608947e-06   3.1600869e-06
  -0.0000000e+00  -1.8432217e-04   3.1016439e-06   1.5009458e-05   1.8098124e-05  -6.6423081e-06   1.3973880e-05   2.5011350e-05   1.3430590e-05   1.1796070e-05   5.4228944e-06   5.8596481e-07  -2.4122923e-07   1.2829106e-06   1.3115390e-06   5.3430522e-06  -7.6415922e-08   6.4799006e-09   1.4705242e-06  -2.6170605e-07   1.2879091e-06   1.6411822e-06  -1.4898998e-06
  -0.0000000e+00  -1.9180623e-04   4.0537616e-06   1.6818560e-05   1.4984083e-05  -8.5240972e-06   8.2560027e-06   1.5666807e-05   1.5803791e-05   5.3509834e-06   3.7993561e-06   6.8209338e-06   1.4619840e-06   5.6049266e-06   1.3019434e-06   7.2307557e-07   2.9417572e-06   1.7088729e-06  -1.5191147e-06   1.3627101e-06  -2.0764264e-07  -3.5720231e-07   2.5117499e-06
  -0.0000000e+00  -1.8628725e-04   8.4347039e-06   1.5763599e-05   1.6996144e-05  -3.0317469e-07   9.7198572e-06   2.4912355e-05   1.7989745e-05   8.5825141e-06   8.4310850e-06   9.1254282e-07   3.0951173e-07   5.0507729e-06   2.8452018e-06   2.3767977e-06   1.0154217e-06  -1.4223607e-06   4.2767706e-06  -2.4053946e-07   1.6679547e-06   1.2221426e-06   6.8669021e-07
  -0.0000000e+00  -1.8890857e-04   1.0166284e-05   6.8295622e-06   1.7044285e-05  -3.8699077e-06   8.3907535e-06   1.6112093e-05   1.4603671e-05   3.4704685e-06   4.1714375e-06   7.1735371e-06   2.4003484e-06   1.9272090e-06   1.9522372e-06   3.0676365e-06   8.1468613e-07   2.0284372e-06   2.4559326e-06   7.8713350e-07  -1.6898147e-06   1.9036760e-06   1.5515739e-07
  -0.0000000e+00  -1.9369832e-04   7.7194300e-06   1.4496571e-05   2.0681176e-05  -7.9723995e-06   6.4655501e-06   2.8253055e-05   1.3479880e-05   1.2331589e-05   5.5468022e-06   2.8482004e-06   4.8787952e-06  -1.5713990e-06   3.7023676e-06   1.3201992e-06   3.4683067e-06  -2.0895488e-06  -1.7768065e-06   5.0450444e-07   2.3134473e-06  -2.0621830e-07   1.2377449e-06
  -0.0000000e+00  -1.8573484e-04   6.8563195e-06   2.0667370e-05   1.4307554e-05  -5.9806284e-06   1.6455244e-05   1.8031056e-05   1.2534067e-05   7.9121373e-06   3.1748564e-06   3.2681021e-06  -5.2704678e-08   4.8677930e-06   2.2245470e-06   8.0417266e-07  -4.1238195e-07   1.8703278e-06   2.6313287e-06   3.9651570e-07  -1.0582933e-06  -1.8529241e-06   2.2821976e-06
  -0.0000000e+00  -1.8632645e-04   8.4222847e-06   1.0618158e-05   1.5800111e-05  -1.5146620e-06   3.9441888e-06   1.8440945e-05   1.9564621e-05   6.3718362e-06   8.4719813e-06   5.1826137e-06  -9.1327553e-07  -9.0600167e-07   2.4024177e-06   8.0871484e-07   1.8485794e-06   1.0639518e-06   1.3524608e-07   6.9820999e-08   2.6640389e-06   1.6823443e-06  -1.2750252e-06
  -0.0000000e+00  -1.9647623e-04   1.0158275e-05   1.2679830e-05   2.2645865e-05  -5.1852990e-06   6.9441171e-06   2.6687994e-05   1.7489865e-05   4.3370455e-06   3.2139776e-06   5.1136258e-06   2.7477242e-06   2.9597616e-06   1.1998333e-06   3.3502020e-06   8.6267215e-07   1.8045637e-06   2.7047738e-06  -9.1310318e-07   9.0614250e-08   1.3574547e-06  -5.0606321e-08
  -0.0000000e+00  -1.8110793e-04   5.0354406e-06   1.7263974e-05   1.4382929e-05  -8.5689662e-06   1.1636424e-05   1.6212432e-05   1.4672233e-05   8.4995745e-06   6.5596582e-06   2.9594573e-06   1.4377341e-06   2.7392955e-06   1.3641005e-06   3.0707490e-06  -5.4270248e-07   1.3360552e-06   7.1745313e-07   2.0024040e-06   1.7204470e-06   7.4507142e-07   2.1502346e-06
  -0.0000000e+00  -1.9145556e-04   9.0577150e-06   1.4481007e-05   1.7954459e-05  -7.7700388e-06   1.1822628e-05   2.3373501e-05   1.1792595e-05   1.0821690e-05   2.9450448e-06   3.1580309e-06   3.2106132e-06   1.8291240e-06   1.1222206e-06   1.2161585e-06   1.4714013e-06   1.1299486e-06   3.9392776e-07   3.3555366e-08   8.2305826e-07   5.0176953e-07   1.8491558e-06
  -0.0000000e+00  -1.9391415e-04   1.0983071e-05   1.5882249e-05   1.4902879e-05   3.2403084e-06   3.5140943e-06   1.9539864e-05   1.9567018e-05   6.0491461e-06   4.8892671e-06   5.0618555e-06   1.4559273e-06   1.6954310e-06   4.2729766e-06  -9.3618860e-07   2.7818619e-06   1.2204695e-06  -1.0521931e-06   1.2241082e-06  -8.7711373e-07  -5.9595743e-07   1.0254171e-06
  -0.0000000e+00  -1.8713747e-04   2.4020796e-06   1.2273869e-05   2.3374239e-05  -1.2951541e-05   6.2640952e-06   1.9836394e-05   1.5975156e-05   6.1838455e-06   7.5058915e-06   3.0747933e-06  -9.1973914e-07   1.0980498e-06   4.1347430e-06   3.5560396e-07   4.3059990e-06  -2.1345207e-07   1.3866153e-06  -1.3325375e-07   2.8364889e-06  -1.2526800e-06   1.6891167e-06
  -0.0000000e+00  -1.8501408e-04   1.0854809e-05   1.3477608e-05   1.5178587e-05  -3.4249260e-06   1.3914141e-05   2.4273904e-05   1.0191834e-05   9.1155189e-06   6.6475991e-06  -1.3852670e-06   6.5115382e-06   2.1166691e-06   3.9321581e-06   4.9379804e-07   1.0991467e-06   2.7646413e-06   1.2232982e-07   2.3763794e-06   9.7793679e-07   2.3705029e-06  -7.8360500e-08
  -0.0000000e+00  -1.8706502e-04   6.2373761e-06   1.8056626e-05   1.1323237e-05  -5.1593029e-06   7.8626381e-06   1.6676047e-05   1.6657852e-05   6.2157737e-06   6.3046359e-06   3.8683752e-06   2.7142535e-06   3.5191090e-06   2.9062585e-06   4.1692138e-06   6.1315484e-07  -1.8815197e-07   1.7502393e-06  -2.4217079e-06   2.1576925e-06   2.7810022e-06  -1.8966815e-06
  -0.0000000e+00  -1.9387387e-04   8.0166237e-06   8.1608050e-06   2.2376356e-05  -5.6770832e-06   5.6318277e-06   2.4357236e-05   1.6414744e-05   7.0786700e-06   1.3632690e-06   6.9760567e-06   2.9912647e-07   2.4515132e-06   2.5271572e-06   6.1884708e-07  -1.2244993e-06   2.3817527e-06   6.9244027e-07  -1.0188874e-06  -7.5667123e-07  -6.5797138e-07  -3.1857661e-07
  -0.0000000e+00  -1.8885851e-04   1.2911117e-05   1.4994556e-05   1.6211834e-05  -3.7169998e-06   1.2562852e-05   1.9015830e-05   1.3560482e-05   7.1544787e-06   7.0552956e-06   2.2595686e-06   1.0472551e-06   3.1430277e-06  -3.4988574e-07  -1.1960337e-07   1.5443328e-06   2.3340194e-06  -1.4219543e-06  -1.8494352e-07   1.0107073e-06   3.1480108e-06  -1.6664512e-06
  -0.0000000e+00  -1.8163392e-04   6.9378625e-06   1.5025346e-05   1.6664450e-05  -9.9288527e-06   9.9892050e-06   1.8579842e-05   1.3245430e-05   1.3880324e-05   5.0648800e-06   4.9051895e-08   7.8490882e-07   4.0397422e-06   2.3852851e-06   3.4623768e-06  -2.2623983e-08  -1.5014524e-07   1.5028610e-06   1.0370419e-06   1.1230171e-07   1.8553980e-07   2.4478836e-06
  -0.0000000e+00  -1.8887287e-04   8.6838618e-06   1.0444865e-05   2.1767471e-05  -1.3274603e-06   6.5474678e-06   2.4639969e-05   1.4763577e-05   6.6665157e-06   7.8665516e-06   1.9192059e-06   4.8797824e-06  -1.7860749e-06   2.5959023e-06   2.0783873e-06  -3.0869498e-06   1.6981323e-06  -1.4367974e-06   2.7970603e-07  -4.0328212e-07  -1.9591373e-07   6.4111777e-07
  -0.0000000e+00  -1.9512900e-04   6.5519466e-06   1.6834987e-05   1.4174387e-05  -4.1040093e-06   8.7509707e-06   1.7676633e-05   2.0143249e-05   4.9012401e-06   4.2716056e-06   7.8010862e-06   7.9447517e-07   1.7861420e-06   3.2745033e-06   2.1976252e-06  -1.8093476e-07   2.9953176e-06   4.2764691e-07   7.2244256e-07   2.9339676e-06  -8.3147330e-07   2.1726053e-07
  -0.0000000e+00  -1.8283668e-04   1.5441077e-05   1.2841473e-05   1.7637010e-05  -9.3513290e-06   1.2605252e-05   1.8796560e-05   1.3397985e-05   1.3675753e-05   6.0415014e-06   2.2401575e-06   2.7870515e-06   3.9536235e-06   3.9859260e-06  -3.9726447e-07   3.1806610e-06  -8.8755212e-07  -2.0438107e-07   5.8052308e-07  -1.5098265e-06   1.2469493e-06   2.3099340e-06
  -0.0000000e+00  -1.9544532e-04   6.2312388e-06   1.3140026e-05   1.8318748e-05  -4.0383279e-06   5.8854876e-06   2.3597177e-05   1.6489208e-05   6.5151694e-06   5.1743355e-06   4.4558869e-06   4.0443178e-06   3.0218721e-06  -2.4848619e-06   1.9563445e-06   3.8992985e-06  -1.9594588e-06   2.7511373e-06   5.5666715e-07   8.7333234e-07   4.5396649e-07  -7.3596522e-07
  -0.0000000e+00  -1.7987013e-04   2.1288170e-06   1.3959491e-05   1.7396318e-05  -4.9767500e-06   9.3250019e-06   1.9426740e-05   1.4999606e-05   8.1775906e-06   4.1385165e-06   3.4934451e-06   2.3635530e-06   1.6526959e-06   2.7999838e-06   1.4470800e-06   1.9961956e-06  -1.3537637e-07   1.7541470e-06   1.2242501e-06  -2.3959359e-07   2.3443899e-06  -1.0591041e-06
  -0.0000000e+00  -1.9551571e-04   1.6805163e-05   1.3004572e-05   1.6958827e-05  -5.6460526e-06   5.5163600e-06   2.3477221e-05   1.5170985e-05   9.5119049e-06   7.1987201e-06   4.0979680e-06   3.4557760e-07   2.0288917e-06   3.2937503e-06   2.3352561e-06  -7.0316565e-07   9.3567962e-07   1.1583593e-06  -4.3098299e-07   2.4154724e-06   5.1017628e-07   1.1190798e-06
  -0.0000000e+00  -1.8884455e-04   5.0439539e-06   1.7233242e-05   1.4540955e-05  -5.3399526e-06   1.4096842e-05   1.9554733e-05   1.7100427e-05   7.2990993e-06   1.8674250e-06   2.8751219e-06   5.6038484e-06  -1.7560999e-06   2.8389354e-06   1.0464894e-06   1.7725815e-06  -1.3071329e-06  -1.3766394e-06   6.1178645e-07  -1.3205495e-06   1.9833756e-06   1.5368703e-06
  -0.0000000e+00  -1.8444039e-04   5.7271274e-07   1.3901750e-05   2.3524684e-05  -1.0578993e-05   5.1456977e-06   2.4063629e-05   1.2261849e-05   5.5340861e-06   7.9675729e-06  -4.8227025e-07   1.4524178e-06   3.1695283e-06   2.7629703e-06   2.1889196e-06   2.6269061e-06   8.0839499e-07   2.3143942e-07   2.5636461e-06  -1.7116084e-06  -2.3705879e-07   3.5424191e-06
  -0.0000000e+00  -1.9407496e-04   2.0411922e-05   1.1275815e-05   1.0357980e-05   2.0976961e-06   8.4952908e-06   1.9886442e-05   1.6038204e-05   8.5191587e-06   3.4585166e-06   5.8265741e-06   1.9047188e-06  -3.0445133e-07   3.9206861e-06   2.4353028e-06   2.3282487e-06   3.1353177e-06  -1.7199916e-06   2.4735555e-06   7.3882927e-07  -1.4958275e-06   1.0144759e-06
  -0.0000000e+00  -1.8614485e-04   2.4997380e-06   1.4621576e-05   1.8906196e-05  -5.9349172e-06   1.0297660e-05   2.4037414e-05   1.3950595e-05   7.4655318e-06   4.5503543e-06   4.2999168e-06   7.6981132e-07   4.1594985e-06  -1.2751697e-06   2.6152570e-06   8.5817635e-07   9.1308550e-07   2.8423083e-06  -9.4562984e-07   2.9427970e-06  -6.9562464e-07  -3.3000461e-08
  -0.0000000e+00  -1.9226938e-04   5.4023180e-06   1.3775847e-05   1.7332153e-05  -7.9888032e-06   7.6882588e-06   1.5745360e-05   1.7426861e-05   1.0088063e-05   4.1390390e-06   1.2372689e-06   5.0124722e-06   3.6871568e-06   1.7489058e-06   2.0963487e-06  -1.1774783e-06   3.2873659e-06   1.6337004e-06   2.3117497e-07   1.1289420e-06  -7.4956893e-07   1.9429501e-06
  -0.0000000e+00  -1.8712705e-04   5.9270174e-06   1.7109342e-05   1.9250267e-05  -7.7728919e-06   7.4164018e-06   2.6953761e-05   1.2042435e-05   7.8952444e-06   5.6233912e-06   1.6140757e-06   2.3853606e-06   3.2806149e-06   5.1202699e-07   4.2917477e-06   5.1531661e-06  -2.3624548e-06   2.5167360e-06   1.4352086e-06  -1.1248068e-06   2.2548224e-06  -9.6235840e-07
  -0.0000000e+00  -1.8005488e-04   1.8158891e-05   6.8270210e-06   1.0462099e-05   1.5111259e-07   1.0550943e-05   1.8488810e-05   1.9394854e-05   5.7832599e-06   3.2546411e-06   4.1682856e-06   2.1982360e-06   2.6972550e-06   2.0874450e-06  -1.8197700e-07   1.1917195e-06   1.4677307e-06  -1.0816038e-06   2.7336409e-06   1.9168119e-06  -1.3536509e-06   3.8903514e-07
  -0.0000000e+00  -2.0646145e-04   7.4397071e-06   1.6574733e-05   1.9747851e-05  -8.7454318e-06   6.3137422e-06   2.4397612e-05   1.2296776e-05   1.2678449e-05   6.2234367e-06   1.0711714e-06   5.8150516e-07   6.8871873e-07   4.2674674e-06   3.4810645e-07   4.9066102e-07   1.5545164e-06   5.7879146e-07  -2.1272029e-08  -1.2716185e-07   3.3191118e-06  -1.4960307e-06
  -0.0000000e+00  -1.7282979e-04  -7.8548311e-08   1.7871909e-05   1.8683588e-05  -5.0623003e-06   1.2135349e-05   1.7417382e-05   1.8553175e-05   8.2304878e-06  -8.9234167e-09   5.3929061e-06   2.6094651e-06   1.2539509e-06   5.2743458e-06   1.1796209e-06   6.3208984e-07   3.1132828e-07   1.5462875e-06   8.4146518e-07  -6.8658608e-07  -1.1511684e-06   5.5952972e-07
  -0.0000000e+00  -1.9461675e-04   1.5197459e-05   1.4968005e-05   1.3026753e-05  -1.0504197e-05   1.0124846e-05   2.1608268e-05   1.4853054e-05   9.0958365e-06   8.2151146e-06  -2.4888971e-06   2.8231082e-06   3.2730527e-06   2.1924168e-06   3.3352217e-06   2.1160972e-06   3.4698107e-09  -6.6905795e-07   2.4474821e-06  -5.4977380e-07  -1.0854092e-06   1.6843071e-06
  -0.0000000e+00  -1.9118495e-04   1.1526668e-05   8.1642802e-06   1.7307302e-05   5.8818623e-06   2.1491426e-06   2.3353046e-05   1.3955351e-05   4.3215778e-06   8.7323779e-06   5.0046119e-06  -2.3087348e-06   8.4091498e-06   7.2415838e-07   2.1547910e-06   1.5215261e-06  -1.2036418e-06   3.8682556e-06  -9.6648648e-07   2.0272055e-06   2.7204106e-07   2.9524821e-07
  -0.0000000e+00  -1.8626906e-04  -9.8779469e-07   1.9673467e-05   2.0095105e-05  -9.1431102e-06   1.5068528e-05   2.2371953e-05   1.7988732e-05   1.0585902e-05   5.8760924e-07   3.8261687e-06   4.4625122e-06  -4.6990101e-07   4.0935602e-06   2.8156724e-06   1.7196753e-06   2.3139230e-06  -1.1350540e-07   7.0058536e-07   1.4367142e-06   1.1463845e-06   1.6291182e-06
  -0.0000000e+00  -1.9044989e-04   1.6823040e-05   1.1615541e-05   1.4866456e-05  -8.5709726e-06   8.2759325e-06   1.9564286e-05   1.4153646e-05   6.6187290e-06   3.5988339e-06   5.9115609e-06   1.0059970e-06   4.0795712e-06   8.0564814e-07   3.7027301e-06  -1.3450692e-06  -8.8140774e-07  -1.4567340e-07   1.9399376e-06   2.7912472e-07   1.3576552e-07   1.0678853e-06
  -0.0000000e+00  -1.8628569e-04   3.3263657e-06   1.4047826e-05   2.2376196e-05   3.8716030e-07   1.1974265e-05   2.0041851e-05   1.3190822e-05   1.1926601e-05   5.6846989e-06  -1.5024261e-06   4.2003794e-06   2.4028350e-06   6.0146076e-06   7.9976138e-07   1.6043826e-06   1.4434266e-06  -1.2511319e-06   7.2291948e-07  -7.5237153e-07   8.6517252e-07  -1.8412517e-06
  -0.0000000e+00  -1.9633879e-04   6.9143225e-06   1.8056824e-05   1.0599801e-05  -4.6083806e-06   7.2252365e-06   2.3775039e-05   1.2646297e-05   2.8404158e-06   8.2853285e-06   2.7164588e-06   2.5321626e-06   9.5556061e-07   1.5809219e-06   2.0492241e-06   7.3403832e-08   1.2846251e-06   1.2427200e-06   8.1736027e-07   1.5526609e-06   4.3873914e-08   1.3856901e-06
  -0.0000000e+00  -1.8110157e-04   1.3810007e-05   8.6846567e-06   1.6404063e-05  -3.9598058e-06   3.3638746e-06   2.1637865e-05   1.8679604e-05   4.1559915e-06   5.8248424e-06   5.1979177e-06  -2.7522526e-07   2.1007381e-07   2.5140521e-06   1.0063498e-07   2.0302996e-07  -7.9397142e-07   1.3315907e-06  -2.1003270e-06   6.8770976e-07  -5.8973848e-07  -1.2604153e-06
  -0.0000000e+00  -1.8369799e-04  -2.8709176e-06   1.8389266e-05   2.0806714e-05  -7.5116468e-06   1.7931519e-05   1.7588554e-05   1.3428374e-05   1.7214115e-05  -9.7971122e-07   2.3148523e-06   4.1591334e-06   4.1722005e-06   6.1361771e-07   3.8538601e-06   1.6481798e-06   4.2715346e-08   1.4822652e-06   1.7396935e-06   1.5332913e-06   1.5353072e-06  -4.4494689e-07
  -0.0000000e+00  -2.0238409e-04   2.2956732e-05   6.6555458e-06   1.4956077e-05  -4.7190824e-06   3.1199395e-06   2.1074220e-05   1.8269822e-05   2.4386632e-06   8.7623066e-06   2.9679150e-06   3.1595189e-06   2.1217045e-06   1.0175154e-06   2.1543935e-06   2.0000734e-06   1.4186763e-07   1.4480251e-07   8.8611358e-07   3.5846781e-06  -1.1799007e-07  -3.6295106e-07
  -0.0000000e+00  -1.8426245e-04   8.4490802e-07   2.1629805e-05   1.6439781e-05  -1.1245145e-05   1.0940323e-05   2.7220349e-05   1.3819561e-05   9.3798099e-06   2.8471438e-06   5.3848316e-06  -1.5404582e-06   1.9317802e-06   3.4604934e-06  -2.5947250e-07   4.3914719e-07   5.1270769e-07   8.5930253e-07   9.2591273e-07  -2.0839564e-06   1.5781677e-06   3.0139422e-06
  -0.0000000e+00  -1.8188902e-04   7.4179939e-06   1.1865509e-05   1.7935499e-05  -1.7421281e-06   9.1483771e-06   1.3693678e-05   1.7874043e-05   7.2125299e-06   6.6921316e-06   3.0906292e-06   3.0223794e-06  -3.2252578e-07   2.2950758e-06   2.9751041e-06   1.3306790e-06   1.9145284e-06   2.9623016e-06  -1.0999861e-06  -6.4451604e-07   1.3582969e-06  -4.6045525e-07
  -0.0000000e+00  -1.9246094e-04   9.9457120e-06   1.1957256e-05   1.7178270e-05  -6.5774011e-06   1.2672744e-05   1.8201437e-05   1.4384503e-05   1.3287019e-05   3.7598095e-06   1.4274735e-06   4.3979753e-06   2.1913179e-06   3.2715720e-06   3.1604445e-06  -2.7105821e-07   2.1067876e-06   5.6364263e-07   1.6096035e-06   1.5669353e-06  -5.2345774e-07   5.1197730e-07
  -0.0000000e+00  -1.9478519e-04   1.0208346e-05   1.6238388e-05   1.7262488e-05  -1.5299504e-05   1.0335015e-05   2.4003035e-05   1.6617547e-05   6.0229922e-06   2.0047905e-06   4.8231227e-06   3.1649815e-06   3.1437319e-06   2.6959945e-06   9.2168938e-07   9.4229779e-07  -3.6693316e-07   1.5683748e-06   6.9611519e-07   6.6333337e-07   5.4882758e-08   9.5943858e-07
  -0.0000000e+00  -1.8120497e-04   7.5502358e-06   1.1152149e-05   1.9057450e-05   6.8480631e-06  -2.5687309e-06   2.1655662e-05   1.5960126e-05   3.2161004e-06   1.1954947e-05   6.1427036e-06  -4.0477426e-07   2.4038586e-06   2.7560602e-06   2.0062262e-06   7.7960937e-07  -4.1274092e-07   2.7388742e-07   3.1338828e-07   1.0224443e-06   1.5152158e-06   4.5183251e-07
  -0.0000000e+00  -1.9081961e-04   7.3534643e-06   1.2733854e-05   1.6413325e-05  -1.1262212e-05   1.9474801e-05   1.6896844e-05   1.3495240e-05   1.2244925e-05   8.1662853e-07   2.2283666e-06   4.8016686e-06   4.7605658e-06   1.4335527e-06   4.1164046e-07   1.3254725e-06   2.6394051e-07   2.1572196e-06  -1.3217389e-07   1.7543729e-06  -1.5962224e-06   2.0012690e-06
  -0.0000000e+00  -1.7984814e-04   5.3612512e-06   2.3817898e-05   1.1386682e-05  -4.2560455e-06   3.7144309e-06   2.0368443e-05   1.7465127e-05   8.2675597e-06   5.3975969e-06   6.2446584e-06   6.9377904e-07   1.0715444e-06   4.0163341e-06   5.5443707e-06   4.5410570e-07  -1.5853119e-06   9.5898906e-07   2.6348982e-06  -1.4260984e-06   1.3205224e-06  -8.7913172e-08
  -0.0000000e+00  -2.0276599e-04   1.9376028e-05   9.2810451e-06   2.9292181e-05  -1.1346402e-05   1.2665507e-05   1.8471417e-05   1.4715131e-05   4.5775314e-06   8.1681492e-06  -1.3027955e-06   4.2423708e-06   2.9034823e-06   3.1776267e-06  -4.6759124e-07   3.5339858e-07   2.0048947e-06  -1.5238604e-07  -2.2648003e-06   8.4291844e-07  -2.7332636e-08   6.3271631e-07
  -0.0000000e+00  -1.7195627e-04  -2.4671367e-06   1.0009335e-05   1.1209396e-05   5.7326071e-07   5.8172727e-06   2.2809372e-05   1.5983282e-05   9.8009141e-06  -3.8703340e-07   5.0522035e-06  -1.3749183e-09   3.5974222e-06   3.1919737e-06  -4.9212531e-08   3.0522117e-06   2.9165183e-06  -1.8094892e-06   3.8117264e-06   7.1751032e-07  -5.5822221e-07   2.0327943e-06
  -0.0000000e+00  -2.0101987e-04   1.6205018e-05   1.9929530e-05   1.3016251e-05  -5.7439743e-06   8.3726272e-06   2.0197102e-05   1.3181609e-05   7.3547590e-06   9.4796978e-06   3.2748476e-06   3.4856337e-06   3.6198580e-06  -1.0282355e-06   4.7394187e-06   1.7135897e-06  -3.1020134e-06   4.5280094e-06  -4.7653606e-07   1.0254735e-06   6.7280729e-07   4.4957241e-07
  -0.0000000e+00  -1.8456175e-04   7.1710547e-06   1.8325451e-05   1.7838298e-05  -9.4698889e-06   1.3108718e-05   2.2896302e-05   1.2503332e-05   1.1449628e-05   1.9110855e-06   6.9194498e-06   2.1456422e-06   2.0519860e-06   3.0144265e-06   1.8023561e-06  -1.8373300e-06   2.2769266e-06  -4.6937529e-07   1.2800327e-06  -8.0236020e-08   1.6692638e-06   1.5601864e-06
  -0.0000000e+00  -1.8717386e-04   8.5467709e-06  -4.9442707e-07   2.5164907e-05  -4.5309353e-06   3.3577326e-06   1.7721790e-05   1.9344528e-05   6.3053303e-06   6.5912700e-06   4.4448720e-06   3.1749687e-06   4.7845620e-06  -1.4696044e-06   1.2880117e-06   4.7976306e-07   6.0908371e-07   2.9963719e-06  -1.6809593e-06   3.4152449e-06   1.1665159e-06  -1.0725350e-06
  -0.0000000e+00  -1.8693470e-04   6.5144864e-06   2.4553685e-05   6.7843475e-06  -1.7728835e-06   4.5970864e-06   2.4649711e-05   1.3450264e-05   7.4684053e-06   6.1144624e-06   1.9040940e-06   4.7577832e-06   3.1514012e-06   9.0138678e-07   4.9104625e-07   2.8456975e-06   1.3799855e-06  -4.6804175e-07   1.4745953e-07  -7.8042376e-07  -3.3477158e-07  -3.5897071e-07
  -0.0000000e+00  -1.9256724e-04   1.2972358e-05   1.1165995e-05   2.0842084e-05  -1.1100450e-05   1.9636607e-05   1.4999044e-05   1.7941580e-05   7.4313275e-06   6.9494649e-06   5.1726256e-06   1.5475952e-06  -4.4191987e-07   3.8522408e-06   2.2709398e-06   1.3621249e-06  -1.4275772e-06   2.2260818e-07   2.1845763e-06  -1.9323136e-06   3.0809110e-07   4.3253209e-07
  -0.0000000e+00  -1.8555514e-04   2.0974812e-06   1.6323447e-05   1.0919065e-05  -2.9892287e-06  -1.1561359e-06   2.5479019e-05   9.0007861e-06   9.7132506e-06   5.7994262e-06   2.4679730e-06   3.6403585e-06   3.9022361e-06  -7.1820557e-07   4.4699212e-07   4.7048249e-07   1.6083584e-06   2.3450000e-06  -1.6190629e-06   2.5168320e-06   2.5677664e-06  -9.2827413e-08
  -0.0000000e+00  -1.8803850e-04   2.0400927e-05   1.3732781e-06   2.9261031e-05  -9.0553394e-06   1.4354414e-05   1.9248992e-05   1.9798832e-05   1.0488126e-05   4.1763274e-06   4.5432066e-06   2.3299710e-06  -3.5496196e-06   6.9212097e-06   3.8637804e-08   1.2261578e-06   1.7641770e-06  -1.6686301e-06   5.3156413e-07  -6.1083973e-08   1.4151635e-08  -1.5573856e-07
  -0.0000000e+00  -1.8426361e-04  -4.5027527e-06   2.7891036e-05   8.0252557e-06  -1.2755299e-06  -2.1577715e-07   2.2733389e-05   1.1463431e-05   5.7827115e-06   7.8816483e-06  -6.7117264e-07   4.1090748e-06   7.0561923e-06  -2.3572002e-06   3.2649216e-06  -1.2724165e-06  -7.1303384e-07   3.2457331e-06   5.8052291e-07  -7.2852401e-07   3.3203439e-06  -8.5300161e-07
  -0.0000000e+00  -1.9761128e-04   1.5377967e-05   1.0536730e-05   1.3404129e-05  -1.0211914e-05   1.5690599e-05   1.8757248e-05   1.9066842e-05   1.0258375e-05   3.3695485e-06   6.9232037e-06   1.4099618e-06  -1.1005097e-06   4.1858320e-06   1.4766132e-06   3.9431675e-06   3.7305745e-07  -1.2357658e-06   2.3449595e-06   1.1119347e-06  -3.2763551e-06   1.6039523e-06
  -0.0000000e+00  -1.7515126e-04   6.5302679e-06   1.3407923e-05   2.7342052e-05  -6.1644878e-06   7.9198071e-06   2.2606266e-05   9.6213325e-06   9.3126491e-06   2.5828256e-06   8.8575069e-07   4.2750617e-06   4.8747402e-06   1.3734415e-06   9.6800989e-07  -1.7416802e-06   3.1763013e-06   3.4122161e-06  -2.4950446e-06   1.2870213e-07   2.2650852e-06  -1.2801461e-06
  -0.0000000e+00  -1.9815416e-04   1.7243756e-05   7.3337169e-06   1.5305299e-05  -2.5797835e-06   5.8063229e-06   1.7957660e-05   2.1754504e-05   6.6750363e-06   8.4177873e-06   3.6137594e-06   1.4485764e-06  -4.8980712e-07   2.1460185e-06   2.7876297e-06   2.4152534e-06   1.5427128e-06  -2.2144536e-06   2.7992407e-06   1.3330923e-06  -3.7046877e-07   1.4141789e-07
  -0.0000000e+00  -1.8723409e-04  -7.4604947e-07   2.0002788e-05   1.2363413e-05  -6.9603461e-06   7.9980609e-06   2.7382895e-05   7.6260567e-06   8.9024461e-06   7.9998659e-07   1.9348588e-06   4.9921268e-06   2.1248445e-06   1.2359677e-06   2.4867009e-06  -1.7076585e-06   4.7938138e-06   1.5390257e-06   1.4520795e-06  -1.4881607e-07  -3.5438561e-07   1.8785402e-06
  -0.0000000e+00  -1.8510890e-04   1.3207173e-05   1.3425956e-05   2.0467018e-05  -4.0302871e-06   1.1903390e-05   1.4785679e-05   2.1848633e-05   6.0115744e-06   1.3193286e-05   2.0237776e-06  -1.9908843e-08   1.8912408e-06   3.4467694e-06   2.6583780e-06   4.4808162e-06  -3.9013480e-06  -4.2938044e-07   3.7256350e-06   1.1856344e-07   5.6379866e-07  -1.8436563e-06
  -0.0000000e+00  -1.8735336e-04   4.3476743e-06   1.3284704e-05   1.2551993e-05  -4.4591466e-06   4.2749475e-06   2.3704988e-05   1.0380947e-05   1.0611217e-05  -9.2645541e-07   7.1767827e-06   2.4463111e-06   4.7475182e-06  -2.9077981e-08   1.5118607e-06   1.5365137e-07   3.1134925e-06   3.2692714e-07   1.8131792e-06   1.3867907e-06   4.9854208e-08   3.0751002e-07
  -0.0000000e+00  -1.9488728e-04   1.4179521e-05   5.6223635e-06   2.3844028e-05  -7.7164359e-06   1.3221506e-05   2.5082985e-05   1.7828632e-05   9.4452262e-06   8.8036495e-06   1.3324436e-06   1.9760680e-06   1.9667295e-06   3.5055386e-06   1.8264617e-06   4.3333798e-06  -7.6352291e-07   2.1803287e-06   1.8829192e-06   9.3831801e-07   2.1314831e-06  -1.2442454e-06
  -0.0000000e+00  -1.8787055e-04   4.7108160e-06   2.8602853e-05   4.6490773e-06  -2.9663028e-07   9.0778376e-06   1.6022190e-05   1.0977075e-05   9.0110398e-06   1.2818622e-06   5.6989606e-06   2.0056627e-06   2.4970457e-06  -1.6374448e-06   1.2590237e-06   4.8363626e-07   1.9643223e-06   8.0871035e-07   3.0201340e-07  -6.6012507e-07   1.3943288e-07   8.0386599e-07
  -0.0000000e+00  -1.8644886e-04   7.5523917e-06   1.2225677e-06   2.8526320e-05  -1.1452016e-05   8.6168993e-06   2.7477570e-05   1.9348199e-05   4.4856529e-06   8.2257493e-06   1.6565874e-06   8.5931612e-07   2.6035946e-06   3.5412452e-06   8.6014552e-07   1.4855248e-06   2.3266302e-06  -1.5375782e-07  -9.3456833e-07  -6.7680151e-07   1.3143765e-06  -1.3208366e-06
  -0.0000000e+00  -1.8333092e-04   9.7229231e-06   1.5483776e-05   9.1764923e-06  -5.6117779e-06   8.6806031e-06   1.7851604e-05   1.3125836e-05   6.2834588e-06   2.8545735e-06   6.2442914e-06   8.7831785e-07   5.1564111e-06  -7.7354969e-08   2.8869854e-06   1.0244680e-06   2.1308429e-06  -5.3451873e-07   1.1153860e-06   8.6806445e-08   5.7368032e-07   1.6976442e-06
  -0.0000000e+00  -2.0333001e-04   1.1228006e-05   1.4680843e-05   2.1897427e-05  -6.9870412e-06   1.2717766e-05   1.6877639e-05   1.5614285e-05   9.9723593e-06   8.4854673e-06   3.0617795e-07   6.3381144e-06  -1.3017136e-06   4.1802246e-06   2.2027389e-06   1.1972190e-06  -1.8862361e-06   1.2011437e-06   6.2779651e-07   1.4106005e-06   1.2251157e-06  -9.4334985e-07
  -0.0000000e+00  -1.7551200e-04   3.9596539e-06   1.1088991e-05   7.7673085e-06  -1.1487338e-06   5.5911364e-06   2.5548328e-05   1.1659322e-05   1.5327625e-05  -2.2903378e-06   5.2286641e-06   1.3083649e-06   5.3592298e-06  -2.1856215e-07   2.2557647e-06  -2.5263148e-07   3.0227695e-06   1.6954575e-06   1.0798375e-06  -5.2207855e-07  -6.0282451e-07  -4.2058490e-09
  -0.0000000e+00  -1.9907589e-04   7.5852877e-06   1.9007226e-05   2.1916658e-05  -1.3219203e-05   1.3799320e-05   1.9269122e-05   1.6876113e-05   3.6718384e-06   1.1945648e-05   3.9625829e-06   2.4847909e-06  -1.5727518e-06   2.4706480e-06   2.3748987e-06   2.6896012e-06  -2.3067514e-06   1.2653003e-06   1.3128591e-06   5.1311895e-07   2.5722716e-06  -1.1616299e-06
  -0.0000000e+00  -1.7723387e-04   1.2169375e-05   8.0527634e-06   1.7231887e-05   2.9892299e-06   2.5098141e-06   2.6240641e-05   1.4884852e-05   6.3800589e-06   4.8374045e-06   3.7502559e-06   2.2198940e-06   4.8594711e-06   1.7311495e-06   4.0548588e-07  -1.0907544e-06   3.1176714e-06   2.0969278e-06   8.6686032e-07   1.4054848e-06  -9.1273989e-07   2.1506288e-07
  -0.0000000e+00  -2.0409236e-04   5.4719649e-06   1.2798224e-05   2.0591773e-05  -1.5886149e-05   1.8092864e-05   1.3991062e-05   1.7538076e-05   9.3721756e-06   8.6940781e-06   1.0804438e-06   3.0452363e-06   4.4378808e-06   2.5552695e-06   2.6517264e-06   2.7141896e-06  -6.7850897e-07   2.1367528e-06  -4.4341391e-07   7.1496345e-07   2.5551085e-06   6.8625565e-07
  -0.0000000e+00  -1.7482635e-04   4.3543841e-06   1.6461705e-05   1.1355902e-05   7.0044703e-06   1.7658284e-06   2.5410323e-05   1.4007406e-05   8.2388415e-06   2.1688104e-06   5.5426572e-06   3.5089752e-07   9.2809324e-07   3.5474145e-06   9.3360484e-07   2.3656369e-06   2.8392267e-06  -6.1164349e-07  -7.2762958e-07  -9.7015243e-07  -1.3726782e-07   3.0518990e-07
  -0.0000000e+00  -1.9770578e-04   1.4790412e-05   1.1434418e-05   2.2082479e-05  -1.3270222e-05   8.1799544e-06   2.3240842e-05   1.4482705e-05   9.4552815e-06   5.7765478e-06   9.7875022e-07   3.2780883e-06   1.6279134e-06   3.1870500e-06   2.7301467e-06   6.5619929e-07   7.5784538e-07   1.6197810e-06   4.1661514e-07  -1.2559179e-06   1.1942510e-06   8.9002822e-07
  -0.0000000e+00  -1.8487300e-04   5.1211014e-06   1.4302494e-05   9.1259453e-06  -1.8266156e-06   9.6518997e-06   1.4881511e-05   1.5378397e-05   9.0236908e-06   1.6240263e-06   7.8646844e-06  -5.6046122e-07   3.6670763e-06   1.5010464e-06   3.2472262e-06   2.5392983e-06  -7.0749388e-07  -1.7849095e-06  -3.5269014e-07   2.8311954e-06   3.2376113e-07   2.1212400e-06
  -0.0000000e+00  -1.8799701e-04   1.0860902e-05   9.4157331e-06   2.6810703e-05  -1.1935589e-05   1.2364491e-05   2.5652545e-05   2.0211726e-05   3.1745078e-06   8.8194747e-06  -3.1220195e-06   7.2764883e-06   7.4405267e-07   3.2219409e-06   1.2887479e-06  -9.1098309e-07   1.5102420e-06   2.4348671e-07   9.4996801e-07   6.3540529e-07  -2.0961988e-07   2.6845473e-06
  -0.0000000e+00  -1.8464080e-04   3.3491840e-06   2.1696824e-05   9.2807595e-06  -5.0201481e-07   3.4446141e-06   1.9032217e-05   1.2019616e-05   1.1698536e-05   2.6129082e-06   7.2635471e-06   1.0123050e-07   3.5011510e-06   1.8735029e-06   1.1601126e-06   2.5683473e-06   1.2465415e-06   2.3387555e-07   4.3903416e-08   9.9907346e-08   3.7234503e-07   6.9263643e-07
  -0.0000000e+00  -1.9612003e-04   1.3622332e-05   3.5298624e-06   2.3896535e-05  -5.0729031e-06   1.2674888e-05   2.3343644e-05   1.7263344e-05   7.1930453e-06   5.4395400e-06   2.3126354e-06   4.1346925e-07   1.0774016e-06   9.3375530e-07   1.5207726e-06   3.5484084e-07   2.4001615e-06   1.1485116e-06  -2.5191357e-06   3.0276317e-07   1.2004064e-06  -1.3539304e-06
  -0.0000000e+00  -1.8476530e-04   5.8024107e-06   2.2062115e-05   1.1858309e-05  -5.0121494e-06   7.9739393e-06   2.3471970e-05   1.3716125e-05   9.1518177e-06   2.5942040e-06   3.4267123e-06   2.9226667e-06  -2.7814463e-07   4.2969250e-06  -4.4500405e-07   1.2280046e-06   1.1564284e-06   1.0350182e-06   1.1283943e-06   3.0803702e-07   4.8417769e-07   1.0235186e-06
  -0.0000000e+00  -1.9073646e-04   1.1248649e-05   1.0004404e-05   1.5986079e-05  -7.8664980e-06   1.1640474e-05   1.5309284e-05   2.0831741e-05   6.8173335e-06   8.2349707e-06   3.0262374e-06  -3.7246403e-07   3.8468870e-06   1.1149344e-06   3.8707285e-06   2.4963877e-06  -1.7104055e-06   2.9799905e-06   1.2822310e-06   8.8959489e-08  -6.3350444e-07   9.0502505e-07
  -0.0000000e+00  -1.8266022e-04  -3.4122177e-06   1.7299339e-05   1.5733269e-05  -1.3214226e-06   7.2855119e-06   2.5713962e-05   1.1212757e-05   8.6710988e-06   7.5653325e-06   1.4877842e-06   6.4026617e-06   3.8160329e-06   1.9979243e-06  -1.4745009e-06   1.7253967e-06   1.1537948e-06  -1.6165464e-07   8.3688872e-07   1.8521778e-06   7.0711229e-07   1.4381708e-07
  -0.0000000e+00  -1.9521744e-04   1.8082779e-05   8.9310979e-06   2.1025286e-05  -6.1190408e-06   4.3416753e-06   1.8914257e-05   2.0069543e-05   8.5500742e-06   4.6026812e-06   3.2902187e-06   1.2043656e-06   8.8148795e-07   4.4146354e-06   1.9436447e-06   3.8878767e-07   9.9481770e-07   2.1385779e-06  -1.8055607e-06   8.9563088e-07   1.2141520e-06   4.1892784e-07
  -0.0000000e+00  -1.8233866e-04   7.9915990e-06   1.7700268e-05   1.3670718e-05  -5.4312432e-06   9.6982531e-06   2.9752186e-05   9.2291602e-06   1.0269536e-05   3.3495037e-06   2.5895879e-06   2.5222184e-06   4.1460489e-06   1.0949473e-06   4.7641424e-06  -1.3404850e-06   1.4944267e-06   1.0618771e-06  -1.9214458e-06  -3.1796006e-07   2.4031224e-06   4.9410028e-07
  -0.0000000e+00  -1.9162695e-04   1.0405322e-05   1.1687514e-05   1.7526701e-05  -4.8805423e-06   1.2877464e-05   1.5820890e-05   1.8086275e-05   9.8453083e-06   7.9776328e-06   3.4919944e-06   1.3580936e-06   4.5716831e-07   3.7428172e-06   3.9400426e-08   2.7516412e-06   9.0914557e-07  -2.8993695e-06   2.0109412e-06   2.9716321e-06  -2.8266531e-06   2.4729225e-06
  -0.0000000e+00  -1.8502076e-04   1.1379368e-06   1.5376194e-05   1.8900708e-05  -3.9941906e-06   3.6937149e-06   2.4430223e-05   1.4989271e-05   4.1572807e-06   4.5854131e-06   5.5942078e-06   1.6951942e-06   5.4095294e-06   1.0085201e-06   3.3318343e-06   3.2480747e-07   1.5916204e-06   2.9777827e-06  -3.6630345e-07  -1.5587208e-06   6.5896955e-07   4.0778153e-07
  -0.0000000e+00  -1.8913035e-04   1.6923856e-05   1.4089234e-05   1.6320264e-05  -4.9433847e-06   1.1646925e-05   1.8211435e-05   1.7938042e-05   1.0686089e-05   5.3981366e-06   3.4971151e-06   3.2606513e-06   1.6071026e-07   2.6328146e-06   3.3392296e-06   2.3703637e-07   7.4810475e-07  -9.9550255e-07   1.0477585e-06   2.1710082e-06   1.6899067e-07   1.6016292e-06
  -0.0000000e+00  -1.8918207e-04   2.0871660e-06   1.6191982e-05   1.3418387e-05  -4.2944407e-06   6.8090217e-06   2.3546751e-05   1.1328775e-05   7.5468351e-06   4.9993059e-06   2.9551347e-06   3.2845103e-06   3.7351303e-06   5.4916939e-07   2.1588919e-06   7.4058664e-07  -1.1585024e-06   1.7656696e-06  -7.1965457e-07   1.0265643e-06  -1.5108382e-06  -8.6648572e-07
  -0.0000000e+00  -1.8810127e-04   1.3690253e-05   8.6471700e-06   1.9947793e-05  -7.0055075e-06   9.2491136e-06   1.9268979e-05   1.4625417e-05   1.2232450e-05   5.2354740e-06   4.8469900e-07   4.1119965e-06   2.3359312e-06   5.1339211e-06   7.9553793e-08   1.6493852e-06   1.2488833e-06   1.5809192e-07  -3.5602736e-07   1.9494048e-06  -5.6068842e-07  -7.5127861e-07
