  -0.0000000e+00  -1.9156361e-04   7.5428288e-06   2.1213722e-05   1.7452217e-05  -5.4571765e-06   5.8089363e-06   2.1845786e-05   1.6104204e-05   6.5604686e-06   6.2930503e-06   6.8499990e-06   6.1332503e-07   2.0697530e-06  -1.3439845e-06   3.7910656e-06   2.2374252e-06   7.1932436e-07   1.1414370e-06   1.8490937e-06  -7.3995432e-07  -5.6763679e-07  -1.5786351e-07
  -0.0000000e+00  -1.8722816e-04   8.6714863e-06   6.0365146e-06   1.5399262e-05  -5.0392441e-06   1.1045880e-05   1.7977172e-05   1.9270925e-05   5.4767975e-06   4.6979826e-06   2.0519265e-06   1.1295967e-06   2.9660955e-06   4.3309387e-06  -2.7408782e-06   5.8817750e-06  -8.1788244e-07   2.7426800e-06  -7.7408856e-08  -9.3775907e-07   1.2981972e-06   1.0368059e-06
  -0.0000000e+00  -1.8628394e-04   5.1312550e-06   2.2193342e-05   1.6436490e-05  -4.5735528e-06   1.1033520e-05   1.9167130e-05   9.4854277e-06   1.1861613e-05   6.9143898e-06   2.7490851e-06   3.6127083e-06   5.2632112e-07   2.7899719e-06   3.8289627e-06  -1.9398891e-07  -1.5940320e-06   3.7692382e-07   7.9593377e-07   1.8921206e-06   7.7041119e-07  -6.6005055e-07
  -0.0000000e+00  -1.9045635e-04   1.6265996e-05   7.9554866e-06   1.9454583e-05  -6.7019441e-06   6.0230650e-06   2.2894566e-05   1.4763698e-05   6.5497520e-06   1.9987040e-06   3.8861872e-06   4.7437193e-06   2.4382409e-06   4.7739754e-06   7.4359059e-07   1.9415675e-06   1.4657802e-06   4.6675618e-06  -1.4281781e-06   7.2643894e-07   6.5179677e-07   8.0784923e-07
  -0.0000000e+00  -1.9359014e-04   3.2165315e-06   1.2663590e-05   1.5344744e-05  -7.2408175e-06   7.7684472e-06   2.4489536e-05   1.8034663e-05   9.5558835e-06   6.9779676e-06   3.8474445e-06   2.3451194e-06   6.6300441e-09   2.0937705e-06   3.9178176e-06   2.6699581e-08  -2.2070927e-07  -1.3318484e-06   1.4389400e-06   1.7467709e-06   2.5735037e-07  -1.3194509e-06
  -0.0000000e+00  -1.8649397e-04   1.2758343e-05   1.5317755e-05   1.8849747e-05  -3.9425501e-07   7.8965977e-06   1.5280550e-05   1.4856708e-05   3.7504897e-06   5.0918243e-06   2.9023490e-06   5.1863940e-06   4.9360401e-06  -1.0145990e-06   1.4029242e-06   4.0585765e-06   1.5856013e-07   1.3068862e-06   2.8709675e-07   1.3278801e-06  -2.4611725e-07   2.3756056e-06
  -0.0000000e+00  -1.8318424e-04   2.9748428e-06   1.5076687e-05   1.5029255e-05  -9.6932981e-06   1.4600568e-05   2.4360370e-05   1.7636014e-05   1.3284168e-05   3.0356709e-06   2.8981676e-06   3.3606923e-08   2.5672668e-06   2.5237862e-06   5.0414687e-06  -1.0334608e-06   1.4692702e-06  -1.0536172e-06   1.7271925e-06   1.2668945e-06   2.2565567e-07   1.2063776e-06
  -0.0000000e+00  -1.9614464e-04   7.9432766e-06   9.9663648e-06   1.6384853e-05  -8.5711008e-06   2.5469296e-06   2.0588157e-05   1.0905283e-05   5.4181983e-06   4.9844507e-06   3.8269013e-06   5.1539678e-06   1.7878890e-06   2.9169416e-06   1.6278368e-06   7.9371654e-07   2.2724262e-06  -4.3565350e-07   1.1243602e-06   1.1763121e-06   7.9783575e-07  -1.8157492e-06
  -0.0000000e+00  -1.8714831e-04   1.2641209e-05   1.7288661e-05   1.4337660e-05   3.2123755e-06   8.6247092e-06   2.4703575e-05   1.8920457e-05   8.7892531e-06   5.9693452e-06   3.5811131e-06  -1.8881846e-06   2.7713970e-06   2.6329835e-06   2.3400428e-06  -5.2189887e-07   3.6985378e-07   1.4955633e-06  -2.6094740e-06   9.0581926e-07  -1.5055244e-06   4.5847796e-07
  -0.0000000e+00  -1.9416762e-04   4.7974481e-06   1.3581670e-05   1.6050586e-05  -1.3339871e-05   1.0323369e-05   1.7702891e-05   1.2030637e-05   1.0587820e-05   6.3002758e-06   1.3968058e-06   7.1715972e-06  -3.0553142e-07   1.6022578e-06   2.7359231e-06   2.2509628e-06  -4.7265422e-07  -1.1442728e-06   2.0802727e-06   2.3426237e-06  -1.2051411e-06  -1.2417687e-06
  -0.0000000e+00  -1.8205121e-04   7.5679109e-06   7.9741976e-06   1.8844547e-05  -3.2593903e-06   6.3773955e-06   2.2310593e-05   1.9857885e-05   2.3880141e-06   6.6908005e-06   5.1983507e-06  -1.0853749e-06   2.1868809e-06   2.2757608e-06  -3.6449845e-07   2.0454850e-06   6.9811824e-07   1.9195916e-06   2.0306770e-06  -4.3627391e-08   2.2498912e-06   7.0932145e-07
  -0.0000000e+00  -1.9265883e-04   7.7906325e-06   1.2955199e-05   1.9861234e-05  -9.8030523e-06   1.0150977e-05   2.6713360e-05   1.2755294e-05   1.3708311e-05   6.5563495e-06   3.6539359e-06   1.3138774e-06   3.5958622e-06   2.8685843e-06   4.6732117e-07   6.5304619e-07   2.2636462e-07   3.9503825e-06   2.8439320e-07   1.2522166e-06   1.8133949e-06   1.8903006e-06
  -0.0000000e+00  -1.8972642e-04   1.2998167e-05   1.2817107e-05   1.3583340e-05  -2.0025686e-06   2.9824441e-06   1.7734379e-05   1.2005064e-05   7.4942627e-06   4.3759010e-06   3.1116022e-06   5.7823959e-06   2.7397555e-06   2.4626775e-06   1.8696893e-06   1.3548025e-06   1.2684093e-06  -2.0204288e-06   1.8667406e-06  -1.3458107e-06   1.2649399e-06  -1.4580476e-06
  -0.0000000e+00  -1.9568134e-04   3.6643937e-07   2.0603382e-05   1.4349025e-05  -2.1892242e-06   1.5825337e-05   2.4428342e-05   1.9196335e-05   1.1707993e-05   4.0955806e-06   2.0555954e-06   2.9770231e-06   3.4618397e-06   2.2040547e-06   3.4404234e-06  -4.2907513e-07   5.2482721e-07   2.9291996e-06   2.3682639e-07   9.5279881e-07   6.4617620e-07   5.8125420e-07
  -0.0000000e+00  -1.7795300e-04   9.1643751e-06   8.4440526e-06   1.8564242e-05  -6.5930085e-06   5.8644086e-06   1.4741040e-05   1.1955298e-05   2.9033458e-06   7.9647280e-06   4.7401345e-06   1.0855316e-06   1.7652097e-06   2.5000134e-06   1.5789495e-07   6.3813059e-07   2.1455069e-06  -1.8413550e-06  -2.6227303e-08  -2.3622342e-06   1.0244121e-06   1.4380525e-06
  -0.0000000e+00  -1.9667447e-04   1.4740772e-05   1.1531245e-05   2.1211032e-05  -8.9023015e-06   9.2749833e-06   2.8196288e-05   2.3542056e-05   6.8678683e-06   7.5794192e-06   3.2450298e-06   2.2255672e-07   3.2867538e-06   7.7246432e-07   5.2421001e-06   3.0611848e-06  -8.1185857e-07  -1.2853376e-06   1.0421192e-06   4.8692996e-06  -1.7632593e-06  -1.8942090e-07
  -0.0000000e+00  -1.8822406e-04   3.2522021e-06   1.6995346e-05   1.4792831e-05  -9.1966649e-07   1.0009669e-05   1.8668257e-05   7.8696421e-06   9.7482016e-06   2.0881603e-06   6.2065697e-06   3.6726804e-06   1.1476554e-06   3.1756738e-06  -3.0008229e-07  -7.4657424e-07   2.1739047e-06   2.0365449e-06   3.0987076e-06  -3.4196726e-06   1.1139914e-06   1.9666570e-06
  -0.0000000e+00  -1.8727446e-04   7.1769805e-06   1.4158570e-05   1.9796971e-05  -6.5034610e-06   8.4043431e-06   2.4221315e-05   1.2969818e-05   1.2030623e-05   7.8863395e-06   1.9993795e-06  -1.4331051e-06   1.8955474e-06   4.3556520e-06   1.4119776e-06   1.1673419e-06  -2.2642407e-06   3.0595786e-06   4.8440364e-07   1.0319956e-06  -7.6089555e-07  -3.9605052e-08
  -0.0000000e+00  -1.8566512e-04   4.7850631e-06   1.8441229e-05   1.6092394e-05  -8.6436894e-06   1.3709358e-05   2.2789711e-05   1.4810982e-05   1.3327788e-06   3.7876034e-06   2.6522493e-06   5.8247920e-06   1.5717048e-06   3.1678730e-06  -1.2696814e-06   2.6072325e-07   2.7696644e-06  -1.6010581e-08   1.3757730e-06  -1.1177472e-06   2.1994902e-06   6.0074768e-07
  -0.0000000e+00  -1.9501116e-04   1.9982614e-05   4.7194753e-06   2.2014001e-05  -4.7116605e-06   6.4588689e-06   1.5777912e-05   2.0031110e-05   9.4518600e-06   9.1829734e-06   4.6901778e-06  -3.2966927e-06   2.9165308e-06   1.3580910e-06   2.0756761e-06   1.7044033e-06  -7.2696901e-07   1.4326494e-07   1.9024953e-06   5.6228015e-07   1.4062227e-06  -1.5277169e-06
  -0.0000000e+00  -1.8912532e-04   2.5136505e-06   2.1257940e-05   1.5068591e-05  -3.4996051e-06   1.0900631e-05   2.1564825e-05   1.4567322e-05   6.2792205e-06   2.5541058e-06  -1.1842513e-06   5.7654456e-06   3.1218603e-06   2.8534132e-06   2.4554512e-07  -1.0802036e-06  -5.5133285e-07   2.4787280e-07   3.8317268e-07  -9.6884570e-08   5.2554390e-07   3.2354721e-06
  -0.0000000e+00  -1.8166048e-04   2.2755887e-06   1.4047961e-05   1.5725413e-05  -6.6140187e-06   9.7023067e-06   2.5866464e-05   1.5951506e-05   8.7928320e-06   4.5978891e-06   6.6279604e-06   1.9167539e-06   9.8588589e-07   3.5012167e-06   2.8836862e-06   2.8817915e-06   1.8061401e-06  -2.2253596e-06  -3.9146846e-07   3.0056303e-06   5.6430201e-07  -1.4060184e-07
  -0.0000000e+00  -1.9702689e-04   1.3571203e-05   1.2402111e-05   1.7759830e-05  -4.4105450e-06   7.7265177e-06   1.7508022e-05   1.0549648e-05   1.0401343e-05   4.5309007e-06   4.2099637e-06   1.1977984e-06   1.5614911e-06   3.7046354e-06   2.5494998e-07  -2.4109377e-06   3.7075108e-06  -2.0107561e-07   1.9584101e-08  -4.9970157e-07   1.6534501e-06   1.9993095e-06
  -0.0000000e+00  -1.8932116e-04   1.3459520e-05   1.1424148e-05   1.8309671e-05  -9.4058232e-06   1.3714536e-05   2.3486511e-05   1.9641871e-05   4.8202428e-06   6.7542387e-06   9.5988560e-07   3.4323355e-06   3.0664035e-06  -3.3069403e-09   3.8961134e-06   3.1914502e-07  -2.5411322e-07   7.2098163e-07   1.7323831e-06   4.0905675e-06   4.7748949e-07  -1.3127109e-07
  -0.0000000e+00  -1.7767842e-04   3.6201707e-06   1.2566165e-05   1.3479415e-05  -3.8506460e-06   6.8417653e-06   1.8691146e-05   1.5628297e-05   7.3779020e-06   6.5125687e-06   1.1676158e-06   2.0599882e-06   3.5782523e-06   2.7457063e-06   5.9492112e-07   2.1531398e-06   1.2880745e-06   7.4236863e-07   1.4088868e-06   6.1852489e-07  -1.0938692e-06   7.9666603e-07
  -0.0000000e+00  -1.9813199e-04   2.2711870e-06   1.9920260e-05   1.9408397e-05  -6.0236589e-06   9.0870390e-06   2.0333151e-05   1.3752533e-05   1.0466870e-05   6.7121700e-06   5.5383002e-06   1.9377330e-06   2.9024598e-06   4.0853583e-06   3.4032075e-06  -1.7551014e-07  -2.2753223e-07   5.9941652e-07   2.0776304e-06  -1.1373517e-06   2.6707244e-06   4.0529554e-07
  -0.0000000e+00  -1.8780747e-04   1.4296606e-05   9.0338544e-06   1.4986495e-05   4.6020784e-07   7.0927272e-06   2.1055548e-05   1.7376356e-05   5.9165131e-06   2.3621351e-06   6.0068151e-06   1.4881596e-06   2.6294524e-06   4.0217733e-06  -9.9394322e-07   2.4109925e-06   2.6629009e-06   1.0291963e-06  -4.4997756e-07   1.3031322e-06  -3.1874640e-07  -1.8286652e-06
  -0.0000000e+00  -1.9222876e-04   1.1693453e-05   1.1877800e-05   1.9436906e-05  -1.3122192e-05   1.2049281e-05   2.3386139e-05   1.2021392e-05   1.1838836e-05   4.9498394e-06   2.2072629e-06   1.6271247e-06  -2.5258956e-07   2.6469575e-06   1.0077205e-06   2.6126038e-06  -1.1510364e-06   2.1307064e-06   1.3227703e-06  -1.1133229e-06   2.4865271e-06  -5.7403338e-07
  -0.0000000e+00  -1.8051402e-04   1.8444433e-06   1.6932956e-05   1.6214761e-05  -2.4602255e-06   6.2271793e-06   1.8046203e-05   1.8677054e-05   3.0000426e-06   7.6240085e-06   1.5781377e-06   3.8240930e-07   5.6209551e-06   2.5085748e-07   7.9713709e-07  -1.6845873e-07  -1.5642046e-07   1.6317722e-06   1.7806731e-06   9.5405244e-07  -1.7800864e-06   2.2682375e-06
  -0.0000000e+00  -1.9597859e-04   8.8178263e-07   1.8394774e-05   1.9297036e-05  -8.4661033e-06   1.0925730e-05   2.2011332e-05   1.6286132e-05   1.0404081e-05   8.1136177e-06   1.6345466e-07   4.5348111e-06   5.4353865e-07   1.9644956e-06   3.8004130e-06   1.5032964e-06  -5.3310390e-07   1.3294971e-06  -9.6485826e-07   2.0467376e-06   1.5112100e-06   3.4023419e-08
  -0.0000000e+00  -1.9012696e-04   2.2659040e-05   4.2671400e-06   1.4765200e-05  -2.5153847e-06   6.5024474e-06   1.9265281e-05   1.2101418e-05   7.6625183e-06   2.0755176e-06   7.3352653e-06   7.1138999e-07  -4.3420283e-07   3.4782017e-06   3.7601740e-07   3.0505501e-07   1.8966156e-06  -4.8847329e-07  -8.8166615e-07   2.2714982e-08  -2.2784229e-06   3.1867646e-06
  -0.0000000e+00  -1.8468169e-04   2.7113849e-06   1.4811018e-05   1.8035667e-05  -6.8360750e-06   1.4049432e-05   2.5249943e-05   1.3568952e-05   1.1916844e-05   5.4867883e-06   6.0627633e-07  -2.2418511e-07   1.3074030e-06   1.3316997e-06   5.3869294e-06  -7.4233128e-08   7.8558644e-09   1.4929867e-06  -2.6528002e-07   1.2963368e-06   1.6565753e-06  -1.4957672e-06
  -0.0000000e+00  -1.9224962e-04   3.6772060e-06   1.6622595e-05   1.4899369e-05  -8.7388107e-06   8.2798379e-06   1.5802538e-05   1.5942172e-05   5.4068087e-06   3.8282374e-06   6.8892223e-06   1.4907826e-06   5.6486019e-06   1.3082258e-06   7.2665080e-07   2.9729206e-06   1.7352120e-06  -1.5370852e-06   1.3837056e-06  -2.0403553e-07  -3.5620383e-07   2.5263091e-06
  -0.0000000e+00  -1.8665660e-04   8.0976943e-06   1.5564368e-05   1.6914983e-05  -4.3050960e-07   9.7633801e-06   2.5148011e-05   1.8168019e-05   8.6673244e-06   8.5290321e-06   9.0988124e-07   3.1631583e-07   5.0926687e-06   2.8741779e-06   2.4076908e-06   1.0320548e-06  -1.4425065e-06   4.3209711e-06  -2.5766062e-07   1.6941436e-06   1.2230051e-06   6.8990994e-07
  -0.0000000e+00  -1.8931490e-04   9.8659648e-06   6.5299796e-06   1.6977963e-05  -4.0447085e-06   8.4203866e-06   1.6248019e-05   1.4746672e-05   3.5176054e-06   4.2002207e-06   7.2433922e-06   2.4346857e-06   1.9511879e-06   1.9711306e-06   3.0969625e-06   8.0410234e-07   2.0644161e-06   2.4672574e-06   7.9026307e-07  -1.6968556e-06   1.9208760e-06   1.6291230e-07
  -0.0000000e+00  -1.9412837e-04   7.3755382e-06   1.4278389e-05   2.0635485e-05  -8.1794824e-06   6.4829273e-06   2.8512750e-05   1.3615902e-05   1.2455125e-05   5.6091217e-06   2.8643060e-06   4.9419655e-06  -1.5971729e-06   3.7539614e-06   1.3275603e-06   3.5173375e-06  -2.1029946e-06  -1.7739507e-06   5.0570611e-07   2.3493596e-06  -2.1487534e-07   1.2389389e-06
  -0.0000000e+00  -1.8612505e-04   6.5132467e-06   2.0494583e-05   1.4204294e-05  -6.1760456e-06   1.6560776e-05   1.8195382e-05   1.2640557e-05   8.0082191e-06   3.1991460e-06   3.3063918e-06  -4.2446548e-08   4.9378377e-06   2.2427646e-06   8.0904067e-07  -4.0655064e-07   1.8878723e-06   2.6542643e-06   4.0184179e-07  -1.0564507e-06  -1.8726327e-06   2.3188561e-06
  -0.0000000e+00  -1.8668787e-04   8.0675118e-06   1.0370650e-05   1.5698457e-05  -1.6507786e-06   3.9453362e-06   1.8595960e-05   1.9757443e-05   6.4268875e-06   8.5657621e-06   5.2194741e-06  -8.9765757e-07  -9.0344560e-07   2.4407200e-06   8.3009115e-07   1.8740601e-06   1.0681468e-06   1.3146803e-07   7.8904321e-08   2.6886189e-06   1.6874942e-06  -1.2820697e-06
  -0.0000000e+00  -1.9697197e-04   9.8489090e-06   1.2423722e-05   2.2640012e-05  -5.3620111e-06   6.9546650e-06   2.6941185e-05   1.7649323e-05   4.3896594e-06   3.2487210e-06   5.1611728e-06   2.7775975e-06   3.0082963e-06   1.2021848e-06   3.3784816e-06   8.6493117e-07   1.8244059e-06   2.7302376e-06  -9.2008685e-07   9.2256400e-08   1.3711183e-06  -3.8922867e-08
  -0.0000000e+00  -1.8141035e-04   4.6558971e-06   1.7073249e-05   1.4271334e-05  -8.7850940e-06   1.1705698e-05   1.6344267e-05   1.4814033e-05   8.5852917e-06   6.6417301e-06   2.9779881e-06   1.4536603e-06   2.7764140e-06   1.3747961e-06   3.1179306e-06  -5.4313819e-07   1.3408461e-06   7.3443675e-07   2.0076868e-06   1.7420317e-06   7.3319228e-07   2.1701765e-06
  -0.0000000e+00  -1.9188577e-04   8.7484304e-06   1.4240989e-05   1.7889319e-05  -7.9660558e-06   1.1895767e-05   2.3603918e-05   1.1889072e-05   1.0939936e-05   2.9782423e-06   3.1929953e-06   3.2484554e-06   1.8534932e-06   1.1335035e-06   1.2430028e-06   1.4884172e-06   1.1448681e-06   3.9698631e-07   4.2480561e-08   8.3209051e-07   5.1405112e-07   1.8501130e-06
  -0.0000000e+00  -1.9435651e-04   1.0668720e-05   1.5667338e-05   1.4801863e-05   3.1422574e-06   3.5106050e-06   1.9710100e-05   1.9768720e-05   6.0945549e-06   4.9352770e-06   5.1033790e-06   1.4915539e-06   1.7119444e-06   4.3226323e-06  -9.4270240e-07   2.8114375e-06   1.2305858e-06  -1.0551421e-06   1.2517866e-06  -8.8160596e-07  -5.9312310e-07   1.0393021e-06
  -0.0000000e+00  -1.8751853e-04   2.0105185e-06   1.2027598e-05   2.3350462e-05  -1.3206927e-05   6.2801746e-06   2.0014959e-05   1.6121996e-05   6.2587069e-06   7.5781854e-06   3.1227730e-06  -9.1380758e-07   1.1210722e-06   4.1681847e-06   3.7038643e-07   4.3332484e-06  -2.1263638e-07   1.4063847e-06  -1.3929048e-07   2.8567201e-06  -1.2560606e-06   1.7010070e-06
  -0.0000000e+00  -1.8539754e-04   1.0564320e-05   1.3241693e-05   1.5094013e-05  -3.5789385e-06   1.4003264e-05   2.4509971e-05   1.0292651e-05   9.2081646e-06   6.7064025e-06  -1.4033210e-06   6.5835884e-06   2.1381582e-06   3.9642209e-06   4.9654318e-07   1.1163969e-06   2.7842088e-06   1.2121041e-07   2.3985262e-06   9.7084035e-07   2.3847053e-06  -7.5405964e-08
  -0.0000000e+00  -1.8743586e-04   5.8689261e-06   1.7886205e-05   1.1200444e-05  -5.3334843e-06   7.8866969e-06   1.6820322e-05   1.6825412e-05   6.2907293e-06   6.3718703e-06   3.9248680e-06   2.7244694e-06   3.5482697e-06   2.9184312e-06   4.2129586e-06   6.2813979e-07  -2.0000931e-07   1.7799027e-06  -2.4307658e-06   2.1628171e-06   2.8075187e-06  -1.9114420e-06
  -0.0000000e+00  -1.9435237e-04   7.6908691e-06   7.8762523e-06   2.2359094e-05  -5.8536020e-06   5.6229583e-06   2.4579555e-05   1.6573311e-05   7.1571112e-06   1.3720131e-06   7.0532556e-06   3.0312364e-07   2.4680371e-06   2.5728775e-06   6.3358067e-07  -1.2285763e-06   2.4051278e-06   7.0355964e-07  -1.0253685e-06  -7.4257230e-07  -6.6582021e-07  -3.0173791e-07
  -0.0000000e+00  -1.8925080e-04   1.2597951e-05   1.4792634e-05   1.6108228e-05  -3.8703288e-06   1.2632640e-05   1.9191944e-05   1.3702323e-05   7.2288817e-06   7.1159720e-06   2.2979098e-06   1.0705654e-06   3.1983900e-06  -3.6005139e-07  -9.6181871e-08   1.5576600e-06   2.3606467e-06  -1.4390600e-06  -1.7509677e-07   1.0167736e-06   3.1723227e-06  -1.6862770e-06
  -0.0000000e+00  -1.8197962e-04   6.5880945e-06   1.4806295e-05   1.6587373e-05  -1.0172930e-05   1.0050821e-05   1.8756920e-05   1.3371242e-05   1.4012808e-05   5.1095358e-06   6.5712321e-08   8.0676500e-07   4.0773966e-06   2.4159401e-06   3.4791256e-06  -1.2694939e-08  -1.4424390e-07   1.5090673e-06   1.0504539e-06   1.1858258e-07   1.6541318e-07   2.4766616e-06
  -0.0000000e+00  -1.8926470e-04   8.3262148e-06   1.0198802e-05   2.1719239e-05  -1.4581767e-06   6.5517720e-06   2.4872175e-05   1.4900737e-05   6.7177061e-06   7.9410502e-06   1.9433053e-06   4.9451232e-06  -1.8079437e-06   2.6313996e-06   2.1130581e-06  -3.1003001e-06   1.7315002e-06  -1.4471472e-06   2.9208712e-07  -4.0293924e-07  -1.8962444e-07   6.4719126e-07
  -0.0000000e+00  -1.9561297e-04   6.2038675e-06   1.6632752e-05   1.4083127e-05  -4.2794709e-06   8.7939670e-06   1.7841961e-05   2.0323194e-05   4.9531177e-06   4.3186360e-06   7.8754956e-06   8.0019186e-07   1.8129350e-06   3.3119488e-06   2.2111681e-06  -1.7848348e-07   3.0186413e-06   4.2750713e-07   7.1828526e-07   2.9611169e-06  -8.3473373e-07   2.1816416e-07
  -0.0000000e+00  -1.8315448e-04   1.5151256e-05   1.2617944e-05   1.7548615e-05  -9.5511168e-06   1.2663601e-05   1.8975996e-05   1.3529753e-05   1.3803715e-05   6.0915982e-06   2.2542711e-06   2.8161323e-06   3.9851629e-06   4.0271889e-06  -4.0174066e-07   3.2091102e-06  -8.8423093e-07  -1.9905669e-07   6.0157538e-07  -1.5256776e-06   1.2590215e-06   2.3208020e-06
  -0.0000000e+00  -1.9593777e-04   5.8923683e-06   1.2902120e-05   1.8266559e-05  -4.2077404e-06   5.9075292e-06   2.3814815e-05   1.6643346e-05   6.5731329e-06   5.2299283e-06   4.4998224e-06   4.0705063e-06   3.0734122e-06  -2.5091961e-06   1.9943925e-06   3.9407487e-06  -1.9845359e-06   2.7753567e-06   5.6273149e-07   8.7791346e-07   4.6217161e-07  -7.2923945e-07
  -0.0000000e+00  -1.8014730e-04   1.7173587e-06   1.3742791e-05   1.7307319e-05  -5.1365682e-06   9.3610724e-06   1.9606277e-05   1.5133400e-05   8.2723700e-06   4.1828071e-06   3.5348962e-06   2.3981070e-06   1.6696583e-06   2.8396603e-06   1.4577129e-06   2.0124680e-06  -1.4056110e-07   1.7811914e-06   1.2286055e-06  -2.4998707e-07   2.3829930e-06  -1.0748892e-06
  -0.0000000e+00  -1.9602005e-04   1.6570935e-05   1.2747713e-05   1.6903941e-05  -5.8492647e-06   5.5464925e-06   2.3673145e-05   1.5316484e-05   9.5913801e-06   7.2725752e-06   4.1376688e-06   3.4117232e-07   2.0634677e-06   3.3294441e-06   2.3577541e-06  -6.9875421e-07   9.4563381e-07   1.1826363e-06  -4.4958398e-07   2.4383169e-06   5.1817466e-07   1.1249285e-06
  -0.0000000e+00  -1.8921359e-04   4.6550931e-06   1.7051190e-05   1.4423256e-05  -5.4957409e-06   1.4181768e-05   1.9733227e-05   1.7264911e-05   7.3747265e-06   1.9030606e-06   2.8979243e-06   5.6768722e-06  -1.7571432e-06   2.8652742e-06   1.0568959e-06   1.8035017e-06  -1.3002277e-06  -1.3752343e-06   6.3296142e-07  -1.3309973e-06   2.0008281e-06   1.5409272e-06
  -0.0000000e+00  -1.8482625e-04   1.8365499e-07   1.3653919e-05   2.3538863e-05  -1.0825858e-05   5.1493721e-06   2.4268100e-05   1.2396298e-05   5.6030831e-06   8.0547461e-06  -4.6900158e-07   1.4768747e-06   3.2153919e-06   2.7846529e-06   2.1983772e-06   2.6497380e-06   8.1363083e-07   2.3009248e-07   2.5989095e-06  -1.7159211e-06  -2.5355897e-07   3.5713069e-06
  -0.0000000e+00  -1.9449249e-04   2.0182630e-05   1.1034526e-05   1.0193548e-05   2.0143239e-06   8.5031070e-06   2.0071127e-05   1.6187161e-05   8.6057280e-06   3.5009396e-06   5.8756600e-06   1.9301199e-06  -3.0742197e-07   3.9716228e-06   2.4533704e-06   2.3384796e-06   3.1682869e-06  -1.7385998e-06   2.4926167e-06   7.4920513e-07  -1.4973187e-06   1.0256060e-06
  -0.0000000e+00  -1.8653744e-04   2.1147348e-06   1.4398738e-05   1.8860968e-05  -6.1454989e-06   1.0378261e-05   2.4247691e-05   1.4092095e-05   7.5379107e-06   4.5917859e-06   4.3535333e-06   7.8039130e-07   4.2074794e-06  -1.2703398e-06   2.6468056e-06   8.6724413e-07   9.2893248e-07   2.8655124e-06  -9.7136297e-07   2.9833843e-06  -6.9095330e-07  -4.1443631e-08
  -0.0000000e+00  -1.9269067e-04   5.0338167e-06   1.3563275e-05   1.7256409e-05  -8.1864637e-06   7.7095146e-06   1.5899395e-05   1.7576389e-05   1.0195116e-05   4.1858316e-06   1.2612280e-06   5.0500516e-06   3.7200484e-06   1.7714691e-06   2.1368910e-06  -1.2074975e-06   3.3290139e-06   1.6467128e-06   2.3674266e-07   1.1319830e-06  -7.5387169e-07   1.9621712e-06
  -0.0000000e+00  -1.8753215e-04   5.5686187e-06   1.6914901e-05   1.9220583e-05  -7.9847005e-06   7.4589702e-06   2.7190101e-05   1.2159060e-05   7.9664351e-06   5.6902618e-06   1.6443740e-06   2.4012843e-06   3.3153055e-06   5.1299111e-07   4.3302794e-06   5.2007222e-06  -2.3989453e-06   2.5520574e-06   1.4415238e-06  -1.1341556e-06   2.2784086e-06  -9.6669680e-07
  -0.0000000e+00  -1.8035698e-04   1.7907394e-05   6.5291997e-06   1.0323103e-05   4.4183039e-08   1.0598409e-05   1.8651701e-05   1.9575395e-05   5.8466753e-06   3.2966461e-06   4.2246193e-06   2.2275819e-06   2.7262488e-06   2.1178137e-06  -1.8153709e-07   1.2124893e-06   1.4968369e-06  -1.0989609e-06   2.7538440e-06   1.9386887e-06  -1.3730717e-06   4.0623371e-07
  -0.0000000e+00  -2.0705862e-04   7.0844621e-06   1.6364384e-05   1.9707777e-05  -8.9527448e-06   6.3187053e-06   2.4609959e-05   1.2403673e-05   1.2795540e-05   6.2869722e-06   1.0897054e-06   6.0909014e-07   6.9931303e-07   4.3234177e-06   3.5841370e-07   5.0428747e-07   1.5626127e-06   5.9646129e-07  -2.6699844e-08  -1.2142033e-07   3.3482788e-06  -1.5156108e-06
  -0.0000000e+00  -1.7305746e-04  -4.9777464e-07   1.7680171e-05   1.8627470e-05  -5.2408259e-06   1.2210184e-05   1.7583405e-05   1.8723849e-05   8.2998231e-06  -9.5670547e-09   5.4628340e-06   2.6491671e-06   1.2601732e-06   5.3162375e-06   1.1880874e-06   6.4662919e-07   3.3454901e-07   1.5535302e-06   8.4714208e-07  -6.8856491e-07  -1.1539437e-06   5.7857807e-07
  -0.0000000e+00  -1.9508574e-04   1.4918865e-05   1.4757400e-05   1.2916084e-05  -1.0732834e-05   1.0178143e-05   2.1819542e-05   1.4994665e-05   9.1889760e-06   8.3187888e-06  -2.5068161e-06   2.8769771e-06   3.2914877e-06   2.2071190e-06   3.3743190e-06   2.1269411e-06   7.4960846e-09  -6.6890880e-07   2.4711264e-06  -5.3842564e-07  -1.0999852e-06   1.7000307e-06
  -0.0000000e+00  -1.9160467e-04   1.1228547e-05   7.8706089e-06   1.7246888e-05   5.8024807e-06   2.1171338e-06   2.3553010e-05   1.4084730e-05   4.3665727e-06   8.8088545e-06   5.0692738e-06  -2.3422992e-06   8.4994290e-06   7.3008749e-07   2.1721658e-06   1.5451581e-06  -1.2057408e-06   3.8971007e-06  -9.7575128e-07   2.0323323e-06   2.9511645e-07   2.8857934e-07
  -0.0000000e+00  -1.8663490e-04  -1.4176600e-06   1.9504259e-05   2.0041283e-05  -9.3646177e-06   1.5161949e-05   2.2565835e-05   1.8158767e-05   1.0676568e-05   6.1385595e-07   3.8543690e-06   4.5204042e-06  -4.7745004e-07   4.1278558e-06   2.8439783e-06   1.7239073e-06   2.3477457e-06  -1.2412367e-07   7.0904360e-07   1.4514068e-06   1.1434671e-06   1.6381560e-06
  -0.0000000e+00  -1.9087084e-04   1.6572549e-05   1.1354486e-05   1.4776829e-05  -8.8008119e-06   8.3049999e-06   1.9728252e-05   1.4301515e-05   6.7044925e-06   3.6320237e-06   5.9892873e-06   1.0216145e-06   4.1202302e-06   8.0707804e-07   3.7470475e-06  -1.3442365e-06  -8.7382017e-07  -1.3618182e-07   1.9526578e-06   2.8215533e-07   1.3425446e-07   1.0797579e-06
  -0.0000000e+00  -1.8665179e-04   2.9494872e-06   1.3820018e-05   2.2342023e-05   2.6475647e-07   1.2035214e-05   2.0229003e-05   1.3325338e-05   1.2049506e-05   5.7408779e-06  -1.5165481e-06   4.2423012e-06   2.4250878e-06   6.0608850e-06   7.9546004e-07   1.6318811e-06   1.4493098e-06  -1.2480588e-06   7.4082442e-07  -7.6450317e-07   8.8129929e-07  -1.8441253e-06
  -0.0000000e+00  -1.9682446e-04   6.5594895e-06   1.7876546e-05   1.0476761e-05  -4.7978374e-06   7.2441289e-06   2.4002717e-05   1.2772097e-05   2.8715840e-06   8.3728255e-06   2.7491496e-06   2.5606655e-06   9.7987186e-07   1.5989477e-06   2.0803841e-06   7.3427685e-08   1.3098033e-06   1.2363035e-06   8.2507114e-07   1.5660077e-06   4.0804363e-08   1.3900888e-06
  -0.0000000e+00  -1.8142998e-04   1.3538671e-05   8.4020239e-06   1.6326023e-05  -4.1284416e-06   3.3500653e-06   2.1842483e-05   1.8866052e-05   4.1970934e-06   5.8998680e-06   5.2602786e-06  -2.5836317e-07   2.2123311e-07   2.5549386e-06   1.1124637e-07   2.1835918e-07  -7.9227857e-07   1.3566115e-06  -2.1117962e-06   6.9836329e-07  -5.8764732e-07  -1.2539714e-06
  -0.0000000e+00  -1.8404763e-04  -3.3286328e-06   1.8221883e-05   2.0770934e-05  -7.7047898e-06   1.8061257e-05   1.7738676e-05   1.3534876e-05   1.7389810e-05  -1.0002462e-06   2.3341424e-06   4.1880667e-06   4.2183965e-06   6.2028886e-07   3.8853459e-06   1.6529380e-06   5.1558697e-08   1.4961616e-06   1.7499716e-06   1.5297410e-06   1.5472178e-06  -4.4007436e-07
  -0.0000000e+00  -2.0293111e-04   2.2769622e-05   6.3496877e-06   1.4872870e-05  -4.8781785e-06   3.0930739e-06   2.1251879e-05   1.8447905e-05   2.4605167e-06   8.8655834e-06   2.9997598e-06   3.2006710e-06   2.1451203e-06   1.0277603e-06   2.1745775e-06   2.0307939e-06   1.4705250e-07   1.4580664e-07   8.7831427e-07   3.6262570e-06  -1.3120096e-07  -3.5688333e-07
  -0.0000000e+00  -1.8460762e-04   4.2166997e-07   2.1480393e-05   1.6352617e-05  -1.1466138e-05   1.0991120e-05   2.7489097e-05   1.3935659e-05   9.4786355e-06   2.8763802e-06   5.4504412e-06  -1.5475649e-06   1.9667939e-06   3.5019375e-06  -2.4892068e-07   4.4427176e-07   5.3003089e-07   8.6416998e-07   9.5348349e-07  -2.0984523e-06   1.5846967e-06   3.0310180e-06
  -0.0000000e+00  -1.8222099e-04   7.0684564e-06   1.1610136e-05   1.7862487e-05  -1.8764269e-06   9.1919019e-06   1.3817714e-05   1.8040282e-05   7.2731304e-06   6.7632905e-06   3.1156576e-06   3.0714973e-06  -3.2319193e-07   2.3329103e-06   2.9941227e-06   1.3526929e-06   1.9143681e-06   2.9932442e-06  -1.1151955e-06  -6.3187326e-07   1.3689684e-06  -4.5702473e-07
  -0.0000000e+00  -1.9289192e-04   9.6185495e-06   1.1722839e-05   1.7103206e-05  -6.7590936e-06   1.2734547e-05   1.8377303e-05   1.4521824e-05   1.3405521e-05   3.8022481e-06   1.4382035e-06   4.4457965e-06   2.2228894e-06   3.2895332e-06   3.2001851e-06  -2.7780567e-07   2.1293406e-06   5.5855975e-07   1.6183326e-06   1.5967056e-06  -5.3531988e-07   5.1843114e-07
  -0.0000000e+00  -1.9525524e-04   9.9004192e-06   1.6042528e-05   1.7202339e-05  -1.5572508e-05   1.0394826e-05   2.4218498e-05   1.6773431e-05   6.0927996e-06   2.0373732e-06   4.8857573e-06   3.1907243e-06   3.1695627e-06   2.7279887e-06   9.1666135e-07   9.7331349e-07  -3.6295162e-07   1.5973724e-06   6.9739491e-07   6.5671816e-07   5.8223709e-08   9.8085593e-07
  -0.0000000e+00  -1.8152497e-04   7.2072226e-06   1.0898209e-05   1.8986040e-05   6.8072650e-06  -2.6593900e-06   2.1873440e-05   1.6108379e-05   3.2469773e-06   1.2071235e-05   6.1913111e-06  -4.1831035e-07   2.4432507e-06   2.7765743e-06   2.0496764e-06   7.9814401e-07  -4.0980208e-07   2.6543702e-07   3.2820907e-07   1.0384884e-06   1.5264033e-06   4.4319066e-07
  -0.0000000e+00  -1.9127576e-04   7.0131077e-06   1.2478040e-05   1.6329093e-05  -1.1508448e-05   1.9633882e-05   1.7051610e-05   1.3626222e-05   1.2370488e-05   8.2733504e-07   2.2369052e-06   4.8680199e-06   4.8086422e-06   1.4464520e-06   4.1514772e-07   1.3354961e-06   2.8105018e-07   2.1836349e-06  -1.5032144e-07   1.7810320e-06  -1.6154266e-06   2.0260061e-06
  -0.0000000e+00  -1.8014180e-04   4.9726191e-06   2.3690898e-05   1.1241136e-05  -4.4144995e-06   3.6965960e-06   2.0570153e-05   1.7623877e-05   8.3610121e-06   5.4324423e-06   6.3287148e-06   6.9438403e-07   1.0806198e-06   4.0436835e-06   5.5941891e-06   4.6304044e-07  -1.5849590e-06   9.6064844e-07   2.6620917e-06  -1.4395081e-06   1.3452882e-06  -9.5134013e-08
  -0.0000000e+00  -2.0334875e-04   1.9160023e-05   8.9813320e-06   2.9358011e-05  -1.1596750e-05   1.2747001e-05   1.8639697e-05   1.4857087e-05   4.6140535e-06   8.2801898e-06  -1.3163989e-06   4.3093783e-06   2.9185601e-06   3.2182040e-06  -4.6023527e-07   3.6323857e-07   2.0250015e-06  -1.3048361e-07  -2.2814988e-06   8.5604472e-07  -2.1909807e-08   6.4217977e-07
  -0.0000000e+00  -1.7214700e-04  -2.9389762e-06   9.7575339e-06   1.1062353e-05   4.7729856e-07   5.8052333e-06   2.3026261e-05   1.6139858e-05   9.9177278e-06  -3.9060751e-07   5.1259017e-06  -4.9046376e-09   3.6421357e-06   3.2292919e-06  -4.9805504e-08   3.0710182e-06   2.9467824e-06  -1.8429331e-06   3.8544031e-06   7.2661919e-07  -5.7316186e-07   2.0500074e-06
  -0.0000000e+00  -2.0157972e-04   1.5977113e-05   1.9739186e-05   1.2922000e-05  -5.9508984e-06   8.4216863e-06   2.0366026e-05   1.3327372e-05   7.4044779e-06   9.5845498e-06   3.2957578e-06   3.5287526e-06   3.6489741e-06  -1.0291488e-06   4.7813228e-06   1.7442142e-06  -3.1303230e-06   4.5758047e-06  -4.9695092e-07   1.0365292e-06   6.9247363e-07   4.4640976e-07
  -0.0000000e+00  -1.8488652e-04   6.7812648e-06   1.8177338e-05   1.7755094e-05  -9.6626936e-06   1.3170141e-05   2.3124130e-05   1.2599690e-05   1.1585621e-05   1.9048509e-06   6.9916682e-06   2.1595642e-06   2.0677367e-06   3.0593089e-06   1.8272997e-06  -1.8603080e-06   2.3264938e-06  -4.8531354e-07   1.3095669e-06  -9.4868788e-08   1.6785226e-06   1.5754024e-06
  -0.0000000e+00  -1.8759046e-04   8.2349397e-06  -8.8741189e-07   2.5185229e-05  -4.7262956e-06   3.3719218e-06   1.7871060e-05   1.9541647e-05   6.3497855e-06   6.6823382e-06   4.4679487e-06   3.2011353e-06   4.8342199e-06  -1.4643155e-06   1.3140781e-06   5.0011465e-07   6.0106260e-07   3.0289673e-06  -1.7130244e-06   3.4587088e-06   1.1658102e-06  -1.0819347e-06
  -0.0000000e+00  -1.8729702e-04   6.1296601e-06   2.4460616e-05   6.5991521e-06  -1.8845321e-06   4.5811653e-06   2.4900244e-05   1.3553413e-05   7.5703024e-06   6.1514361e-06   1.9425108e-06   4.7905241e-06   3.1833110e-06   9.2611566e-07   4.9882721e-07   2.8652937e-06   1.3991073e-06  -4.7488899e-07   1.6081907e-07  -7.8123981e-07  -3.2976243e-07  -3.5210709e-07
  -0.0000000e+00  -1.9303136e-04   1.2709663e-05   1.0901626e-05   2.0830515e-05  -1.1356511e-05   1.9793035e-05   1.5112820e-05   1.8143561e-05   7.4892132e-06   7.0273099e-06   5.2080145e-06   1.5817117e-06  -4.5029924e-07   3.9029637e-06   2.2807881e-06   1.3887611e-06  -1.4331470e-06   2.2121884e-07   2.2174941e-06  -1.9462320e-06   3.0470136e-07   4.4929442e-07
  -0.0000000e+00  -1.8591218e-04   1.6786238e-06   1.6131826e-05   1.0768231e-05  -3.1295915e-06  -1.2285611e-06   2.5729494e-05   9.0702270e-06   9.8152768e-06   5.8382111e-06   2.5042029e-06   3.6691570e-06   3.9679476e-06  -7.2321353e-07   4.6840705e-07   4.7880957e-07   1.6150008e-06   2.3774901e-06  -1.6450440e-06   2.5294657e-06   2.5899117e-06  -1.0608291e-07
  -0.0000000e+00  -1.8845564e-04   2.0192350e-05   1.0165073e-06   2.9319886e-05  -9.2682494e-06   1.4469280e-05   1.9401823e-05   2.0012483e-05   1.0578095e-05   4.2201327e-06   4.5890324e-06   2.3678053e-06  -3.5991827e-06   7.0218771e-06   2.2433706e-08   1.2562086e-06   1.7706765e-06  -1.6762182e-06   5.4814893e-07  -4.8745651e-08   2.7415306e-09  -1.4068472e-07
  -0.0000000e+00  -1.8461124e-04  -4.9792925e-06   2.7805994e-05   7.8555277e-06  -1.3992369e-06  -2.6677662e-07   2.2957884e-05   1.1563812e-05   5.8309470e-06   7.9651345e-06  -6.5672731e-07   4.1286089e-06   7.1572808e-06  -2.4091505e-06   3.3288889e-06  -1.2853031e-06  -7.1200031e-07   3.2874989e-06   5.7246706e-07  -7.5312107e-07   3.3703386e-06  -8.7437201e-07
  -0.0000000e+00  -1.9812775e-04   1.5109276e-05   1.0275630e-05   1.3283492e-05  -1.0431730e-05   1.5797090e-05   1.8911007e-05   1.9262279e-05   1.0361271e-05   3.4027285e-06   6.9918501e-06   1.4357246e-06  -1.1171198e-06   4.2349375e-06   1.4826868e-06   3.9915271e-06   3.7148934e-07  -1.2591591e-06   2.3729474e-06   1.1395209e-06  -3.3165445e-06   1.6334137e-06
  -0.0000000e+00  -1.7539968e-04   6.1589099e-06   1.3175028e-05   2.7363032e-05  -6.3429584e-06   7.9458559e-06   2.2832979e-05   9.6942431e-06   9.4007364e-06   2.6257055e-06   8.9485638e-07   4.3085565e-06   4.9465252e-06   1.3780793e-06   9.9024317e-07  -1.7606983e-06   3.2142627e-06   3.4395423e-06  -2.5100173e-06   1.2004125e-07   2.3049847e-06  -1.2973956e-06
  -0.0000000e+00  -1.9866745e-04   1.6996566e-05   7.0477249e-06   1.5219159e-05  -2.7469168e-06   5.8253027e-06   1.8105691e-05   2.1972484e-05   6.7465598e-06   8.5135962e-06   3.6616038e-06   1.4576138e-06  -4.9851508e-07   2.1927885e-06   2.8157822e-06   2.4431647e-06   1.5488669e-06  -2.2405029e-06   2.8363506e-06   1.3465863e-06  -3.8057345e-07   1.4829193e-07
  -0.0000000e+00  -1.8761323e-04  -1.1903461e-06   1.9852216e-05   1.2232765e-05  -7.1505397e-06   8.0235732e-06   2.7646665e-05   7.6884789e-06   9.0007470e-06   7.9679677e-07   1.9615638e-06   5.0603594e-06   2.1617868e-06   1.2473485e-06   2.5192167e-06  -1.7384451e-06   4.8450042e-06   1.5527531e-06   1.4577380e-06  -1.6056617e-07  -3.5188998e-07   1.9007015e-06
  -0.0000000e+00  -1.8548469e-04   1.2929068e-05   1.3184560e-05   2.0447547e-05  -4.2133838e-06   1.1986472e-05   1.4904620e-05   2.2083621e-05   6.0506127e-06   1.3329646e-05   2.0476361e-06  -1.3898413e-08   1.9071825e-06   3.4822644e-06   2.6692969e-06   4.5472825e-06  -3.9357819e-06  -4.2415797e-07   3.7574241e-06   1.1536859e-07   5.8103404e-07  -1.8543865e-06
  -0.0000000e+00  -1.8772487e-04   3.9655652e-06   1.3070008e-05   1.2419392e-05  -4.6084970e-06   4.2576817e-06   2.3920908e-05   1.0474818e-05   1.0718216e-05  -9.4869961e-07   7.2415655e-06   2.4785516e-06   4.7954391e-06  -1.9225780e-08   1.5390667e-06   1.3667042e-07   3.1684135e-06   3.1660420e-07   1.8266230e-06   1.3884470e-06   5.5365319e-08   3.1968153e-07
  -0.0000000e+00  -1.9535304e-04   1.3903990e-05   5.3062276e-06   2.3850755e-05  -7.9394658e-06   1.3296608e-05   2.5299523e-05   1.8007499e-05   9.5255691e-06   8.9029854e-06   1.3508646e-06   1.9957329e-06   1.9793333e-06   3.5513619e-06   1.8380430e-06   4.3703440e-06  -7.7970287e-07   2.2084673e-06   1.8861150e-06   9.3586272e-07   2.1610397e-06  -1.2604428e-06
  -0.0000000e+00  -1.8827074e-04   4.3331152e-06   2.8525756e-05   4.4499416e-06  -4.1475738e-07   9.1014281e-06   1.6153690e-05   1.1064520e-05   9.1133061e-06   1.2973208e-06   5.7580114e-06   2.0332302e-06   2.5448364e-06  -1.6418632e-06   1.2947050e-06   4.8798103e-07   1.9805084e-06   8.1600842e-07   3.1571636e-07  -6.6586409e-07   1.4720933e-07   8.1400970e-07
  -0.0000000e+00  -1.8682204e-04   7.1994764e-06   8.7708969e-07   2.8574214e-05  -1.1687612e-05   8.6526134e-06   2.7741809e-05   1.9547599e-05   4.5380007e-06   8.3318828e-06   1.6562501e-06   8.8991749e-07   2.6230500e-06   3.5877449e-06   8.6300702e-07   1.5090666e-06   2.3404727e-06  -1.5139595e-07  -9.3197855e-07  -6.6784429e-07   1.3268805e-06  -1.3268270e-06
  -0.0000000e+00  -1.8367989e-04   9.4098095e-06   1.5276157e-05   9.0373896e-06  -5.7852940e-06   8.7141771e-06   1.8012755e-05   1.3261910e-05   6.3523307e-06   2.8707134e-06   6.3261577e-06   8.8030509e-07   5.2086607e-06  -7.8917395e-08   2.9296000e-06   1.0256996e-06   2.1444928e-06  -5.2982313e-07   1.1342573e-06   7.5259329e-08   5.8995226e-07   1.6978105e-06
  -0.0000000e+00  -2.0388197e-04   1.0913060e-05   1.4473159e-05   2.1870514e-05  -7.1671834e-06   1.2778490e-05   1.7041959e-05   1.5768168e-05   1.0055666e-05   8.5807651e-06   3.1359900e-07   6.4064602e-06  -1.3336584e-06   4.2451015e-06   2.2009031e-06   1.2383172e-06  -1.8971640e-06   1.2103316e-06   6.4079501e-07   1.4164074e-06   1.2269253e-06  -9.3889594e-07
  -0.0000000e+00  -1.7577226e-04   3.5698820e-06   1.0844745e-05   7.6070905e-06  -1.2736566e-06   5.5892369e-06   2.5777925e-05   1.1768890e-05   1.5486190e-05  -2.3250695e-06   5.2806768e-06   1.3263428e-06   5.4322136e-06  -2.1539108e-07   2.2872862e-06  -2.7203217e-07   3.0665599e-06   1.7009238e-06   1.0844461e-06  -5.2619333e-07  -5.9585375e-07   7.0433375e-09
  -0.0000000e+00  -1.9959401e-04   7.2541498e-06   1.8821194e-05   2.1895947e-05  -1.3476758e-05   1.3883670e-05   1.9434401e-05   1.7043709e-05   3.7004602e-06   1.2063978e-05   4.0037967e-06   2.5134329e-06  -1.5812717e-06   2.5146867e-06   2.3817668e-06   2.7431633e-06  -2.3315981e-06   1.2831571e-06   1.3177848e-06   5.1951776e-07   2.5996283e-06  -1.1793262e-06
  -0.0000000e+00  -1.7749434e-04   1.1858728e-05   7.7806499e-06   1.7145119e-05   2.8935963e-06   2.4752499e-06   2.6483503e-05   1.5027165e-05   6.4441888e-06   4.8811648e-06   3.7897921e-06   2.2474483e-06   4.9003288e-06   1.7576175e-06   4.2834969e-07  -1.0980243e-06   3.1503193e-06   2.1046694e-06   8.7092582e-07   1.4119794e-06  -9.1018956e-07   2.2786374e-07
  -0.0000000e+00  -2.0467835e-04   5.1300622e-06   1.2554139e-05   2.0559510e-05  -1.6189855e-05   1.8221494e-05   1.4111080e-05   1.7706585e-05   9.4704010e-06   8.7681829e-06   1.0974245e-06   3.0721053e-06   4.4759804e-06   2.5729444e-06   2.6713499e-06   2.7538269e-06  -6.9914211e-07   2.1686928e-06  -4.4727634e-07   7.2190102e-07   2.5752788e-06   6.7970700e-07
  -0.0000000e+00  -1.7505758e-04   3.9608176e-06   1.6285619e-05   1.1201421e-05   6.9646499e-06   1.7356135e-06   2.5641921e-05   1.4134341e-05   8.3253217e-06   2.1907797e-06   5.6096792e-06   3.7538243e-07   9.4482942e-07   3.5854309e-06   9.4358376e-07   2.3805128e-06   2.8657721e-06  -6.1704077e-07  -7.1724287e-07  -9.6951123e-07  -1.2149592e-07   3.0532780e-07
  -0.0000000e+00  -1.9823069e-04   1.4534429e-05   1.1175959e-05   2.2072745e-05  -1.3530228e-05   8.2277502e-06   2.3456601e-05   1.4622775e-05   9.5474361e-06   5.8456840e-06   9.8625299e-07   3.3216945e-06   1.6505070e-06   3.2292135e-06   2.7455810e-06   6.6040877e-07   7.6227929e-07   1.6482308e-06   4.1823938e-07  -1.2556185e-06   1.1955415e-06   9.0559701e-07
  -0.0000000e+00  -1.8521704e-04   4.7159574e-06   1.4110089e-05   8.9594641e-06  -1.9547963e-06   9.6971307e-06   1.5007918e-05   1.5522955e-05   9.1179872e-06   1.6404878e-06   7.9686051e-06  -5.6940110e-07   3.7028574e-06   1.5060384e-06   3.2769869e-06   2.5762708e-06  -7.0817407e-07  -1.7953134e-06  -3.3818591e-07   2.8512611e-06   3.1873566e-07   2.1279725e-06
  -0.0000000e+00  -1.8842772e-04   1.0568723e-05   9.1321117e-06   2.6856469e-05  -1.2185821e-05   1.2443053e-05   2.5893200e-05   2.0405230e-05   3.1909767e-06   8.9425621e-06  -3.1753784e-06   7.3566221e-06   7.5889972e-07   3.2449291e-06   1.3153924e-06  -9.0831708e-07   1.5196956e-06   2.6129652e-07   9.5504686e-07   6.3768545e-07  -2.1304768e-07   2.7029164e-06
  -0.0000000e+00  -1.8497932e-04   2.9402004e-06   2.1557842e-05   9.1129641e-06  -6.3521918e-07   3.4279622e-06   1.9203215e-05   1.2116939e-05   1.1834507e-05   2.6348550e-06   7.3415640e-06   9.4640832e-08   3.5455535e-06   1.8991261e-06   1.1709595e-06   2.5822474e-06   1.2660263e-06   2.3101927e-07   5.2705023e-08   1.0646409e-07   3.7747412e-07   6.9558303e-07
  -0.0000000e+00  -1.9661263e-04   1.3364845e-05   3.1743327e-06   2.3898683e-05  -5.2524479e-06   1.2738052e-05   2.3542794e-05   1.7432538e-05   7.2501130e-06   5.5104424e-06   2.3298917e-06   4.4888230e-07   1.1014604e-06   9.5635119e-07   1.5449870e-06   3.6269665e-07   2.4085969e-06   1.1744498e-06  -2.5397389e-06   3.2333048e-07   1.2044122e-06  -1.3523924e-06
  -0.0000000e+00  -1.8511029e-04   5.4281873e-06   2.1944159e-05   1.1727288e-05  -5.1860684e-06   7.9909623e-06   2.3693965e-05   1.3829390e-05   9.2630589e-06   2.6155481e-06   3.4848617e-06   2.9606181e-06  -2.7646502e-07   4.3388782e-06  -4.3715733e-07   1.2503286e-06   1.1586018e-06   1.0386043e-06   1.1499328e-06   3.0498904e-07   4.9129028e-07   1.0270107e-06
  -0.0000000e+00  -1.9117977e-04   1.0973317e-05   9.7213451e-06   1.5937032e-05  -8.0852615e-06   1.1726283e-05   1.5438140e-05   2.1044088e-05   6.8697541e-06   8.3089972e-06   3.0687941e-06  -3.7278508e-07   3.8991302e-06   1.1223220e-06   3.8985527e-06   2.5341501e-06  -1.7335724e-06   3.0044009e-06   1.2882032e-06   9.6362271e-08  -6.3945168e-07   9.2077124e-07
  -0.0000000e+00  -1.8297927e-04  -3.8901630e-06   1.7131628e-05   1.5633748e-05  -1.4460583e-06   7.3016436e-06   2.5953999e-05   1.1309387e-05   8.7495582e-06   7.6305350e-06   1.4966519e-06   6.4600117e-06   3.8457524e-06   2.0171378e-06  -1.4705261e-06   1.7373362e-06   1.1800544e-06  -1.5416978e-07   8.3496309e-07   1.8593552e-06   7.2062136e-07   1.4408350e-07
  -0.0000000e+00  -1.9571777e-04   1.7866460e-05   8.6310192e-06   2.1011701e-05  -6.3339685e-06   4.3709811e-06   1.9064684e-05   2.0266978e-05   8.6461405e-06   4.6578639e-06   3.3427448e-06   1.2251487e-06   8.7886781e-07   4.4769990e-06   1.9611748e-06   4.0467870e-07   9.9635326e-07   2.1532601e-06  -1.8117407e-06   9.1875353e-07   1.2085748e-06   4.3008427e-07
  -0.0000000e+00  -1.8266583e-04   7.6268138e-06   1.7527798e-05   1.3549149e-05  -5.5879891e-06   9.7193406e-06   3.0028939e-05   9.3019580e-06   1.0363802e-05   3.3870692e-06   2.6307009e-06   2.5505594e-06   4.1964759e-06   1.0913606e-06   4.8114880e-06  -1.3622591e-06   1.5255260e-06   1.0780942e-06  -1.9237459e-06  -3.2062158e-07   2.4253623e-06   4.8807601e-07
  -0.0000000e+00  -1.9208374e-04   1.0096370e-05   1.1424666e-05   1.7468798e-05  -5.0867798e-06   1.2983851e-05   1.5945117e-05   1.8264191e-05   9.9394001e-06   8.0482250e-06   3.5228989e-06   1.3922563e-06   4.6497863e-07   3.7871264e-06   3.8885563e-08   2.7922276e-06   9.2398619e-07  -2.9278801e-06   2.0261207e-06   3.0143542e-06  -2.8676218e-06   2.4989108e-06
  -0.0000000e+00  -1.8536655e-04   7.1737492e-07   1.5175156e-05   1.8832878e-05  -4.1423064e-06   3.6538802e-06   2.4659581e-05   1.5137613e-05   4.2105971e-06   4.6285927e-06   5.6472800e-06   1.7041855e-06   5.4846751e-06   1.0089784e-06   3.3612566e-06   3.2628787e-07   1.6046882e-06   2.9999674e-06  -3.6219859e-07  -1.5714296e-06   6.6777460e-07   4.1705081e-07
  -0.0000000e+00  -1.8955604e-04   1.6672708e-05   1.3866067e-05   1.6253152e-05  -5.1389875e-06   1.1731720e-05   1.8372166e-05   1.8114937e-05   1.0782932e-05   5.4610969e-06   3.5334165e-06   3.2932039e-06   1.5181227e-07   2.6694461e-06   3.3803731e-06   2.3375185e-07   7.6043244e-07  -9.9354918e-07   1.0572109e-06   2.1840174e-06   1.6048064e-07   1.6076710e-06
  -0.0000000e+00  -1.8957180e-04   1.6864594e-06   1.5978660e-05   1.3306425e-05  -4.4540393e-06   6.8309873e-06   2.3765042e-05   1.1429435e-05   7.6301130e-06   5.0435629e-06   2.9977155e-06   3.3215078e-06   3.7799798e-06   5.6376706e-07   2.1831306e-06   7.5733834e-07  -1.1510854e-06   1.7855257e-06  -7.3669992e-07   1.0431264e-06  -1.5150391e-06  -8.6023590e-07
  -0.0000000e+00  -1.8851514e-04   1.3417518e-05   8.3681898e-06   1.9904481e-05  -7.2033504e-06   9.3068065e-06   1.9448649e-05   1.4768826e-05   1.2344146e-05   5.2891905e-06   4.9883226e-07   4.1572403e-06   2.3417870e-06   5.1850611e-06   7.2086273e-08   1.6717130e-06   1.2563127e-06   1.7144860e-07  -3.5673929e-07   1.9649933e-06  -5.6670154e-07  -7.4902488e-07
