  -0.0000000e+00  -1.9156751e-04   7.5329381e-06   2.1219041e-05   1.7452265e-05  -5.4523580e-06   5.8077153e-06   2.1847487e-05   1.6103222e-05   6.5636318e-06   6.2911522e-06   6.8528116e-06   6.1072490e-07   2.0727216e-06  -1.3467917e-06   3.7940345e-06   2.2343490e-06   7.2251976e-07   1.1383203e-06   1.8521154e-06  -7.4280996e-07  -5.6491956e-07  -1.5952115e-07
  -0.0000000e+00  -1.8724732e-04   8.6733999e-06   6.0345174e-06   1.5403843e-05  -5.0390336e-06   1.1048202e-05   1.7975772e-05   1.9273721e-05   5.4755583e-06   4.7009112e-06   2.0495004e-06   1.1326074e-06   2.9634064e-06   4.3338023e-06  -2.7438798e-06   5.8848905e-06  -8.2102787e-07   2.7458095e-06  -8.0458719e-08  -9.3483385e-07   1.2954912e-06   1.0384467e-06
  -0.0000000e+00  -1.8628665e-04   5.1214124e-06   2.2198616e-05   1.6436330e-05  -4.5687893e-06   1.1032199e-05   1.9169334e-05   9.4847528e-06   1.1864535e-05   6.9122157e-06   2.7521285e-06   3.6101826e-06   5.2913515e-07   2.7871465e-06   3.8320545e-06  -1.9711148e-07  -1.5908480e-06   3.7380576e-07   7.9903560e-07   1.8891728e-06   7.7312592e-07  -6.6167331e-07
  -0.0000000e+00  -1.9047539e-04   1.6267852e-05   7.9527899e-06   1.9459623e-05  -6.7010451e-06   6.0249668e-06   2.2892722e-05   1.4766791e-05   6.5482659e-06   2.0018092e-06   3.8837538e-06   4.7465319e-06   2.4355927e-06   4.7769440e-06   7.4056607e-07   1.9447646e-06   1.4626099e-06   4.6707150e-06  -1.4312659e-06   7.2937507e-07   6.4907999e-07   8.0950576e-07
  -0.0000000e+00  -1.9359440e-04   3.2063328e-06   1.2669239e-05   1.5344152e-05  -7.2366656e-06   7.7672339e-06   2.4491306e-05   1.8033521e-05   9.5592350e-06   6.9758853e-06   3.8502835e-06   2.3426171e-06   9.6042569e-09   2.0908849e-06   3.9208512e-06   2.3593163e-08  -2.1743784e-07  -1.3350567e-06   1.4420267e-06   1.7438706e-06   2.6008715e-07  -1.3211161e-06
  -0.0000000e+00  -1.8651241e-04   1.2761050e-05   1.5315451e-05   1.8854607e-05  -3.9314273e-07   7.8990070e-06   1.5278960e-05   1.4859854e-05   3.7490217e-06   5.0947633e-06   2.9000360e-06   5.1893012e-06   4.9332634e-06  -1.0116444e-06   1.3999592e-06   4.0617629e-06   1.5531027e-07   1.3101276e-06   2.8401575e-07   1.3308094e-06  -2.4885276e-07   2.3772714e-06
  -0.0000000e+00  -1.8318799e-04   2.9642404e-06   1.5081924e-05   1.5029264e-05  -9.6890071e-06   1.4598508e-05   2.4362354e-05   1.7635135e-05   1.3287263e-05   3.0336619e-06   2.9010860e-06   3.1064037e-08   2.5701586e-06   2.5209151e-06   5.0445728e-06  -1.0366556e-06   1.4725407e-06  -1.0567970e-06   1.7302998e-06   1.2639374e-06   2.2841510e-07   1.2047227e-06
  -0.0000000e+00  -1.9616359e-04   7.9450765e-06   9.9640156e-06   1.6389924e-05  -8.5706679e-06   2.5490215e-06   2.0586516e-05   1.0908455e-05   5.4167358e-06   4.9874097e-06   3.8245244e-06   5.1568277e-06   1.7851982e-06   2.9199596e-06   1.6247424e-06   7.9698776e-07   2.2692243e-06  -4.3246686e-07   1.1212414e-06   1.1793126e-06   7.9508192e-07  -1.8140890e-06
  -0.0000000e+00  -1.8715097e-04   1.2631723e-05   1.7294788e-05   1.4336826e-05   3.2171936e-06   8.6236469e-06   2.4705287e-05   1.8919391e-05   8.7924991e-06   5.9673066e-06   3.5840176e-06  -1.8907239e-06   2.7743652e-06   2.6300197e-06   2.3431785e-06  -5.2504731e-07   3.7312938e-07   1.4923452e-06  -2.6063547e-06   9.0286107e-07  -1.5027605e-06   4.5680508e-07
  -0.0000000e+00  -1.9418829e-04   4.7986250e-06   1.3578964e-05   1.6056127e-05  -1.3339695e-05   1.0325057e-05   1.7701479e-05   1.2033908e-05   1.0586251e-05   6.3031489e-06   1.3945375e-06   7.1745089e-06  -3.0836850e-07   1.6053293e-06   2.7328786e-06   2.2541794e-06  -4.7589825e-07  -1.1410269e-06   2.0771770e-06   2.3455489e-06  -1.2079149e-06  -1.2400501e-06
  -0.0000000e+00  -1.8205389e-04   7.5585308e-06   7.9794600e-06   1.8843772e-05  -3.2544715e-06   6.3761217e-06   2.2312266e-05   1.9856734e-05   2.3912285e-06   6.6887942e-06   5.2012779e-06  -1.0880007e-06   2.1898850e-06   2.2727936e-06  -3.6133684e-07   2.0423245e-06   7.0137827e-07   1.9163836e-06   2.0337775e-06  -4.6556220e-08   2.2526842e-06   7.0760439e-07
  -0.0000000e+00  -1.9267818e-04   7.7928325e-06   1.2952950e-05   1.9866062e-05  -9.8028613e-06   1.0152791e-05   2.6711610e-05   1.2758454e-05   1.3706804e-05   6.5593335e-06   3.6515057e-06   1.3168888e-06   3.5930702e-06   2.8716709e-06   4.6421084e-07   6.5626836e-07   2.2319213e-07   3.9535648e-06   2.8127783e-07   1.2551988e-06   1.8106192e-06   1.8919993e-06
  -0.0000000e+00  -1.8972889e-04   1.2988027e-05   1.2822537e-05   1.3582818e-05  -1.9975050e-06   2.9812445e-06   1.7736304e-05   1.2004245e-05   7.4973191e-06   4.3738623e-06   3.1146274e-06   5.7797047e-06   2.7427425e-06   2.4596991e-06   1.8729178e-06   1.3516590e-06   1.2715959e-06  -2.0236121e-06   1.8698745e-06  -1.3487794e-06   1.2677324e-06  -1.4597493e-06
  -0.0000000e+00  -1.9570268e-04   3.6755191e-07   2.0600903e-05   1.4354442e-05  -2.1887267e-06   1.5827180e-05   2.4426705e-05   1.9199329e-05   1.1706607e-05   4.0985437e-06   2.0531966e-06   2.9800367e-06   3.4589877e-06   2.2071742e-06   3.4373336e-06  -4.2588746e-07   5.2165819e-07   2.9324003e-06   2.3372621e-07   9.5576706e-07   6.4338479e-07   5.8298139e-07
  -0.0000000e+00  -1.7795384e-04   9.1552820e-06   8.4491903e-06   1.8563367e-05  -6.5880918e-06   5.8631385e-06   1.4743265e-05   1.1954467e-05   2.9063426e-06   7.9626625e-06   4.7431381e-06   1.0828352e-06   1.7683275e-06   2.4970202e-06   1.6099284e-07   6.3502597e-07   2.1487501e-06  -1.8445548e-06  -2.3123075e-08  -2.3651799e-06   1.0272191e-06   1.4363294e-06
  -0.0000000e+00  -1.9669626e-04   1.4742477e-05   1.1529409e-05   2.1215974e-05  -8.9020959e-06   9.2769505e-06   2.8194208e-05   2.3544613e-05   6.8666372e-06   7.5823500e-06   3.2426249e-06   2.2566707e-07   3.2838338e-06   7.7553483e-07   5.2390451e-06   3.0643719e-06  -8.1505902e-07  -1.2821276e-06   1.0390331e-06   4.8722200e-06  -1.7660583e-06  -1.8769570e-07
  -0.0000000e+00  -1.8822646e-04   3.2419803e-06   1.7000271e-05   1.4792589e-05  -9.1465074e-07   1.0008206e-05   1.8670529e-05   7.8690609e-06   9.7511656e-06   2.0860514e-06   6.2096060e-06   3.6700219e-06   1.1506748e-06   3.1726797e-06  -2.9692083e-07  -7.4968870e-07   2.1771136e-06   2.0333594e-06   3.1018146e-06  -3.4226566e-06   1.1167879e-06   1.9649572e-06
  -0.0000000e+00  -1.8729313e-04   7.1789818e-06   1.4156099e-05   1.9802079e-05  -6.5030949e-06   8.4064959e-06   2.4219686e-05   1.2973018e-05   1.2029168e-05   7.8892754e-06   1.9969345e-06  -1.4300524e-06   1.8926999e-06   4.3587243e-06   1.4089259e-06   1.1705222e-06  -2.2674244e-06   3.0627702e-06   4.8129112e-07   1.0349731e-06  -7.6366416e-07  -3.7904297e-08
  -0.0000000e+00  -1.8566803e-04   4.7748958e-06   1.8446435e-05   1.6092295e-05  -8.6391483e-06   1.3707693e-05   2.2791735e-05   1.4810234e-05   1.3357765e-06   3.7855655e-06   2.6552993e-06   5.8220244e-06   1.5747532e-06   3.1649110e-06  -1.2665490e-06   2.5762279e-07   2.7728627e-06  -1.9204776e-08   1.3789097e-06  -1.1207059e-06   2.2022680e-06   5.9906029e-07
  -0.0000000e+00  -1.9503216e-04   1.9984229e-05   4.7173135e-06   2.2018996e-05  -4.7111939e-06   6.4612841e-06   1.5776543e-05   2.0033767e-05   9.4504749e-06   9.1859101e-06   4.6877535e-06  -3.2936841e-06   2.9136600e-06   1.3611347e-06   2.0726809e-06   1.7075839e-06  -7.3017293e-07   1.4647838e-07   1.8993981e-06   5.6525226e-07   1.4034441e-06  -1.5260180e-06
  -0.0000000e+00  -1.8912733e-04   2.5039635e-06   2.1263031e-05   1.5067992e-05  -3.4946431e-06   1.0899256e-05   2.1566677e-05   1.4566523e-05   6.2823920e-06   2.5520242e-06  -1.1812139e-06   5.7626585e-06   3.1248856e-06   2.8505081e-06   2.4864173e-07  -1.0833318e-06  -5.4808214e-07   2.4469188e-07   3.8627758e-07  -9.9833329e-08   5.2833241e-07   3.2337680e-06
  -0.0000000e+00  -1.8167886e-04   2.2768879e-06   1.4045064e-05   1.5730864e-05  -6.6135954e-06   9.7041775e-06   2.5864796e-05   1.5954578e-05   8.7914168e-06   4.6009882e-06   6.6254324e-06   1.9197691e-06   9.8304201e-07   3.5042674e-06   2.8806885e-06   2.8849656e-06   1.8029463e-06  -2.2221677e-06  -3.9455830e-07   3.0085841e-06   5.6152686e-07  -1.3890666e-07
  -0.0000000e+00  -1.9703164e-04   1.3561051e-05   1.2408149e-05   1.7759559e-05  -4.4060198e-06   7.7252307e-06   1.7510147e-05   1.0548893e-05   1.0404405e-05   4.5287675e-06   4.2129345e-06   1.1951855e-06   1.5645618e-06   3.7016712e-06   2.5803158e-07  -2.4140550e-06   3.7107193e-06  -2.0424970e-07   2.2689708e-08  -5.0266175e-07   1.6562286e-06   1.9976301e-06
  -0.0000000e+00  -1.8934047e-04   1.3462206e-05   1.1422171e-05   1.8314498e-05  -9.4056904e-06   1.3716525e-05   2.3484856e-05   1.9644771e-05   4.8188831e-06   6.7573060e-06   9.5741791e-07   3.4353336e-06   3.0635804e-06  -2.6796609e-10   3.8930812e-06   3.2232472e-07  -2.5731296e-07   7.2418675e-07   1.7292941e-06   4.0935120e-06   4.7472264e-07  -1.2957810e-07
  -0.0000000e+00  -1.7767970e-04   3.6102474e-06   1.2571311e-05   1.3478678e-05  -3.8458465e-06   6.8407489e-06   1.8693316e-05   1.5627158e-05   7.3810120e-06   6.5104505e-06   1.1706946e-06   2.0573686e-06   3.5811840e-06   2.7427598e-06   5.9807763e-07   2.1499977e-06   1.2913006e-06   7.3920364e-07   1.4119759e-06   6.1558973e-07  -1.0910926e-06   7.9498324e-07
  -0.0000000e+00  -1.9815369e-04   2.2723209e-06   1.9917545e-05   1.9413837e-05  -6.0230459e-06   9.0889453e-06   2.0331503e-05   1.3755814e-05   1.0465401e-05   6.7150791e-06   5.5359069e-06   1.9406793e-06   2.8996901e-06   4.0884133e-06   3.4001248e-06  -1.7229694e-07  -2.3071033e-07   6.0260959e-07   2.0745456e-06  -1.1344077e-06   2.6679538e-06   4.0699061e-07
  -0.0000000e+00  -1.8781025e-04   1.4286625e-05   9.0395806e-06   1.4986003e-05   4.6502069e-07   7.0915576e-06   2.1057547e-05   1.7375178e-05   5.9197828e-06   2.3601553e-06   6.0096781e-06   1.4855998e-06   2.6324240e-06   4.0188042e-06  -9.9077909e-07   2.4078458e-06   2.6661160e-06   1.0260183e-06  -4.4687465e-07   1.3002068e-06  -3.1598759e-07  -1.8303469e-06
  -0.0000000e+00  -1.9224765e-04   1.1696263e-05   1.1875311e-05   1.9441659e-05  -1.3121890e-05   1.2051283e-05   2.3384384e-05   1.2024780e-05   1.1837240e-05   4.9527825e-06   2.2049651e-06   1.6300172e-06  -2.5534953e-07   2.6500531e-06   1.0045993e-06   2.6158136e-06  -1.1542151e-06   2.1338885e-06   1.3196880e-06  -1.1103848e-06   2.4837625e-06  -5.7233530e-07
  -0.0000000e+00  -1.8051674e-04   1.8336909e-06   1.6938304e-05   1.6214894e-05  -2.4556091e-06   6.2256927e-06   1.8048326e-05   1.8675790e-05   3.0032595e-06   7.6220640e-06   1.5809502e-06   3.7987394e-07   5.6239051e-06   2.4784831e-07   8.0034891e-07  -1.7161624e-07  -1.5320195e-07   1.6286131e-06   1.7837569e-06   9.5113228e-07  -1.7773139e-06   2.2665336e-06
  -0.0000000e+00  -1.9599873e-04   8.8309031e-07   1.8392091e-05   1.9302350e-05  -8.4654494e-06   1.0927911e-05   2.2009663e-05   1.6289332e-05   1.0402601e-05   8.1164108e-06   1.6123128e-07   4.5377692e-06   5.4066652e-07   1.9676140e-06   3.7973221e-06   1.5065212e-06  -5.3630157e-07   1.3326820e-06  -9.6791996e-07   2.0496775e-06   1.5084312e-06   3.5736679e-08
  -0.0000000e+00  -1.9013013e-04   2.2649267e-05   4.2728452e-06   1.4764167e-05  -2.5109894e-06   6.5012587e-06   1.9267478e-05   1.2100324e-05   7.6656534e-06   2.0735877e-06   7.3381125e-06   7.0875427e-07  -4.3112684e-07   3.4751795e-06   3.7918824e-07   3.0190236e-07   1.8998335e-06  -4.9161054e-07  -8.7859127e-07   1.9779222e-08  -2.2756340e-06   3.1850384e-06
  -0.0000000e+00  -1.8470023e-04   2.7132949e-06   1.4808194e-05   1.8041083e-05  -6.8354279e-06   1.4051190e-05   2.5248084e-05   1.3572496e-05   1.1915326e-05   5.4896186e-06   6.0397792e-07  -2.2115178e-07   1.3045254e-06   1.3348021e-06   5.3837634e-06  -7.0999022e-08   4.7063251e-09   1.4961353e-06  -2.6835144e-07   1.2993014e-06   1.6537781e-06  -1.4940503e-06
  -0.0000000e+00  -1.9225439e-04   3.6665006e-06   1.6628233e-05   1.4899232e-05  -8.7346407e-06   8.2785964e-06   1.5804990e-05   1.5940910e-05   5.4098850e-06   3.8262924e-06   6.8921472e-06   1.4881298e-06   5.6516105e-06   1.3051921e-06   7.2987632e-07   2.9697853e-06   1.7383824e-06  -1.5402265e-06   1.3867945e-06  -2.0698621e-07  -3.5339093e-07   2.5245863e-06
  -0.0000000e+00  -1.8667361e-04   8.1005346e-06   1.5561549e-05   1.6919319e-05  -4.2967866e-07   9.7656739e-06   2.5146019e-05   1.8171124e-05   8.6659347e-06   8.5320053e-06   9.0745635e-07   3.1927399e-07   5.0897729e-06   2.8773516e-06   2.4045953e-06   1.0352347e-06  -1.4456760e-06   4.3241293e-06  -2.6074642e-07   1.6971136e-06   1.2202036e-06   6.9163883e-07
  -0.0000000e+00  -1.8931946e-04   9.8551291e-06   6.5362888e-06   1.6977867e-05  -4.0402433e-06   8.4192188e-06   1.6250373e-05   1.4745508e-05   3.5208598e-06   4.1981293e-06   7.2462522e-06   2.4321239e-06   1.9542397e-06   1.9681070e-06   3.1001362e-06   8.0097220e-07   2.0676471e-06   2.4640615e-06   7.9337048e-07  -1.6997997e-06   1.9236913e-06   1.6118329e-07
  -0.0000000e+00  -1.9414800e-04   7.3778083e-06   1.4274956e-05   2.0640360e-05  -8.1783592e-06   6.4845904e-06   2.8510240e-05   1.3619484e-05   1.2453575e-05   5.6119743e-06   2.8620138e-06   4.9449400e-06  -1.6000589e-06   3.7570624e-06   1.3244552e-06   3.5205685e-06  -2.1062244e-06  -1.7707303e-06   5.0261406e-07   2.3523141e-06  -2.1768828e-07   1.2406813e-06
  -0.0000000e+00  -1.8612786e-04   6.5030190e-06   2.0500014e-05   1.4204237e-05  -6.1721476e-06   1.6559283e-05   1.8198061e-05   1.2639481e-05   8.0114050e-06   3.1971731e-06   3.3092465e-06  -4.5031271e-08   4.9408754e-06   2.2397282e-06   8.1224704e-07  -4.0974351e-07   1.8911533e-06   2.6510434e-06   4.0498495e-07  -1.0594352e-06  -1.8698271e-06   2.3171428e-06
  -0.0000000e+00  -1.8670590e-04   8.0699110e-06   1.0368504e-05   1.5703181e-05  -1.6498150e-06   3.9479255e-06   1.8593983e-05   1.9760453e-05   6.4253959e-06   8.5686397e-06   5.2172036e-06  -8.9469518e-07  -9.0626889e-07   2.4438068e-06   8.2694476e-07   1.8773682e-06   1.0648787e-06   1.3471198e-07   7.5767844e-08   2.6916171e-06   1.6846982e-06  -1.2803660e-06
  -0.0000000e+00  -1.9697823e-04   9.8380333e-06   1.2429541e-05   2.2639668e-05  -5.3571466e-06   6.9529119e-06   2.6942962e-05   1.7648319e-05   4.3929854e-06   3.2466776e-06   5.1640131e-06   2.7750730e-06   3.0112985e-06   1.1991282e-06   3.3817378e-06   8.6167779e-07   1.8277319e-06   2.7269953e-06  -9.1694676e-07   8.9281457e-08   1.3739367e-06  -4.0638010e-08
  -0.0000000e+00  -1.8142755e-04   4.6585978e-06   1.7070501e-05   1.4276215e-05  -8.7846329e-06   1.1707871e-05   1.6342576e-05   1.4817313e-05   8.5838101e-06   6.6446114e-06   2.9756650e-06   1.4566104e-06   2.7735696e-06   1.3779727e-06   3.1147413e-06  -5.3984172e-07   1.3375675e-06   7.3772043e-07   2.0045366e-06   1.7450244e-06   7.3037830e-07   2.1719065e-06
  -0.0000000e+00  -1.9188953e-04   8.7379813e-06   1.4246423e-05   1.7889382e-05  -7.9618749e-06   1.1894035e-05   2.3606211e-05   1.1888133e-05   1.0943088e-05   2.9762330e-06   3.1958957e-06   3.2458381e-06   1.8565686e-06   1.1304552e-06   1.2462565e-06   1.4851868e-06   1.1481824e-06   3.9370863e-07   4.5683358e-08   8.2907457e-07   5.1687482e-07   1.8484013e-06
  -0.0000000e+00  -1.9437655e-04   1.0670570e-05   1.5664802e-05   1.4806646e-05   3.1433972e-06   3.5133507e-06   1.9708094e-05   1.9771724e-05   6.0930693e-06   4.9382434e-06   5.1010293e-06   1.4945902e-06   1.7090564e-06   4.3257578e-06  -9.4588938e-07   2.8147665e-06   1.2273009e-06  -1.0518709e-06   1.2486208e-06  -8.7856381e-07  -5.9597636e-07   1.0410441e-06
  -0.0000000e+00  -1.8752128e-04   2.0001910e-06   1.2033225e-05   2.3349892e-05  -1.3202372e-05   6.2784056e-06   2.0017038e-05   1.6120777e-05   6.2619861e-06   7.5761891e-06   3.1257589e-06  -9.1651094e-07   1.1241618e-06   4.1651047e-06   3.7365524e-07   4.3299651e-06  -2.0930655e-07   1.4031192e-06  -1.3609539e-07   2.8536710e-06  -1.2531906e-06   1.6992589e-06
  -0.0000000e+00  -1.8541639e-04   1.0567079e-05   1.3239229e-05   1.5099190e-05  -3.5785911e-06   1.4005177e-05   2.4508292e-05   1.0296131e-05   9.2066366e-06   6.7092974e-06  -1.4058263e-06   6.5866911e-06   2.1352214e-06   3.9673441e-06   4.9338774e-07   1.1197199e-06   2.7809094e-06   1.2452340e-07   2.3953135e-06   9.7389761e-07   2.3818425e-06  -7.3648046e-08
  -0.0000000e+00  -1.8743928e-04   5.8578553e-06   1.7892060e-05   1.1200544e-05  -5.3293206e-06   7.8853309e-06   1.6822651e-05   1.6824391e-05   6.2939207e-06   6.3697166e-06   3.9279948e-06   2.7216447e-06   3.5513699e-06   2.9154091e-06   4.2162401e-06   6.2485748e-07  -1.9667465e-07   1.7766214e-06  -2.4275587e-06   2.1597614e-06   2.8103973e-06  -1.9132037e-06
  -0.0000000e+00  -1.9437156e-04   7.6932265e-06   7.8731018e-06   2.2363465e-05  -5.8525916e-06   5.6252429e-06   2.4577479e-05   1.6576336e-05   7.1556460e-06   1.3751051e-06   7.0506476e-06   3.0623676e-07   2.4651424e-06   2.5760876e-06   6.3035935e-07  -1.2252503e-06   2.4018382e-06   7.0687503e-07  -1.0285831e-06  -7.3949514e-07  -6.6870166e-07  -2.9996565e-07
  -0.0000000e+00  -1.8925406e-04   1.2588634e-05   1.4798426e-05   1.6107317e-05  -3.8654498e-06   1.2631218e-05   1.9194251e-05   1.3701405e-05   7.2321518e-06   7.1137465e-06   2.3010357e-06   1.0678300e-06   3.2015096e-06  -3.6316399e-07  -9.2895817e-08   1.5544208e-06   2.3639689e-06  -1.4423900e-06  -1.7183621e-07   1.0137089e-06   3.1752027e-06  -1.6880488e-06
  -0.0000000e+00  -1.8199912e-04   6.5894073e-06   1.4803930e-05   1.6593272e-05  -1.0173163e-05   1.0052691e-05   1.8755558e-05   1.3374427e-05   1.4011006e-05   5.1126262e-06   6.3255968e-08   8.0993590e-07   4.0743821e-06   2.4191386e-06   3.4759519e-06  -9.3686952e-09  -1.4757218e-07   1.5124340e-06   1.0472143e-06   1.2166441e-07   1.6252243e-07   2.4784351e-06
  -0.0000000e+00  -1.8926732e-04   8.3163695e-06   1.0204075e-05   2.1718508e-05  -1.4530265e-06   6.5506192e-06   2.4873965e-05   1.4899631e-05   6.7209462e-06   7.9389893e-06   1.9464021e-06   4.9422210e-06  -1.8048109e-06   2.6283512e-06   2.1163185e-06  -3.1036097e-06   1.7348934e-06  -1.4504756e-06   2.9533311e-07  -4.0602544e-07  -1.8670154e-07   6.4541598e-07
  -0.0000000e+00  -1.9563262e-04   6.2063668e-06   1.6630403e-05   1.4088022e-05  -4.2789584e-06   8.7964818e-06   1.7840108e-05   2.0326052e-05   4.9517480e-06   4.3217101e-06   7.8728599e-06   8.0335411e-07   1.8100069e-06   3.3151236e-06   2.2079557e-06  -1.7510357e-07   3.0152871e-06   4.3084756e-07   7.1502433e-07   2.9642388e-06  -8.3763547e-07   2.1992996e-07
  -0.0000000e+00  -1.8315674e-04   1.5140979e-05   1.2623410e-05   1.7548329e-05  -9.5465257e-06   1.2661786e-05   1.8978393e-05   1.3528903e-05   1.3806753e-05   6.0893926e-06   2.2573727e-06   2.8133759e-06   3.9883303e-06   4.0240620e-06  -3.9843462e-07   3.2057962e-06  -8.8084698e-07  -2.0239038e-07   6.0487076e-07  -1.5288064e-06   1.2619321e-06   2.3190412e-06
  -0.0000000e+00  -1.9596049e-04   5.8942760e-06   1.2899839e-05   1.8271430e-05  -4.2071351e-06   5.9097515e-06   2.3812860e-05   1.6646363e-05   6.5717081e-06   5.2330274e-06   4.4973121e-06   4.0736277e-06   3.0704198e-06  -2.5059653e-06   1.9911797e-06   3.9440706e-06  -1.9879169e-06   2.7787466e-06   5.5946805e-07   8.8101979e-07   4.5926629e-07  -7.2745053e-07
  -0.0000000e+00  -1.8014711e-04   1.7075373e-06   1.3747904e-05   1.7307200e-05  -5.1317020e-06   9.3597391e-06   1.9608402e-05   1.5132439e-05   8.2755741e-06   4.1806402e-06   3.5379705e-06   2.3953305e-06   1.6729232e-06   2.8365025e-06   1.4609556e-06   2.0091959e-06  -1.3711588e-07   1.7777901e-06   1.2318800e-06  -2.5306551e-07   2.3859038e-06  -1.0766795e-06
  -0.0000000e+00  -1.9604132e-04   1.6572758e-05   1.2745676e-05   1.6908905e-05  -5.8488158e-06   5.5485793e-06   2.3671151e-05   1.5319618e-05   9.5899450e-06   7.2756188e-06   4.1351032e-06   3.4441570e-07   2.0604291e-06   3.3326369e-06   2.3545708e-06  -6.9537964e-07   9.4225942e-07   1.1860184e-06  -4.5284366e-07   2.4414198e-06   5.1525831e-07   1.1267252e-06
  -0.0000000e+00  -1.8921640e-04   4.6443383e-06   1.7056649e-05   1.4423123e-05  -5.4911447e-06   1.4180203e-05   1.9735460e-05   1.7263981e-05   7.3779106e-06   1.9009765e-06   2.9011112e-06   5.6739327e-06  -1.7539913e-06   2.8621937e-06   1.0601992e-06   1.8001878e-06  -1.2968354e-06  -1.3785643e-06   6.3624623e-07  -1.3341339e-06   2.0037569e-06   1.5391611e-06
  -0.0000000e+00  -1.8484496e-04   1.8571174e-07   1.3651061e-05   2.3543829e-05  -1.0825399e-05   5.1511265e-06   2.4266446e-05   1.2399610e-05   5.6016197e-06   8.0577547e-06  -4.7164508e-07   1.4801165e-06   3.2124185e-06   2.7878066e-06   2.1951669e-06   2.6531056e-06   8.1031732e-07   2.3343827e-07   2.5956112e-06  -1.7127645e-06  -2.5647765e-07   3.5730602e-06
  -0.0000000e+00  -1.9449655e-04   2.0173024e-05   1.1040755e-05   1.0192463e-05   2.0189721e-06   8.5020265e-06   2.0072945e-05   1.6186112e-05   8.6090567e-06   3.4987340e-06   5.8787714e-06   1.9273198e-06  -3.0425622e-07   3.9684987e-06   2.4566355e-06   2.3352143e-06   3.1716534e-06  -1.7419453e-06   2.4959004e-06   7.4608738e-07  -1.4943877e-06   1.0238334e-06
  -0.0000000e+00  -1.8655667e-04   2.1158603e-06   1.4396075e-05   1.8866576e-05  -6.1448914e-06   1.0380451e-05   2.4246185e-05   1.4095346e-05   7.5363828e-06   4.5948359e-06   4.3510249e-06   7.8354520e-07   4.2044617e-06  -1.2671376e-06   2.6436342e-06   8.7058419e-07   9.2557855e-07   2.8688642e-06  -9.7460179e-07   2.9864727e-06  -6.9387573e-07  -3.9640192e-08
  -0.0000000e+00  -1.9269358e-04   5.0240046e-06   1.3568681e-05   1.7255446e-05  -8.1817525e-06   7.7081495e-06   1.5901416e-05   1.7575314e-05   1.0198243e-05   4.1837320e-06   1.2643485e-06   5.0472045e-06   3.7232480e-06   1.7683989e-06   2.1401238e-06  -1.2107847e-06   3.3324002e-06   1.6433885e-06   2.3998504e-07   1.1289047e-06  -7.5093982e-07   1.9603783e-06
  -0.0000000e+00  -1.8755083e-04   5.5705300e-06   1.6912083e-05   1.9226201e-05  -7.9840729e-06   7.4606833e-06   2.7188062e-05   1.2162255e-05   7.9650381e-06   5.6934491e-06   1.6417639e-06   2.4043975e-06   3.3123677e-06   5.1617457e-07   4.3270825e-06   5.2040232e-06  -2.4022827e-06   2.5553936e-06   1.4382846e-06  -1.1310585e-06   2.2755025e-06  -9.6491499e-07
  -0.0000000e+00  -1.8035997e-04   1.7897200e-05   6.5355389e-06   1.0322564e-05   4.8528236e-08   1.0597430e-05   1.8653796e-05   1.9574158e-05   5.8500586e-06   3.2944938e-06   4.2276338e-06   2.2249042e-06   2.7293413e-06   2.1147409e-06  -1.7821829e-07   1.2092099e-06   1.5001623e-06  -1.1022528e-06   2.7570950e-06   1.9355946e-06  -1.3701800e-06   4.0448532e-07
  -0.0000000e+00  -2.0708198e-04   7.0869355e-06   1.6361719e-05   1.9712388e-05  -8.9522173e-06   6.3205166e-06   2.4607994e-05   1.2407118e-05   1.2793913e-05   6.2900026e-06   1.0873204e-06   6.1213285e-07   6.9643295e-07   4.3265768e-06   3.5519790e-07   5.0763708e-07   1.5593171e-06   5.9976753e-07  -2.9903298e-08  -1.1835041e-07   3.3453900e-06  -1.5138522e-06
  -0.0000000e+00  -1.7305741e-04  -5.0845659e-07   1.7685325e-05   1.8627570e-05  -5.2360015e-06   1.2208913e-05   1.7585784e-05   1.8722498e-05   8.3030682e-06  -1.1598405e-08   5.4658008e-06   2.6464761e-06   1.2632249e-06   5.3131857e-06   1.1913472e-06   6.4337183e-07   3.3792077e-07   1.5502329e-06   8.5033656e-07  -6.9157727e-07  -1.1510753e-06   5.7682240e-07
  -0.0000000e+00  -1.9510614e-04   1.4920666e-05   1.4755159e-05   1.2921058e-05  -1.0732500e-05   1.0180004e-05   2.1817648e-05   1.4997988e-05   9.1874590e-06   8.3217556e-06  -2.5091992e-06   2.8799193e-06   3.2886514e-06   2.2102458e-06   3.3711419e-06   2.1302963e-06   4.1768233e-09  -6.6560642e-07   2.4679564e-06  -5.3541680e-07  -1.1028159e-06   1.7017730e-06
  -0.0000000e+00  -1.9160919e-04   1.1218947e-05   7.8770063e-06   1.7246342e-05   5.8070027e-06   2.1160470e-06   2.3555094e-05   1.4083672e-05   4.3698592e-06   8.8067281e-06   5.0721037e-06  -2.3448476e-06   8.5023139e-06   7.2704864e-07   2.1754506e-06   1.5419074e-06  -1.2024251e-06   3.8938160e-06  -9.7257828e-07   2.0293355e-06   2.9793031e-07   2.8687390e-07
  -0.0000000e+00  -1.8665273e-04  -1.4163228e-06   1.9501065e-05   2.0046566e-05  -9.3641320e-06   1.5163835e-05   2.2564089e-05   1.8161858e-05   1.0675049e-05   6.1694146e-07   3.8520875e-06   4.5232114e-06  -4.8024845e-07   4.1309854e-06   2.8408233e-06   1.7272209e-06   2.3444686e-06  -1.2086939e-07   7.0589721e-07   1.4544021e-06   1.1406931e-06   1.6398506e-06
  -0.0000000e+00  -1.9087472e-04   1.6562331e-05   1.1359549e-05   1.4776098e-05  -8.7964336e-06   8.3035957e-06   1.9730398e-05   1.4300645e-05   6.7078731e-06   3.6298784e-06   5.9920676e-06   1.0191096e-06   4.1231770e-06   8.0414060e-07   3.7502175e-06  -1.3474646e-06  -8.7049119e-07  -1.3940499e-07   1.9557840e-06   2.7920106e-07   1.3702798e-07   1.0780752e-06
  -0.0000000e+00  -1.8666987e-04   2.9515083e-06   1.3817912e-05   2.2347082e-05   2.6581958e-07   1.2037558e-05   2.0227631e-05   1.3328705e-05   1.2047820e-05   5.7437969e-06  -1.5187709e-06   4.2451475e-06   2.4223316e-06   6.0638690e-06   7.9242267e-07   1.6351553e-06   1.4460461e-06  -1.2448406e-06   7.3774765e-07  -7.6156249e-07   8.7853931e-07  -1.8424417e-06
  -0.0000000e+00  -1.9683030e-04   6.5493473e-06   1.7882803e-05   1.0476510e-05  -4.7935960e-06   7.2429866e-06   2.4004652e-05   1.2770992e-05   2.8748100e-06   8.3708310e-06   2.7519552e-06   2.5581555e-06   9.8284363e-07   1.5960442e-06   2.0835018e-06   7.0284258e-08   1.3130441e-06   1.2331385e-06   8.2816410e-07   1.5630782e-06   4.3542919e-08   1.3884348e-06
  -0.0000000e+00  -1.8144707e-04   1.3540626e-05   8.3991363e-06   1.6330761e-05  -4.1273811e-06   3.3519377e-06   2.1840582e-05   1.8869159e-05   4.1957423e-06   5.9027116e-06   5.2579644e-06  -2.5542587e-07   2.1852081e-07   2.5579134e-06   1.0823148e-07   2.2151492e-07  -7.9541201e-07   1.3597704e-06  -2.1148744e-06   7.0128863e-07  -5.9034710e-07  -1.2523267e-06
  -0.0000000e+00  -1.8405053e-04  -3.3393028e-06   1.8227134e-05   2.0770849e-05  -7.7005070e-06   1.8059663e-05   1.7741046e-05   1.3533971e-05   1.7392555e-05  -1.0021834e-06   2.3371081e-06   4.1854737e-06   4.2212641e-06   6.1744657e-07   3.8883809e-06   1.6498972e-06   5.4710725e-08   1.4930484e-06   1.7530019e-06   1.5268758e-06   1.5499263e-06  -4.4172018e-07
  -0.0000000e+00  -2.0295262e-04   2.2771805e-05   6.3476955e-06   1.4877422e-05  -4.8774086e-06   3.0952363e-06   2.1250227e-05   1.8450804e-05   2.4592196e-06   8.8684428e-06   2.9973553e-06   3.2035916e-06   2.1424353e-06   1.0307182e-06   2.1716464e-06   2.0338728e-06   1.4397050e-07   1.4890416e-07   8.7533527e-07   3.6290865e-06  -1.3388264e-07  -3.5523232e-07
  -0.0000000e+00  -1.8461076e-04   4.1104980e-07   2.1485233e-05   1.6352975e-05  -1.1461905e-05   1.0989303e-05   2.7490551e-05   1.3934846e-05   9.4817879e-06   2.8744901e-06   5.4532907e-06  -1.5501130e-06   1.9697495e-06   3.4990978e-06  -2.4597878e-07   4.4132290e-07   5.3310913e-07   8.6113221e-07   9.5645851e-07  -2.1012875e-06   1.5873514e-06   3.0293982e-06
  -0.0000000e+00  -1.8223864e-04   7.0699580e-06   1.1608436e-05   1.7867767e-05  -1.8758262e-06   9.1942175e-06   1.3816508e-05   1.8043202e-05   7.2719527e-06   6.7660435e-06   3.1133554e-06   3.0744845e-06  -3.2592513e-07   2.3357645e-06   2.9913076e-06   1.3556900e-06   1.9113340e-06   2.9962698e-06  -1.1181210e-06  -6.2905877e-07   1.3663283e-06  -4.5541202e-07
  -0.0000000e+00  -1.9289575e-04   9.6100466e-06   1.1727779e-05   1.7102428e-05  -6.7543106e-06   1.2733229e-05   1.8379422e-05   1.4521267e-05   1.3408133e-05   3.8002950e-06   1.4412190e-06   4.4432559e-06   2.2257070e-06   3.2868113e-06   3.2030669e-06  -2.8073276e-07   2.1323783e-06   5.5558746e-07   1.6212415e-06   1.5939293e-06  -5.3270196e-07   5.1685078e-07
  -0.0000000e+00  -1.9527553e-04   9.9009267e-06   1.6040922e-05   1.7207940e-05  -1.5573294e-05   1.0396830e-05   2.4216946e-05   1.6775928e-05   6.0917573e-06   2.0405016e-06   4.8833695e-06   3.1934369e-06   3.1670311e-06   2.7308129e-06   9.1386528e-07   9.7627958e-07  -3.6589930e-07   1.6003320e-06   6.9450965e-07   6.5949450e-07   5.5652873e-08   9.8241833e-07
  -0.0000000e+00  -1.8152645e-04   7.1990012e-06   1.0902470e-05   1.8985322e-05   6.8131462e-06  -2.6607313e-06   2.1874748e-05   1.6107886e-05   3.2500086e-06   1.2069066e-05   6.1939804e-06  -4.2061382e-07   2.4460751e-06   2.7738256e-06   2.0525381e-06   7.9530747e-07  -4.0683744e-07   2.6250197e-07   3.3109035e-07   1.0357675e-06   1.5289417e-06   4.4166373e-07
  -0.0000000e+00  -1.9129633e-04   7.0140595e-06   1.2476186e-05   1.6334498e-05  -1.1509112e-05   1.9635425e-05   1.7050952e-05   1.3628979e-05   1.2369143e-05   8.3005818e-07   2.2348024e-06   4.8707557e-06   4.8060087e-06   1.4492429e-06   4.1243544e-07   1.3384052e-06   2.7812141e-07   2.1865565e-06  -1.5313260e-07   1.7837275e-06  -1.6179423e-06   2.0275279e-06
  -0.0000000e+00  -1.8014359e-04   4.9632927e-06   2.3696046e-05   1.1240996e-05  -4.4092071e-06   3.6955137e-06   2.0571601e-05   1.7623130e-05   8.3638588e-06   5.4307175e-06   6.3314938e-06   6.9192697e-07   1.0833536e-06   4.0411264e-06   5.5969094e-06   4.6018226e-07  -1.5819819e-06   9.5778466e-07   2.6648570e-06  -1.4421546e-06   1.3477838e-06  -9.6642481e-08
  -0.0000000e+00  -2.0337074e-04   1.9161049e-05   8.9799059e-06   2.9362624e-05  -1.1596782e-05   1.2748837e-05   1.8638655e-05   1.4859887e-05   4.6130031e-06   8.2828728e-06  -1.3186203e-06   4.3121145e-06   2.9161085e-06   3.2208563e-06  -4.6294087e-07   3.6616458e-07   2.0221371e-06  -1.2765005e-07  -2.2842521e-06   8.5869010e-07  -2.4367834e-08   6.4368038e-07
  -0.0000000e+00  -1.7214721e-04  -2.9482876e-06   9.7614102e-06   1.1061628e-05   4.8233130e-07   5.8041164e-06   2.3027635e-05   1.6139345e-05   9.9206300e-06  -3.9243417e-07   5.1285820e-06  -7.2120976e-09   3.6447730e-06   3.2266739e-06  -4.7004466e-08   3.0682759e-06   2.9495700e-06  -1.8457334e-06   3.8571588e-06   7.2399433e-07  -5.7071640e-07   2.0485345e-06
  -0.0000000e+00  -2.0160277e-04   1.5977845e-05   1.9738169e-05   1.2927738e-05  -5.9504632e-06   8.4237545e-06   2.0365040e-05   1.3330062e-05   7.4033760e-06   9.5871974e-06   3.2936014e-06   3.5314536e-06   3.6464928e-06  -1.0264306e-06   4.7786789e-06   1.7469300e-06  -3.1331015e-06   4.5786187e-06  -4.9969270e-07   1.0391170e-06   6.9007200e-07   4.4789311e-07
  -0.0000000e+00  -1.8488888e-04   6.7727365e-06   1.8182653e-05   1.7754410e-05  -9.6583271e-06   1.3168760e-05   2.3125607e-05   1.2599363e-05   1.1588324e-05   1.9030355e-06   6.9943899e-06   2.1572143e-06   2.0704219e-06   3.0568185e-06   1.8299035e-06  -1.8629706e-06   2.3293333e-06  -4.8811120e-07   1.3122537e-06  -9.7394562e-08   1.6809414e-06   1.5739212e-06
  -0.0000000e+00  -1.8760796e-04   8.2360830e-06  -8.9046620e-07   2.5190004e-05  -4.7254375e-06   3.3741471e-06   1.7870048e-05   1.9543993e-05   6.3487601e-06   6.6850566e-06   4.4657481e-06   3.2038622e-06   4.8318634e-06  -1.4617847e-06   1.3115448e-06   5.0288003e-07   5.9827994e-07   3.0317256e-06  -1.7156832e-06   3.4612283e-06   1.1634304e-06  -1.0804749e-06
  -0.0000000e+00  -1.8730047e-04   6.1206620e-06   2.4465260e-05   6.5984118e-06  -1.8792823e-06   4.5799725e-06   2.4901086e-05   1.3552963e-05   7.5732182e-06   6.1496653e-06   1.9452689e-06   4.7882163e-06   3.1858399e-06   9.2373682e-07   5.0145798e-07   2.8626118e-06   1.4018729e-06  -4.7761199e-07   1.6352472e-07  -7.8378594e-07  -3.2741556e-07  -3.5349939e-07
  -0.0000000e+00  -1.9305131e-04   1.2710691e-05   1.0900288e-05   2.0836047e-05  -1.1356936e-05   1.9794250e-05   1.5112524e-05   1.8146116e-05   7.4881700e-06   7.0300243e-06   5.2058504e-06   1.5843453e-06  -4.5257414e-07   3.9054362e-06   2.2782683e-06   1.3914785e-06  -1.4358644e-06   2.2398117e-07   2.2148056e-06  -1.9437045e-06   3.0240889e-07   4.5067341e-07
  -0.0000000e+00  -1.8591524e-04   1.6699289e-06   1.6136952e-05   1.0767180e-05  -3.1245775e-06  -1.2297961e-06   2.5730325e-05   9.0699696e-06   9.8179544e-06   5.8363216e-06   2.5069692e-06   3.6670215e-06   3.9703918e-06  -7.2556657e-07   4.7098555e-07   4.7617024e-07   1.6178054e-06   2.3747368e-06  -1.6424017e-06   2.5269865e-06   2.5922018e-06  -1.0745165e-07
  -0.0000000e+00  -1.8847335e-04   2.0193167e-05   1.0134988e-06   2.9324325e-05  -9.2675828e-06   1.4471017e-05   1.9400921e-05   2.0014795e-05   1.0577089e-05   4.2230354e-06   4.5868987e-06   2.3703128e-06  -3.6014417e-06   7.0242322e-06   1.9982911e-08   1.2589153e-06   1.7679104e-06  -1.6734459e-06   5.4555085e-07  -4.6292449e-08   4.8091192e-10  -1.3930341e-07
  -0.0000000e+00  -1.8461412e-04  -4.9888945e-06   2.7810476e-05   7.8558560e-06  -1.3943359e-06  -2.6803210e-07   2.2959164e-05   1.1563592e-05   5.8336173e-06   7.9632055e-06  -6.5401690e-07   4.1265075e-06   7.1596146e-06  -2.4115134e-06   3.3314222e-06  -1.2879243e-06  -7.0920692e-07   3.2847554e-06   5.7510101e-07  -7.5556221e-07   3.3725735e-06  -8.7571402e-07
  -0.0000000e+00  -1.9814963e-04   1.5109887e-05   1.0275001e-05   1.3288363e-05  -1.0431857e-05   1.5798705e-05   1.8910088e-05   1.9264586e-05   1.0360352e-05   3.4055877e-06   6.9897196e-06   1.4382031e-06  -1.1193413e-06   4.2373576e-06   1.4802564e-06   3.9942024e-06   3.6877270e-07  -1.2564553e-06   2.3703612e-06   1.1419831e-06  -3.3188041e-06   1.6347567e-06
  -0.0000000e+00  -1.7540046e-04   6.1505057e-06   1.3178811e-05   2.7362263e-05  -6.3376501e-06   7.9445936e-06   2.2834460e-05   9.6939866e-06   9.4034694e-06   2.6239184e-06   8.9747027e-07   4.3064165e-06   4.9489636e-06   1.3757847e-06   9.9276747e-07  -1.7633266e-06   3.2170033e-06   3.4368652e-06  -2.5074387e-06   1.1761185e-07   2.3072289e-06  -1.2987382e-06
  -0.0000000e+00  -1.9868776e-04   1.6997665e-05   7.0466776e-06   1.5223970e-05  -2.7463423e-06   5.8275778e-06   1.8104580e-05   2.1974754e-05   6.7457449e-06   8.5162046e-06   3.6595748e-06   1.4601403e-06  -5.0074681e-07   2.1952449e-06   2.8133302e-06   2.4458204e-06   1.5461945e-06  -2.2378445e-06   2.8337815e-06   1.3490294e-06  -3.8281192e-07   1.4964957e-07
  -0.0000000e+00  -1.8761710e-04  -1.1992521e-06   1.9856579e-05   1.2232787e-05  -7.1458026e-06   8.0220070e-06   2.7647817e-05   7.6882770e-06   9.0032609e-06   7.9512256e-07   1.9642505e-06   5.0581730e-06   2.1642752e-06   1.2449676e-06   2.5217425e-06  -1.7410138e-06   4.8476613e-06   1.5501148e-06   1.4603091e-06  -1.6298590e-07  -3.4961781e-07   1.8993378e-06
  -0.0000000e+00  -1.8550313e-04   1.2929238e-05   1.3183110e-05   2.0452657e-05  -4.2128459e-06   1.1988840e-05   1.4903826e-05   2.2085704e-05   6.0498551e-06   1.3332128e-05   2.0455450e-06  -1.1358608e-08   1.9048952e-06   3.4847790e-06   2.6668731e-06   4.5498236e-06  -3.9384504e-06  -4.2146493e-07   3.7548543e-06   1.1778313e-07   5.7878259e-07  -1.8530066e-06
  -0.0000000e+00  -1.8772743e-04   3.9574406e-06   1.3075055e-05   1.2418615e-05  -4.6036503e-06   4.2562642e-06   2.3922035e-05   1.0474560e-05   1.0720811e-05  -9.5057811e-07   7.2442544e-06   2.4764217e-06   4.7978892e-06  -2.1598746e-08   1.5415781e-06   1.3416941e-07   3.1710879e-06   3.1393685e-07   1.8291989e-06   1.3860395e-06   5.7639248e-08   3.1830976e-07
  -0.0000000e+00  -1.9537243e-04   1.3904763e-05   5.3044096e-06   2.3855791e-05  -7.9390875e-06   1.3298109e-05   2.5298486e-05   1.8010247e-05   9.5246760e-06   8.9055802e-06   1.3488057e-06   1.9983186e-06   1.9770396e-06   3.5538299e-06   1.8356168e-06   4.3729397e-06  -7.8234206e-07   2.2111276e-06   1.8835498e-06   9.3831716e-07   2.1587700e-06  -1.2590741e-06
  -0.0000000e+00  -1.8827563e-04   4.3238597e-06   2.8530123e-05   4.4493900e-06  -4.1008994e-07   9.1008205e-06   1.6155351e-05   1.1063897e-05   9.1160882e-06   1.2956799e-06   5.7606048e-06   2.0310113e-06   2.5473648e-06  -1.6441729e-06   1.2971741e-06   4.8541062e-07   1.9832271e-06   8.1336202e-07   3.1830987e-07  -6.6831348e-07   1.4948333e-07   8.1265182e-07
  -0.0000000e+00  -1.8683916e-04   7.2007492e-06   8.7466032e-07   2.8578934e-05  -1.1687085e-05   8.6539649e-06   2.7740422e-05   1.9550400e-05   4.5369566e-06   8.3344548e-06   1.6542119e-06   8.9251586e-07   2.6207654e-06   3.5901321e-06   8.6061175e-07   1.5117173e-06   2.3377697e-06  -1.4869821e-07  -9.3455469e-07  -6.6537257e-07   1.3246078e-06  -1.3254679e-06
  -0.0000000e+00  -1.8368315e-04   9.4012948e-06   1.5281334e-05   9.0371050e-06  -5.7809784e-06   8.7132112e-06   1.8014516e-05   1.3261426e-05   6.3551443e-06   2.8689306e-06   6.3287948e-06   8.7807882e-07   5.2111195e-06  -8.1210239e-08   2.9320979e-06   1.0230972e-06   2.1472401e-06  -5.3248311e-07   1.1368548e-06   7.2792254e-08   5.9223879e-07   1.6964531e-06
  -0.0000000e+00  -2.0390430e-04   1.0913491e-05   1.4471507e-05   2.1875492e-05  -7.1666263e-06   1.2780327e-05   1.7041142e-05   1.5770718e-05   1.0054488e-05   8.5835027e-06   3.1153454e-07   6.4089754e-06  -1.3359653e-06   4.2475344e-06   2.1984522e-06   1.2409951e-06  -1.8998704e-06   1.2130438e-06   6.3818379e-07   1.4188942e-06   1.2246454e-06  -9.3751805e-07
  -0.0000000e+00  -1.7577397e-04   3.5616845e-06   1.0849711e-05   7.6063725e-06  -1.2690286e-06   5.5882629e-06   2.5779209e-05   1.1768492e-05   1.5488864e-05  -2.3269845e-06   5.2833375e-06   1.3242158e-06   5.4346497e-06  -2.1778335e-07   2.2898614e-06  -2.7461482e-07   3.0692768e-06   1.6982108e-06   1.0870925e-06  -5.2866261e-07  -5.9354977e-07   5.6571090e-09
  -0.0000000e+00  -1.9961454e-04   7.2547846e-06   1.8819406e-05   2.1901142e-05  -1.3476800e-05   1.3885110e-05   1.9433417e-05   1.7046461e-05   3.6993599e-06   1.2066574e-05   4.0017117e-06   2.5160195e-06  -1.5836076e-06   2.5172378e-06   2.3792772e-06   2.7458007e-06  -2.3343357e-06   1.2859223e-06   1.3151525e-06   5.2200107e-07   2.5973022e-06  -1.1779082e-06
  -0.0000000e+00  -1.7749620e-04   1.1849646e-05   7.7853456e-06   1.7144703e-05   2.8989859e-06   2.4742076e-06   2.6484595e-05   1.5026736e-05   6.4470487e-06   4.8794336e-06   3.7924683e-06   2.2451666e-06   4.9028949e-06   1.7552063e-06   4.3094485e-07  -1.1006589e-06   3.1530985e-06   2.1019243e-06   8.7356727e-07   1.4095090e-06  -9.0783942e-07   2.2642750e-07
  -0.0000000e+00  -2.0470124e-04   5.1313555e-06   1.2552922e-05   2.0564723e-05  -1.6190897e-05   1.8222923e-05   1.4110567e-05   1.7709090e-05   9.4692514e-06   8.7708067e-06   1.0953526e-06   3.0748031e-06   4.4736180e-06   2.5754885e-06   2.6687867e-06   2.7565761e-06  -7.0189441e-07   2.1714409e-06  -4.4993209e-07   7.2443731e-07   2.5729116e-06   6.8114980e-07
  -0.0000000e+00  -1.7505871e-04   3.9522520e-06   1.6290016e-05   1.1200555e-05   6.9699049e-06   1.7348057e-06   2.5642930e-05   1.4133939e-05   8.3282794e-06   2.1890653e-06   5.6123499e-06   3.7311628e-07   9.4736748e-07   3.5829462e-06   9.4631190e-07   2.3777845e-06   2.8685483e-06  -6.1977136e-07  -7.1453184e-07  -9.7206521e-07  -1.1912109e-07   3.0389822e-07
  -0.0000000e+00  -1.9825139e-04   1.4534676e-05   1.1173819e-05   2.2078304e-05  -1.3529690e-05   8.2292881e-06   2.3455255e-05   1.4625572e-05   9.5463502e-06   5.8483452e-06   9.8418946e-07   3.3243507e-06   1.6481314e-06   3.2318276e-06   2.7428996e-06   6.6322445e-07   7.5952357e-07   1.6510196e-06   4.1552522e-07  -1.2530429e-06   1.1931542e-06   9.0705413e-07
  -0.0000000e+00  -1.8521954e-04   4.7077938e-06   1.4115931e-05   8.9585601e-06  -1.9502870e-06   9.6961430e-06   1.5009765e-05   1.5522357e-05   9.1208503e-06   1.6388432e-06   7.9711053e-06  -5.7170496e-07   3.7055020e-06   1.5034752e-06   3.2797589e-06   2.5735144e-06  -7.0533537e-07  -1.7981184e-06  -3.3544606e-07   2.8486761e-06   3.2114778e-07   2.1265066e-06
  -0.0000000e+00  -1.8844710e-04   1.0569835e-05   9.1301245e-06   2.6861284e-05  -1.2185788e-05   1.2444723e-05   2.5891612e-05   2.0407837e-05   3.1899215e-06   8.9451369e-06  -3.1775721e-06   7.3592596e-06   7.5642674e-07   3.2476253e-06   1.3127222e-06  -9.0547877e-07   1.5168524e-06   2.6416336e-07   9.5230098e-07   6.4028040e-07  -2.1547649e-07   2.7044061e-06
  -0.0000000e+00  -1.8498198e-04   2.9306279e-06   2.1562142e-05   9.1126358e-06  -6.3005751e-07   3.4270336e-06   1.9204906e-05   1.2116528e-05   1.1837252e-05   2.6330704e-06   7.3442357e-06   9.2288161e-08   3.5482631e-06   1.8965470e-06   1.1737307e-06   2.5794495e-06   1.2689368e-06   2.2815327e-07   5.5483095e-08   1.0386454e-07   3.7993723e-07   6.9407889e-07
  -0.0000000e+00  -1.9663246e-04   1.3366266e-05   3.1723050e-06   2.3903509e-05  -5.2522510e-06   1.2739632e-05   2.3541541e-05   1.7435228e-05   7.2490257e-06   5.5132291e-06   2.3277394e-06   4.5169696e-07   1.0989507e-06   9.5905500e-07   1.5422609e-06   3.6557739e-07   2.4057299e-06   1.1773406e-06  -2.5425386e-06   3.2599337e-07   1.2019301e-06  -1.3508769e-06
  -0.0000000e+00  -1.8511333e-04   5.4191423e-06   2.1949360e-05   1.1726908e-05  -5.1812040e-06   7.9900146e-06   2.3695540e-05   1.3828884e-05   9.2659820e-06   2.6137011e-06   3.4877012e-06   2.9581481e-06  -2.7372280e-07   4.3362434e-06  -4.3436725e-07   1.2475117e-06   1.1615344e-06   1.0357061e-06   1.1527787e-06   3.0230544e-07   4.9379645e-07   1.0254968e-06
  -0.0000000e+00  -1.9119955e-04   1.0974409e-05   9.7191478e-06   1.5941941e-05  -8.0848977e-06   1.1728221e-05   1.5436985e-05   2.1046510e-05   6.8686118e-06   8.3118466e-06   3.0664833e-06  -3.6994635e-07   3.8965832e-06   1.1250095e-06   3.8958447e-06   2.5370450e-06  -1.7365097e-06   3.0073604e-06   1.2853382e-06   9.9076964e-08  -6.4196706e-07   9.2230840e-07
  -0.0000000e+00  -1.8298047e-04  -3.9004017e-06   1.7136446e-05   1.5633497e-05  -1.4412161e-06   7.3003798e-06   2.5955305e-05   1.1309039e-05   8.7524977e-06   7.6284973e-06   1.4995878e-06   6.4575265e-06   3.8484268e-06   2.0145551e-06  -1.4676583e-06   1.7344382e-06   1.1830355e-06  -1.5712295e-07   8.3786449e-07   1.8566280e-06   7.2317329e-07   1.4254211e-07
  -0.0000000e+00  -1.9573900e-04   1.7867544e-05   8.6296350e-06   2.1016505e-05  -6.3335201e-06   4.3731698e-06   1.9063413e-05   2.0269335e-05   8.6449063e-06   4.6608416e-06   3.3404540e-06   1.2279730e-06   8.7631906e-07   4.4797448e-06   1.9583758e-06   4.0765940e-07   9.9337581e-07   2.1562662e-06  -1.8146447e-06   9.2151345e-07   1.2060174e-06   4.3164863e-07
  -0.0000000e+00  -1.8266855e-04   7.6177043e-06   1.7532398e-05   1.3548673e-05  -5.5828873e-06   9.7176544e-06   3.0029876e-05   9.3015387e-06   1.0366922e-05   3.3851884e-06   2.6334906e-06   2.5480520e-06   4.1992948e-06   1.0886714e-06   4.8143243e-06  -1.3651818e-06   1.5286020e-06   1.0750609e-06  -1.9208071e-06  -3.2337707e-07   2.4279375e-06   4.8651481e-07
  -0.0000000e+00  -1.9210305e-04   1.0098378e-05   1.1422667e-05   1.7473802e-05  -5.0865242e-06   1.2985894e-05   1.5944084e-05   1.8266979e-05   9.9381250e-06   8.0509035e-06   3.5206797e-06   1.3951974e-06   4.6231625e-07   3.7899301e-06   3.6055496e-08   2.7952669e-06   9.2091460e-07  -2.9248286e-06   2.0231817e-06   3.0171134e-06  -2.8702411e-06   2.5004924e-06
  -0.0000000e+00  -1.8536884e-04   7.0774837e-07   1.5179940e-05   1.8832383e-05  -4.1371768e-06   3.6524302e-06   2.4661087e-05   1.5137054e-05   4.2134679e-06   4.6266859e-06   5.6501458e-06   1.7016802e-06   5.4874840e-06   1.0062065e-06   3.3642477e-06   3.2326784e-07   1.6077960e-06   2.9969269e-06  -3.5924734e-07  -1.5742233e-06   6.7041304e-07   4.1545678e-07
  -0.0000000e+00  -1.8957580e-04   1.6673248e-05   1.3864907e-05   1.6258507e-05  -5.1388370e-06   1.1734051e-05   1.8370842e-05   1.8117413e-05   1.0781820e-05   5.4640309e-06   3.5310770e-06   3.2960581e-06   1.4915338e-07   2.6723899e-06   3.3774122e-06   2.3683180e-07   7.5738791e-07  -9.9047395e-07   1.0542319e-06   2.1868568e-06   1.5784619e-07   1.6092782e-06
  -0.0000000e+00  -1.8957502e-04   1.6772083e-06   1.5983791e-05   1.3305706e-05  -4.4489279e-06   6.8295067e-06   2.3766726e-05   1.1429000e-05   7.6330725e-06   5.0415338e-06   3.0005856e-06   3.3190122e-06   3.7828813e-06   5.6091164e-07   2.1861488e-06   7.5434286e-07  -1.1479611e-06   1.7824326e-06  -7.3368960e-07   1.0402852e-06  -1.5123762e-06  -8.6184639e-07
  -0.0000000e+00  -1.8853351e-04   1.3419161e-05   8.3655177e-06   1.9909414e-05  -7.2029025e-06   9.3087610e-06   1.9447296e-05   1.4771726e-05   1.2342598e-05   5.2921205e-06   4.9660406e-07   4.1601138e-06   2.3390323e-06   5.1879861e-06   6.9182107e-08   1.6748082e-06   1.2531905e-06   1.7458065e-07  -3.5972860e-07   1.9678446e-06  -5.6939245e-07  -7.4736744e-07
