  -0.0000000e+00  -1.9117461e-04   7.8698622e-06   2.1395843e-05   1.7506583e-05  -5.2624946e-06   5.8020719e-06   2.1639004e-05   1.5950647e-05   6.5159202e-06   6.2236859e-06   6.7929295e-06   6.0484712e-07   2.0269606e-06  -1.3471861e-06   3.7500724e-06   2.2088741e-06   7.3194713e-07   1.1226767e-06   1.8522832e-06  -7.5010593e-07  -5.6806948e-07  -1.6301767e-07
  -0.0000000e+00  -1.8689102e-04   9.0181484e-06   6.3204752e-06   1.5511258e-05  -4.8684792e-06   1.0996279e-05   1.7812084e-05   1.9084275e-05   5.4184202e-06   4.6608061e-06   2.0201464e-06   1.1043012e-06   2.9276623e-06   4.2833294e-06  -2.7131948e-06   5.8317610e-06  -8.1170140e-07   2.7210942e-06  -8.4506141e-08  -9.2995805e-07   1.2847054e-06   1.0318976e-06
  -0.0000000e+00  -1.8593090e-04   5.4778588e-06   2.2358958e-05   1.6517457e-05  -4.3806917e-06   1.0972944e-05   1.8990473e-05   9.3905437e-06   1.1746272e-05   6.8314848e-06   2.7216229e-06   3.5787839e-06   5.2452202e-07   2.7567423e-06   3.7985985e-06  -2.1353782e-07  -1.5833759e-06   3.5181029e-07   8.0320279e-07   1.8655845e-06   7.7048082e-07  -6.5598596e-07
  -0.0000000e+00  -1.9009560e-04   1.6537158e-05   8.2180213e-06   1.9533085e-05  -6.5172171e-06   6.0124635e-06   2.2675047e-05   1.4628302e-05   6.4844880e-06   1.9888159e-06   3.8394810e-06   4.6987698e-06   2.4105709e-06   4.7322860e-06   7.3772145e-07   1.9256104e-06   1.4531226e-06   4.6375703e-06  -1.4148094e-06   7.2831693e-07   6.3788605e-07   7.9496698e-07
  -0.0000000e+00  -1.9315386e-04   3.5712098e-06   1.2914367e-05   1.5426131e-05  -7.0221167e-06   7.7325940e-06   2.4273026e-05   1.7869454e-05   9.4612205e-06   6.8987424e-06   3.8193002e-06   2.3232537e-06   1.3352600e-08   2.0536113e-06   3.8879771e-06   1.1056485e-08  -2.1934088e-07  -1.3382012e-06   1.4232482e-06   1.7277551e-06   2.6149300e-07  -1.3168382e-06
  -0.0000000e+00  -1.8617351e-04   1.3064554e-05   1.5524829e-05   1.8916733e-05  -2.5639639e-07   7.8742760e-06   1.5158353e-05   1.4730985e-05   3.7151462e-06   5.0368139e-06   2.8669269e-06   5.1436882e-06   4.8661404e-06  -1.0112751e-06   1.3922215e-06   4.0273057e-06   1.5285781e-07   1.2898365e-06   2.8501310e-07   1.3302817e-06  -2.4648159e-07   2.3535631e-06
  -0.0000000e+00  -1.8284674e-04   3.3201413e-06   1.5311769e-05   1.5116765e-05  -9.4695297e-06   1.4506648e-05   2.4131687e-05   1.7469330e-05   1.3146426e-05   3.0010847e-06   2.8621816e-06   4.0059341e-08   2.5343886e-06   2.5019681e-06   5.0016770e-06  -1.0375758e-06   1.4524127e-06  -1.0449982e-06   1.7141218e-06   1.2418683e-06   2.4079029e-07   1.1983983e-06
  -0.0000000e+00  -1.9574659e-04   8.2899460e-06   1.0221571e-05   1.6470820e-05  -8.3556733e-06   2.5658267e-06   2.0404579e-05   1.0805309e-05   5.3820208e-06   4.9186692e-06   3.7812035e-06   5.0992821e-06   1.7735365e-06   2.8951504e-06   1.6046218e-06   8.0048676e-07   2.2314730e-06  -4.2644328e-07   1.1144895e-06   1.1781032e-06   7.7772279e-07  -1.8050872e-06
  -0.0000000e+00  -1.8677626e-04   1.2908676e-05   1.7495971e-05   1.4433024e-05   3.3078215e-06   8.5888078e-06   2.4483597e-05   1.8749537e-05   8.6846494e-06   5.9333265e-06   3.5305991e-06  -1.8776663e-06   2.7339283e-06   2.5865993e-06   2.3206881e-06  -5.2344717e-07   3.6632466e-07   1.4574654e-06  -2.5846548e-06   8.8448525e-07  -1.4844313e-06   4.3191116e-07
  -0.0000000e+00  -1.9377001e-04   5.1608586e-06   1.3797833e-05   1.6139631e-05  -1.3078075e-05   1.0264910e-05   1.7555860e-05   1.1917175e-05   1.0490842e-05   6.2363579e-06   1.3982943e-06   7.0966912e-06  -3.1458606e-07   1.5958731e-06   2.7058541e-06   2.2377806e-06  -4.9225429e-07  -1.1272283e-06   2.0542484e-06   2.3359298e-06  -1.2140378e-06  -1.2355116e-06
  -0.0000000e+00  -1.8174677e-04   7.8939865e-06   8.2518918e-06   1.8907031e-05  -3.1069708e-06   6.3490402e-06   2.2120938e-05   1.9658008e-05   2.3710738e-06   6.6336443e-06   5.1323441e-06  -1.0951209e-06   2.1528117e-06   2.2368686e-06  -3.6077932e-07   2.0050172e-06   7.0365985e-07   1.9035432e-06   2.0247924e-06  -4.0758241e-08   2.2318279e-06   7.0575112e-07
  -0.0000000e+00  -1.9225990e-04   8.1181970e-06   1.3180636e-05   1.9904099e-05  -9.5709720e-06   1.0094805e-05   2.6473685e-05   1.2650613e-05   1.3572728e-05   6.5099371e-06   3.6120580e-06   1.3162546e-06   3.5595788e-06   2.8383226e-06   4.4701426e-07   6.4264543e-07   2.2927760e-07   3.9206257e-06   2.8351258e-07   1.2444603e-06   1.8064356e-06   1.8826230e-06
  -0.0000000e+00  -1.8936009e-04   1.3280171e-05   1.3054215e-05   1.3704071e-05  -1.8396598e-06   3.0043991e-06   1.7577422e-05   1.1896694e-05   7.4291320e-06   4.3329997e-06   3.0781043e-06   5.7093525e-06   2.7333438e-06   2.4356377e-06   1.8626265e-06   1.3240801e-06   1.2509822e-06  -2.0142020e-06   1.8571563e-06  -1.3491976e-06   1.2480450e-06  -1.4549964e-06
  -0.0000000e+00  -1.9526108e-04   7.6711217e-07   2.0757581e-05   1.4460457e-05  -2.0289986e-06   1.5715243e-05   2.4195195e-05   1.9013958e-05   1.1580255e-05   4.0496852e-06   2.0320481e-06   2.9678347e-06   3.4228717e-06   2.1852400e-06   3.3924882e-06  -4.2040773e-07   5.1920716e-07   2.9127391e-06   2.2710508e-07   9.5395865e-07   6.3429422e-07   5.8057867e-07
  -0.0000000e+00  -1.7769195e-04   9.4753677e-06   8.7346889e-06   1.8623823e-05  -6.3892667e-06   5.8677424e-06   1.4612392e-05   1.1853143e-05   2.8792663e-06   7.8818557e-06   4.6981436e-06   1.0481957e-06   1.7511254e-06   2.4593305e-06   1.6012008e-07   6.2592795e-07   2.1199339e-06  -1.8442541e-06  -3.6971471e-08  -2.3568823e-06   1.0232307e-06   1.4213432e-06
  -0.0000000e+00  -1.9624177e-04   1.5003848e-05   1.1787042e-05   2.1259104e-05  -8.6992850e-06   9.2329246e-06   2.7953582e-05   2.3303232e-05   6.8123040e-06   7.5154280e-06   3.2121695e-06   2.1587185e-07   3.2300804e-06   7.8420538e-07   5.1922884e-06   3.0396552e-06  -8.1771663e-07  -1.2663637e-06   1.0304876e-06   4.8358402e-06  -1.7579025e-06  -1.8489997e-07
  -0.0000000e+00  -1.8785521e-04   3.6180813e-06   1.7190227e-05   1.4906052e-05  -7.7409635e-07   9.9717363e-06   1.8505447e-05   7.7961222e-06   9.6363119e-06   2.0796929e-06   6.1646811e-06   3.6114945e-06   1.1415956e-06   3.1364946e-06  -2.9446321e-07  -7.5642839e-07   2.1560215e-06   2.0213904e-06   3.0750034e-06  -3.3837784e-06   1.0941170e-06   1.9519116e-06
  -0.0000000e+00  -1.8691827e-04   7.5072644e-06   1.4387077e-05   1.9861800e-05  -6.3005446e-06   8.3708983e-06   2.4022625e-05   1.2825489e-05   1.1910363e-05   7.8045969e-06   1.9619649e-06  -1.4108563e-06   1.8661447e-06   4.3205805e-06   1.3825414e-06   1.1419108e-06  -2.2427712e-06   3.0416918e-06   4.7835510e-07   1.0231839e-06  -7.7686599e-07  -3.0664332e-08
  -0.0000000e+00  -1.8532531e-04   5.1460675e-06   1.8630275e-05   1.6199541e-05  -8.4406483e-06   1.3639723e-05   2.2576245e-05   1.4670837e-05   1.3204643e-06   3.7530012e-06   2.6344073e-06   5.7434463e-06   1.5519955e-06   3.1408192e-06  -1.2578681e-06   2.5005539e-07   2.7399155e-06  -2.7940896e-08   1.3811225e-06  -1.1158301e-06   2.1808860e-06   5.9489707e-07
  -0.0000000e+00  -1.9459597e-04   2.0188558e-05   5.0545455e-06   2.2045564e-05  -4.5338124e-06   6.4431733e-06   1.5634881e-05   1.9839074e-05   9.3570479e-06   9.0958929e-06   4.6308060e-06  -3.2675644e-06   2.8849788e-06   1.3437849e-06   2.0380360e-06   1.6796735e-06  -7.1998318e-07   1.5345773e-07   1.8675745e-06   5.7666466e-07   1.3714466e-06  -1.5104168e-06
  -0.0000000e+00  -1.8877262e-04   2.9081752e-06   2.1400607e-05   1.5183656e-05  -3.3437425e-06   1.0865809e-05   2.1365127e-05   1.4439443e-05   6.2221593e-06   2.5145850e-06  -1.1758274e-06   5.6869917e-06   3.0979279e-06   2.8312952e-06   2.3554851e-07  -1.0897286e-06  -5.5536555e-07   2.2691647e-07   3.7737024e-07  -9.6088193e-08   5.3165911e-07   3.2052487e-06
  -0.0000000e+00  -1.8135249e-04   2.6414182e-06   1.4282527e-05   1.5811720e-05  -6.4110368e-06   9.6596932e-06   2.5636284e-05   1.5815745e-05   8.6885620e-06   4.5654947e-06   6.5557351e-06   1.9176209e-06   9.6242820e-07   3.4808245e-06   2.8547181e-06   2.8686832e-06   1.7837680e-06  -2.2072788e-06  -3.9977093e-07   2.9743414e-06   5.5842946e-07  -1.2931561e-07
  -0.0000000e+00  -1.9659557e-04   1.3862688e-05   1.2638359e-05   1.7828581e-05  -4.2353277e-06   7.7140248e-06   1.7343764e-05   1.0455329e-05   1.0294722e-05   4.4834333e-06   4.1688158e-06   1.1753770e-06   1.5453801e-06   3.6512661e-06   2.4787795e-07  -2.3909815e-06   3.6612216e-06  -2.0796348e-07   1.5405403e-08  -4.9194347e-07   1.6487998e-06   1.9727031e-06
  -0.0000000e+00  -1.8893358e-04   1.3724753e-05   1.1679997e-05   1.8370018e-05  -9.1955562e-06   1.3626794e-05   2.3284885e-05   1.9445417e-05   4.7751987e-06   6.6890625e-06   9.3478934e-07   3.3969479e-06   3.0347851e-06   2.4910574e-09   3.8433259e-06   3.0905048e-07  -2.5591063e-07   7.1861035e-07   1.7201775e-06   4.0688278e-06   4.7531964e-07  -1.2872064e-07
  -0.0000000e+00  -1.7741854e-04   3.9932602e-06   1.2799175e-05   1.3582313e-05  -3.6680369e-06   6.8278036e-06   1.8515275e-05   1.5485164e-05   7.3149358e-06   6.4608139e-06   1.1419411e-06   2.0234229e-06   3.5445603e-06   2.7182080e-06   5.9064513e-07   2.1219148e-06   1.2828594e-06   7.3141700e-07   1.4036042e-06   6.0428090e-07  -1.0813534e-06   7.7438762e-07
  -0.0000000e+00  -1.9768314e-04   2.6534753e-06   2.0080484e-05   1.9478875e-05  -5.8412916e-06   9.0622898e-06   2.0141162e-05   1.3627093e-05   1.0359286e-05   6.6470707e-06   5.5001719e-06   1.9266161e-06   2.8790244e-06   4.0565801e-06   3.3736833e-06  -1.7584000e-07  -2.3871053e-07   5.8536477e-07   2.0632078e-06  -1.1220824e-06   2.6370058e-06   4.1643054e-07
  -0.0000000e+00  -1.8744799e-04   1.4541787e-05   9.3301951e-06   1.5079806e-05   5.9833900e-07   7.0643591e-06   2.0858977e-05   1.7214401e-05   5.8585010e-06   2.3472912e-06   5.9384361e-06   1.4627557e-06   2.6075697e-06   3.9777747e-06  -9.8202293e-07   2.3777952e-06   2.6472424e-06   1.0189376e-06  -4.2973522e-07   1.2653211e-06  -3.1100731e-07  -1.8331431e-06
  -0.0000000e+00  -1.9184696e-04   1.1996383e-05   1.2112263e-05   1.9517092e-05  -1.2869945e-05   1.1984516e-05   2.3175651e-05   1.1921292e-05   1.1721370e-05   4.8938864e-06   2.1830008e-06   1.6004770e-06  -2.6898732e-07   2.6190055e-06   9.7814006e-07   2.5985169e-06  -1.1412847e-06   2.1089531e-06   1.3065278e-06  -1.0970214e-06   2.4592612e-06  -5.6790248e-07
  -0.0000000e+00  -1.8021125e-04   2.2115094e-06   1.7153658e-05   1.6288832e-05  -2.3013229e-06   6.2046233e-06   1.7893535e-05   1.8500434e-05   2.9732560e-06   7.5451694e-06   1.5497798e-06   3.6460790e-07   5.5775308e-06   2.3432723e-07   7.8613306e-07  -1.8809237e-07  -1.6125880e-07   1.6218726e-06   1.7706980e-06   9.4736271e-07  -1.7659582e-06   2.2422619e-06
  -0.0000000e+00  -1.9557134e-04   1.3034339e-06   1.8552353e-05   1.9379489e-05  -8.2676643e-06   1.0877732e-05   2.1803489e-05   1.6125670e-05   1.0315889e-05   8.0419277e-06   1.6709190e-07   4.4811768e-06   5.2573466e-07   1.9573490e-06   3.7700147e-06   1.4789334e-06  -5.3701314e-07   1.3269919e-06  -9.6892109e-07   2.0373816e-06   1.4885657e-06   4.9778730e-08
  -0.0000000e+00  -1.8972544e-04   2.2813389e-05   4.6115092e-06   1.4846914e-05  -2.3528060e-06   6.4969945e-06   1.9094115e-05   1.1981967e-05   7.5886578e-06   2.0665022e-06   7.2585112e-06   6.8839938e-07  -4.3973230e-07   3.4208222e-06   3.7540823e-07   3.0747628e-07   1.8702602e-06  -4.9617489e-07  -8.7853834e-07   1.2349273e-09  -2.2526995e-06   3.1550064e-06
  -0.0000000e+00  -1.8437675e-04   3.1063548e-06   1.5001418e-05   1.8114724e-05  -6.6407961e-06   1.3979815e-05   2.5005251e-05   1.3441638e-05   1.1791160e-05   5.4315883e-06   5.7893584e-07  -2.3210318e-07   1.2743118e-06   1.3207549e-06   5.3336830e-06  -6.6879906e-08  -2.7802882e-09   1.4797678e-06  -2.7071744e-07   1.2966098e-06   1.6329632e-06  -1.4848482e-06
  -0.0000000e+00  -1.9182231e-04   4.0225518e-06   1.6835387e-05   1.4983544e-05  -8.5109641e-06   8.2517518e-06   1.5674717e-05   1.5799535e-05   5.3605181e-06   3.7932841e-06   6.8298164e-06   1.4539862e-06   5.6139133e-06   1.2929288e-06   7.3261947e-07   2.9325133e-06   1.7181952e-06  -1.5283357e-06   1.3717728e-06  -2.1630271e-07  -3.4893665e-07   2.5066804e-06
  -0.0000000e+00  -1.8633726e-04   8.4421499e-06   1.5755590e-05   1.7009539e-05  -3.0111278e-07   9.7273878e-06   2.4905861e-05   1.7999486e-05   8.5779884e-06   8.4402054e-06   9.0513674e-07   3.1841458e-07   5.0421204e-06   2.8546297e-06   2.3676378e-06   1.0247975e-06  -1.4316801e-06   4.2860406e-06  -2.4959255e-07   1.6766714e-06   1.2139104e-06   6.9177770e-07
  -0.0000000e+00  -1.8892402e-04   1.0134706e-05   6.8483982e-06   1.7043867e-05  -3.8559083e-06   8.3867189e-06   1.6119717e-05   1.4599713e-05   3.4805344e-06   4.1649268e-06   7.1822296e-06   2.3926220e-06   1.9363231e-06   1.9432528e-06   3.0770254e-06   8.0545772e-07   2.0379389e-06   2.4465492e-06   7.9625011e-07  -1.6984543e-06   1.9119486e-06   1.5006957e-07
  -0.0000000e+00  -1.9375619e-04   7.7251607e-06   1.4486729e-05   2.0696167e-05  -7.9694610e-06   6.4712108e-06   2.8245011e-05   1.3491041e-05   1.2326581e-05   5.5555647e-06   2.8411882e-06   4.8877469e-06  -1.5800216e-06   3.7115785e-06   1.3110124e-06   3.4778329e-06  -2.0990469e-06  -1.7673520e-06   4.9543354e-07   2.3221173e-06  -2.1448412e-07   1.2428723e-06
  -0.0000000e+00  -1.8574507e-04   6.8265408e-06   2.0683570e-05   1.4307259e-05  -5.9682980e-06   1.6450233e-05   1.8039644e-05   1.2530364e-05   7.9220054e-06   3.1686950e-06   3.2767796e-06  -6.0499815e-08   4.8768661e-06   2.2155266e-06   8.1365670e-07  -4.2179485e-07   1.8799760e-06   2.6218734e-06   4.0573735e-07  -1.0670520e-06  -1.8446802e-06   2.2771567e-06
  -0.0000000e+00  -1.8637949e-04   8.4284138e-06   1.0612153e-05   1.5814661e-05  -1.5122085e-06   3.9525976e-06   1.8434486e-05   1.9574089e-05   6.3670018e-06   8.4808244e-06   5.1756624e-06  -9.0436015e-07  -9.1443781e-07   2.4115861e-06   7.9940713e-07   1.8583322e-06   1.0543416e-06   1.4477008e-07   6.0619641e-08   2.6728371e-06   1.6741291e-06  -1.2700125e-06
  -0.0000000e+00  -1.9649680e-04   1.0126568e-05   1.2697200e-05   2.2644705e-05  -5.1701036e-06   6.9383409e-06   2.6693911e-05   1.7486367e-05   4.3473301e-06   3.2076055e-06   5.1222614e-06   2.7401088e-06   2.9687283e-06   1.1907528e-06   3.3598330e-06   8.5308056e-07   1.8143444e-06   2.6952559e-06  -9.0389142e-07   8.1884522e-08   1.3657356e-06  -5.5652393e-08
  -0.0000000e+00  -1.8115852e-04   5.0424783e-06   1.7256169e-05   1.4397951e-05  -8.5680022e-06   1.1643598e-05   1.6206821e-05   1.4682504e-05   8.4947706e-06   6.5685103e-06   2.9523503e-06   1.4466137e-06   2.7307972e-06   1.3735352e-06   3.0613144e-06  -5.3298425e-07   1.3264157e-06   7.2709298e-07   1.9931622e-06   1.7292285e-06   7.3680394e-07   2.1553249e-06
  -0.0000000e+00  -1.9146866e-04   9.0272670e-06   1.4497225e-05   1.7954519e-05  -7.7568602e-06   1.1816911e-05   2.3380950e-05   1.1789294e-05   1.0831462e-05   2.9387718e-06   3.1668453e-06   3.2027208e-06   1.8383076e-06   1.1131659e-06   1.2257822e-06   1.4618781e-06   1.1396943e-06   3.8430582e-07   4.2952056e-08   8.1420791e-07   5.1006521e-07   1.8441200e-06
  -0.0000000e+00  -1.9397316e-04   1.0987549e-05   1.5875083e-05   1.4917613e-05   3.2432729e-06   3.5229784e-06   1.9533314e-05   1.9576468e-05   6.0443235e-06   4.8983729e-06   5.0546714e-06   1.4650625e-06   1.6868025e-06   4.2822585e-06  -9.4561619e-07   2.7916765e-06   1.2108104e-06  -1.0425902e-06   1.2148226e-06  -8.6818653e-07  -6.0434081e-07   1.0305423e-06
  -0.0000000e+00  -1.8714771e-04   2.3720129e-06   1.2290660e-05   2.3372399e-05  -1.2937241e-05   6.2582653e-06   1.9843210e-05   1.5971020e-05   6.1939950e-06   7.4996578e-06   3.0838610e-06  -9.2788770e-07   1.1072766e-06   4.1255948e-06   3.6527203e-07   4.2963179e-06  -2.0365984e-07   1.3770301e-06  -1.2388136e-07   2.8275422e-06  -1.2442472e-06   1.6839731e-06
  -0.0000000e+00  -1.8506932e-04   1.0862002e-05   1.3470655e-05   1.5194501e-05  -3.4243167e-06   1.3920552e-05   2.4268324e-05   1.0202704e-05   9.1105721e-06   6.6564908e-06  -1.3929123e-06   6.5208706e-06   2.1078949e-06   3.9414340e-06   4.8446373e-07   1.1089436e-06   2.7549397e-06   1.3205583e-07   2.3669538e-06   9.8690839e-07   2.3620910e-06  -7.3188339e-08
  -0.0000000e+00  -1.8707731e-04   6.2050926e-06   1.8074119e-05   1.1323392e-05  -5.1461757e-06   7.8579833e-06   1.6683613e-05   1.6654307e-05   6.2256613e-06   6.2979366e-06   3.8778621e-06   2.7057456e-06   3.5283661e-06   2.8972813e-06   4.1789203e-06   6.0347782e-07  -1.7834645e-07   1.7406082e-06  -2.4122990e-06   2.1487247e-06   2.7894598e-06  -1.9018648e-06
  -0.0000000e+00  -1.9393019e-04   8.0226309e-06   8.1517992e-06   2.2389861e-05  -5.6745157e-06   5.6393637e-06   2.4350471e-05   1.6424268e-05   7.0739084e-06   1.3727484e-06   6.9681064e-06   3.0848801e-07   2.4428659e-06   2.5366910e-06   6.0931660e-07  -1.2146941e-06   2.3720813e-06   7.0217249e-07  -1.0283180e-06  -7.4764040e-07  -6.6643770e-07  -3.1336214e-07
  -0.0000000e+00  -1.8887036e-04   1.2884039e-05   1.5011866e-05   1.6208958e-05  -3.7017303e-06   1.2558026e-05   1.9023337e-05   1.3557234e-05   7.1646004e-06   7.0483829e-06   2.2690510e-06   1.0390135e-06   3.1523427e-06  -3.5913177e-07  -1.0988377e-07   1.5347841e-06   2.3437869e-06  -1.4317296e-06  -1.7537705e-07   1.0017134e-06   3.1564728e-06  -1.6716643e-06
  -0.0000000e+00  -1.8169108e-04   6.9407902e-06   1.5018663e-05   1.6682538e-05  -9.9299750e-06   9.9955214e-06   1.8575180e-05   1.3255430e-05   1.3874565e-05   5.0743497e-06   4.1552326e-08   7.9444368e-07   4.0307368e-06   2.3947835e-06   3.4529894e-06  -1.2818689e-08  -1.5993122e-07   1.5127455e-06   1.0275375e-06   1.2134561e-07   1.7704663e-07   2.4531023e-06
  -0.0000000e+00  -1.8888281e-04   8.6552154e-06   1.0460638e-05   2.1765105e-05  -1.3113762e-06   6.5434333e-06   2.4645944e-05   1.4759767e-05   6.6765474e-06   7.8601324e-06   1.9286013e-06   4.8710458e-06  -1.7767205e-06   2.5868480e-06   2.0880291e-06  -3.0967069e-06   1.7081103e-06  -1.4465679e-06   2.8922852e-07  -4.1233878e-07  -1.8732526e-07   6.3589448e-07
  -0.0000000e+00  -1.9518663e-04   6.5583740e-06   1.6828340e-05   1.4189493e-05  -4.1029380e-06   8.7592089e-06   1.7670513e-05   2.0152267e-05   4.8967654e-06   4.2810298e-06   7.7930572e-06   8.0398092e-07   1.7773967e-06   3.2839312e-06   2.1881219e-06  -1.7097051e-07   2.9854559e-06   4.3745237e-07   7.1287599e-07   2.9431289e-06  -8.3999879e-07   2.2245548e-07
  -0.0000000e+00  -1.8284556e-04   1.5411139e-05   1.2857827e-05   1.7635988e-05  -9.3368999e-06   1.2599240e-05   1.8804343e-05   1.3394934e-05   1.3685180e-05   6.0346501e-06   2.2495635e-06   2.7787512e-06   3.9630781e-06   3.9766387e-06  -3.8748553e-07   3.1708933e-06  -8.7760264e-07  -2.1416629e-07   5.9019175e-07  -1.5190088e-06   1.2555003e-06   2.3047544e-06
  -0.0000000e+00  -1.9551202e-04   6.2359177e-06   1.3133582e-05   1.8333772e-05  -4.0369837e-06   5.8928613e-06   2.3590746e-05   1.6498709e-05   6.5105296e-06   5.1838306e-06   4.4482326e-06   4.0537002e-06   3.0129370e-06  -2.4752667e-06   1.9468418e-06   3.9090892e-06  -1.9694007e-06   2.7610895e-06   5.4709301e-07   8.8244769e-07   4.4543128e-07  -7.3070231e-07
  -0.0000000e+00  -1.7987173e-04   2.1002554e-06   1.3974781e-05   1.7395785e-05  -4.9615019e-06   9.3204189e-06   1.9433719e-05   1.4996225e-05   8.1875169e-06   4.1317835e-06   3.5027674e-06   2.3551934e-06   1.6624394e-06   2.7906062e-06   1.4566690e-06   1.9865504e-06  -1.2524384e-07   1.7441619e-06   1.2338560e-06  -2.4862578e-07   2.3529421e-06  -1.0643715e-06
  -0.0000000e+00  -1.9557813e-04   1.6809574e-05   1.2998873e-05   1.6974138e-05  -5.6451690e-06   5.5233340e-06   2.3470664e-05   1.5180840e-05   9.5072364e-06   7.2080479e-06   4.0901500e-06   3.5532153e-07   2.0198215e-06   3.3032295e-06   2.3258399e-06  -6.9321607e-07   9.2575760e-07   1.1682870e-06  -4.4054420e-07   2.4245771e-06   5.0160753e-07   1.1243668e-06
  -0.0000000e+00  -1.8885516e-04   5.0126091e-06   1.7249560e-05   1.4540387e-05  -5.3255053e-06   1.4091556e-05   1.9562041e-05   1.7097140e-05   7.3089641e-06   1.8609385e-06   2.8847787e-06   5.5950100e-06  -1.7466934e-06   2.8297861e-06   1.0562600e-06   1.7628120e-06  -1.2971585e-06  -1.3864130e-06   6.2142317e-07  -1.3297552e-06   1.9919805e-06   1.5316747e-06
  -0.0000000e+00  -1.8449510e-04   5.7782029e-07   1.3893586e-05   2.3539995e-05  -1.0578072e-05   5.1516809e-06   2.4058098e-05   1.2272228e-05   5.5293358e-06   7.9767924e-06  -4.9031991e-07   1.4621572e-06   3.1606496e-06   2.7723345e-06   2.1794235e-06   2.6368330e-06   7.9865492e-07   2.4126064e-07   2.5539682e-06  -1.7023432e-06  -2.4563352e-07   3.5475757e-06
  -0.0000000e+00  -1.9408936e-04   2.0383961e-05   1.1294453e-05   1.0354586e-05   2.1122842e-06   8.4914564e-06   1.9892519e-05   1.6034564e-05   8.5294487e-06   3.4516706e-06   5.8360051e-06   1.8962888e-06  -2.9500112e-07   3.9114088e-06   2.4449585e-06   2.3186246e-06   3.1452150e-06  -1.7298125e-06   2.4831900e-06   7.2967896e-07  -1.4872155e-06   1.0092615e-06
  -0.0000000e+00  -1.8620117e-04   2.5020900e-06   1.4613995e-05   1.8923414e-05  -5.9335553e-06   1.0304943e-05   2.4032313e-05   1.3960792e-05   7.4605887e-06   4.5597012e-06   4.2922693e-06   7.7929138e-07   4.1504882e-06  -1.2656624e-06   2.6058769e-06   8.6802260e-07   9.0322374e-07   2.8521474e-06  -9.5513030e-07   2.9518587e-06  -7.0421220e-07  -2.7693083e-08
  -0.0000000e+00  -1.9228017e-04   5.3737708e-06   1.3792002e-05   1.7329116e-05  -7.9740184e-06   7.6835904e-06   1.5752026e-05   1.7423145e-05   1.0097754e-05   4.1325052e-06   1.2467307e-06   5.0039007e-06   3.6967072e-06   1.7397879e-06   2.1059082e-06  -1.1871688e-06   3.2973239e-06   1.6239425e-06   2.4068558e-07   1.1199095e-06  -7.4095334e-07   1.9376744e-06
  -0.0000000e+00  -1.8718181e-04   5.9317013e-06   1.7101320e-05   1.9267518e-05  -7.7714658e-06   7.4222517e-06   2.6947078e-05   1.2052463e-05   7.8906924e-06   5.6331482e-06   1.6061210e-06   2.3947212e-06   3.2718401e-06   5.2148005e-07   4.2822926e-06   5.1628954e-06  -2.3722664e-06   2.5265294e-06   1.4257062e-06  -1.1157179e-06   2.2462837e-06  -9.5711550e-07
  -0.0000000e+00  -1.8006581e-04   1.8129222e-05   6.8459899e-06   1.0460330e-05   1.6478820e-07   1.0547423e-05   1.8495695e-05   1.9390664e-05   5.7937127e-06   3.2479504e-06   4.1774360e-06   2.1901658e-06   2.7064891e-06   2.0783179e-06  -1.7216121e-07   1.1820537e-06   1.4775065e-06  -1.0912663e-06   2.7431786e-06   1.9077306e-06  -1.3451547e-06   3.8389160e-07
  -0.0000000e+00  -2.0653028e-04   7.4460677e-06   1.6567148e-05   1.9762096e-05  -8.7442941e-06   6.3198686e-06   2.4391169e-05   1.2307542e-05   1.2673217e-05   6.2327272e-06   1.0638843e-06   5.9065826e-07   6.8011445e-07   4.2768502e-06   3.3859388e-07   5.0053467e-07   1.5448284e-06   5.8849628e-07  -3.0669707e-08  -1.1815265e-07   3.3106246e-06  -1.4908563e-06
  -0.0000000e+00  -1.7283161e-04  -1.0969091e-07   1.7887311e-05   1.8683730e-05  -5.0472017e-06   1.2130993e-05   1.7425091e-05   1.8548648e-05   8.2405277e-06  -1.5254180e-08   5.4019174e-06   2.6013543e-06   1.2630637e-06   5.2652817e-06   1.1892618e-06   6.2248807e-07   3.2124302e-07   1.5366089e-06   8.5083576e-07  -6.9542540e-07  -1.1427402e-06   5.5436396e-07
  -0.0000000e+00  -1.9467680e-04   1.5201822e-05   1.4961707e-05   1.3042075e-05  -1.0503623e-05   1.0131102e-05   2.1602058e-05   1.4863448e-05   9.0909343e-06   8.2242159e-06  -2.4961810e-06   2.8319650e-06   3.2645778e-06   2.2017025e-06   3.3258257e-06   2.1259873e-06  -6.2895134e-09  -6.5936354e-07   2.4381832e-06  -5.4094522e-07  -1.0937262e-06   1.6894336e-06
  -0.0000000e+00  -1.9120035e-04   1.1498726e-05   8.1834014e-06   1.7305523e-05   5.8960304e-06   2.1453443e-06   2.3359866e-05   1.3951709e-05   4.3317373e-06   8.7257631e-06   5.0132153e-06  -2.3164221e-06   8.4177691e-06   7.1513216e-07   2.1645051e-06   1.5119451e-06  -1.1938928e-06   3.8586136e-06  -9.5717803e-07   2.0184116e-06   2.8030851e-07   2.9023064e-07
  -0.0000000e+00  -1.8632150e-04  -9.8477790e-07   1.9664307e-05   2.0111318e-05  -9.1420661e-06   1.5074843e-05   2.2366186e-05   1.7998424e-05   1.0580988e-05   5.9706269e-07   3.8191884e-06   4.4709686e-06  -4.7826319e-07   4.1028534e-06   2.8063414e-06   1.7294429e-06   2.3042885e-06  -1.0395250e-07   6.9135513e-07   1.4455043e-06   1.1382347e-06   1.6341038e-06
  -0.0000000e+00  -1.9046335e-04   1.6793254e-05   1.1630695e-05   1.4864150e-05  -8.5572228e-06   8.2712049e-06   1.9571278e-05   1.4150565e-05   6.6291655e-06   3.5921662e-06   5.9200161e-06   9.9843987e-07   4.0883729e-06   7.9692290e-07   3.7121047e-06  -1.3545853e-06  -8.7161828e-07  -1.5513487e-07   1.9491083e-06   2.7045567e-07   1.4391456e-07   1.0629343e-06
  -0.0000000e+00  -1.8633892e-04   3.3314047e-06   1.4041910e-05   2.2391725e-05   3.8992249e-07   1.1981931e-05   2.0037216e-05   1.3201335e-05   1.1921199e-05   5.6936524e-06  -1.5092274e-06   4.2089464e-06   2.3945995e-06   6.0234693e-06   7.9077790e-07   1.6140352e-06   1.4338300e-06  -1.2416846e-06   7.1389388e-07  -7.4374196e-07   8.5706324e-07  -1.8362985e-06
  -0.0000000e+00  -1.9635804e-04   6.8847626e-06   1.8075498e-05   1.0598941e-05  -4.5950574e-06   7.2213002e-06   2.3781398e-05   1.2642524e-05   2.8503873e-06   8.2791175e-06   2.7249814e-06   2.5245945e-06   9.6443500e-07   1.5722964e-06   2.0584453e-06   6.4137168e-08   1.2941547e-06   1.2334295e-06   8.2643447e-07   1.5440637e-06   5.1920090e-08   1.3808248e-06
  -0.0000000e+00  -1.8115180e-04   1.3814851e-05   8.6764603e-06   1.6418633e-05  -3.9570386e-06   3.3701394e-06   2.1631664e-05   1.8689334e-05   4.1515946e-06   5.8335663e-06   5.1908501e-06  -2.6639225e-07   2.0197002e-07   2.5228869e-06   9.1715641e-08   2.1233338e-07  -8.0318353e-07   1.3408639e-06  -2.1093590e-06   6.9629522e-07  -5.9767035e-07  -1.2555769e-06
  -0.0000000e+00  -1.8370853e-04  -2.9020332e-06   1.8404922e-05   2.0806341e-05  -7.4982022e-06   1.7926244e-05   1.7596190e-05   1.3425206e-05   1.7222643e-05  -9.8574833e-07   2.3238456e-06   4.1513226e-06   4.1807634e-06   6.0517385e-07   3.8628377e-06   1.6392145e-06   5.1984209e-08   1.4731265e-06   1.7485830e-06   1.5248833e-06   1.5432654e-06  -4.4978913e-07
  -0.0000000e+00  -2.0244753e-04   2.2962218e-05   6.6500188e-06   1.4970091e-05  -4.7171734e-06   3.1270447e-06   2.1068774e-05   1.8278924e-05   2.4344370e-06   8.7710714e-06   2.9605862e-06   3.1683001e-06   2.1136827e-06   1.0263011e-06   2.1457215e-06   2.0091516e-06   1.3280500e-07   1.5389611e-07   8.7737482e-07   3.5929809e-06  -1.2586953e-07  -3.5809296e-07
  -0.0000000e+00  -1.8427371e-04   8.1393767e-07   2.1644240e-05   1.6440754e-05  -1.1231858e-05   1.0934396e-05   2.7225251e-05   1.3816674e-05   9.3895442e-06   2.8412562e-06   5.3934741e-06  -1.5481336e-06   1.9406059e-06   3.4520560e-06  -2.5076997e-07   4.3045341e-07   5.2176023e-07   8.5038482e-07   9.3464075e-07  -2.0922762e-06   1.5859673e-06   3.0091762e-06
  -0.0000000e+00  -1.8194091e-04   7.4215100e-06   1.1860842e-05   1.7951661e-05  -1.7407123e-06   9.1559286e-06   1.3689554e-05   1.7883196e-05   7.2086655e-06   6.7005708e-06   3.0836084e-06   3.0313574e-06  -3.3069190e-07   2.3035559e-06   2.9667742e-06   1.3395149e-06   1.9056064e-06   2.9711855e-06  -1.1085691e-06  -6.3625589e-07   1.3505394e-06  -4.5571022e-07
  -0.0000000e+00  -1.9247421e-04   9.9210001e-06   1.1972005e-05   1.7175864e-05  -6.5624968e-06   1.2668306e-05   1.8208324e-05   1.4382381e-05   1.3295141e-05   3.7537379e-06   1.4366074e-06   4.3903219e-06   2.1997328e-06   3.2634828e-06   3.1689701e-06  -2.7968855e-07   2.1157211e-06   5.5491716e-07   1.6181382e-06   1.5587873e-06  -5.1576535e-07   5.0732774e-07
  -0.0000000e+00  -1.9484502e-04   1.0208914e-05   1.6233964e-05   1.7279606e-05  -1.5302188e-05   1.0341637e-05   2.3997885e-05   1.6625449e-05   6.0195339e-06   2.0143455e-06   4.8158472e-06   3.1731415e-06   3.1361665e-06   2.7043850e-06   9.1341531e-07   9.5104423e-07  -3.7560054e-07   1.5770637e-06   6.8764950e-07   6.7148238e-07   4.7329056e-08   9.6403517e-07
  -0.0000000e+00  -1.8121122e-04   7.5263433e-06   1.1164898e-05   1.9055202e-05   6.8662102e-06  -2.5732270e-06   2.1660144e-05   1.5958190e-05   3.2254700e-06   1.1948233e-05   6.1508049e-06  -4.1172083e-07   2.4122933e-06   2.7478929e-06   2.0146940e-06   7.7124582e-07  -4.0402236e-07   2.6527073e-07   3.2184278e-07   1.0144580e-06   1.5226741e-06   4.4734051e-07
  -0.0000000e+00  -1.9088025e-04   7.3553915e-06   1.2728696e-05   1.6429864e-05  -1.1264528e-05   1.9480049e-05   1.6894346e-05   1.3503917e-05   1.2240566e-05   8.2497257e-07   2.2219431e-06   4.8099000e-06   4.7526974e-06   1.4418431e-06   4.0361553e-07   1.3340502e-06   2.5532754e-07   2.1657972e-06  -1.4042134e-07   1.7622841e-06  -1.6036140e-06   2.0057464e-06
  -0.0000000e+00  -1.7985536e-04   5.3340414e-06   2.3833272e-05   1.1386181e-05  -4.2396382e-06   3.7107031e-06   2.0373336e-05   1.7462435e-05   8.2763763e-06   5.3922104e-06   6.2530848e-06   6.8637695e-07   1.0797094e-06   4.0087366e-06   5.5524174e-06   4.4567759e-07  -1.5765548e-06   9.5058147e-07   2.6430100e-06  -1.4338652e-06   1.3278556e-06  -9.2351428e-08
  -0.0000000e+00  -2.0283078e-04   1.9378176e-05   9.2771816e-06   2.9306349e-05  -1.1346835e-05   1.2671624e-05   1.8467781e-05   1.4723920e-05   4.5740571e-06   8.1763746e-06  -1.3095691e-06   4.2505985e-06   2.8961556e-06   3.1855063e-06  -4.7559678e-07   3.6202732e-07   1.9964707e-06  -1.4406737e-07  -2.2728786e-06   8.5068257e-07  -3.4555072e-08   6.3713134e-07
  -0.0000000e+00  -1.7195875e-04  -2.4942597e-06   1.0020937e-05   1.1207155e-05   5.8887423e-07   5.8134419e-06   2.2814036e-05   1.5981306e-05   9.8098853e-06  -3.9271575e-07   5.0603321e-06  -8.3287990e-09   3.6052988e-06   3.1841939e-06  -4.0925304e-08   3.0441252e-06   2.9247153e-06  -1.8177096e-06   3.8198132e-06   7.0980559e-07  -5.5103675e-07   2.0284610e-06
  -0.0000000e+00  -2.0108779e-04   1.6206272e-05   1.9926851e-05   1.3033773e-05  -5.7430179e-06   8.3794275e-06   2.0193638e-05   1.3190061e-05   7.3511387e-06   9.4878069e-06   3.2682724e-06   3.4937523e-06   3.6124438e-06  -1.0201596e-06   4.7315943e-06   1.7215970e-06  -3.1101833e-06   4.5362713e-06  -4.8458224e-07   1.0330692e-06   6.6575177e-07   4.5393625e-07
  -0.0000000e+00  -1.8457074e-04   7.1462223e-06   1.8341332e-05   1.7836175e-05  -9.4562520e-06   1.3104104e-05   2.2901262e-05   1.2501913e-05   1.1458003e-05   1.9054421e-06   6.9276953e-06   2.1385647e-06   2.0600055e-06   3.0070248e-06   1.8100595e-06  -1.8451809e-06   2.2852796e-06  -4.7759011e-07   1.2879154e-06  -8.7647614e-08   1.6763714e-06   1.5558280e-06
  -0.0000000e+00  -1.8722533e-04   8.5493066e-06  -5.0312781e-07   2.5179546e-05  -4.5287125e-06   3.3649931e-06   1.7718266e-05   1.9351954e-05   6.3019434e-06   6.5995864e-06   4.4381663e-06   3.1831648e-06   4.7775184e-06  -1.4620847e-06   1.2805148e-06   4.8791867e-07   6.0089843e-07   3.0044707e-06  -1.6887589e-06   3.4226377e-06   1.1595226e-06  -1.0682394e-06
  -0.0000000e+00  -1.8694690e-04   6.4882215e-06   2.4567586e-05   6.7820847e-06  -1.7566302e-06   4.5930506e-06   2.4652771e-05   1.3448487e-05   7.4774057e-06   6.1089527e-06   1.9124459e-06   4.7508288e-06   3.1589582e-06   8.9431484e-07   4.9882999e-07   2.8377888e-06   1.3881203e-06  -4.7603655e-07   1.5539895e-07  -7.8789679e-07  -3.2787577e-07  -3.6306690e-07
  -0.0000000e+00  -1.9262602e-04   1.2974561e-05   1.1162361e-05   2.0858975e-05  -1.1102028e-05   1.9640849e-05   1.4997660e-05   1.7949626e-05   7.4278896e-06   6.9577654e-06   5.1660286e-06   1.5555154e-06  -4.4872380e-07   3.8595895e-06   2.2634815e-06   1.3701382e-06  -1.4355695e-06   2.3072018e-07   2.1766864e-06  -1.9248951e-06   3.0135641e-07   4.3658829e-07
  -0.0000000e+00  -1.8556611e-04   2.0721188e-06   1.6338779e-05   1.0915872e-05  -2.9736811e-06  -1.1602771e-06   2.5482035e-05   8.9995929e-06   9.7215379e-06   5.7935649e-06   2.4763517e-06   3.6339152e-06   3.9095430e-06  -7.2520282e-07   4.5462238e-07   4.6269915e-07   1.6166078e-06   2.3369153e-06  -1.6113086e-06   2.5095549e-06   2.5744941e-06  -9.6853356e-08
  -0.0000000e+00  -1.8809069e-04   2.0402518e-05   1.3646991e-06   2.9274644e-05  -9.0536687e-06   1.4360189e-05   1.9245816e-05   1.9806144e-05   1.0484799e-05   4.1851886e-06   4.5366996e-06   2.3375169e-06  -3.5563742e-06   6.9282146e-06   3.1382058e-08   1.2341408e-06   1.7560405e-06  -1.6604885e-06   5.2394125e-07  -5.3884545e-08   7.5096986e-09  -1.5167437e-07
  -0.0000000e+00  -1.8427389e-04  -4.5308138e-06   2.7904414e-05   8.0261852e-06  -1.2603252e-06  -2.1997703e-07   2.2737731e-05   1.1462350e-05   5.7909774e-06   7.8756721e-06  -6.6296093e-07   4.1027320e-06   7.0631741e-06  -2.3642249e-06   3.2724208e-06  -1.2801480e-06  -7.0481576e-07   3.2376768e-06   5.8825179e-07  -7.3568810e-07   3.3269105e-06  -8.5695029e-07
  -0.0000000e+00  -1.9767602e-04   1.5378897e-05   1.0535234e-05   1.3419047e-05  -1.0212596e-05   1.5696000e-05   1.8754030e-05   1.9074139e-05   1.0255311e-05   3.3782767e-06   6.9167072e-06   1.4174229e-06  -1.1071560e-06   4.1930271e-06   1.4694189e-06   3.9510578e-06   3.6506623e-07  -1.2278256e-06   2.3373709e-06   1.1191622e-06  -3.2829948e-06   1.6079038e-06
  -0.0000000e+00  -1.7515528e-04   6.5058020e-06   1.3419242e-05   2.7339704e-05  -6.1480810e-06   7.9155989e-06   2.2611199e-05   9.6201429e-06   9.3211002e-06   2.5772736e-06   8.9367506e-07   4.2686042e-06   4.8820311e-06   1.3666156e-06   9.7547979e-07  -1.7494307e-06   3.1843631e-06   3.4043544e-06  -2.4874773e-06   1.2157155e-07   2.2716799e-06  -1.2840965e-06
  -0.0000000e+00  -1.9821421e-04   1.7246150e-05   7.3309884e-06   1.5320013e-05  -2.5783752e-06   5.8136943e-06   1.7953875e-05   2.1761682e-05   6.6722869e-06   8.4257672e-06   3.6075653e-06   1.4561778e-06  -4.9648366e-07   2.1533222e-06   2.7803703e-06   2.4230847e-06   1.5348531e-06  -2.2066467e-06   2.7917013e-06   1.3402638e-06  -3.7704604e-07   1.4541234e-07
  -0.0000000e+00  -1.8724734e-04  -7.7201531e-07   2.0015810e-05   1.2363435e-05  -6.9456378e-06   7.9929514e-06   2.7386843e-05   7.6250399e-06   8.9102396e-06   7.9477149e-07   1.9429986e-06   4.9855357e-06   2.1322815e-06   1.2288866e-06   2.4941769e-06  -1.7152335e-06   4.8016291e-06   1.5312787e-06   1.4596243e-06  -1.5591843e-07  -3.4770827e-07   1.8745277e-06
  -0.0000000e+00  -1.8516334e-04   1.3206803e-05   1.3422032e-05   2.0482626e-05  -4.0289824e-06   1.1911029e-05   1.4782842e-05   2.1855252e-05   6.0089969e-06   1.3200891e-05   2.0174014e-06  -1.2269487e-08   1.8844005e-06   3.4542447e-06   2.6512025e-06   4.4883104e-06  -3.9091960e-06  -4.2147133e-07   3.7180935e-06   1.2564972e-07   5.5718294e-07  -1.8395958e-06
  -0.0000000e+00  -1.8736265e-04   4.3240325e-06   1.3299774e-05   1.2549637e-05  -4.4441249e-06   4.2702814e-06   2.3708866e-05   1.0379766e-05   1.0619247e-05  -9.3227470e-07   7.1849277e-06   2.4398871e-06   4.7548397e-06  -3.6133851e-08   1.5192928e-06   1.4627658e-07   3.1213604e-06   3.1909369e-07   1.8207378e-06   1.3797253e-06   5.6536066e-08   3.0347377e-07
  -0.0000000e+00  -1.9494465e-04   1.4180934e-05   5.6173326e-06   2.3859408e-05  -7.7156001e-06   1.3226570e-05   2.5079422e-05   1.7837227e-05   9.4422476e-06   8.8115894e-06   1.3261636e-06   1.9838428e-06   1.9598722e-06   3.5128744e-06   1.8192793e-06   4.3410350e-06  -7.7128544e-07   2.1881401e-06   1.8753922e-06   9.4552178e-07   2.1248143e-06  -1.2402186e-06
  -0.0000000e+00  -1.8788669e-04   4.6837936e-06   2.8615892e-05   4.6474102e-06  -2.8214217e-07   9.0755711e-06   1.6027650e-05   1.0974815e-05   9.0196336e-06   1.2767476e-06   5.7068210e-06   1.9989761e-06   2.5046004e-06  -1.6443134e-06   1.2663310e-06   4.7605522e-07   1.9723207e-06   8.0094020e-07   3.0962366e-07  -6.6731411e-07   1.4611442e-07   7.9987132e-07
  -0.0000000e+00  -1.8649947e-04   7.5553185e-06   1.2157245e-06   2.8540757e-05  -1.1450743e-05   8.6215232e-06   2.7472974e-05   1.9356950e-05   4.4822250e-06   8.2336210e-06   1.6503707e-06   8.6712811e-07   2.5967627e-06   3.5483422e-06   8.5305510e-07   1.4933419e-06   2.3186797e-06  -1.4583564e-07  -9.4212714e-07  -6.6954681e-07   1.3076988e-06  -1.3168386e-06
  -0.0000000e+00  -1.8334218e-04   9.6981294e-06   1.5499239e-05   9.1755965e-06  -5.5983273e-06   8.6772743e-06   1.7857365e-05   1.3123985e-05   6.2921390e-06   2.8490385e-06   6.2522822e-06   8.7160817e-07   5.1637594e-06  -8.4172939e-08   2.8943780e-06   1.0167931e-06   2.1389249e-06  -5.4232845e-07   1.1230075e-06   7.9565389e-08   5.8039882e-07   1.6936509e-06
  -0.0000000e+00  -2.0339621e-04   1.1228390e-05   1.4676289e-05   2.1912654e-05  -6.9856856e-06   1.2723826e-05   1.6874741e-05   1.5622290e-05   9.9685367e-06   8.4938310e-06   2.9988053e-07   6.3456814e-06  -1.3086099e-06   4.1874569e-06   2.1954841e-06   1.2051177e-06  -1.8941964e-06   1.2091076e-06   6.2013521e-07   1.4178987e-06   1.2184170e-06  -9.3929617e-07
  -0.0000000e+00  -1.7551873e-04   3.9358169e-06   1.1103850e-05   7.7651157e-06  -1.1343546e-06   5.5877763e-06   2.5552667e-05   1.1657727e-05   1.5335887e-05  -2.2962679e-06   5.2367277e-06   1.3019495e-06   5.3665108e-06  -2.2567392e-07   2.2633851e-06  -2.6024699e-07   3.0307613e-06   1.6874912e-06   1.0876026e-06  -5.2932495e-07  -5.9605492e-07  -8.2843439e-09
  -0.0000000e+00  -1.9913659e-04   7.5862818e-06   1.9002267e-05   2.1932537e-05  -1.3219632e-05   1.3804209e-05   1.9265719e-05   1.6884722e-05   3.6682411e-06   1.1953594e-05   3.9562219e-06   2.4925691e-06  -1.5797349e-06   2.4782291e-06   2.3675307e-06   2.6973773e-06  -2.3148027e-06   1.2734209e-06   1.3051356e-06   5.2040667e-07   2.5654372e-06  -1.1574575e-06
  -0.0000000e+00  -1.7724115e-04   1.2142904e-05   8.0668078e-06   1.7230570e-05   3.0058789e-06   2.5062534e-06   2.6244423e-05   1.4883153e-05   6.3888874e-06   4.8320148e-06   3.7583652e-06   2.2130187e-06   4.8671382e-06   1.7239814e-06   4.1316366e-07  -1.0985216e-06   3.1258458e-06   2.0888665e-06   8.7461052e-07   1.3982359e-06  -9.0583467e-07   2.1083719e-07
  -0.0000000e+00  -2.0415998e-04   5.4749098e-06   1.2794957e-05   2.0607709e-05  -1.5889547e-05   1.8097731e-05   1.3989043e-05   1.7545959e-05   9.3684230e-06   8.7021108e-06   1.0741203e-06   3.0533470e-06   4.4308185e-06   2.5628287e-06   2.6441419e-06   2.7222954e-06  -6.8660324e-07   2.1448225e-06  -4.5120632e-07   7.2240675e-07   2.5481534e-06   6.9050049e-07
  -0.0000000e+00  -1.7483156e-04   4.3294499e-06   1.6474853e-05   1.1353253e-05   7.0207284e-06   1.7629495e-06   2.5413874e-05   1.4005776e-05   8.2479664e-06   2.1634658e-06   5.5507571e-06   3.4406517e-07   9.3567593e-07   3.5400305e-06   9.4167575e-07   2.3575913e-06   2.8473919e-06  -6.1965955e-07  -7.1967486e-07  -9.7764791e-07  -1.3029046e-07   3.0098414e-07
  -0.0000000e+00  -1.9776683e-04   1.4790248e-05   1.1428416e-05   2.2099455e-05  -1.3268931e-05   8.1851622e-06   2.3236325e-05   1.4491470e-05   9.4517118e-06   5.7846978e-06   9.7244686e-07   3.2860771e-06   1.6208135e-06   3.1948157e-06   2.7222113e-06   6.6450309e-07   7.4974258e-07   1.6279687e-06   4.0865189e-07  -1.2483589e-06   1.1872364e-06   8.9431541e-07
  -0.0000000e+00  -1.8488234e-04   5.0973727e-06   1.4319940e-05   9.1231841e-06  -1.8125626e-06   9.6484637e-06   1.4887565e-05   1.5376174e-05   9.0325411e-06   1.6188849e-06   7.8722815e-06  -5.6740589e-07   3.6749734e-06   1.4934295e-06   3.2554276e-06   2.5311708e-06  -6.9914631e-07  -1.7931435e-06  -3.4465126e-07   2.8236077e-06   3.3084848e-07   2.1169271e-06
  -0.0000000e+00  -1.8805409e-04   1.0863317e-05   9.4101933e-06   2.6825470e-05  -1.1935821e-05   1.2370107e-05   2.5647301e-05   2.0219930e-05   3.1710254e-06   8.8273746e-06  -3.1287091e-06   7.2844232e-06   7.3666212e-07   3.2299502e-06   1.2808476e-06  -9.0261494e-07   1.5018823e-06   2.5190431e-07   9.4191097e-07   6.4302094e-07  -2.1675562e-07   2.6889295e-06
  -0.0000000e+00  -1.8465053e-04   3.3212648e-06   2.1709677e-05   9.2797072e-06  -4.8600987e-07   3.4413465e-06   1.9037814e-05   1.2017947e-05   1.1707046e-05   2.6073467e-06   7.2716516e-06   9.4140667e-08   3.5092437e-06   1.8658395e-06   1.1683089e-06   2.5600996e-06   1.2551017e-06   2.2546050e-07   5.2054506e-08   9.2279166e-08   3.7958205e-07   6.8821095e-07
  -0.0000000e+00  -1.9617852e-04   1.3625631e-05   3.5242122e-06   2.3911341e-05  -5.0726667e-06   1.2680237e-05   2.3339395e-05   1.7271808e-05   7.1894619e-06   5.4480679e-06   2.3060672e-06   4.2192980e-07   1.0699026e-06   9.4178608e-07   1.5127076e-06   3.6333421e-07   2.3917310e-06   1.1569991e-06  -2.5273496e-06   3.1057789e-07   1.1931130e-06  -1.3494714e-06
  -0.0000000e+00  -1.8477622e-04   5.7760512e-06   2.2077649e-05   1.1857088e-05  -4.9970172e-06   7.9706097e-06   2.3477232e-05   1.3714164e-05   9.1608581e-06   2.5884563e-06   3.4353168e-06   2.9152286e-06  -2.6995662e-07   4.2890961e-06  -4.3675095e-07   1.2196997e-06   1.1650529e-06   1.0265099e-06   1.1367440e-06   3.0016116e-07   4.9154181e-07   1.0190641e-06
  -0.0000000e+00  -1.9079466e-04   1.1250992e-05   9.9982426e-06   1.6001144e-05  -7.8657713e-06   1.1646904e-05   1.5305310e-05   2.0839405e-05   6.8135796e-06   8.2436891e-06   3.0191966e-06  -3.6393274e-07   3.8392764e-06   1.1229171e-06   3.8627172e-06   2.5049221e-06  -1.7190426e-06   2.9886796e-06   1.2738242e-06   9.6926954e-08  -6.4089483e-07   9.0954768e-07
  -0.0000000e+00  -1.8266568e-04  -3.4421132e-06   1.7313741e-05   1.5732412e-05  -1.3063426e-06   7.2812259e-06   2.5718429e-05   1.1211258e-05   8.6801911e-06   7.5590160e-06   1.4966757e-06   6.3951784e-06   3.8240196e-06   1.9902509e-06  -1.4660177e-06   1.7168524e-06   1.1625608e-06  -1.7032433e-07   8.4540210e-07   1.8441737e-06   7.1461022e-07   1.3928241e-07
  -0.0000000e+00  -1.9527994e-04   1.8085089e-05   8.9273426e-06   2.1040047e-05  -6.1180685e-06   4.3488603e-06   1.8909926e-05   2.0077030e-05   8.5460442e-06   4.6117821e-06   3.2832372e-06   1.2128546e-06   8.7387332e-07   4.4227913e-06   1.9353631e-06   3.9757546e-07   9.8606313e-07   2.1474034e-06  -1.8140811e-06   9.0373032e-07   1.2066382e-06   4.2353057e-07
  -0.0000000e+00  -1.8234870e-04   7.9650563e-06   1.7714041e-05   1.3669199e-05  -5.4153884e-06   9.6927024e-06   2.9755563e-05   9.2274422e-06   1.0279168e-05   3.3436490e-06   2.5980466e-06   2.5146676e-06   4.1544663e-06   1.0869576e-06   4.7725307e-06  -1.3491012e-06   1.5034735e-06   1.0529720e-06  -1.9128242e-06  -3.2604567e-07   2.4106885e-06   4.8950699e-07
  -0.0000000e+00  -1.9168376e-04   1.0410388e-05   1.1681919e-05   1.7542059e-05  -4.8801485e-06   1.2884224e-05   1.5817264e-05   1.8095056e-05   9.8411501e-06   7.9858510e-06   3.4852226e-06   1.3669318e-06   4.4921512e-07   3.7511443e-06   3.1028861e-08   2.7606018e-06   9.0011321e-07  -2.8904103e-06   2.0023190e-06   2.9797279e-06  -2.8343488e-06   2.4775757e-06
  -0.0000000e+00  -1.8502949e-04   1.1098688e-06   1.5390491e-05   1.8899113e-05  -3.9782462e-06   3.6888682e-06   2.4435312e-05   1.4987131e-05   4.1661820e-06   4.5794764e-06   5.6028957e-06   1.6876483e-06   5.4179172e-06   1.0002848e-06   3.3406814e-06   3.1590451e-07   1.6007589e-06   2.9688579e-06  -3.5764580e-07  -1.5669187e-06   6.6672146e-07   4.0309214e-07
  -0.0000000e+00  -1.8918856e-04   1.6924530e-05   1.4086150e-05   1.6336668e-05  -4.9433138e-06   1.1654548e-05   1.8206938e-05   1.7945893e-05   1.0682411e-05   5.4071197e-06   3.4899804e-06   3.2692333e-06   1.5276758e-07   2.6415576e-06   3.3304707e-06   2.4611552e-07   7.3915459e-07  -9.8647502e-07   1.0390191e-06   2.1793408e-06   1.6125129e-07   1.6063570e-06
  -0.0000000e+00  -1.8919358e-04   2.0602226e-06   1.6207316e-05   1.3416145e-05  -4.2785432e-06   6.8040790e-06   2.3552362e-05   1.1326996e-05   7.5560060e-06   4.9929986e-06   2.9638418e-06   3.2769908e-06   3.7437935e-06   5.4068755e-07   2.1678179e-06   7.3175710e-07  -1.1493161e-06   1.7565901e-06  -7.1082303e-07   1.0182268e-06  -1.5030149e-06  -8.7122351e-07
  -0.0000000e+00  -1.8815533e-04   1.3694196e-05   8.6395949e-06   1.9962928e-05  -7.0045494e-06   9.2556120e-06   1.9264400e-05   1.4634533e-05   1.2227470e-05   5.2444484e-06   4.7789104e-07   4.1206395e-06   2.3277028e-06   5.1426086e-06   7.0963601e-08   1.6585097e-06   1.2397030e-06   1.6728661e-07  -3.6479602e-07   1.9577710e-06  -5.6859488e-07  -7.4640144e-07
