  -0.0000000e+00  -1.9036746e-04   8.5635565e-06   2.1739326e-05   1.7611665e-05  -4.8948800e-06   5.7882130e-06   2.1219063e-05   1.5644206e-05   6.4169058e-06   6.0911766e-06   6.6701850e-06   5.9553179e-07   1.9337967e-06  -1.3457289e-06   3.6599502e-06   2.1605676e-06   7.4783532e-07   1.0951104e-06   1.8487087e-06  -7.6105442e-07  -5.7712759e-07  -1.6821933e-07
  -0.0000000e+00  -1.8613672e-04   9.7101611e-06   6.8965423e-06   1.5711550e-05  -4.5313946e-06   1.0885929e-05   1.7483375e-05   1.8701881e-05   5.3046851e-06   4.5771271e-06   1.9641575e-06   1.0460600e-06   2.8580469e-06   4.1800217e-06  -2.6484065e-06   5.7223469e-06  -7.8970942e-07   2.6683324e-06  -8.9308536e-08  -9.2293135e-07   1.2654534e-06   1.0175753e-06
  -0.0000000e+00  -1.8520174e-04   6.2145109e-06   2.2666785e-05   1.6677554e-05  -4.0174841e-06   1.0852604e-05   1.8628531e-05   9.2013761e-06   1.1506146e-05   6.6723592e-06   2.6581761e-06   3.5174987e-06   5.1393977e-07   2.6988675e-06   3.7281272e-06  -2.4259757e-07  -1.5719272e-06   3.1168173e-07   8.0791307e-07   1.8213753e-06   7.6308561e-07  -6.4342441e-07
  -0.0000000e+00  -1.8929195e-04   1.7075816e-05   8.7547078e-06   1.9664765e-05  -6.1539981e-06   5.9808658e-06   2.2239426e-05   1.4346818e-05   6.3578977e-06   1.9596350e-06   3.7530840e-06   4.6018904e-06   2.3625246e-06   4.6400883e-06   7.3547994e-07   1.8842666e-06   1.4374657e-06   4.5678030e-06  -1.3784783e-06   7.2368937e-07   6.1711575e-07   7.6524026e-07
  -0.0000000e+00  -1.9225487e-04   4.3254231e-06   1.3391982e-05   1.5587326e-05  -6.6045254e-06   7.6613005e-06   2.3832303e-05   1.7541099e-05   9.2616674e-06   6.7457131e-06   3.7555865e-06   2.2864472e-06   1.8389475e-08   1.9824179e-06   3.8191429e-06  -1.1059150e-08  -2.2589491e-07  -1.3412197e-06   1.3826697e-06   1.6979811e-06   2.6252019e-07  -1.3072063e-06
  -0.0000000e+00  -1.8545245e-04   1.3672160e-05   1.5947617e-05   1.9027882e-05   1.0632241e-08   7.8185158e-06   1.4916028e-05   1.4469510e-05   3.6469173e-06   4.9195355e-06   2.8018092e-06   5.0507474e-06   4.7346771e-06  -1.0134120e-06   1.3797575e-06   3.9556217e-06   1.5115342e-07   1.2461446e-06   2.9004434e-07   1.3263792e-06  -2.3917684e-07   2.3045195e-06
  -0.0000000e+00  -1.8214525e-04   4.0549030e-06   1.5761432e-05   1.5286627e-05  -9.0403901e-06   1.4320443e-05   2.3667391e-05   1.7135550e-05   1.2863036e-05   2.9356438e-06   2.7835436e-06   6.0023844e-08   2.4604672e-06   2.4668584e-06   4.9132041e-06  -1.0360169e-06   1.4085060e-06  -1.0174922e-06   1.6783412e-06   1.2008234e-06   2.6253383e-07   1.1876800e-06
  -0.0000000e+00  -1.9487081e-04   8.9832065e-06   1.0739009e-05   1.6620445e-05  -7.9322363e-06   2.5946301e-06   2.0037791e-05   1.0597276e-05   5.3106710e-06   4.7808721e-06   3.6950678e-06   4.9825608e-06   1.7531723e-06   2.8428335e-06   1.5672040e-06   8.0435473e-07   2.1601306e-06  -4.1843614e-07   1.1050242e-06   1.1719787e-06   7.4694526e-07  -1.7891754e-06
  -0.0000000e+00  -1.8600682e-04   1.3482552e-05   1.7888757e-05   1.4620825e-05   3.4786344e-06   8.5151205e-06   2.4039020e-05   1.8405955e-05   8.4683370e-06   5.8642049e-06   3.4235527e-06  -1.8494782e-06   2.6500711e-06   2.5032605e-06   2.2729303e-06  -5.1679115e-07   3.4892011e-07   1.3922185e-06  -2.5452191e-06   8.5182455e-07  -1.4513505e-06   3.8478959e-07
  -0.0000000e+00  -1.9289197e-04   5.8914929e-06   1.4237448e-05   1.6294191e-05  -1.2560899e-05   1.0140404e-05   1.7260958e-05   1.1682632e-05   1.0297782e-05   6.1022924e-06   1.4064399e-06   6.9390553e-06  -3.2317914e-07   1.5735027e-06   2.6552873e-06   2.2017080e-06  -5.2069282e-07  -1.1038137e-06   2.0121772e-06   2.3137734e-06  -1.2236252e-06  -1.2278155e-06
  -0.0000000e+00  -1.8111037e-04   8.5827678e-06   8.7887638e-06   1.9028361e-05  -2.8220770e-06   6.2908757e-06   2.1736501e-05   1.9257524e-05   2.3289761e-06   6.5238842e-06   4.9924697e-06  -1.1062568e-06   2.0752445e-06   2.1688340e-06  -3.6255972e-07   1.9336187e-06   7.0499300e-07   1.8813236e-06   2.0035652e-06  -2.6715009e-08   2.1878946e-06   7.0328218e-07
  -0.0000000e+00  -1.9138523e-04   8.7759863e-06   1.3636458e-05   1.9969333e-05  -9.1142301e-06   9.9745976e-06   2.5995818e-05   1.2432107e-05   1.3304189e-05   6.4081992e-06   3.5359369e-06   1.3118032e-06   3.4963618e-06   2.7682472e-06   4.1592529e-07   6.1285249e-07   2.4403241e-07   3.8522662e-06   2.9046569e-07   1.2201638e-06   1.8006891e-06   1.8620989e-06
  -0.0000000e+00  -1.8859874e-04   1.3881559e-05   1.3510540e-05   1.3940129e-05  -1.5337230e-06   3.0467111e-06   1.7256303e-05   1.1680182e-05   7.2893008e-06   4.2535144e-06   3.0015972e-06   5.5721757e-06   2.7111741e-06   2.3910663e-06   1.8388087e-06   1.2721724e-06   1.2071647e-06  -1.9927870e-06   1.8292696e-06  -1.3472944e-06   1.2059262e-06  -1.4436212e-06
  -0.0000000e+00  -1.9433920e-04   1.5750840e-06   2.1070558e-05   1.4661422e-05  -1.7168700e-06   1.5486841e-05   2.3730569e-05   1.8639279e-05   1.1328530e-05   3.9479301e-06   1.9933336e-06   2.9398768e-06   3.3541096e-06   2.1384615e-06   3.3057863e-06  -4.1227744e-07   5.1755387e-07   2.8705640e-06   2.1683913e-07   9.4767444e-07   6.1883969e-07   5.7421715e-07
  -0.0000000e+00  -1.7714505e-04   1.0131499e-05   9.2992996e-06   1.8738599e-05  -6.0016714e-06   5.8728278e-06   1.4347566e-05   1.1649251e-05   2.8212389e-06   7.7230970e-06   4.6041641e-06   9.8308180e-07   1.7131937e-06   2.3870575e-06   1.5588427e-07   6.1064611e-07   2.0595457e-06  -1.8404548e-06  -6.7440020e-08  -2.3373743e-06   1.0127477e-06   1.3929841e-06
  -0.0000000e+00  -1.9529450e-04   1.5534819e-05   1.2301080e-05   2.1334517e-05  -8.3005789e-06   9.1406209e-06   2.7469951e-05   2.2818051e-05   6.7035830e-06   7.3782567e-06   3.1547772e-06   1.9232432e-07   3.1268369e-06   7.9803533e-07   5.1022398e-06   2.9872044e-06  -8.1992744e-07  -1.2374805e-06   1.0161314e-06   4.7605126e-06  -1.7390530e-06  -1.8076872e-07
  -0.0000000e+00  -1.8708708e-04   4.3864093e-06   1.7564502e-05   1.5126032e-05  -5.0314992e-07   9.8945502e-06   1.8173003e-05   7.6474653e-06   9.4044563e-06   2.0686207e-06   6.0715211e-06   3.4983432e-06   1.1199089e-06   3.0678557e-06  -2.9275131e-07  -7.6666538e-07   2.1111643e-06   2.0002426e-06   3.0183899e-06  -3.3029032e-06   1.0460077e-06   1.9275683e-06
  -0.0000000e+00  -1.8613509e-04   8.1738299e-06   1.4846795e-05   1.9970943e-05  -5.9027893e-06   8.2952047e-06   2.3625638e-05   1.2528108e-05   1.1671854e-05   7.6326669e-06   1.8952152e-06  -1.3755782e-06   1.8162793e-06   4.2418269e-06   1.3322965e-06   1.0827657e-06  -2.1910960e-06   2.9967998e-06   4.7597052e-07   9.9589010e-07  -7.9973353e-07  -1.8081844e-08
  -0.0000000e+00  -1.8461139e-04   5.9016711e-06   1.8994493e-05   1.6405411e-05  -8.0527698e-06   1.3499852e-05   2.2142704e-05   1.4389649e-05   1.2878604e-06   3.6895626e-06   2.5895622e-06   5.5894593e-06   1.5041537e-06   3.0951728e-06  -1.2423478e-06   2.3709369e-07   2.6720452e-06  -4.2509111e-08   1.3821510e-06  -1.1025658e-06   2.1350545e-06   5.8850850e-07
  -0.0000000e+00  -1.9369056e-04   2.0610285e-05   5.7238135e-06   2.2090535e-05  -4.1872190e-06   6.4021710e-06   1.5349297e-05   1.9446858e-05   9.1700085e-06   8.9129699e-06   4.5196653e-06  -3.2174696e-06   2.8303268e-06   1.3065504e-06   1.9717813e-06   1.6211035e-06  -6.9577493e-07   1.6339520e-07   1.8085321e-06   5.9505845e-07   1.3115006e-06  -1.4815346e-06
  -0.0000000e+00  -1.8803310e-04   3.7273714e-06   2.1674459e-05   1.5405371e-05  -3.0509996e-06   1.0794723e-05   2.0958840e-05   1.4184271e-05   6.0980783e-06   2.4422118e-06  -1.1679515e-06   5.5384580e-06   3.0415185e-06   2.7958408e-06   2.0672594e-07  -1.0991913e-06  -5.7307733e-07   1.9517995e-07   3.5623700e-07  -8.5274110e-08   5.3504209e-07   3.1501763e-06
  -0.0000000e+00  -1.8067073e-04   3.3848064e-06   1.4752515e-05   1.5965006e-05  -6.0138091e-06   9.5665746e-06   2.5177360e-05   1.5534175e-05   8.4838384e-06   4.4903945e-06   6.4198225e-06   1.9103757e-06   9.2461113e-07   3.4309628e-06   2.8056716e-06   2.8333834e-06   1.7489755e-06  -2.1803869e-06  -4.0736199e-07   2.9031910e-06   5.5520997e-07  -1.1234260e-07
  -0.0000000e+00  -1.9569120e-04   1.4477887e-05   1.3095235e-05   1.7958240e-05  -3.9032584e-06   7.6871538e-06   1.7008346e-05   1.0266593e-05   1.0071822e-05   4.3954378e-06   4.0773734e-06   1.1390666e-06   1.5037556e-06   3.5535820e-06   2.2528238e-07  -2.3419291e-06   3.5593498e-06  -2.1225519e-07  -1.8780795e-09  -4.6738319e-07   1.6299842e-06   1.9254526e-06
  -0.0000000e+00  -1.8808708e-04   1.4260278e-05   1.2192651e-05   1.8470806e-05  -8.7819244e-06   1.3443268e-05   2.2882210e-05   1.9043979e-05   4.6876626e-06   6.5498284e-06   8.9169924e-07   3.3179035e-06   2.9801588e-06   5.6718976e-09   3.7459488e-06   2.8049078e-07  -2.5039537e-07   7.0516705e-07   1.7040172e-06   4.0167101e-06   4.8000800e-07  -1.2953787e-07
  -0.0000000e+00  -1.7687160e-04   4.7750323e-06   1.3248834e-05   1.3784258e-05  -3.3228412e-06   6.7975047e-06   1.8156723e-05   1.5199203e-05   7.1806476e-06   6.3619405e-06   1.0831366e-06   1.9573974e-06   3.4690404e-06   2.6715763e-06   5.7353765e-07   2.0687366e-06   1.2627422e-06   7.1906169e-07   1.3839411e-06   5.8470755e-07  -1.0653803e-06   7.3567224e-07
  -0.0000000e+00  -1.9670230e-04   3.4233053e-06   2.0407331e-05   1.9595931e-05  -5.4838847e-06   9.0042549e-06   1.9757894e-05   1.3367162e-05   1.0145583e-05   6.5101794e-06   5.4295010e-06   1.8968426e-06   2.8400223e-06   3.9907286e-06   3.3231870e-06  -1.8570749e-07  -2.5124214e-07   5.4758567e-07   2.0436632e-06  -1.1006616e-06   2.5787674e-06   4.3313506e-07
  -0.0000000e+00  -1.8670149e-04   1.5071797e-05   9.9023546e-06   1.5263449e-05   8.5337734e-07   7.0065216e-06   2.0459733e-05   1.6890221e-05   5.7343759e-06   2.3214109e-06   5.7945904e-06   1.4194749e-06   2.5555198e-06   3.8981088e-06  -9.6683573e-07   2.3207456e-06   2.6063587e-06   1.0080638e-06  -3.9880689e-07   1.1993376e-06  -3.0474484e-07  -1.8360904e-06
  -0.0000000e+00  -1.9100544e-04   1.2599776e-05   1.2588313e-05   1.9654819e-05  -1.2371037e-05   1.1845773e-05   2.2755228e-05   1.1712069e-05   1.1488555e-05   4.7745420e-06   2.1409751e-06   1.5389254e-06  -2.9312898e-07   2.5542261e-06   9.2866674e-07   2.5604027e-06  -1.1115653e-06   2.0554921e-06   1.2839004e-06  -1.0740233e-06   2.4139249e-06  -5.6103801e-07
  -0.0000000e+00  -1.7958094e-04   2.9892201e-06   1.7575065e-05   1.6432085e-05  -2.0042071e-06   6.1594274e-06   1.7581866e-05   1.8147424e-05   2.9110215e-06   7.3920346e-06   1.4855151e-06   3.3715088e-07   5.4820111e-06   2.1073241e-07   7.5440528e-07  -2.1714034e-07  -1.8073331e-07   1.6119155e-06   1.7409741e-06   9.4336116e-07  -1.7463570e-06   2.1955325e-06
  -0.0000000e+00  -1.9467280e-04   2.1477592e-06   1.8875777e-05   1.9520245e-05  -7.8776075e-06   1.0771678e-05   2.1388722e-05   1.5795737e-05   1.0141795e-05   7.8911698e-06   1.8091801e-07   4.3652890e-06   4.9948574e-07   1.9338697e-06   3.7186871e-06   1.4209279e-06  -5.3534450e-07   1.3126945e-06  -9.6726535e-07   2.0090513e-06   1.4522948e-06   7.5796294e-08
  -0.0000000e+00  -1.8889837e-04   2.3164022e-05   5.2779924e-06   1.5009574e-05  -2.0480704e-06   6.4858837e-06   1.8744024e-05   1.1743364e-05   7.4322893e-06   2.0533885e-06   7.0968817e-06   6.5125920e-07  -4.6000139e-07   3.3152787e-06   3.6536883e-07   3.2129117e-07   1.8088400e-06  -5.0226930e-07  -8.8175653e-07  -3.1769858e-08  -2.2105444e-06   3.0972853e-06
  -0.0000000e+00  -1.8368560e-04   3.8936801e-06   1.5392936e-05   1.8247010e-05  -6.2562708e-06   1.3830938e-05   2.4518500e-05   1.3176465e-05   1.1542539e-05   5.3128874e-06   5.3177780e-07  -2.5707828e-07   1.2173551e-06   1.2900235e-06   5.2361529e-06  -6.0885817e-08  -1.5178315e-08   1.4444166e-06  -2.7193252e-07   1.2875850e-06   1.5951204e-06  -1.4686010e-06
  -0.0000000e+00  -1.9094087e-04   4.7601839e-06   1.7236907e-05   1.5149525e-05  -8.0754780e-06   8.1955977e-06   1.5409823e-05   1.5515590e-05   5.2588366e-06   3.7293414e-06   6.7019296e-06   1.3891753e-06   5.5353889e-06   1.2715972e-06   7.3537569e-07   2.8604661e-06   1.6755844e-06  -1.5019178e-06   1.3390702e-06  -2.3218310e-07  -3.4255331e-07   2.4723811e-06
  -0.0000000e+00  -1.8561998e-04   9.1237534e-06   1.6149794e-05   1.7176042e-05  -4.9329302e-08   9.6448657e-06   2.4424653e-05   1.7652746e-05   8.4021767e-06   8.2531942e-06   9.0359589e-07   3.1365335e-07   4.9503196e-06   2.8058951e-06   2.2965446e-06   1.0016028e-06  -1.4011920e-06   4.2072256e-06  -2.2430325e-07   1.6327760e-06   1.2040221e-06   6.9036145e-07
  -0.0000000e+00  -1.8811738e-04   1.0720418e-05   7.4591285e-06   1.7172104e-05  -3.4984350e-06   8.3179511e-06   1.5854579e-05   1.4306704e-05   3.3970441e-06   4.1002063e-06   7.0515493e-06   2.3163998e-06   1.8976203e-06   1.8965272e-06   3.0282895e-06   8.1690899e-07   1.9760537e-06   2.4144390e-06   7.9896051e-07  -1.6925476e-06   1.8854029e-06   1.2971155e-07
  -0.0000000e+00  -1.9292497e-04   8.4188350e-06   1.4916438e-05   2.0794472e-05  -7.5583857e-06   6.4403275e-06   2.7713439e-05   1.3230788e-05   1.2071861e-05   5.4406814e-06   2.8014031e-06   4.7712738e-06  -1.5370867e-06   3.6179938e-06   1.2871712e-06   3.3893505e-06  -2.0812038e-06  -1.7634939e-06   4.8385715e-07   2.2593854e-06  -2.0558053e-07   1.2456770e-06
  -0.0000000e+00  -1.8496558e-04   7.4992654e-06   2.1038331e-05   1.4508918e-05  -5.5707164e-06   1.6228052e-05   1.7719187e-05   1.2310225e-05   7.7409986e-06   3.1125162e-06   3.2101750e-06  -8.9202828e-08   4.7465123e-06   2.1705098e-06   8.1303807e-07  -4.4157207e-07   1.8534619e-06   2.5676268e-06   4.0377731e-07  -1.0787269e-06  -1.7975950e-06   2.1994363e-06
  -0.0000000e+00  -1.8568018e-04   9.1437951e-06   1.1104597e-05   1.6024091e-05  -1.2432139e-06   3.9565598e-06   1.8113898e-05   1.9198418e-05   6.2496920e-06   8.3031282e-06   5.0941076e-06  -9.2525693e-07  -9.2785939e-07   2.3441021e-06   7.4826823e-07   1.8164897e-06   1.0371257e-06   1.6163217e-07   3.3405904e-08   2.6323389e-06   1.6560920e-06  -1.2510795e-06
  -0.0000000e+00  -1.9551722e-04   1.0730972e-05   1.3219211e-05   2.2651482e-05  -4.8080065e-06   6.9065618e-06   2.6192743e-05   1.7160557e-05   4.2533557e-06   3.1305901e-06   5.0372068e-06   2.6720993e-06   2.8811937e-06   1.1778975e-06   3.3121848e-06   8.3990625e-07   1.7839587e-06   2.6352209e-06  -8.8095123e-07   7.0067209e-08   1.3465580e-06  -8.4034276e-08
  -0.0000000e+00  -1.8057507e-04   5.8080259e-06   1.7633121e-05   1.4627288e-05  -8.1395983e-06   1.1508875e-05   1.5933627e-05   1.4410160e-05   8.3160030e-06   6.4140677e-06   2.9075188e-06   1.4247747e-06   2.6485532e-06   1.3608555e-06   2.9588375e-06  -5.2303534e-07   1.3078158e-06   7.0248956e-07   1.9735166e-06   1.6948759e-06   7.5181612e-07   2.1207609e-06
  -0.0000000e+00  -1.9061014e-04   9.6309368e-06   1.4987305e-05   1.8080838e-05  -7.3582974e-06   1.1660864e-05   2.2926930e-05   1.1589275e-05   1.0605949e-05   2.8650563e-06   3.1065611e-06   3.1192515e-06   1.7986912e-06   1.0826707e-06   1.1810894e-06   1.4190957e-06   1.1193537e-06   3.6908358e-07   3.4345994e-08   7.8722701e-07   4.9430901e-07   1.8366699e-06
  -0.0000000e+00  -1.9312308e-04   1.1624092e-05   1.6298760e-05   1.5126345e-05   3.4371994e-06   3.5352443e-06   1.9182586e-05   1.9183130e-05   5.9463882e-06   4.8164093e-06   4.9641621e-06   1.4033880e-06   1.6457121e-06   4.1922262e-06  -9.4173049e-07   2.7422172e-06   1.1818207e-06  -1.0282242e-06   1.1516834e-06  -8.5107797e-07  -6.1804838e-07   1.0080424e-06
  -0.0000000e+00  -1.8637895e-04   3.1358115e-06   1.2796316e-05   2.3413144e-05  -1.2418272e-05   6.2162771e-06   1.9491847e-05   1.5670676e-05   6.0549983e-06   7.3475703e-06   2.9977161e-06  -9.4723367e-07   1.0703010e-06   4.0496489e-06   3.4577886e-07   4.2322645e-06  -1.9625773e-07   1.3294903e-06  -1.0405256e-07   2.7792225e-06  -1.2293825e-06   1.6550418e-06
  -0.0000000e+00  -1.8433842e-04   1.1457823e-05   1.3934396e-05   1.5372720e-05  -3.1213597e-06   1.3745246e-05   2.3787476e-05   1.0011278e-05   8.9189534e-06   6.5486834e-06  -1.3643851e-06   6.3855528e-06   2.0572031e-06   3.8863550e-06   4.6973489e-07   1.0840339e-06   2.7068879e-06   1.4296143e-07   2.3143057e-06   1.0092143e-06   2.3255284e-06  -7.3909241e-08
  -0.0000000e+00  -1.8632722e-04   6.9173407e-06   1.8430654e-05   1.1562671e-05  -4.7899684e-06   7.8009125e-06   1.6401256e-05   1.6313990e-05   6.0854172e-06   6.1560145e-06   3.7746618e-06   2.6777027e-06   3.4790323e-06   2.8640775e-06   4.1011722e-06   5.6439814e-07  -1.4531476e-07   1.6723877e-06  -2.3851762e-06   2.1297360e-06   2.7451092e-06  -1.8776155e-06
  -0.0000000e+00  -1.9301270e-04   8.6899481e-06   8.7090657e-06   2.2432823e-05  -5.3258336e-06   5.6617200e-06   2.3895915e-05   1.6115739e-05   6.9115567e-06   1.3649268e-06   6.8059176e-06   3.1032135e-07   2.4007854e-06   2.4559026e-06   5.7008083e-07  -1.1967053e-06   2.3164705e-06   6.8917700e-07  -1.0241597e-06  -7.6658546e-07  -6.5964628e-07  -3.4110082e-07
  -0.0000000e+00  -1.8807611e-04   1.3489133e-05   1.5432877e-05   1.6405034e-05  -3.3837698e-06   1.2408555e-05   1.8677185e-05   1.3268820e-05   7.0249162e-06   6.9202242e-06   2.2021413e-06   9.8417092e-07   3.0523918e-06  -3.4907953e-07  -1.4591235e-07   1.4986452e-06   2.3003606e-06  -1.4067308e-06  -1.8575493e-07   9.8065607e-07   3.1169036e-06  -1.6376848e-06
  -0.0000000e+00  -1.8103991e-04   7.6545457e-06   1.5445625e-05   1.6851105e-05  -9.4509514e-06   9.8760356e-06   1.8213876e-05   1.3011980e-05   1.3603916e-05   4.9938008e-06   1.2129967e-09   7.6086928e-07   3.9460897e-06   2.3440134e-06   3.4101033e-06  -2.2774774e-08  -1.8096469e-07   1.5100496e-06   9.9174895e-07   1.1745749e-07   2.0891329e-07   2.4007718e-06
  -0.0000000e+00  -1.8808780e-04   9.3465442e-06   1.0969433e-05   2.1850068e-05  -1.0373423e-06   6.5261879e-06   2.4184479e-05   1.4481283e-05   6.5823783e-06   7.7051900e-06   1.8896177e-06   4.7321710e-06  -1.7232265e-06   2.5070360e-06   2.0280984e-06  -3.0786020e-06   1.6509568e-06  -1.4352053e-06   2.7400725e-07  -4.2184138e-07  -1.9147946e-07   6.1867155e-07
  -0.0000000e+00  -1.9425983e-04   7.2727171e-06   1.7221668e-05   1.4383520e-05  -3.7588215e-06   8.6778991e-06   1.7332703e-05   1.9798737e-05   4.7886633e-06   4.1954399e-06   7.6369688e-06   8.0158787e-07   1.7159572e-06   3.2180546e-06   2.1526209e-06  -1.6674272e-07   2.9298142e-06   4.4757186e-07   7.1161622e-07   2.8978479e-06  -8.4149303e-07   2.2547852e-07
  -0.0000000e+00  -1.8219670e-04   1.5965943e-05   1.3321019e-05   1.7803286e-05  -8.9266850e-06   1.2472304e-05   1.8450002e-05   1.3127659e-05   1.3437215e-05   5.9279951e-06   2.2299412e-06   2.7138567e-06   3.9080737e-06   3.8865801e-06  -3.7011620e-07   3.1057996e-06  -8.7508408e-07  -2.3395192e-07   5.5731761e-07  -1.4955848e-06   1.2388568e-06   2.2785312e-06
  -0.0000000e+00  -1.9457769e-04   6.9288476e-06   1.3600233e-05   1.8448760e-05  -3.7047112e-06   5.8534556e-06   2.3146762e-05   1.6198366e-05   6.3894618e-06   5.0813160e-06   4.3537411e-06   4.0094274e-06   2.9032483e-06  -2.4189053e-06   1.8631631e-06   3.8349453e-06  -1.9283073e-06   2.7221731e-06   5.2589712e-07   8.8193406e-07   4.2110267e-07  -7.3903072e-07
  -0.0000000e+00  -1.7929700e-04   2.9012033e-06   1.4421885e-05   1.7565295e-05  -4.6298314e-06   9.2378195e-06   1.9080160e-05   1.4723508e-05   8.0071677e-06   4.0367299e-06   3.4284742e-06   2.2794284e-06   1.6367887e-06   2.7037029e-06   1.4442433e-06   1.9449938e-06  -1.0497995e-07   1.6807167e-06   1.2343710e-06  -2.3681913e-07   2.2846566e-06  -1.0383533e-06
  -0.0000000e+00  -1.9461551e-04   1.7292567e-05   1.3504407e-05   1.7094948e-05  -5.2466457e-06   5.4690086e-06   2.3068624e-05   1.4898585e-05   9.3429862e-06   7.0689089e-06   4.0044110e-06   3.7289740e-07   1.9431204e-06   3.2408570e-06   2.2719269e-06  -6.9221971e-07   8.9707601e-07   1.1285510e-06  -4.1176634e-07   2.3876430e-06   4.7677162e-07   1.1181347e-06
  -0.0000000e+00  -1.8810520e-04   5.7644511e-06   1.7629543e-05   1.4766484e-05  -5.0016261e-06   1.3909260e-05   1.9211500e-05   1.6763821e-05   7.1661534e-06   1.7844718e-06   2.8474142e-06   5.4418865e-06  -1.7353440e-06   2.7681199e-06   1.0455223e-06   1.6916985e-06  -1.3014205e-06  -1.3980296e-06   5.8863418e-07  -1.3181048e-06   1.9657805e-06   1.5182027e-06
  -0.0000000e+00  -1.8376295e-04   1.3733099e-06   1.4376750e-05   2.3523968e-05  -1.0093308e-05   5.1502921e-06   2.3639668e-05   1.2011523e-05   5.3877097e-06   7.8096527e-06  -5.2277852e-07   1.4226285e-06   3.0602960e-06   2.7387421e-06   2.1512769e-06   2.6005991e-06   7.7933498e-07   2.5344468e-07   2.4740777e-06  -1.6846099e-06  -2.2059419e-07   3.4944214e-06
  -0.0000000e+00  -1.9324517e-04   2.0818450e-05   1.1796905e-05   1.0670173e-05   2.2923680e-06   8.4638732e-06   1.9529340e-05   1.5732250e-05   8.3641125e-06   3.3618066e-06   5.7465409e-06   1.8374162e-06  -2.7884965e-07   3.8004844e-06   2.4179906e-06   2.2893992e-06   3.0883384e-06  -1.7015433e-06   2.4540482e-06   7.0039539e-07  -1.4759813e-06   9.8211683e-07
  -0.0000000e+00  -1.8545696e-04   3.2864584e-06   1.5047302e-05   1.9028499e-05  -5.5212754e-06   1.0151751e-05   2.3601040e-05   1.3686974e-05   7.3115107e-06   4.4848593e-06   4.1780768e-06   7.6843799e-07   4.0453192e-06  -1.2656352e-06   2.5336778e-06   8.5986704e-07   8.6163857e-07   2.8152037e-06  -9.1253105e-07   2.8793725e-06  -7.2208519e-07  -5.3266955e-09
  -0.0000000e+00  -1.9142637e-04   6.0883667e-06   1.4233286e-05   1.7468628e-05  -7.5654179e-06   7.6279925e-06   1.5452038e-05   1.7117965e-05   9.8919145e-06   4.0333312e-06   1.2081307e-06   4.9203381e-06   3.6409567e-06   1.6857610e-06   2.0344505e-06  -1.1368929e-06   3.2240664e-06   1.5887201e-06   2.3774339e-07   1.1062799e-06  -7.2483004e-07   1.8946768e-06
  -0.0000000e+00  -1.8640902e-04   6.6619882e-06   1.7480075e-05   1.9339384e-05  -7.3559140e-06   7.3436868e-06   2.6461805e-05   1.1828929e-05   7.7436043e-06   5.5082951e-06   1.5383054e-06   2.3727225e-06   3.1935713e-06   5.2932597e-07   4.1962289e-06   5.0770109e-06  -2.3084044e-06   2.4649696e-06   1.4045737e-06  -1.0893118e-06   2.1922208e-06  -9.4402918e-07
  -0.0000000e+00  -1.7945222e-04   1.8611563e-05   7.4575796e-06   1.0730239e-05   3.8979314e-07   1.0440833e-05   1.8177603e-05   1.9022898e-05   5.6764743e-06   3.1574755e-06   4.0743253e-06   2.1234039e-06   2.6587645e-06   2.0081184e-06  -1.6320341e-07   1.1317971e-06   1.4283999e-06  -1.0655234e-06   2.7115457e-06   1.8561556e-06  -1.2993388e-06   3.4557993e-07
  -0.0000000e+00  -2.0538595e-04   8.1696926e-06   1.6980312e-05   1.9849587e-05  -8.3365530e-06   6.3157090e-06   2.3955106e-05   1.2104095e-05   1.2432939e-05   6.1149622e-06   1.0197589e-06   5.4527038e-07   6.5038773e-07   4.1748890e-06   3.0848148e-07   4.8328462e-07   1.5194312e-06   5.6239844e-07  -2.8116601e-08  -1.2198605e-07   3.2455030e-06  -1.4473110e-06
  -0.0000000e+00  -1.7235948e-04   7.0778913e-07   1.8282128e-05   1.8790970e-05  -4.6797604e-06   1.1970842e-05   1.7100145e-05   1.8200421e-05   8.1113649e-06  -2.0316659e-08   5.2714354e-06   2.5145530e-06   1.2594963e-06   5.1729230e-06   1.1820521e-06   5.8394846e-07   2.8466684e-07   1.5134598e-06   8.4760683e-07  -6.9884891e-07  -1.1294727e-06   5.1167007e-07
  -0.0000000e+00  -1.9377787e-04   1.5769210e-05   1.5376982e-05   1.3271165e-05  -1.0051602e-05   1.0027964e-05   2.1169873e-05   1.4589991e-05   8.8986808e-06   8.0262998e-06  -2.4679834e-06   2.7339079e-06   3.2197158e-06   2.1808748e-06   3.2390792e-06   2.1136648e-06  -2.3189518e-08  -6.5087841e-07   2.3827383e-06  -5.5533025e-07  -1.0728121e-06   1.6633657e-06
  -0.0000000e+00  -1.9036065e-04   1.2078404e-05   8.7851568e-06   1.7419958e-05   6.0623788e-06   2.2010699e-06   2.2965201e-05   1.3686778e-05   4.2523925e-06   8.5646916e-06   4.8946858e-06  -2.2581658e-06   8.2462630e-06   6.9522224e-07   2.1380213e-06   1.4566864e-06  -1.1810799e-06   3.7923462e-06  -9.3004763e-07   1.9996935e-06   2.4243218e-07   2.9835198e-07
  -0.0000000e+00  -1.8561771e-04  -1.1781427e-07   1.9994968e-05   2.0226680e-05  -8.7027474e-06   1.4890657e-05   2.1969430e-05   1.7668266e-05   1.0392030e-05   5.5606762e-07   3.7541224e-06   4.3651075e-06  -4.7117362e-07   4.0422360e-06   2.7422304e-06   1.7291960e-06   2.2284978e-06  -7.3944875e-08   6.6562103e-07   1.4247877e-06   1.1356633e-06   1.6210968e-06
  -0.0000000e+00  -1.8962286e-04   1.7277578e-05   1.2162604e-05   1.5037090e-05  -8.0910750e-06   8.2044562e-06   1.9248695e-05   1.3848594e-05   6.4699166e-06   3.5170610e-06   5.7743378e-06   9.6005829e-07   4.0149607e-06   7.8681705e-07   3.6317322e-06  -1.3646403e-06  -8.7750453e-07  -1.8287592e-07   1.9326728e-06   2.5557645e-07   1.5556024e-07   1.0340273e-06
  -0.0000000e+00  -1.8563273e-04   4.0932491e-06   1.4492523e-05   2.2467588e-05   6.3294397e-07   1.1863326e-05   1.9655597e-05   1.2943030e-05   1.1667074e-05   5.5919700e-06  -1.4880770e-06   4.1335884e-06   2.3431101e-06   5.9389049e-06   7.9102296e-07   1.5687781e-06   1.4129357e-06  -1.2387902e-06   6.7000559e-07  -7.1154875e-07   8.1743923e-07  -1.8256529e-06
  -0.0000000e+00  -1.9539452e-04   7.5782541e-06   1.8450770e-05   1.0838571e-05  -4.2093957e-06   7.1761860e-06   2.3330125e-05   1.2384929e-05   2.7990757e-06   8.0964255e-06   2.6693085e-06   2.4602070e-06   9.2453968e-07   1.5284971e-06   2.0053410e-06   5.4745382e-08   1.2540000e-06   1.2369387e-06   8.2011866e-07   1.5089663e-06   6.6235998e-08   1.3672645e-06
  -0.0000000e+00  -1.8051942e-04   1.4365844e-05   9.2331766e-06   1.6583142e-05  -3.6226636e-06   3.3997769e-06   2.1214264e-05   1.8324890e-05   4.0637133e-06   5.6930876e-06   5.0584508e-06  -2.9030659e-07   1.7207664e-07   2.4495948e-06   6.2097257e-08   1.9161028e-07  -8.1607118e-07   1.3004448e-06  -2.0952511e-06   6.8360140e-07  -6.0977919e-07  -1.2631624e-06
  -0.0000000e+00  -1.8300598e-04  -2.0046987e-06   1.8751953e-05   2.0871214e-05  -7.1042705e-06   1.7658300e-05   1.7300490e-05   1.3208241e-05   1.6878987e-05  -9.5116934e-07   2.2952177e-06   4.0856107e-06   4.0969908e-06   5.8428532e-07   3.8087790e-06   1.6206242e-06   4.4080018e-08   1.4363404e-06   1.7366048e-06   1.5235946e-06   1.5277809e-06  -4.6463376e-07
  -0.0000000e+00  -2.0139269e-04   2.3345177e-05   7.2562570e-06   1.5143823e-05  -4.4021954e-06   3.1829322e-06   2.0706804e-05   1.7929606e-05   2.3861708e-06   8.5732963e-06   2.8893451e-06   3.0955348e-06   2.0594737e-06   1.0140806e-06   2.0974655e-06   1.9568045e-06   1.1350011e-07   1.6109514e-07   8.8392790e-07   3.5187491e-06  -1.0833823e-07  -3.6485110e-07
  -0.0000000e+00  -1.8358114e-04   1.6432375e-06   2.1953190e-05   1.6611204e-05  -1.0783491e-05   1.0824405e-05   2.6689329e-05   1.3580870e-05   9.2003647e-06   2.7769615e-06   5.2714549e-06  -1.5416608e-06   1.8798529e-06   3.3613667e-06  -2.6347612e-07   4.1198086e-07   4.9635594e-07   8.3154811e-07   8.8850686e-07  -2.0715493e-06   1.5803768e-06   2.9705443e-06
  -0.0000000e+00  -1.8130327e-04   8.1266789e-06   1.2367811e-05   1.8105764e-05  -1.4748874e-06   9.0717413e-06   1.3435466e-05   1.7558077e-05   7.0837459e-06   6.5655913e-06   3.0270705e-06   2.9428652e-06  -3.3770687e-07   2.2368679e-06   2.9203784e-06   1.3048341e-06   1.8963115e-06   2.9191831e-06  -1.0871964e-06  -6.5355761e-07   1.3227333e-06  -4.5866915e-07
  -0.0000000e+00  -1.9161258e-04   1.0563753e-05   1.2451195e-05   1.7319202e-05  -6.1912147e-06   1.2536590e-05   1.7861765e-05   1.4103916e-05   1.3064610e-05   3.6641143e-06   1.4235876e-06   4.2874603e-06   2.1454623e-06   3.2193948e-06   3.0983754e-06  -2.7493826e-07   2.0799405e-06   5.5618619e-07   1.6090878e-06   1.4919572e-06  -4.8562896e-07   4.9080921e-07
  -0.0000000e+00  -1.9394084e-04   1.0830440e-05   1.6620570e-05   1.7409886e-05  -1.4763764e-05   1.0225586e-05   2.3557997e-05   1.6321630e-05   5.8758815e-06   1.9574920e-06   4.6843070e-06   3.1296106e-06   3.0773563e-06   2.6489397e-06   9.1517410e-07   8.9810959e-07  -3.9180460e-07   1.5273489e-06   6.7727206e-07   6.9215338e-07   3.3949561e-08   9.2534174e-07
  -0.0000000e+00  -1.8056115e-04   8.1973676e-06   1.1684070e-05   1.9189165e-05   6.9602524e-06  -2.4016169e-06   2.1229413e-05   1.5655880e-05   3.1733503e-06   1.1708908e-05   6.0616235e-06  -3.9114789e-07   2.3418622e-06   2.6988573e-06   1.9366748e-06   7.2614745e-07  -4.0159625e-07   2.7468440e-07   2.9990730e-07   9.7486441e-07   1.5075046e-06   4.6014708e-07
  -0.0000000e+00  -1.9000906e-04   8.0474720e-06   1.3231420e-05   1.6609734e-05  -1.0780776e-05   1.9165473e-05   1.6577063e-05   1.3252361e-05   1.1982951e-05   8.1227063e-07   2.1981205e-06   4.6860382e-06   4.6487585e-06   1.4245794e-06   3.8857033e-07   1.3226428e-06   2.1338199e-07   2.1211383e-06  -1.1237423e-07   1.7176978e-06  -1.5735673e-06   1.9613851e-06
  -0.0000000e+00  -1.7925429e-04   6.0897110e-06   2.4102670e-05   1.1669499e-05  -3.9110414e-06   3.7365930e-06   1.9975534e-05   1.7138305e-05   8.0989994e-06   5.3161848e-06   6.0947191e-06   6.7711647e-07   1.0703920e-06   3.9462152e-06   5.4612874e-06   4.1947266e-07  -1.5683758e-06   9.3901457e-07   2.5972936e-06  -1.4154787e-06   1.2865630e-06  -8.2646444e-08
  -0.0000000e+00  -2.0171504e-04   1.9823594e-05   9.8689870e-06   2.9183264e-05  -1.0853576e-05   1.2513385e-05   1.8122912e-05   1.4449494e-05   4.4957251e-06   7.9617448e-06  -1.2904311e-06   4.1263315e-06   2.8583459e-06   3.1127286e-06  -4.9872608e-07   3.5182327e-07   1.9475635e-06  -1.7913588e-07  -2.2474180e-06   8.3209250e-07  -5.2126552e-08   6.2241241e-07
  -0.0000000e+00  -1.7155509e-04  -1.5729250e-06   1.0535967e-05   1.1491842e-05   7.9254602e-07   5.8272922e-06   2.2385088e-05   1.5663056e-05   9.5862124e-06  -3.9326048e-07   4.9232044e-06  -9.0685868e-09   3.5244409e-06   3.1014838e-06  -3.0305628e-08   2.9972318e-06   2.8737488e-06  -1.7596965e-06   3.7428374e-06   6.8391006e-07  -5.1413764e-07   1.9898237e-06
  -0.0000000e+00  -2.0002293e-04   1.6675132e-05   2.0300698e-05   1.3235405e-05  -5.3366853e-06   8.2874394e-06   1.9847279e-05   1.2907998e-05   7.2449279e-06   9.2886485e-06   3.2180380e-06   3.4169466e-06   3.5464705e-06  -1.0094084e-06   4.6390519e-06   1.6700120e-06  -3.0627627e-06   4.4494141e-06  -4.5150409e-07   1.0178687e-06   6.1988112e-07   4.6426035e-07
  -0.0000000e+00  -1.8390542e-04   7.9052470e-06   1.8654064e-05   1.7991626e-05  -9.0594349e-06   1.2969445e-05   2.2451788e-05   1.2303391e-05   1.1196955e-05   1.9089448e-06   6.7935962e-06   2.1027897e-06   2.0373789e-06   2.9095797e-06   1.7688460e-06  -1.8078778e-06   2.1957944e-06  -4.5442479e-07   1.2365397e-06  -6.5318069e-08   1.6644353e-06   1.5212279e-06
  -0.0000000e+00  -1.8642974e-04   9.1877610e-06   2.6973692e-07   2.5150075e-05  -4.1444850e-06   3.3434440e-06   1.7410206e-05   1.8967336e-05   6.2049244e-06   6.4289798e-06   4.3833516e-06   3.1401908e-06   4.6708615e-06  -1.4647494e-06   1.2212480e-06   4.5594598e-07   6.0810379e-07   2.9482403e-06  -1.6326150e-06   3.3428032e-06   1.1544582e-06  -1.0453741e-06
  -0.0000000e+00  -1.8621120e-04   7.2360444e-06   2.4767973e-05   7.1420632e-06  -1.5204678e-06   4.6144087e-06   2.4156212e-05   1.3235166e-05   7.2865214e-06   6.0252332e-06   1.8461461e-06   4.6776304e-06   3.1034740e-06   8.3813262e-07   4.9067870e-07   2.7916137e-06   1.3578746e-06  -4.7005997e-07   1.3628386e-07  -7.9264180e-07  -3.3201420e-07  -3.7997037e-07
  -0.0000000e+00  -1.9174026e-04   1.3512907e-05   1.1684299e-05   2.0893705e-05  -1.0598280e-05   1.9330348e-05   1.4763385e-05   1.7556304e-05   7.3027695e-06   6.8144645e-06   5.0864069e-06   1.4967529e-06  -4.3944203e-07   3.7662558e-06   2.2369713e-06   1.3239932e-06  -1.4309085e-06   2.4064684e-07   2.1038945e-06  -1.8902954e-06   3.0231200e-07   4.0671020e-07
  -0.0000000e+00  -1.8484323e-04   2.8923112e-06   1.6735239e-05   1.1208940e-05  -2.6831599e-06  -1.0239361e-06   2.4984174e-05   8.8545494e-06   9.5297210e-06   5.7060934e-06   2.4146748e-06   3.5684839e-06   3.7874527e-06  -7.2321694e-07   4.2013397e-07   4.3923006e-07   1.6102334e-06   2.2655245e-06  -1.5526523e-06   2.4777082e-06   2.5363272e-06  -7.4060715e-08
  -0.0000000e+00  -1.8728804e-04   2.0827385e-05   2.0697630e-06   2.9162131e-05  -8.6306418e-06   1.4132369e-05   1.8933137e-05   1.9387693e-05   1.0297398e-05   4.1085927e-06   4.4370436e-06   2.2717700e-06  -3.4659604e-06   6.7361561e-06   5.5616923e-08   1.1824063e-06   1.7357463e-06  -1.6378366e-06   4.8368094e-07  -7.1597775e-08   2.4013781e-08  -1.7783381e-07
  -0.0000000e+00  -1.8357308e-04  -3.5938040e-06   2.8082677e-05   8.3635668e-06  -1.0050074e-06  -1.2572990e-07   2.2292405e-05   1.1256640e-05   5.7043021e-06   7.7014874e-06  -6.8227217e-07   4.0554451e-06   6.8709610e-06  -2.2693750e-06   3.1535851e-06  -1.2621168e-06  -6.9897334e-07   3.1465809e-06   6.1213944e-07  -6.9373345e-07   3.2334742e-06  -8.1801483e-07
  -0.0000000e+00  -1.9668470e-04   1.5921170e-05   1.1057743e-05   1.3665819e-05  -9.7779321e-06   1.5484944e-05   1.8439314e-05   1.8691569e-05   1.0044077e-05   3.3209142e-06   6.7724895e-06   1.3755765e-06  -1.0828370e-06   4.1046465e-06   1.4487881e-06   3.8624871e-06   3.6108108e-07  -1.1735158e-06   2.2735203e-06   1.0720155e-06  -3.2096825e-06   1.5533869e-06
  -0.0000000e+00  -1.7464779e-04   7.2358621e-06   1.3891006e-05   2.7291759e-05  -5.7814214e-06   7.8549083e-06   2.2161967e-05   9.4699617e-06   9.1538514e-06   2.4860226e-06   8.8339931e-07   4.1948933e-06   4.7475737e-06   1.3486828e-06   9.4036068e-07  -1.7194012e-06   3.1159150e-06   3.3424403e-06  -2.4497838e-06   1.3126828e-07   2.1991418e-06  -1.2536345e-06
  -0.0000000e+00  -1.9722409e-04   1.7748342e-05   7.9009460e-06   1.5499169e-05  -2.2478293e-06   5.7799816e-06   1.7650771e-05   2.1332451e-05   6.5253307e-06   8.2413972e-06   3.5069838e-06   1.4455359e-06  -4.8577533e-07   2.0686607e-06   2.7153967e-06   2.3759881e-06   1.5149781e-06  -2.1473206e-06   2.7103747e-06   1.3201422e-06  -3.6301881e-07   1.3562735e-07
  -0.0000000e+00  -1.8648827e-04   1.0102364e-07   2.0326303e-05   1.2619294e-05  -6.5566619e-06   7.9321208e-06   2.6861808e-05   7.4973764e-06   8.7209473e-06   7.9637613e-07   1.8970807e-06   4.8434445e-06   2.0662428e-06   1.1983565e-06   2.4380977e-06  -1.6620911e-06   4.7073945e-06   1.4963630e-06   1.4551890e-06  -1.3882151e-07  -3.4651396e-07   1.8266794e-06
  -0.0000000e+00  -1.8444113e-04   1.3768432e-05   1.3900481e-05   2.0530602e-05  -3.6671495e-06   1.1749805e-05   1.4538778e-05   2.1390875e-05   5.9272288e-06   1.2935411e-05   1.9640829e-06  -1.6593711e-08   1.8458275e-06   3.3915148e-06   2.6213822e-06   4.3638556e-06  -3.8483809e-06  -4.2440965e-07   3.6479103e-06   1.3802017e-07   5.1706638e-07  -1.8142423e-06
  -0.0000000e+00  -1.8661721e-04   5.0766976e-06   1.3740206e-05   1.2806800e-05  -4.1360363e-06   4.2950473e-06   2.3279388e-05   1.0189268e-05   1.0412960e-05  -8.9378244e-07   7.0632109e-06   2.3697046e-06   4.6664832e-06  -6.2942568e-08   1.4731181e-06   1.7223800e-07   3.0197652e-06   3.3215736e-07   1.8006270e-06   1.3699162e-06   5.1968527e-08   2.7536129e-07
  -0.0000000e+00  -1.9404221e-04   1.4735665e-05   6.2462582e-06   2.3854176e-05  -7.2748767e-06   1.3078522e-05   2.4640107e-05   1.7486385e-05   9.2774135e-06   8.6211539e-06   1.2831849e-06   1.9526731e-06   1.9280649e-06   3.4289792e-06   1.7887533e-06   4.2750939e-06  -7.4640900e-07   2.1388653e-06   1.8624262e-06   9.5666587e-07   2.0597909e-06  -1.2040757e-06
  -0.0000000e+00  -1.8709409e-04   5.4284442e-06   2.8776562e-05   5.0392746e-06  -3.6488633e-08   9.0216063e-06   1.5767708e-05   1.0796689e-05   8.8236857e-06   1.2394052e-06   5.5981345e-06   1.9363085e-06   2.4178439e-06  -1.6425337e-06   1.2025949e-06   4.6023453e-07   1.9474546e-06   7.7926046e-07   2.8940221e-07  -6.6240608e-07   1.3668763e-07   7.7621286e-07
  -0.0000000e+00  -1.8577289e-04   8.2635206e-06   1.9032334e-06   2.8451717e-05  -1.0984697e-05   8.5511338e-06   2.6937903e-05   1.8965175e-05   4.3728255e-06   8.0305135e-06   1.6432625e-06   8.1611660e-07   2.5498578e-06   3.4633408e-06   8.4061139e-07   1.4534821e-06   2.2840948e-06  -1.4303212e-07  -9.5464304e-07  -6.8009331e-07   1.2765172e-06  -1.3010809e-06
  -0.0000000e+00  -1.8264761e-04   1.0316412e-05   1.5923333e-05   9.4483648e-06  -5.2430983e-06   8.6033233e-06   1.7537939e-05   1.2849240e-05   6.1624792e-06   2.8105280e-06   6.0980260e-06   8.5949006e-07   5.0685640e-06  -8.8789207e-08   2.8172442e-06   1.0069112e-06   2.1194166e-06  -5.5903246e-07   1.0928467e-06   9.5638498e-08   5.5432366e-07   1.6896167e-06
  -0.0000000e+00  -2.0232944e-04   1.1859671e-05   1.5089483e-05   2.1974025e-05  -6.6297243e-06   1.2603786e-05   1.6541866e-05   1.5320293e-05   9.7979473e-06   8.3111963e-06   2.7861640e-07   6.2180216e-06  -1.2529482e-06   4.0668638e-06   2.1906085e-06   1.1319866e-06  -1.8804947e-06   1.1986692e-06   5.8691154e-07   1.4131604e-06   1.2085691e-06  -9.4414963e-07
  -0.0000000e+00  -1.7499353e-04   4.7055819e-06   1.1601845e-05   8.0787240e-06  -8.7623687e-07   5.5852879e-06   2.5094498e-05   1.1436493e-05   1.5025522e-05  -2.2321440e-06   5.1405191e-06   1.2595472e-06   5.2292503e-06  -2.4036950e-07   2.2095192e-06  -2.2969687e-07   2.9515747e-06   1.6689129e-06   1.0855729e-06  -5.2781536e-07  -6.0322350e-07  -3.4659127e-08
  -0.0000000e+00  -1.9813655e-04   8.2540419e-06   1.9370296e-05   2.1982403e-05  -1.2710006e-05   1.3635828e-05   1.8930117e-05   1.6556040e-05   3.6074775e-06   1.1723421e-05   3.8688549e-06   2.4428180e-06  -1.5698199e-06   2.3989990e-06   2.3457674e-06   2.5987517e-06  -2.2731865e-06   1.2455997e-06   1.2882236e-06   5.1406681e-07   2.5045979e-06  -1.1180981e-06
  -0.0000000e+00  -1.7671076e-04   1.2747599e-05   8.6218306e-06   1.7397251e-05   3.2072328e-06   2.5683612e-06   2.5759990e-05   1.4595630e-05   6.2678710e-06   4.7404005e-06   3.6858480e-06   2.1525082e-06   4.7932058e-06   1.6634817e-06   3.7600435e-07  -1.0922079e-06   3.0694657e-06   2.0649200e-06   8.7388474e-07   1.3790276e-06  -9.0517858e-07   1.8177815e-07
  -0.0000000e+00  -2.0303675e-04   6.1708738e-06   1.3277614e-05   2.0682406e-05  -1.5290847e-05   1.7841692e-05   1.3744061e-05   1.7215776e-05   9.1679158e-06   8.5607744e-06   1.0352632e-06   3.0068752e-06   4.3483515e-06   2.5351942e-06   2.5971533e-06   2.6516411e-06  -6.5399894e-07   2.0896391e-06  -4.5113279e-07   7.1534322e-07   2.5017587e-06   7.0738844e-07
  -0.0000000e+00  -1.7435238e-04   5.0968579e-06   1.6840582e-05   1.1651581e-05   7.1114791e-06   1.8156376e-06   2.4953193e-05   1.3748048e-05   8.0834525e-06   2.1142032e-06   5.4247726e-06   2.8941093e-07   9.0922623e-07   3.4570096e-06   9.2999886e-07   2.3195187e-06   2.8029158e-06  -6.1671818e-07  -7.3272247e-07  -9.8576629e-07  -1.5482898e-07   2.9647330e-07
  -0.0000000e+00  -1.9676269e-04   1.5314667e-05   1.1933798e-05   2.2132706e-05  -1.2754985e-05   8.0926575e-06   2.2796441e-05   1.4219571e-05   9.2630435e-06   5.6548402e-06   9.5123147e-07   3.2065363e-06   1.5698395e-06   3.1179211e-06   2.6833009e-06   6.6478333e-07   7.3304767e-07   1.5787773e-06   3.9861621e-07  -1.2418368e-06   1.1774387e-06   8.6780273e-07
  -0.0000000e+00  -1.8418106e-04   5.8879268e-06   1.4724595e-05   9.4437446e-06  -1.5457774e-06   9.5489850e-06   1.4640048e-05   1.5082567e-05   8.8524475e-06   1.5800488e-06   7.6729420e-06  -5.5564169e-07   3.6105528e-06   1.4766630e-06   3.2038433e-06   2.4497078e-06  -6.8991710e-07  -1.7793959e-06  -3.6642041e-07   2.7764636e-06   3.4792583e-07   2.0987086e-06
  -0.0000000e+00  -1.8723264e-04   1.1461427e-05   9.9661502e-06   2.6745744e-05  -1.1443124e-05   1.2216032e-05   2.5157007e-05   1.9840900e-05   3.1330646e-06   8.5904048e-06  -3.0296280e-06   7.1328077e-06   7.0012982e-07   3.1916936e-06   1.2205945e-06  -9.0033171e-07   1.4754917e-06   2.2463952e-07   9.2397130e-07   6.4584253e-07  -2.1684285e-07   2.6562859e-06
  -0.0000000e+00  -1.8396364e-04   4.1184135e-06   2.2001454e-05   9.6055037e-06  -2.0806920e-07   3.4668965e-06   1.8700175e-05   1.1818815e-05   1.1444310e-05   2.5560730e-06   7.1256486e-06   9.9757457e-08   3.4292470e-06   1.8073583e-06   1.1541742e-06   2.5252850e-06   1.2242887e-06   2.2295168e-07   4.2665238e-08   7.2165449e-08   3.7586122e-07   6.7841563e-07
  -0.0000000e+00  -1.9523215e-04   1.4151768e-05   4.2261722e-06   2.3917721e-05  -4.7202630e-06   1.2555635e-05   2.2933689e-05   1.6941724e-05   7.0695228e-06   5.3165122e-06   2.2637680e-06   3.6094630e-07   1.0143992e-06   9.0461589e-07   1.4573615e-06   3.5528967e-07   2.3671296e-06   1.1134432e-06  -2.4937867e-06   2.7680622e-07   1.1784973e-06  -1.3481769e-06
  -0.0000000e+00  -1.8407848e-04   6.5072895e-06   2.2328279e-05   1.2109632e-05  -4.6381565e-06   7.9287065e-06   2.3036800e-05   1.3483086e-05   8.9481673e-06   2.5381287e-06   3.3295912e-06   2.8313459e-06  -2.6453702e-07   4.1981298e-06  -4.4480146e-07   1.1676267e-06   1.1689458e-06   1.0114637e-06   1.1011776e-06   2.9932031e-07   4.8434981e-07   1.0077575e-06
  -0.0000000e+00  -1.8994734e-04   1.1811881e-05   1.0555144e-05   1.6110655e-05  -7.4358568e-06   1.1479407e-05   1.5040257e-05   2.0421836e-05   6.7031438e-06   8.1054759e-06   2.9259500e-06  -3.5334634e-07   3.7271366e-06   1.1160714e-06   3.7996585e-06   2.4379847e-06  -1.6812858e-06   2.9482585e-06   1.2542774e-06   8.9343551e-08  -6.3607922e-07   8.8274112e-07
  -0.0000000e+00  -1.8201293e-04  -2.5082111e-06   1.7663258e-05   1.5921503e-05  -1.0445198e-06   7.2383250e-06   2.5241832e-05   1.1014313e-05   8.5318352e-06   7.4221171e-06   1.4882720e-06   6.2728686e-06   3.7730501e-06   1.9445049e-06  -1.4656594e-06   1.6847898e-06   1.1188112e-06  -1.9337729e-07   8.5702499e-07   1.8223060e-06   6.9527209e-07   1.3383384e-07
  -0.0000000e+00  -1.9432376e-04   1.8529081e-05   9.5203977e-06   2.1078498e-05  -5.6962785e-06   4.2964803e-06   1.8600727e-05   1.9688821e-05   8.3493005e-06   4.5095585e-06   3.1720635e-06   1.1800041e-06   8.7159651e-07   4.3063460e-06   1.8924343e-06   3.7437204e-07   9.7501402e-07   2.1261912e-06  -1.8093175e-06   8.6540916e-07   1.2096530e-06   4.0645469e-07
  -0.0000000e+00  -1.8168446e-04   8.6756827e-06   1.8071622e-05   1.3902528e-05  -5.0890922e-06   9.6382755e-06   2.9204883e-05   9.0777712e-06   1.0099725e-05   3.2628802e-06   2.5240377e-06   2.4509145e-06   4.0625391e-06   1.0858076e-06   4.6867895e-06  -1.3141304e-06   1.4503185e-06   1.0123754e-06  -1.8999905e-06  -3.2873641e-07   2.3745611e-06   4.9611066e-07
  -0.0000000e+00  -1.9080800e-04   1.1041691e-05   1.2200208e-05   1.7668151e-05  -4.4750059e-06   1.2676838e-05   1.5560945e-05   1.7747796e-05   9.6472822e-06   7.8530065e-06   3.4169452e-06   1.3075585e-06   4.2585361e-07   3.6714839e-06   2.3159050e-08   2.6889932e-06   8.6159019e-07  -2.8246993e-06   1.9639413e-06   2.9024677e-06  -2.7608669e-06   2.4309202e-06
  -0.0000000e+00  -1.8432856e-04   1.9312836e-06   1.5804229e-05   1.9026680e-05  -3.6707204e-06   3.7577172e-06   2.3981489e-05   1.4685346e-05   4.0686887e-06   4.4864823e-06   5.5057553e-06   1.6626697e-06   5.2759342e-06   9.9126532e-07   3.2911430e-06   3.0387980e-07   1.5839280e-06   2.9160653e-06  -3.5773212e-07  -1.5493154e-06   6.5704700e-07   3.7963869e-07
  -0.0000000e+00  -1.8837434e-04   1.7435501e-05   1.4528326e-05   1.6480433e-05  -4.5582119e-06   1.1490634e-05   1.7876291e-05   1.7600569e-05   1.0483255e-05   5.2905284e-06   3.4101099e-06   3.2130461e-06   1.6308329e-07   2.5769323e-06   3.2396715e-06   2.6208232e-07   7.0563215e-07  -9.8151986e-07   1.0122368e-06   2.1606327e-06   1.7146043e-07   1.5986010e-06
  -0.0000000e+00  -1.8840921e-04   2.8431980e-06   1.6646296e-05   1.3632914e-05  -3.9493057e-06   6.7499400e-06   2.3121607e-05   1.1120365e-05   7.3989686e-06   4.8977577e-06   2.8878142e-06   3.1954612e-06   3.6630981e-06   5.0342794e-07   2.1281874e-06   6.8976010e-07  -1.1549821e-06   1.7086396e-06  -6.6894415e-07   9.7806230e-07  -1.4875160e-06  -8.8776392e-07
  -0.0000000e+00  -1.8735966e-04   1.4250736e-05   9.1897073e-06   2.0056541e-05  -6.6130729e-06   9.1439952e-06   1.8896246e-05   1.4357407e-05   1.1997644e-05   5.1456254e-06   4.4323465e-07   4.0395062e-06   2.3074133e-06   5.0496587e-06   7.7101255e-08   1.6234767e-06   1.2159262e-06   1.4900456e-07  -3.7080596e-07   1.9341171e-06  -5.6384994e-07  -7.4588047e-07
