  -0.0000000e+00  -1.8910438e-04   9.6327421e-06   2.2239286e-05   1.7757870e-05  -4.3645086e-06   5.7591174e-06   2.0584248e-05   1.5180928e-05   6.2652384e-06   5.8945457e-06   6.4842475e-06   5.8280875e-07   1.7955783e-06  -1.3435586e-06   3.5255321e-06   2.0884220e-06   7.7050032e-07   1.0568002e-06   1.8399163e-06  -7.7446163e-07  -5.9195497e-07  -1.7486171e-07
  -0.0000000e+00  -1.8493943e-04   1.0760911e-05   7.7636314e-06   1.5984780e-05  -4.0363998e-06   1.0708515e-05   1.6985327e-05   1.8124350e-05   5.1337747e-06   4.4486223e-06   1.8822351e-06   9.6016049e-07   2.7533301e-06   4.0252426e-06  -2.5493737e-06   5.5569358e-06  -7.5460156e-07   2.5869663e-06  -9.4420066e-08  -9.1329554e-07   1.2370959e-06   9.9614113e-07
  -0.0000000e+00  -1.8406162e-04   7.3560896e-06   2.3107648e-05   1.6908871e-05  -3.4957595e-06   1.0664718e-05   1.8079330e-05   8.9155183e-06   1.1142268e-05   6.4354504e-06   2.5626136e-06   3.4248637e-06   5.0000546e-07   2.6134019e-06   3.6204340e-06  -2.8341447e-07  -1.5569877e-06   2.5471982e-07   8.1254780e-07   1.7562389e-06   7.5213177e-07  -6.2471287e-07
  -0.0000000e+00  -1.8801531e-04   1.7891392e-05   9.5657215e-06   1.9834682e-05  -5.6198514e-06   5.9211197e-06   2.1582153e-05   1.3919308e-05   6.1681717e-06   1.9135077e-06   3.6244523e-06   4.4582598e-06   2.2904530e-06   4.5007237e-06   7.3437212e-07   1.8211077e-06   1.4160017e-06   4.4609524e-06  -1.3221155e-06   7.1671161e-07   5.8459511e-07   7.2220638e-07
  -0.0000000e+00  -1.9086203e-04   5.4943698e-06   1.4088721e-05   1.5817895e-05  -5.9986401e-06   7.5465941e-06   2.3164324e-05   1.7046510e-05   8.9596797e-06   6.5159652e-06   3.6605629e-06   2.2314064e-06   2.5705052e-08   1.8781880e-06   3.7142045e-06  -4.2776456e-08  -2.3632104e-07  -1.3439681e-06   1.3206514e-06   1.6534852e-06   2.6502889e-07  -1.2932908e-06
  -0.0000000e+00  -1.8430050e-04   1.4593676e-05   1.6583792e-05   1.9171475e-05   3.9621295e-07   7.7238337e-06   1.4547582e-05   1.4073881e-05   3.5413616e-06   4.7450080e-06   2.7029430e-06   4.9127152e-06   4.5386819e-06  -1.0176969e-06   1.3627582e-06   3.8473104e-06   1.5018183e-07   1.1794073e-06   2.9889819e-07   1.3193393e-06  -2.2739556e-07   2.2302841e-06
  -0.0000000e+00  -1.8104549e-04   5.1906213e-06   1.6421231e-05   1.5526268e-05  -8.4132471e-06   1.4031178e-05   2.2966664e-05   1.6628988e-05   1.2439058e-05   2.8337950e-06   2.6685377e-06   8.9855526e-08   2.3498387e-06   2.4152071e-06   4.7799072e-06  -1.0315663e-06   1.3403635e-06  -9.7324471e-07   1.6226214e-06   1.1408242e-06   2.9345887e-07   1.1728470e-06
  -0.0000000e+00  -1.9349066e-04   1.0038269e-05   1.1513324e-05   1.6823727e-05  -7.3131346e-06   2.6293335e-06   1.9478901e-05   1.0286103e-05   5.1971519e-06   4.5781044e-06   3.5633225e-06   4.8088218e-06   1.7244296e-06   2.7638266e-06   1.5120312e-06   8.0892261e-07   2.0566379e-06  -4.0954535e-07   1.0943171e-06   1.1596953e-06   7.0488545e-07  -1.7669875e-06
  -0.0000000e+00  -1.8480164e-04   1.4372536e-05   1.8465667e-05   1.4887685e-05   3.7173952e-06   8.3932855e-06   2.3370951e-05   1.7880904e-05   8.1476473e-06   5.7546704e-06   3.2671667e-06  -1.8065940e-06   2.5229367e-06   2.3809253e-06   2.2006375e-06  -5.0467986e-07   3.2058722e-07   1.2983381e-06  -2.4891376e-06   8.0695037e-07  -1.4050622e-06   3.1743207e-07
  -0.0000000e+00  -1.9151093e-04   7.0066003e-06   1.4893789e-05   1.6504606e-05  -1.1799933e-05   9.9452382e-06   1.6809085e-05   1.1332926e-05   1.0000816e-05   5.9049130e-06   1.4162238e-06   6.7032679e-06  -3.3238709e-07   1.5378296e-06   2.5819379e-06   2.1460305e-06  -5.5971992e-07  -1.0719124e-06   1.9519177e-06   2.2789811e-06  -1.2364783e-06  -1.2165185e-06
  -0.0000000e+00  -1.8010120e-04   9.6415524e-06   9.5834203e-06   1.9194615e-05  -2.4118642e-06   6.1925462e-06   2.1156942e-05   1.8649136e-05   2.2668339e-06   6.3568309e-06   4.7834828e-06  -1.1207275e-06   1.9568818e-06   2.0700463e-06  -3.6605749e-07   1.8283288e-06   7.0544041e-07   1.8500771e-06   1.9697984e-06  -5.2430402e-09   2.1217065e-06   6.9938744e-07
  -0.0000000e+00  -1.9001336e-04   9.7850789e-06   1.4315009e-05   2.0047921e-05  -8.4457761e-06   9.7858601e-06   2.5272440e-05   1.2102410e-05   1.2898372e-05   6.2540253e-06   3.4235366e-06   1.3034909e-06   3.4050720e-06   2.6611519e-06   3.7130530e-07   5.6805010e-07   2.6659038e-07   3.7495793e-06   3.0094620e-07   1.1827965e-06   1.7926726e-06   1.8305136e-06
  -0.0000000e+00  -1.8739907e-04   1.4806235e-05   1.4186679e-05   1.4276200e-05  -1.0908872e-06   3.0988333e-06   1.6769398e-05   1.1351405e-05   7.0766055e-06   4.1358262e-06   2.8843599e-06   5.3697077e-06   2.6755172e-06   2.3270807e-06   1.8015646e-06   1.1960980e-06   1.1412478e-06  -1.9603758e-06   1.7875598e-06  -1.3437692e-06   1.1419571e-06  -1.4255783e-06
  -0.0000000e+00  -1.9289819e-04   2.8117581e-06   2.1532578e-05   1.4944058e-05  -1.2657868e-06   1.5135813e-05   2.3027113e-05   1.8073517e-05   1.0950812e-05   3.7912489e-06   1.9390964e-06   2.8951929e-06   3.2540333e-06   2.0671612e-06   3.1770310e-06  -4.0066720e-07   5.1669298e-07   2.8067268e-06   2.0254518e-07   9.3765425e-07   5.9676904e-07   5.6428814e-07
  -0.0000000e+00  -1.7626575e-04   1.1137331e-05   1.0138878e-05   1.8892582e-05  -5.4368566e-06   5.8682754e-06   1.3946994e-05   1.1338851e-05   2.7308004e-06   7.4877057e-06   4.4594854e-06   8.9017971e-07   1.6538473e-06   2.2804920e-06   1.4942476e-07   5.8884524e-07   1.9685847e-06  -1.8331904e-06  -1.1384983e-07  -2.3065340e-06   9.9608178e-07   1.3512189e-06
  -0.0000000e+00  -1.9381753e-04   1.6355812e-05   1.3063550e-05   2.1429036e-05  -7.7197847e-06   8.9945743e-06   2.6735308e-05   2.2089625e-05   6.5380450e-06   7.1699401e-06   3.0724880e-06   1.5364940e-07   2.9764269e-06   8.1655651e-07   4.9694736e-06   2.9073617e-06  -8.2180941e-07  -1.1943989e-06   9.9529314e-07   4.6468035e-06  -1.7097676e-06  -1.7494942e-07
  -0.0000000e+00  -1.8587225e-04   5.5587543e-06   1.8120254e-05   1.5436322e-05  -1.1280296e-07   9.7660723e-06   1.7672666e-05   7.4169652e-06   9.0569574e-06   2.0522559e-06   5.9294816e-06   3.3327749e-06   1.0851231e-06   2.9677517e-06  -2.9160688e-07  -7.8002097e-07   2.0433270e-06   1.9692009e-06   2.9323357e-06  -3.1799450e-06   9.7255679e-07   1.8920449e-06
  -0.0000000e+00  -1.8490992e-04   9.2025839e-06   1.5524278e-05   2.0118092e-05  -5.3246945e-06   8.1740154e-06   2.3020735e-05   1.2082546e-05   1.1309671e-05   7.3737283e-06   1.7981217e-06  -1.3241447e-06   1.7437310e-06   4.1238450e-06   1.2572907e-06   9.9516103e-07  -2.1136595e-06   2.9290929e-06   4.7434716e-07   9.5211385e-07  -8.3089350e-07  -5.6086541e-10
  -0.0000000e+00  -1.8347290e-04   7.0491751e-06   1.9540177e-05   1.6690949e-05  -7.4850282e-06   1.3277097e-05   2.1489981e-05   1.3961063e-05   1.2394798e-06   3.5948967e-06   2.5206787e-06   5.3609729e-06   1.4324521e-06   3.0274150e-06  -1.2177680e-06   2.1734098e-07   2.5715558e-06  -6.3951710e-08   1.3822129e-06  -1.0802630e-06   2.0641312e-06   5.8057083e-07
  -0.0000000e+00  -1.9228613e-04   2.1276992e-05   6.7101842e-06   2.2145647e-05  -3.6877652e-06   6.3335706e-06   1.4912862e-05   1.8856828e-05   8.8869529e-06   8.6368564e-06   4.3551404e-06  -3.1421373e-06   2.7499520e-06   1.2501856e-06   1.8741448e-06   1.5327304e-06  -6.5668246e-07   1.7560046e-07   1.7241764e-06   6.1828058e-07   1.2259081e-06  -1.4406069e-06
  -0.0000000e+00  -1.8685202e-04   4.9665432e-06   2.2088496e-05   1.5712223e-05  -2.6252496e-06   1.0674778e-05   2.0345355e-05   1.3798032e-05   5.9088075e-06   2.3360456e-06  -1.1576005e-06   5.3175459e-06   2.9564048e-06   2.7442504e-06   1.6329653e-07  -1.1114985e-06  -6.0064684e-07   1.5025650e-07   3.2290887e-07  -6.6798677e-08   5.3744679e-07   3.0691037e-06
  -0.0000000e+00  -1.7960575e-04   4.5356192e-06   1.5439906e-05   1.6182215e-05  -5.4372467e-06   9.4198958e-06   2.4481687e-05   1.5107868e-05   8.1771022e-06   4.3734335e-06   6.2196214e-06   1.8980197e-06   8.7066388e-07   3.3551603e-06   2.7330696e-06   2.7800952e-06   1.6991143e-06  -2.1407075e-06  -4.1776855e-07   2.7955602e-06   5.5228827e-07  -8.8941789e-08
  -0.0000000e+00  -1.9426255e-04   1.5412965e-05   1.3780183e-05   1.8130859e-05  -3.4206053e-06   7.6339220e-06   1.6502145e-05   9.9791087e-06   9.7342827e-06   4.2660185e-06   3.9380611e-06   1.0876370e-06   1.4394882e-06   3.4088384e-06   1.9179677e-07  -2.2672818e-06   3.4059167e-06  -2.1730958e-07  -2.8387710e-08  -4.2880382e-07   1.5979408e-06   1.8572468e-06
  -0.0000000e+00  -1.8676918e-04   1.5093528e-05   1.2949949e-05   1.8603741e-05  -8.1776707e-06   1.3160499e-05   2.2269611e-05   1.8440262e-05   4.5539232e-06   6.3398020e-06   8.2785459e-07   3.1993823e-06   2.9001992e-06   1.0439814e-08   3.5994910e-06   2.3889862e-07  -2.4191576e-07   6.8574741e-07   1.6789006e-06   3.9375918e-06   4.8962136e-07  -1.3313681e-07
  -0.0000000e+00  -1.7598897e-04   5.9678860e-06   1.3915985e-05   1.4071766e-05  -2.8232125e-06   6.7404490e-06   1.7616028e-05   1.4764155e-05   6.9795196e-06   6.2111685e-06   9.9701356e-07   1.8583411e-06   3.3555625e-06   2.6023561e-06   5.4830389e-07   1.9899660e-06   1.2314285e-06   7.0191953e-07   1.3533461e-06   5.5689827e-07  -1.0439694e-06   6.7986366e-07
  -0.0000000e+00  -1.9517279e-04   4.5999527e-06   2.0893420e-05   1.9747604e-05  -4.9613109e-06   8.9075957e-06   1.9175042e-05   1.2976928e-05   9.8194623e-06   6.3073840e-06   5.3214176e-06   1.8535965e-06   2.7820388e-06   3.8922544e-06   3.2474989e-06  -2.0086699e-07  -2.6821851e-07   4.8947521e-07   2.0157975e-06  -1.0703407e-06   2.4942619e-06   4.5669415e-07
  -0.0000000e+00  -1.8552630e-04   1.5894826e-05   1.0747352e-05   1.5527436e-05   1.2147551e-06   6.9104126e-06   1.9858073e-05   1.6396692e-05   5.5497972e-06   2.2791371e-06   5.5807704e-06   1.3552086e-06   2.4777660e-06   3.7788561e-06  -9.4382159e-07   2.2365098e-06   2.5438515e-06   9.9335875e-07  -3.5437589e-07   1.1035979e-06  -2.9839265e-07  -1.8376925e-06
  -0.0000000e+00  -1.8968055e-04   1.3520486e-05   1.3301508e-05   1.9835832e-05  -1.1634114e-05   1.1626971e-05   2.2116055e-05   1.1398101e-05   1.1134696e-05   4.5968454e-06   2.0779999e-06   1.4467450e-06  -3.2737162e-07   2.4566166e-06   8.5684349e-07   2.5010872e-06  -1.0641404e-06   1.9730960e-06   1.2526417e-06  -1.0425534e-06   2.3490882e-06  -5.5205948e-07
  -0.0000000e+00  -1.7858460e-04   4.1874632e-06   1.8192692e-05   1.6634966e-05  -1.5797114e-06   6.0825250e-06   1.7111772e-05   1.7611384e-05   2.8177212e-06   7.1605273e-06   1.3899117e-06   2.9829511e-07   5.3379681e-06   1.7785035e-07   7.0527653e-07  -2.5774045e-07  -2.1137879e-07   1.5990366e-06   1.6938277e-06   9.4015729e-07  -1.7190753e-06   2.1265073e-06
  -0.0000000e+00  -1.9325741e-04   3.4286218e-06   1.9361107e-05   1.9706336e-05  -7.3047377e-06   1.0601501e-05   2.0758836e-05   1.5300018e-05   9.8767950e-06   7.6657088e-06   2.0250765e-07   4.1906346e-06   4.6351531e-07   1.8974980e-06   3.6436363e-06   1.3334673e-06  -5.3165428e-07   1.2904826e-06  -9.6198573e-07   1.9633233e-06   1.4008144e-06   1.1313086e-07
  -0.0000000e+00  -1.8761097e-04   2.3723642e-05   6.2610993e-06   1.5242914e-05  -1.6124267e-06   6.4610322e-06   1.8214325e-05   1.1379580e-05   7.1975783e-06   2.0327691e-06   6.8539839e-06   5.9930056e-07  -4.9206687e-07   3.1591328e-06   3.5026946e-07   3.4247753e-07   1.7174776e-06  -5.1037853e-07  -8.8808451e-07  -7.7675956e-08  -2.1503815e-06   3.0128197e-06
  -0.0000000e+00  -1.8257738e-04   5.0852382e-06   1.5983949e-05   1.8418059e-05  -5.6907461e-06   1.3595411e-05   2.3782946e-05   1.2776626e-05   1.1166690e-05   5.1336669e-06   4.6359986e-07  -2.9617718e-07   1.1351719e-06   1.2433055e-06   5.0902163e-06  -5.1072671e-08  -3.3774008e-08   1.3915507e-06  -2.7164913e-07   1.2713765e-06   1.5419437e-06  -1.4460992e-06
  -0.0000000e+00  -1.8957611e-04   5.9050863e-06   1.7819364e-05   1.5389040e-05  -7.4438535e-06   8.1030148e-06   1.5005970e-05   1.5085525e-05   5.1044167e-06   3.6347312e-06   6.5081254e-06   1.2953103e-06   5.4156390e-06   1.2416074e-06   7.3921433e-07   2.7522053e-06   1.6125982e-06  -1.4622334e-06   1.2897783e-06  -2.5506773e-07  -3.3380769e-07   2.4213705e-06
  -0.0000000e+00  -1.8446858e-04   1.0152572e-05   1.6746191e-05   1.7399512e-05   3.1547452e-07   9.5102496e-06   2.3697825e-05   1.7129521e-05   8.1366643e-06   7.9701313e-06   9.0377353e-07   3.0490361e-07   4.8156239e-06   2.7310195e-06   2.1906694e-06   9.6731901e-07  -1.3554775e-06   4.0886794e-06  -1.8512505e-07   1.5653309e-06   1.1903954e-06   6.8738751e-07
  -0.0000000e+00  -1.8686801e-04   1.1639269e-05   8.3554623e-06   1.7352255e-05  -2.9816113e-06   8.2036640e-06   1.5451535e-05   1.3862367e-05   3.2707760e-06   4.0032123e-06   6.8546574e-06   2.2039203e-06   1.8386039e-06   1.8276586e-06   2.9552830e-06   8.3421259e-07   1.8832618e-06   2.3672847e-06   8.0158856e-07  -1.6815255e-06   1.8435657e-06   1.0036932e-07
  -0.0000000e+00  -1.9160025e-04   9.4659817e-06   1.5565098e-05   2.0918042e-05  -6.9571806e-06   6.3860939e-06   2.6909322e-05   1.2838810e-05   1.1685658e-05   5.2684036e-06   2.7421033e-06   4.5970351e-06  -1.4713547e-06   3.4776058e-06   1.2526741e-06   3.2554942e-06  -2.0521177e-06  -1.7584653e-06   4.6729491e-07   2.1652991e-06  -1.9157498e-07   1.2494301e-06
  -0.0000000e+00  -1.8375821e-04   8.5479433e-06   2.1551514e-05   1.4797786e-05  -4.9924251e-06   1.5882606e-05   1.7234146e-05   1.1974209e-05   7.4696877e-06   3.0267818e-06   3.1112156e-06  -1.3144820e-07   4.5513643e-06   2.1050407e-06   8.1022665e-07  -4.6699509e-07   1.8101319e-06   2.4896794e-06   3.9881982e-07  -1.0936058e-06  -1.7290226e-06   2.0848502e-06
  -0.0000000e+00  -1.8455295e-04   1.0222358e-05   1.1847332e-05   1.6313823e-05  -8.5430213e-07   3.9531942e-06   1.7626458e-05   1.8632900e-05   6.0703310e-06   8.0366926e-06   4.9714513e-06  -9.5499126e-07  -9.4631503e-07   2.2418767e-06   6.7480875e-07   1.7510528e-06   1.0142106e-06   1.8556227e-07  -6.3025483e-09   2.5705538e-06   1.6308354e-06  -1.2234591e-06
  -0.0000000e+00  -1.9400970e-04   1.1679564e-05   1.3982074e-05   2.2649501e-05  -4.2851148e-06   6.8493109e-06   2.5436208e-05   1.6666443e-05   4.1117059e-06   3.0142007e-06   4.9108648e-06   2.5703509e-06   2.7499293e-06   1.1618299e-06   3.2380096e-06   8.2354887e-07   1.7360520e-06   2.5470549e-06  -8.4780407e-07   5.3349151e-08   1.3169910e-06  -1.2617839e-07
  -0.0000000e+00  -1.7962237e-04   6.9610142e-06   1.8202321e-05   1.4946248e-05  -7.5098906e-06   1.1295660e-05   1.5517235e-05   1.4000623e-05   8.0441796e-06   6.1820078e-06   2.8405877e-06   1.3928075e-06   2.5277725e-06   1.3392095e-06   2.8092422e-06  -5.1084470e-07   1.2827165e-06   6.6371251e-07   1.9454096e-06   1.6426279e-06   7.7383129e-07   2.0689849e-06
  -0.0000000e+00  -1.8928034e-04   1.0574746e-05   1.5705527e-05   1.8257211e-05  -6.7803662e-06   1.1418503e-05   2.2241496e-05   1.1282856e-05   1.0267589e-05   2.7539093e-06   3.0161152e-06   2.9959160e-06   1.7378544e-06   1.0406789e-06   1.1115897e-06   1.3578583e-06   1.0871282e-06   3.4860489e-07   2.0056358e-08   7.4759470e-07   4.7097106e-07   1.8248357e-06
  -0.0000000e+00  -1.9177920e-04   1.2591760e-05   1.6933323e-05   1.5416237e-05   3.7142711e-06   3.5418541e-06   1.8650553e-05   1.8591358e-05   5.7963025e-06   4.6934119e-06   4.8292300e-06   1.3105197e-06   1.5867596e-06   4.0559539e-06  -9.3401752e-07   2.6667651e-06   1.1412252e-06  -1.0100055e-06   1.0613632e-06  -8.2822572e-07  -6.3674838e-07   9.7401073e-07
  -0.0000000e+00  -1.8517203e-04   4.3102159e-06   1.3542648e-05   2.3459763e-05  -1.1659132e-05   6.1455949e-06   1.8959019e-05   1.5216991e-05   5.8448531e-06   7.1184036e-06   2.8684490e-06  -9.7338875e-07   1.0132267e-06   3.9373590e-06   3.1620314e-07   4.1373510e-06  -1.8748203e-07   1.2623868e-06  -7.8753786e-08   2.7101039e-06  -1.2087518e-06   1.6122177e-06
  -0.0000000e+00  -1.8318494e-04   1.2372519e-05   1.4625150e-05   1.5618543e-05  -2.6808259e-06   1.3470408e-05   2.3062026e-05   9.7190232e-06   8.6306773e-06   6.3864973e-06  -1.3197005e-06   6.1799369e-06   1.9848728e-06   3.8018909e-06   4.4905372e-07   1.0452827e-06   2.6373150e-06   1.5605637e-07   2.2388026e-06   1.0395255e-06   2.2723161e-06  -7.5622744e-08
  -0.0000000e+00  -1.8514002e-04   8.0085510e-06   1.8956272e-05   1.1904739e-05  -4.2739257e-06   7.7074501e-06   1.5970825e-05   1.5802214e-05   5.8716168e-06   5.9435602e-06   3.6185115e-06   2.6390403e-06   3.4032048e-06   2.8158536e-06   3.9834194e-06   5.0802538e-07  -9.7703371e-08   1.5727445e-06  -2.3465877e-06   2.1030924e-06   2.6778202e-06  -1.8406347e-06
  -0.0000000e+00  -1.9158411e-04   9.7162492e-06   9.5377945e-06   2.2478618e-05  -4.8188399e-06   5.6840236e-06   2.3209956e-05   1.5647722e-05   6.6683833e-06   1.3512017e-06   6.5647150e-06   3.1275354e-07   2.3381369e-06   2.3358953e-06   5.1203722e-07  -1.1706105e-06   2.2357870e-06   6.6770434e-07  -1.0153827e-06  -7.9559777e-07  -6.4920522e-07  -3.8173971e-07
  -0.0000000e+00  -1.8682102e-04   1.4415276e-05   1.6058084e-05   1.6679787e-05  -2.9229464e-06   1.2174799e-05   1.8151222e-05   1.2834916e-05   6.8104878e-06   6.7300307e-06   2.1006244e-06   9.0340774e-07   2.9045091e-06  -3.3486134e-07  -1.9867480e-07   1.4456796e-06   2.2344927e-06  -1.3670041e-06  -2.0280103e-07   9.5023734e-07   3.0578208e-06  -1.5870835e-06
  -0.0000000e+00  -1.8001065e-04   8.7540438e-06   1.6075050e-05   1.7087576e-05  -8.7506214e-06   9.6868098e-06   1.7668583e-05   1.2639678e-05   1.3199991e-05   4.8691445e-06  -5.6562705e-08   7.1037948e-07   3.8198568e-06   2.2689803e-06   3.3470735e-06  -3.8574473e-08  -2.1019548e-07   1.5047688e-06   9.4007055e-07   1.1007566e-07   2.5766695e-07   2.3217638e-06
  -0.0000000e+00  -1.8683236e-04   1.0399529e-05   1.1729483e-05   2.1955411e-05  -6.4074203e-07   6.4912474e-06   2.3482668e-05   1.4064633e-05   6.4344090e-06   7.4755130e-06   1.8287049e-06   4.5268625e-06  -1.6434201e-06   2.3892303e-06   1.9363695e-06  -3.0473320e-06   1.5631043e-06  -1.4160034e-06   2.5029252e-07  -4.3469535e-07  -1.9883277e-07   5.9365539e-07
  -0.0000000e+00  -1.9281755e-04   8.3740479e-06   1.7799477e-05   1.4659978e-05  -3.2617070e-06   8.5439224e-06   1.6825572e-05   1.9259893e-05   4.6283071e-06   4.0626774e-06   7.4063973e-06   7.9516735e-07   1.6271825e-06   3.1172233e-06   2.1031278e-06  -1.6364737e-07   2.8496520e-06   4.6169646e-07   7.1072679e-07   2.8287520e-06  -8.4187013e-07   2.2877497e-07
  -0.0000000e+00  -1.8115964e-04   1.6814844e-05   1.4011225e-05   1.8032129e-05  -8.3253371e-06   1.2273549e-05   1.7908516e-05   1.2726658e-05   1.3059638e-05   5.7704247e-06   2.1967126e-06   2.6215848e-06   3.8213734e-06   3.7564207e-06  -3.4819232e-07   3.0129772e-06  -8.7423354e-07  -2.6117004e-07   5.0629706e-07  -1.4578476e-06   1.2111298e-06   2.2410077e-06
  -0.0000000e+00  -1.9312260e-04   7.9960182e-06   1.4291064e-05   1.8605882e-05  -3.2263540e-06   5.7848220e-06   2.2477387e-05   1.5741783e-05   6.2082668e-06   4.9235109e-06   4.2159445e-06   3.9386046e-06   2.7451390e-06  -2.3395567e-06   1.7431478e-06   3.7201355e-06  -1.8634194e-06   2.6617749e-06   4.9617228e-07   8.7931136e-07   3.8675472e-07  -7.5225353e-07
  -0.0000000e+00  -1.7837330e-04   4.1220478e-06   1.5085639e-05   1.7798038e-05  -4.1444132e-06   9.1013408e-06   1.8544100e-05   1.4311973e-05   7.7324921e-06   3.8965222e-06   3.3134095e-06   2.1712581e-06   1.5937007e-06   2.5787563e-06   1.4227851e-06   1.8852520e-06  -7.6178317e-08   1.5880137e-06   1.2332024e-06  -2.1785188e-07   2.1819044e-06  -9.9924807e-07
  -0.0000000e+00  -1.9311764e-04   1.8043913e-05   1.4253900e-05   1.7261062e-05  -4.6710311e-06   5.3818267e-06   2.2459024e-05   1.4470447e-05   9.0966205e-06   6.8562590e-06   3.8809681e-06   3.9535166e-07   1.8331114e-06   3.1449558e-06   2.1934268e-06  -6.9197358e-07   8.5754345e-07   1.0656956e-06  -3.6515124e-07   2.3305017e-06   4.3986574e-07   1.1085311e-06
  -0.0000000e+00  -1.8691616e-04   6.9103749e-06   1.8194571e-05   1.5082783e-05  -4.5257943e-06   1.3620703e-05   1.8681365e-05   1.6262276e-05   6.9469070e-06   1.6741354e-06   2.7863948e-06   5.2177879e-06  -1.7200276e-06   2.6774951e-06   1.0288367e-06   1.5872863e-06  -1.3096546e-06  -1.4122218e-06   5.3836254e-07  -1.2996916e-06   1.9257272e-06   1.4981463e-06
  -0.0000000e+00  -1.8261495e-04   2.5969589e-06   1.5089720e-05   2.3486997e-05  -9.3900135e-06   5.1445168e-06   2.3004703e-05   1.1613608e-05   5.1787142e-06   7.5526868e-06  -5.6516888e-07   1.3611166e-06   2.9119249e-06   2.6878442e-06   2.1109695e-06   2.5440029e-06   7.5338113e-07   2.7002625e-07   2.3560151e-06  -1.6593467e-06  -1.8066437e-07   3.4128300e-06
  -0.0000000e+00  -1.9191118e-04   2.1485106e-05   1.2548256e-05   1.1119386e-05   2.5535044e-06   8.4053308e-06   1.8982315e-05   1.5278234e-05   8.1084927e-06   3.2326500e-06   5.6090139e-06   1.7514933e-06  -2.5445968e-07   3.6362717e-06   2.3750883e-06   2.2485319e-06   3.0002097e-06  -1.6563471e-06   2.4080950e-06   6.5868647e-07  -1.4607723e-06   9.4275356e-07
  -0.0000000e+00  -1.8429123e-04   4.4934213e-06   1.5684891e-05   1.9173003e-05  -4.9265386e-06   9.9196604e-06   2.2943175e-05   1.3271571e-05   7.0907136e-06   4.3675068e-06   4.0099735e-06   7.5240604e-07   3.8888502e-06  -1.2666962e-06   2.4273647e-06   8.4680227e-07   8.0018526e-07   2.7580227e-06  -8.4640232e-07   2.7689730e-06  -7.4777307e-07   2.7974945e-08
  -0.0000000e+00  -1.9008052e-04   7.1792147e-06   1.4890374e-05   1.7656415e-05  -6.9630510e-06   7.5269245e-06   1.5002714e-05   1.6656137e-05   9.5777750e-06   3.8883322e-06   1.1480165e-06   4.7970225e-06   3.5569083e-06   1.6066848e-06   1.9262357e-06  -1.0605711e-06   3.1133332e-06   1.5380754e-06   2.2949177e-07   1.0899785e-06  -7.0394429e-07   1.8323985e-06
  -0.0000000e+00  -1.8519760e-04   7.7815221e-06   1.8041823e-05   1.9429101e-05  -6.7538372e-06   7.2233406e-06   2.5722753e-05   1.1490374e-05   7.5239368e-06   5.3169365e-06   1.4400557e-06   2.3391158e-06   3.0775047e-06   5.4052924e-07   4.0692607e-06   4.9461846e-06  -2.2102624e-06   2.3702125e-06   1.3758997e-06  -1.0535229e-06   2.1155206e-06  -9.2666801e-07
  -0.0000000e+00  -1.7846981e-04   1.9359983e-05   8.3627992e-06   1.1119141e-05   7.1417765e-07   1.0264646e-05   1.7698838e-05   1.8467592e-05   5.4962647e-06   3.0238721e-06   3.9187016e-06   2.0250457e-06   2.5879424e-06   1.9035648e-06  -1.5080350e-07   1.0593424e-06   1.3527051e-06  -1.0247348e-06   2.6616181e-06   1.7824015e-06  -1.2347433e-06   2.9139011e-07
  -0.0000000e+00  -2.0361193e-04   9.2743148e-06   1.7598806e-05   1.9958345e-05  -7.7425948e-06   6.3036218e-06   2.3293022e-05   1.1794529e-05   1.2072260e-05   5.9364261e-06   9.5566554e-07   4.7704378e-07   6.0760885e-07   4.0217578e-06   2.6471207e-07   4.5681205e-07   1.4830598e-06   5.2172624e-07  -2.1144182e-08  -1.3163438e-07   3.1526081e-06  -1.3843534e-06
  -0.0000000e+00  -1.7159442e-04   1.9620963e-06   1.8859968e-05   1.8938614e-05  -4.1468652e-06   1.1719206e-05   1.6607375e-05   1.7675238e-05   7.9138590e-06  -2.6569003e-08   5.0749572e-06   2.3875339e-06   1.2522465e-06   5.0369008e-06   1.1700763e-06   5.2766813e-07   2.2888557e-07   1.4816608e-06   8.3936760e-07  -6.9981274e-07  -1.1121939e-06   4.4972290e-07
  -0.0000000e+00  -1.9236848e-04   1.6637523e-05   1.5999476e-05   1.3589959e-05  -9.3864737e-06   9.8621567e-06   2.0516773e-05   1.4174988e-05   8.6096006e-06   7.7282848e-06  -2.4248823e-06   2.5870545e-06   3.1549637e-06   2.1468379e-06   3.1120537e-06   2.0927268e-06  -4.5307605e-08  -6.4100590e-07   2.3028201e-06  -5.7877077e-07  -1.0402838e-06   1.6241831e-06
  -0.0000000e+00  -1.8904850e-04   1.2978168e-05   9.6712392e-06   1.7580396e-05   6.2899494e-06   2.2764573e-06   2.2365984e-05   1.3286084e-05   4.1317307e-06   8.3213026e-06   4.7200142e-06  -2.1716696e-06   7.9885995e-06   6.6856569e-07   2.0940636e-06   1.3785473e-06  -1.1656999e-06   3.6965180e-06  -8.9184016e-07   1.9730824e-06   1.8487886e-07   3.1056194e-07
  -0.0000000e+00  -1.8449465e-04   1.1967376e-06   2.0493120e-05   2.0372552e-05  -8.0547607e-06   1.4601453e-05   2.1370066e-05   1.7169850e-05   1.0104674e-05   4.9701100e-07   3.6542126e-06   4.2081610e-06  -4.5854284e-07   3.9475449e-06   2.6508790e-06   1.7243763e-06   2.1194360e-06  -3.1940555e-08   6.2899721e-07   1.3925704e-06   1.1318841e-06   1.6012797e-06
  -0.0000000e+00  -1.8831738e-04   1.8037768e-05   1.2943643e-05   1.5286285e-05  -7.4149875e-06   8.0975296e-06   1.8757210e-05   1.3391235e-05   6.2319054e-06   3.4016703e-06   5.5573073e-06   9.0453466e-07   3.9018710e-06   7.7581808e-07   3.5078560e-06  -1.3761525e-06  -8.8850555e-07  -2.2178168e-07   1.9067402e-06   2.3370740e-07   1.7338284e-07   9.9065949e-07
  -0.0000000e+00  -1.8450037e-04   5.2483501e-06   1.5168076e-05   2.2556393e-05   9.8613771e-07   1.1671142e-05   1.9079593e-05   1.2552572e-05   1.1281906e-05   5.4407751e-06  -1.4555067e-06   4.0191649e-06   2.2699335e-06   5.8088526e-06   7.9412843e-07   1.4998034e-06   1.3838943e-06  -1.2362651e-06   6.0711955e-07  -6.6551524e-07   7.6043182e-07  -1.8102161e-06
  -0.0000000e+00  -1.9390484e-04   8.6516748e-06   1.9000678e-05   1.1182607e-05  -3.6514502e-06   7.1018103e-06   2.2645385e-05   1.1995397e-05   2.7214621e-06   7.8213252e-06   2.5864792e-06   2.3655894e-06   8.6297149e-07   1.4663563e-06   1.9241893e-06   4.1964004e-08   1.1941349e-06   1.2430457e-06   8.1005521e-07   1.4573683e-06   8.7383540e-08   1.3476350e-06
  -0.0000000e+00  -1.7950112e-04   1.5206261e-05   1.0064335e-05   1.6810918e-05  -3.1361242e-06   3.4316408e-06   2.0585176e-05   1.7773158e-05   3.9307638e-06   5.4817083e-06   4.8603947e-06  -3.2552157e-07   1.2985940e-07   2.3376886e-06   2.0198614e-08   1.6072882e-07  -8.3483707e-07   1.2397081e-06  -2.0727846e-06   6.6379846e-07  -6.2694471e-07  -1.2740219e-06
  -0.0000000e+00  -1.8190479e-04  -6.2627998e-07   1.9261906e-05   2.0949978e-05  -6.5308291e-06   1.7249178e-05   1.6848060e-05   1.2881785e-05   1.6359660e-05  -8.9849641e-07   2.2524794e-06   3.9883794e-06   3.9705042e-06   5.5594330e-07   3.7265934e-06   1.5936359e-06   3.2297482e-08   1.3824906e-06   1.7169074e-06   1.5228707e-06   1.5040011e-06  -4.8653362e-07
  -0.0000000e+00  -1.9974116e-04   2.3933166e-05   8.1617445e-06   1.5385316e-05  -3.9444267e-06   3.2533169e-06   2.0162001e-05   1.7398805e-05   2.3141993e-06   8.2744773e-06   2.7837250e-06   2.9866890e-06   1.9807237e-06   9.9382214e-07   2.0277209e-06   1.8774062e-06   8.5801780e-08   1.7126766e-07   8.9398776e-07   3.4075806e-06  -8.2915577e-08  -3.7474339e-07
  -0.0000000e+00  -1.8249574e-04   2.9209696e-06   2.2404560e-05   1.6850970e-05  -1.0130469e-05   1.0653754e-05   2.5876236e-05   1.3226449e-05   8.9115638e-06   2.6823770e-06   5.0876001e-06  -1.5302506e-06   1.7883555e-06   3.2279461e-06  -2.8401317e-07   3.8613413e-07   4.5792686e-07   8.0367971e-07   8.1913572e-07  -2.0394091e-06   1.5702658e-06   2.9138109e-06
  -0.0000000e+00  -1.8027677e-04   9.1967013e-06   1.3125997e-05   1.8314136e-05  -1.0883255e-06   8.9321848e-06   1.3051346e-05   1.7064156e-05   6.8978993e-06   6.3585985e-06   2.9453415e-06   2.8098748e-06  -3.4675432e-07   2.1366300e-06   2.8518095e-06   1.2530311e-06   1.8817834e-06   2.8423794e-06  -1.0551579e-06  -6.8090173e-07   1.2845836e-06  -4.6531412e-07
  -0.0000000e+00  -1.9027450e-04   1.1560135e-05   1.3157144e-05   1.7520801e-05  -5.6551903e-06   1.2331157e-05   1.7335424e-05   1.3683711e-05   1.2713203e-05   3.5339115e-06   1.4007567e-06   4.1357557e-06   2.0636844e-06   3.1543641e-06   2.9922442e-06  -2.6702131e-07   2.0260477e-06   5.5882452e-07   1.5942368e-06   1.3943342e-06  -4.4367818e-07   4.6861450e-07
  -0.0000000e+00  -1.9251615e-04   1.1779422e-05   1.7195960e-05   1.7582995e-05  -1.3967996e-05   1.0041096e-05   2.2891796e-05   1.5863310e-05   5.6604381e-06   1.8675324e-06   4.4905591e-06   3.0626534e-06   2.9909957e-06   2.5654276e-06   9.1853582e-07   8.1871173e-07  -4.1422535e-07   1.4510399e-06   6.6391851e-07   7.2093326e-07   1.6328933e-08   8.6595594e-07
  -0.0000000e+00  -1.7953505e-04   9.2283208e-06   1.2455225e-05   1.9373290e-05   7.0813780e-06  -2.1543156e-06   2.0580797e-05   1.5196021e-05   3.0930055e-06   1.1351547e-05   5.9259260e-06  -3.5803188e-07   2.2352117e-06   2.6263344e-06   1.8198916e-06   6.6023796e-07  -3.9974540e-07   2.9221047e-07   2.6452003e-07   9.1744528e-07   1.4832287e-06   4.7995206e-07
  -0.0000000e+00  -1.8864285e-04   9.1105558e-06   1.3975377e-05   1.6860733e-05  -1.0069329e-05   1.8685376e-05   1.6092095e-05   1.2875375e-05   1.1593708e-05   7.9194507e-07   2.1632736e-06   4.5000711e-06   4.4941385e-06   1.3983965e-06   3.6705868e-07   1.3044599e-06   1.5375835e-07   2.0521977e-06  -6.9257254e-08   1.6515146e-06  -1.5294343e-06   1.8955277e-06
  -0.0000000e+00  -1.7829156e-04   7.2410230e-06   2.4501889e-05   1.2075816e-05  -3.4357558e-06   3.7637758e-06   1.9376830e-05   1.6645587e-05   7.8323310e-06   5.2011046e-06   5.8585565e-06   6.6322593e-07   1.0568297e-06   3.8528647e-06   5.3245421e-06   3.8172954e-07  -1.5569860e-06   9.2304026e-07   2.5291765e-06  -1.3884828e-06   1.2257502e-06  -6.8146839e-08
  -0.0000000e+00  -1.9999128e-04   2.0521273e-05   1.0745620e-05   2.8980136e-05  -1.0130510e-05   1.2268729e-05   1.7597669e-05   1.4036546e-05   4.3751988e-06   7.6412489e-06  -1.2633985e-06   3.9420083e-06   2.8020763e-06   3.0037138e-06  -5.3316114e-07   3.3714895e-07   1.8748030e-06  -2.3156501e-07  -2.2082515e-06   8.0344461e-07  -7.6665131e-08   5.9942306e-07
  -0.0000000e+00  -1.7088128e-04  -1.7589070e-07   1.1304745e-05   1.1899564e-05   1.0839276e-06   5.8347896e-06   2.1738952e-05   1.5180457e-05   9.2508080e-06  -3.9736062e-07   4.7207645e-06  -1.0655986e-08   3.4035274e-06   2.9780069e-06  -1.3069551e-08   2.9255125e-06   2.7993619e-06  -1.6735337e-06   3.6276679e-06   6.4556895e-07  -4.5986295e-07   1.9326581e-06
  -0.0000000e+00  -1.9837912e-04   1.7409842e-05   2.0848700e-05   1.3522188e-05  -4.7484605e-06   8.1444859e-06   1.9318451e-05   1.2484305e-05   7.0802039e-06   8.9932555e-06   3.1400796e-06   3.3032327e-06   3.4481488e-06  -9.9267641e-07   4.4996323e-06   1.5951426e-06  -2.9930100e-06   4.3197192e-06  -4.0094133e-07   9.9297324e-07   5.5315172e-07   4.7819634e-07
  -0.0000000e+00  -1.8283786e-04   9.0577005e-06   1.9120665e-05   1.8201870e-05  -8.4745498e-06   1.2751889e-05   2.1777691e-05   1.1997487e-05   1.0808441e-05   1.9085403e-06   6.5953477e-06   2.0485022e-06   2.0040181e-06   2.7642936e-06   1.7079823e-06  -1.7525404e-06   2.0636382e-06  -4.2017555e-07   1.1585757e-06  -3.0218875e-08   1.6445144e-06   1.4703025e-06
  -0.0000000e+00  -1.8519015e-04   1.0176621e-05   1.4170560e-06   2.5092355e-05  -3.5899793e-06   3.3069553e-06   1.6936212e-05   1.8392730e-05   6.0506954e-06   6.1778110e-06   4.2981692e-06   3.0769741e-06   4.5116008e-06  -1.4690472e-06   1.1342582e-06   4.0850452e-07   6.1836027e-07   2.8648622e-06  -1.5479153e-06   3.2216772e-06   1.1485633e-06  -1.0119053e-06
  -0.0000000e+00  -1.8504119e-04   8.3736122e-06   2.5064857e-05   7.6608558e-06  -1.1794280e-06   4.6325749e-06   2.3412487e-05   1.2905099e-05   7.0059891e-06   5.8920787e-06   1.7497597e-06   4.5673860e-06   3.0207480e-06   7.5583517e-07   4.7702218e-07   2.7248946e-06   1.3115796e-06  -4.5943762e-07   1.0580687e-07  -7.9642535e-07  -3.4092582e-07  -4.0293520e-07
  -0.0000000e+00  -1.9035913e-04   1.4347477e-05   1.2458106e-05   2.0927802e-05  -9.8592100e-06   1.8857139e-05   1.4401394e-05   1.6969281e-05   7.1040263e-06   6.6059665e-06   4.9634932e-06   1.4107642e-06  -4.2560725e-07   3.6269114e-06   2.1993565e-06   1.2525187e-06  -1.4200572e-06   2.5268551e-07   1.9976746e-06  -1.8405567e-06   3.0634746e-07   3.6072228e-07
  -0.0000000e+00  -1.8369973e-04   4.1456310e-06   1.7320177e-05   1.1633579e-05  -2.2660345e-06  -8.2819537e-07   2.4235122e-05   8.6277732e-06   9.2476648e-06   5.5679957e-06   2.3257755e-06   3.4684590e-06   3.6075360e-06  -7.2110834e-07   3.6921173e-07   4.0673623e-07   1.5971544e-06   2.1629287e-06  -1.4677847e-06   2.4320643e-06   2.4772655e-06  -3.8975543e-08
  -0.0000000e+00  -1.8602432e-04   2.1482694e-05   3.1260174e-06   2.8969180e-05  -8.0080836e-06   1.3778503e-05   1.8457329e-05   1.8760324e-05   1.0009426e-05   3.9958709e-06   4.2855390e-06   2.1773305e-06  -3.3332517e-06   6.4519800e-06   9.0803496e-08   1.1051809e-06   1.7079033e-06  -1.6062810e-06   4.2548069e-07  -9.9333597e-08   4.9785839e-08  -2.1742395e-07
  -0.0000000e+00  -1.8247050e-04  -2.1572669e-06   2.8334547e-05   8.8589304e-06  -6.4353083e-07   8.4463192e-09   2.1620255e-05   1.0941645e-05   5.5744217e-06   7.4394211e-06  -7.0966564e-07   3.9814722e-06   6.5880708e-06  -2.1303651e-06   2.9782757e-06  -1.2345577e-06  -6.9164753e-07   3.0122937e-06   6.4670473e-07  -6.2997123e-07   3.0928250e-06  -7.5912084e-07
  -0.0000000e+00  -1.9513091e-04   1.6749302e-05   1.1841799e-05   1.4009786e-05  -9.1377096e-06   1.5157369e-05   1.7960110e-05   1.8116780e-05   9.7241491e-06   3.2330640e-06   6.5565841e-06   1.3164968e-06  -1.0500166e-06   3.9769570e-06   1.4156379e-06   3.7297327e-06   3.5781969e-07  -1.0941445e-06   2.1784601e-06   1.0019791e-06  -3.0999461e-06   1.4724245e-06
  -0.0000000e+00  -1.7383871e-04   8.3603081e-06   1.4584257e-05   2.7207880e-05  -5.2516039e-06   7.7548229e-06   2.1483867e-05   9.2393784e-06   8.9013411e-06   2.3509815e-06   8.6637544e-07   4.0851010e-06   4.5488509e-06   1.3186215e-06   8.9133459e-07  -1.6743592e-06   3.0111887e-06   3.2519224e-06  -2.3939981e-06   1.4578997e-07   2.0911170e-06  -1.2077454e-06
  -0.0000000e+00  -1.9567131e-04   1.8519511e-05   8.7527842e-06   1.5745560e-05  -1.7660742e-06   5.7188117e-06   1.7190328e-05   2.0685344e-05   6.3035891e-06   7.9612810e-06   3.3604947e-06   1.4279003e-06  -4.6866765e-07   1.9445251e-06   2.6154926e-06   2.3066002e-06   1.4866761e-06  -2.0605939e-06   2.5903209e-06   1.2884598e-06  -3.4049222e-07   1.2063143e-07
  -0.0000000e+00  -1.8530205e-04   1.4370784e-06   2.0781945e-05   1.2986359e-05  -5.9914646e-06   7.8310095e-06   2.6069023e-05   7.3027404e-06   8.4340572e-06   8.0116632e-07   1.8250438e-06   4.6338000e-06   1.9671591e-06   1.1519866e-06   2.3564114e-06  -1.5832986e-06   4.5658080e-06   1.4454889e-06   1.4462888e-06  -1.1106274e-07  -3.4622272e-07   1.7563027e-06
  -0.0000000e+00  -1.8328821e-04   1.4630166e-05   1.4612427e-05   2.0583244e-05  -3.1403210e-06   1.1498725e-05   1.4166209e-05   2.0690248e-05   5.8030419e-06   1.2534449e-05   1.8873354e-06  -2.4198355e-08   1.7894650e-06   3.2981422e-06   2.5759389e-06   4.1784256e-06  -3.7567872e-06  -4.3030451e-07   3.5452101e-06   1.5353272e-07   4.5976105e-07  -1.7769594e-06
  -0.0000000e+00  -1.8545648e-04   6.2351069e-06   1.4389610e-05   1.3175595e-05  -3.6907295e-06   4.3209807e-06   2.2629943e-05   9.9007120e-06   1.0100973e-05  -8.3502584e-07   6.8783679e-06   2.2672036e-06   4.5332176e-06  -1.0189710e-07   1.4044474e-06   2.1075370e-07   2.8676093e-06   3.5264185e-07   1.7683000e-06   1.3570915e-06   4.3663899e-08   2.3451953e-07
  -0.0000000e+00  -1.9261200e-04   1.5579877e-05   7.1890304e-06   2.3825414e-05  -6.6304356e-06   1.2847125e-05   2.3976021e-05   1.6954518e-05   9.0283902e-06   8.3344175e-06   1.2202170e-06   1.9056712e-06   1.8822687e-06   3.3027477e-06   1.7438678e-06   4.1759599e-06  -7.0792049e-07   2.0628277e-06   1.8453532e-06   9.7062718e-07   1.9647844e-06  -1.1510650e-06
  -0.0000000e+00  -1.8586822e-04   6.5835998e-06   2.9000732e-05   5.6128747e-06   3.1541734e-07   8.9306732e-06   1.5370613e-05   1.0527983e-05   8.5278989e-06   1.1817732e-06   5.4371176e-06   1.8417086e-06   2.2893066e-06  -1.6389438e-06   1.1068744e-06   4.3815967e-07   1.9085307e-06   7.4883184e-07   2.5745373e-07  -6.5274719e-07   1.2037556e-07   7.4277261e-07
  -0.0000000e+00  -1.8460256e-04   9.3321250e-06   2.9384310e-06   2.8295246e-05  -1.0301479e-05   8.4343883e-06   2.6131745e-05   1.8371797e-05   4.2070928e-06   7.7267532e-06   1.6306376e-06   7.4339891e-07   2.4784604e-06   3.3368958e-06   8.2332684e-07   1.3921330e-06   2.2349591e-06  -1.4031700e-07  -9.7202178e-07  -6.9646666e-07   1.2317030e-06  -1.2783406e-06
  -0.0000000e+00  -1.8157037e-04   1.1283076e-05   1.6541342e-05   9.8446453e-06  -4.7282660e-06   8.4853236e-06   1.7050475e-05   1.2436310e-05   5.9646254e-06   2.7526762e-06   5.8682522e-06   8.3973038e-07   4.9286632e-06  -9.6625136e-08   2.7026215e-06   9.9299234e-07   2.0890027e-06  -5.8212584e-07   1.0466233e-06   1.2104685e-07   5.1410024e-07   1.6844962e-06
  -0.0000000e+00  -2.0064984e-04   1.2815850e-05   1.5711617e-05   2.2042392e-05  -6.1092678e-06   1.2409708e-05   1.6040409e-05   1.4860442e-05   9.5427531e-06   8.0347363e-06   2.4757682e-07   6.0284265e-06  -1.1708636e-06   3.8891376e-06   2.1811793e-06   1.0244586e-06  -1.8597628e-06   1.1821354e-06   5.3906291e-07   1.4041517e-06   1.1956181e-06  -9.5178888e-07
  -0.0000000e+00  -1.7416394e-04   5.8943565e-06   1.2332774e-05   8.5365791e-06  -5.0927343e-07   5.5758746e-06   2.4397887e-05   1.1104406e-05   1.4554883e-05  -2.1337310e-06   4.9944956e-06   1.1970692e-06   5.0251797e-06  -2.6371288e-07   2.1312906e-06  -1.8471169e-07   2.8333004e-06   1.6423813e-06   1.0802753e-06  -5.2324907e-07  -6.1500134e-07  -7.3065252e-08
  -0.0000000e+00  -1.9656730e-04   9.2715209e-06   1.9921967e-05   2.2033590e-05  -1.1957484e-05   1.3369398e-05   1.8424327e-05   1.6056034e-05   3.5175856e-06   1.1373418e-05   3.7418979e-06   2.3664998e-06  -1.5537860e-06   2.2816550e-06   2.3128082e-06   2.4518690e-06  -2.2104696e-06   1.2029808e-06   1.2649517e-06   5.0182013e-07   2.4158833e-06  -1.0600673e-06
  -0.0000000e+00  -1.7586238e-04   1.3680684e-05   9.4426587e-06   1.7633252e-05   3.4876639e-06   2.6549137e-06   2.5025436e-05   1.4162951e-05   6.0805878e-06   4.6070459e-06   3.5722485e-06   2.0661791e-06   4.6813866e-06   1.5732506e-06   3.2109071e-07  -1.0828484e-06   2.9859752e-06   2.0286086e-06   8.7133986e-07   1.3532750e-06  -9.0750905e-07   1.4041868e-07
  -0.0000000e+00  -2.0129346e-04   7.2400935e-06   1.3994655e-05   2.0773645e-05  -1.4404825e-05   1.7445478e-05   1.3371536e-05   1.6715818e-05   8.8677798e-06   8.3443001e-06   9.8150247e-07   2.9340158e-06   4.2276351e-06   2.4928636e-06   2.5276304e-06   2.5457080e-06  -6.0555050e-07   2.0075818e-06  -4.4990821e-07   7.0252003e-07   2.4349565e-06   7.3121544e-07
  -0.0000000e+00  -1.7356992e-04   6.2642212e-06   1.7384920e-05   1.2080404e-05   7.2292796e-06   1.8852796e-06   2.4257210e-05   1.3357614e-05   7.8331705e-06   2.0417076e-06   5.2340056e-06   2.1134286e-07   8.6733962e-07   3.3344595e-06   9.1175576e-07   2.2627935e-06   2.7365315e-06  -6.1135239e-07  -7.5338073e-07  -9.9560202e-07  -1.9231554e-07   2.9015231e-07
  -0.0000000e+00  -1.9520726e-04   1.6134032e-05   1.2678524e-05   2.2167296e-05  -1.2001530e-05   7.9447354e-06   2.2130262e-05   1.3808306e-05   8.9790992e-06   5.4589950e-06   9.2109997e-07   3.0853437e-06   1.4971695e-06   3.0010531e-06   2.6256969e-06   6.6516372e-07   7.0926092e-07   1.5035225e-06   3.8682617e-07  -1.2336990e-06   1.1630863e-06   8.2826006e-07
  -0.0000000e+00  -1.8306235e-04   7.0869642e-06   1.5331132e-05   9.9018553e-06  -1.1600100e-06   9.3890794e-06   1.4263805e-05   1.4638278e-05   8.5799384e-06   1.5211085e-06   7.3744691e-06  -5.3496740e-07   3.5115174e-06   1.4542074e-06   3.1248696e-06   2.3298714e-06  -6.7780456e-07  -1.7554812e-06  -4.0142899e-07   2.7077424e-06   3.7260406e-07   2.0707644e-06
  -0.0000000e+00  -1.8594858e-04   1.2388830e-05   1.0785619e-05   2.6612230e-05  -1.0721758e-05   1.1974877e-05   2.4415447e-05   1.9269586e-05   3.0734959e-06   8.2363495e-06  -2.8817012e-06   6.9057451e-06   6.4766886e-07   3.1326388e-06   1.1334745e-06  -8.9953312e-07   1.4386674e-06   1.8297355e-07   8.9845310e-07   6.4880498e-07  -2.1591177e-07   2.6062107e-06
  -0.0000000e+00  -1.8287355e-04   5.3340009e-06   2.2437040e-05   1.0072627e-05   1.9224569e-07   3.4962438e-06   1.8188302e-05   1.1514962e-05   1.1049904e-05   2.4762899e-06   6.9094303e-06   1.0851388e-07   3.3096655e-06   1.7219775e-06   1.1303746e-06   2.4767546e-06   1.1764920e-06   2.2036387e-07   2.8007964e-08   4.4127898e-08   3.6818000e-07   6.6522136e-07
  -0.0000000e+00  -1.9375369e-04   1.4963956e-05   5.2687151e-06   2.3911580e-05  -4.2081583e-06   1.2357234e-05   2.2319342e-05   1.6443952e-05   6.8858294e-06   5.1212478e-06   2.1989722e-06   2.7127658e-07   9.3282409e-07   8.4766288e-07   1.3781181e-06   3.4052752e-07   2.3324719e-06   1.0470944e-06  -2.4413905e-06   2.2454154e-07   1.1587176e-06  -1.3467062e-06
  -0.0000000e+00  -1.8297521e-04   7.6284155e-06   2.2698712e-05   1.2466901e-05  -4.1151957e-06   7.8561588e-06   2.2370232e-05   1.3131881e-05   8.6284663e-06   2.4599844e-06   3.1736522e-06   2.7058893e-06  -2.5633213e-07   4.0647296e-06  -4.5924810e-07   1.0924068e-06   1.1731278e-06   9.9101271e-07   1.0453609e-06   3.0068333e-07   4.7236045e-07   9.9143733e-07
  -0.0000000e+00  -1.8861823e-04   1.2675851e-05   1.1380562e-05   1.6261254e-05  -6.8111599e-06   1.1219579e-05   1.4636525e-05   1.9791803e-05   6.5350982e-06   7.8982284e-06   2.7855185e-06  -3.3602430e-07   3.5603771e-06   1.1045959e-06   3.7074087e-06   2.3367822e-06  -1.6235391e-06   2.8860695e-06   1.2274738e-06   7.5715754e-08  -6.2758971e-07   8.4254145e-07
  -0.0000000e+00  -1.8097559e-04  -1.0847768e-06   1.8183424e-05   1.6181109e-05  -6.6311736e-07   7.1605373e-06   2.4522171e-05   1.0715684e-05   8.3052573e-06   7.2183457e-06   1.4746079e-06   6.0907892e-06   3.6963552e-06   1.8777414e-06  -1.4662450e-06   1.6382469e-06   1.0524603e-06  -2.2579806e-07   8.7197157e-07   1.7913666e-06   6.6592719e-07   1.2529101e-07
  -0.0000000e+00  -1.9283230e-04   1.9219788e-05   1.0399114e-05   2.1123158e-05  -5.0858630e-06   4.2122051e-06   1.8129880e-05   1.9101764e-05   8.0548116e-06   4.3517703e-06   3.0086944e-06   1.1298888e-06   8.6971323e-07   4.1309027e-06   1.8298432e-06   3.3853880e-07   9.6071130e-07   2.0923246e-06  -1.7992600e-06   8.0657674e-07   1.2137746e-06   3.8162125e-07
  -0.0000000e+00  -1.8062959e-04   9.7632719e-06   1.8602104e-05   1.4230297e-05  -4.6117757e-06   9.5423875e-06   2.8375080e-05   8.8498218e-06   9.8265100e-06   3.1438226e-06   2.4110038e-06   2.3576024e-06   3.9245888e-06   1.0846941e-06   4.5582210e-06  -1.2605957e-06   1.3699746e-06   9.5377527e-07  -1.8822772e-06  -3.3162715e-07   2.3210978e-06   5.0467673e-07
  -0.0000000e+00  -1.8943625e-04   1.2011452e-05   1.2970299e-05   1.7840568e-05  -3.8868425e-06   1.2359274e-05   1.5168866e-05   1.7223347e-05   9.3550034e-06   7.6517927e-06   3.3166775e-06   1.2175216e-06   3.9242039e-07   3.5522798e-06   1.1606760e-08   2.5815375e-06   8.0541685e-07  -2.7275860e-06   1.9086533e-06   2.7858432e-06  -2.6513987e-06   2.3618452e-06
  -0.0000000e+00  -1.8322164e-04   3.1866716e-06   1.6415592e-05   1.9200028e-05  -3.2252719e-06   3.8486187e-06   2.3297192e-05   1.4228177e-05   3.9201027e-06   4.3473556e-06   5.3588046e-06   1.6276778e-06   5.0620793e-06   9.7885390e-07   3.2167402e-06   2.8680483e-07   1.5579520e-06   2.8388758e-06  -3.5980338e-07  -1.5212278e-06   6.4209053e-07   3.4451165e-07
  -0.0000000e+00  -1.8709198e-04   1.8224840e-05   1.5185861e-05   1.6674938e-05  -3.9961446e-06   1.1236179e-05   1.7372477e-05   1.7080685e-05   1.0182472e-05   5.1140137e-06   3.2917355e-06   3.1281406e-06   1.8054338e-07   2.4789754e-06   3.1051193e-06   2.8562317e-07   6.5651835e-07  -9.7514021e-07   9.7472719e-07   2.1293097e-06   1.8996869e-07   1.5853155e-06
  -0.0000000e+00  -1.8717880e-04   4.0411996e-06   1.7293891e-05   1.3943914e-05  -3.4743987e-06   6.6585822e-06   2.2472383e-05   1.0804805e-05   7.1614700e-06   4.7555372e-06   2.7729625e-06   3.0746410e-06   3.5415728e-06   4.4974627e-07   2.0673665e-06   6.2875716e-07  -1.1644440e-06   1.6394049e-06  -6.0917836e-07   9.2168142e-07  -1.4669879e-06  -9.1014658e-07
  -0.0000000e+00  -1.8610431e-04   1.5105898e-05   1.0012148e-05   2.0172949e-05  -6.0389993e-06   8.9662908e-06   1.8337230e-05   1.3939585e-05   1.1651551e-05   4.9946407e-06   3.9357411e-07   3.9178326e-06   2.2777278e-06   4.9105142e-06   8.6961762e-08   1.5709339e-06   1.1820274e-06   1.1885415e-07  -3.7592071e-07   1.8958903e-06  -5.5426193e-07  -7.4536257e-07
