  -0.0000000e+00  -1.8731157e-04   1.1105071e-05   2.2877575e-05   1.7924993e-05  -3.6939537e-06   5.7043544e-06   1.9729152e-05   1.4558495e-05   6.0586176e-06   5.6346103e-06   6.2350259e-06   5.6697672e-07   1.6152659e-06  -1.3418837e-06   3.3493973e-06   1.9913814e-06   7.9971312e-07   1.0095813e-06   1.8241756e-06  -7.8907772e-07  -6.1218378e-07  -1.8236634e-07
  -0.0000000e+00  -1.8322536e-04   1.2189686e-05   8.9164751e-06   1.6300412e-05  -3.3995327e-06   1.0451350e-05   1.6312733e-05   1.7348095e-05   4.9058272e-06   4.2735119e-06   1.7754065e-06   8.4909414e-07   2.6127791e-06   3.8209650e-06  -2.4162894e-06   5.3359795e-06  -7.0536112e-07   2.4759338e-06  -9.9326158e-08  -9.0030477e-07   1.1990912e-06   9.6812471e-07
  -0.0000000e+00  -1.8244183e-04   8.9361820e-06   2.3659451e-05   1.7193232e-05  -2.8399629e-06   1.0398632e-05   1.7337201e-05   8.5317661e-06   1.0651679e-05   6.1218234e-06   2.4355770e-06   3.2998696e-06   4.8560054e-07   2.5001930e-06   3.4759273e-06  -3.3515744e-07  -1.5390511e-06   1.8235930e-07   8.1711318e-07   1.6690800e-06   7.3920705e-07  -6.0054515e-07
  -0.0000000e+00  -1.8618748e-04   1.8999535e-05   1.0647079e-05   2.0012842e-05  -4.9311134e-06   5.8208934e-06   2.0698071e-05   1.3341816e-05   5.9155745e-06   1.8488046e-06   3.4539853e-06   4.2702627e-06   2.1937283e-06   4.3147234e-06   7.3493783e-07   1.7365788e-06   1.3894387e-06   4.3167074e-06  -1.2463917e-06   7.0968946e-07   5.3742764e-07   6.6824225e-07
  -0.0000000e+00  -1.8890877e-04   7.1122154e-06   1.4984195e-05   1.6096710e-05  -5.2263131e-06   7.3770252e-06   2.2262830e-05   1.6383530e-05   8.5536567e-06   6.2092818e-06   3.5351939e-06   2.1576382e-06   3.6461770e-08   1.7423675e-06   3.5727594e-06  -8.3575969e-08  -2.4992360e-07  -1.3461969e-06   1.2380998e-06   1.5925339e-06   2.7145930e-07  -1.2763071e-06
  -0.0000000e+00  -1.8263998e-04   1.5847316e-05   1.7426248e-05   1.9321562e-05   8.8012104e-07   7.5789721e-06   1.4047272e-05   1.3542036e-05   3.3954011e-06   4.5148236e-06   2.5688109e-06   4.7324561e-06   4.2778388e-06  -1.0235165e-06   1.3418193e-06   3.7028165e-06   1.5004257e-07   1.0902935e-06   3.1122102e-07   1.3093428e-06  -2.1174897e-07   2.1310234e-06
  -0.0000000e+00  -1.7947778e-04   6.7573692e-06   1.7274764e-05   1.5811886e-05  -7.6064762e-06   1.3625602e-05   2.2024904e-05   1.5944288e-05   1.1876448e-05   2.6919593e-06   2.5208237e-06   1.2806312e-07   2.2050983e-06   2.3464429e-06   4.6024338e-06  -1.0234286e-06   1.2477159e-06  -9.1122365e-07   1.5465932e-06   1.0618896e-06   3.3347644e-07   1.1539457e-06
  -0.0000000e+00  -1.9153209e-04   1.1478321e-05   1.2534056e-05   1.7055983e-05  -6.5194349e-06   2.6604423e-06   1.8719582e-05   9.8730907e-06   5.0352642e-06   4.3146688e-06   3.3831602e-06   4.5809311e-06   1.6873710e-06   2.6594737e-06   1.4389447e-06   8.1428482e-07   1.9228296e-06  -4.0091379e-07   1.0844899e-06   1.1392711e-06   6.5445897e-07  -1.7390379e-06
  -0.0000000e+00  -1.8308767e-04   1.5604963e-05   1.9213114e-05   1.5210383e-05   4.0045702e-06   8.2099887e-06   2.2476488e-05   1.7166396e-05   7.7269551e-06   5.5985770e-06   3.0662807e-06  -1.7492637e-06   2.3534358e-06   2.2206364e-06   2.1045851e-06  -4.8625327e-07   2.8132703e-07   1.1777049e-06  -2.4175631e-06   7.5288011e-07  -1.3476391e-06   2.3274916e-07
  -0.0000000e+00  -1.8955486e-04   8.5320326e-06   1.5755175e-05   1.6745689e-05  -1.0814120e-05   9.6686326e-06   1.6192436e-05   1.0869503e-05   9.5929636e-06   5.6488789e-06   1.4242066e-06   6.3918696e-06  -3.4036577e-07   1.4890769e-06   2.4869819e-06   2.0706880e-06  -6.0752473e-07  -1.0324152e-06   1.8745410e-06   2.2310064e-06  -1.2515086e-06  -1.2013122e-06
  -0.0000000e+00  -1.7864452e-04   1.1094776e-05   1.0623181e-05   1.9382131e-05  -1.8967083e-06   6.0420921e-06   2.0377065e-05   1.7827197e-05   2.1861472e-06   6.1289079e-06   4.5080092e-06  -1.1380237e-06   1.7982683e-06   1.9420243e-06  -3.7037088e-07   1.6898070e-06   7.0496253e-07   1.8101038e-06   1.9229851e-06   2.2737035e-08   2.0338443e-06   6.9314973e-07
  -0.0000000e+00  -1.8807368e-04   1.1173834e-05   1.5203185e-05   2.0115909e-05  -7.5855787e-06   9.5174637e-06   2.4297817e-05   1.1659485e-05   1.2352528e-05   6.0470875e-06   3.2749967e-06   1.2915826e-06   3.2878197e-06   2.5168940e-06   3.1388106e-07   5.0954992e-07   2.9618329e-07   3.6136355e-06   3.1337049e-07   1.1332176e-06   1.7807664e-06   1.7882663e-06
  -0.0000000e+00  -1.8568501e-04   1.6075817e-05   1.5071547e-05   1.4687105e-05  -5.3067561e-07   3.1477118e-06   1.6111157e-05   1.0906978e-05   6.7891492e-06   3.9802676e-06   2.7256203e-06   5.1039688e-06   2.6251907e-06   2.2455247e-06   1.7509318e-06   1.0962297e-06   1.0545883e-06  -1.9179770e-06   1.7336957e-06  -1.3396962e-06   1.0575102e-06  -1.4010897e-06
  -0.0000000e+00  -1.9086846e-04   4.5070074e-06   2.2128952e-05   1.5284433e-05  -6.9646319e-07   1.4652213e-05   2.2077205e-05   1.7314824e-05   1.0446088e-05   3.5775374e-06   1.8712813e-06   2.8326760e-06   3.1249426e-06   1.9711779e-06   3.0065287e-06  -3.8464628e-07   5.1669451e-07   2.7224849e-06   1.8365681e-07   9.2504342e-07   5.6767533e-07   5.5134512e-07
  -0.0000000e+00  -1.7497705e-04   1.2514198e-05   1.1242570e-05   1.9060295e-05  -4.7143903e-06   5.8394508e-06   1.3408316e-05   1.0916432e-05   2.6069965e-06   7.1764021e-06   4.2626189e-06   7.7282198e-07   1.5720838e-06   2.1407484e-06   1.4161374e-07   5.6073640e-07   1.8481064e-06  -1.8222074e-06  -1.7528097e-07  -2.2638324e-06   9.7326642e-07   1.2962822e-06
  -0.0000000e+00  -1.9174356e-04   1.7496523e-05   1.4058905e-05   2.1519314e-05  -6.9786920e-06   8.7856206e-06   2.5739013e-05   2.1119658e-05   6.3118814e-06   6.8897821e-06   2.9674607e-06   9.8367792e-08   2.7820072e-06   8.3938693e-07   4.7947442e-06   2.8003781e-06  -8.2317035e-07  -1.1358318e-06   9.6717793e-07   4.4953035e-06  -1.6700581e-06  -1.6717696e-07
  -0.0000000e+00  -1.8413013e-04   7.1544737e-06   1.8848335e-05   1.5809079e-05   3.7885150e-07   9.5711503e-06   1.7003444e-05   7.0964034e-06   8.5960774e-06   2.0297171e-06   5.7376465e-06   3.1178081e-06   1.0369835e-06   2.8371096e-06  -2.9037292e-07  -7.9570776e-07   1.9530439e-06   1.9275640e-06   2.8173608e-06  -3.0150243e-06   8.7402748e-07   1.8455007e-06
  -0.0000000e+00  -1.8318018e-04   1.0626830e-05   1.6400370e-05   2.0282743e-05  -4.5904189e-06   7.9987649e-06   2.2197179e-05   1.1491713e-05   1.0818925e-05   7.0277770e-06   1.6726194e-06  -1.2564377e-06   1.6495297e-06   3.9687920e-06   1.1565281e-06   8.8127939e-07  -2.0112898e-06   2.8396628e-06   4.7324835e-07   8.9112842e-07  -8.6859416e-07   2.1319622e-08
  -0.0000000e+00  -1.8182526e-04   8.6036880e-06   2.0262227e-05   1.7024993e-05  -6.7526553e-06   1.2954672e-05   2.0616937e-05   1.3377873e-05   1.1770256e-06   3.4688908e-06   2.4275387e-06   5.0596555e-06   1.3382793e-06   2.9371008e-06  -1.1813819e-06   1.8981576e-07   2.4409478e-06  -9.3776144e-08   1.3821857e-06  -1.0483307e-06   1.9668714e-06   5.7243705e-07
  -0.0000000e+00  -1.9032338e-04   2.2225147e-05   7.9909159e-06   2.2193510e-05  -3.0619790e-06   6.2307540e-06   1.4315671e-05   1.8069011e-05   8.5055199e-06   8.2666720e-06   4.1386356e-06  -3.0404879e-06   2.6449959e-06   1.1757315e-06   1.7455210e-06   1.4156620e-06  -6.0153985e-07   1.8997954e-07   1.6159613e-06   6.4418350e-07   1.1177251e-06  -1.3894216e-06
  -0.0000000e+00  -1.8514202e-04   6.6389071e-06   2.2639828e-05   1.6071817e-05  -2.0810646e-06   1.0488603e-05   1.9521787e-05   1.3277170e-05   5.6522185e-06   2.1979872e-06  -1.1452501e-06   5.0257959e-06   2.8432414e-06   2.6764499e-06   1.0731321e-07  -1.1263771e-06  -6.3701145e-07   9.3008516e-08   2.7772668e-07  -3.9686839e-08   5.3703633e-07   2.9629127e-06
  -0.0000000e+00  -1.7810012e-04   6.1310216e-06   1.6322607e-05   1.6444836e-05  -4.7057529e-06   9.2120872e-06   2.3540753e-05   1.4534239e-05   7.7686964e-06   4.2114598e-06   5.9578651e-06   1.8801353e-06   8.0217831e-07   3.2545165e-06   2.6360092e-06   2.7102731e-06   1.6349233e-06  -2.0870182e-06  -4.3115807e-07   2.6515565e-06   5.5042511e-07  -6.0429983e-08
  -0.0000000e+00  -1.9222248e-04   1.6682508e-05   1.4687372e-05   1.8318440e-05  -2.8053598e-06   7.5389639e-06   1.5822148e-05   9.5888699e-06   9.2801720e-06   4.0967329e-06   3.7501004e-06   1.0231728e-06   1.3524407e-06   3.2174819e-06   1.4926897e-07  -2.1671744e-06   3.2022097e-06  -2.2341511e-07  -6.3207871e-08  -3.7601379e-07   1.5507737e-06   1.7692549e-06
  -0.0000000e+00  -1.8491904e-04   1.6258193e-05   1.3934961e-05   1.8744689e-05  -7.4029781e-06   1.2768852e-05   2.1438436e-05   1.7633905e-05   4.3712207e-06   6.0590028e-06   7.4311424e-07   3.0427345e-06   2.7960082e-06   1.7984796e-08   3.4026850e-06   1.8717662e-07  -2.3219469e-07   6.6288879e-07   1.6427094e-06   3.8316130e-06   5.0465934e-07  -1.4030618e-07
  -0.0000000e+00  -1.7468922e-04   7.5920166e-06   1.4789015e-05   1.4423028e-05  -2.1910582e-06   6.6441999e-06   1.6889699e-05   1.4174072e-05   6.7130636e-06   6.0056241e-06   8.8635772e-07   1.7256543e-06   3.2049522e-06   2.5105269e-06   5.1667456e-07   1.8846647e-06   1.1903310e-06   6.7944904e-07   1.3118151e-06   5.2119935e-07  -1.0176759e-06   6.0778376e-07
  -0.0000000e+00  -1.9302753e-04   6.2106201e-06   2.1527962e-05   1.9904033e-05  -4.2897414e-06   8.7595445e-06   1.8385348e-05   1.2457083e-05   9.3754215e-06   6.0414386e-06   5.1733509e-06   1.7995201e-06   2.7045537e-06   3.7625459e-06   3.1454294e-06  -2.1955972e-07  -2.9022988e-07   4.1175980e-07   1.9795052e-06  -1.0312619e-06   2.3841710e-06   4.8719573e-07
  -0.0000000e+00  -1.8384593e-04   1.7037415e-05   1.1847760e-05   1.5854457e-05   1.6571222e-06   6.7661836e-06   1.9049581e-05   1.5727597e-05   5.3070680e-06   2.2167769e-06   5.3001836e-06   1.2689358e-06   2.3765990e-06   3.6192305e-06  -9.1159399e-07   2.1249996e-06   2.4604124e-06   9.7465056e-07  -2.9689312e-07   9.7981979e-07  -2.9284382e-07  -1.8362377e-06
  -0.0000000e+00  -1.8780182e-04   1.4780839e-05   1.4245315e-05   2.0027952e-05  -1.0673608e-05   1.1314440e-05   2.1251015e-05   1.0979413e-05   1.0655376e-05   4.3630976e-06   1.9926447e-06   1.3265579e-06  -3.7126506e-07   2.3273165e-06   7.6397436e-07   2.4201424e-06  -9.9804697e-07   1.8614242e-06   1.2137057e-06  -1.0039281e-06   2.2662193e-06  -5.4111172e-07
  -0.0000000e+00  -1.7714821e-04   5.8357896e-06   1.8987123e-05   1.6879923e-05  -1.0530052e-06   5.9637950e-06   1.6479033e-05   1.6886937e-05   2.6944297e-06   6.8479171e-06   1.2655022e-06   2.4894464e-07   5.1465408e-06   1.3691194e-07   6.3921954e-07  -3.0888086e-07  -2.5233996e-07   1.5833659e-06   1.6282502e-06   9.3922210e-07  -1.6850669e-06   2.0355117e-06
  -0.0000000e+00  -1.9125186e-04   5.1669958e-06   2.0002366e-05   1.9906904e-05  -6.5643335e-06   1.0353835e-05   1.9906589e-05   1.4638600e-05   9.5166697e-06   7.3674528e-06   2.3147452e-07   3.9581364e-06   4.2026636e-07   1.8487438e-06   3.5452674e-06   1.2179252e-06  -5.2620447e-07   1.2611732e-06  -9.5167849e-07   1.8983184e-06   1.3358663e-06   1.6068252e-07
  -0.0000000e+00  -1.8579265e-04   2.4523040e-05   7.5411986e-06   1.5529016e-05  -1.0706451e-06   6.4122428e-06   1.7500368e-05   1.0884967e-05   6.8856743e-06   2.0026876e-06   6.5310160e-06   5.3529197e-07  -5.3603645e-07   2.9536282e-06   3.3136655e-07   3.7040707e-07   1.5984455e-06  -5.2117679e-07  -8.9643419e-07  -1.3520533e-07  -2.0730959e-06   2.9026430e-06
  -0.0000000e+00  -1.8097441e-04   6.7001856e-06   1.6769347e-05   1.8596595e-05  -4.9601754e-06   1.3259676e-05   2.2792585e-05   1.2241312e-05   1.0660692e-05   4.8940747e-06   3.7550356e-07  -3.4929505e-07   1.0303413e-06   1.1812883e-06   4.8949300e-06  -3.5182815e-08  -6.0057033e-08   1.3234885e-06  -2.6985163e-07   1.2472892e-06   1.4757131e-06  -1.4184934e-06
  -0.0000000e+00  -1.8766227e-04   7.4907730e-06   1.8562499e-05   1.5683914e-05  -6.6394778e-06   7.9629845e-06   1.4456617e-05   1.4505901e-05   4.8961565e-06   3.5095068e-06   6.2484669e-06   1.1745800e-06   5.2538644e-06   1.2037616e-06   7.4556448e-07   2.6057878e-06   1.5320441e-06  -1.4110843e-06   1.2255658e-06  -2.8543508e-07  -3.2247195e-07   2.3534117e-06
  -0.0000000e+00  -1.8280064e-04   1.1545309e-05   1.7539440e-05   1.7650224e-05   7.7497282e-07   9.3113349e-06   2.2720029e-05   1.6427453e-05   7.7796876e-06   7.5902440e-06   9.0611110e-07   2.9217037e-07   4.6400273e-06   2.6297866e-06   2.0491964e-06   9.2393117e-07  -1.2959230e-06   3.9315591e-06  -1.3245528e-07   1.4742731e-06   1.1727647e-06   6.8277410e-07
  -0.0000000e+00  -1.8511355e-04   1.2926064e-05   9.5178184e-06   1.7563420e-05  -2.3267075e-06   8.0307937e-06   1.4905297e-05   1.3262130e-05   3.1019363e-06   3.8726571e-06   6.5923873e-06   2.0558839e-06   1.7599124e-06   1.7363176e-06   2.8596246e-06   8.5640482e-07   1.7607534e-06   2.3047428e-06   8.0419250e-07  -1.6646110e-06   1.7858283e-06   6.2349557e-08
  -0.0000000e+00  -1.8969794e-04   1.0882861e-05   1.6426517e-05   2.1039266e-05  -6.1859000e-06   6.2982749e-06   2.5824858e-05   1.2315126e-05   1.1163866e-05   5.0397252e-06   2.6626187e-06   4.3668970e-06  -1.3828004e-06   3.2924663e-06   1.2073569e-06   3.0764224e-06  -2.0106122e-06  -1.7513969e-06   4.4532609e-07   2.0411112e-06  -1.7296045e-07   1.2544555e-06
  -0.0000000e+00  -1.8206137e-04   1.0007489e-05   2.2203327e-05   1.5151723e-05  -4.2541437e-06   1.5400125e-05   1.6580465e-05   1.1516699e-05   7.1091968e-06   2.9093462e-06   2.9819705e-06  -1.8722821e-07   4.2938482e-06   2.0194616e-06   8.0518345e-07  -4.9518280e-07   1.7482716e-06   2.3895791e-06   3.9072788e-07  -1.1105063e-06  -1.6393112e-06   1.9344830e-06
  -0.0000000e+00  -1.8291273e-04   1.1679384e-05   1.2834538e-05   1.6656064e-05  -3.6492753e-07   3.9313281e-06   1.6964994e-05   1.7876522e-05   5.8255305e-06   7.6828719e-06   4.8062452e-06  -9.9045531e-07  -9.6928704e-07   2.1061414e-06   5.8077057e-07   1.6608822e-06   9.8678959e-07   2.1727303e-07  -5.9384725e-08   2.4882750e-06   1.5984245e-06  -1.1867140e-06
  -0.0000000e+00  -1.9191377e-04   1.3008579e-05   1.4965849e-05   2.2616960e-05  -3.6228755e-06   6.7543774e-06   2.4419502e-05   1.5999167e-05   3.9226879e-06   2.8566442e-06   4.7455933e-06   2.4345009e-06   2.5768209e-06   1.1438860e-06   3.1365500e-06   8.0604855e-07   1.6698024e-06   2.4306173e-06  -8.0339100e-07   3.0381891e-08   1.2785016e-06  -1.8290716e-07
  -0.0000000e+00  -1.7821578e-04   8.5162719e-06   1.8956547e-05   1.5327563e-05  -6.6982207e-06   1.0992507e-05   1.4950099e-05   1.3453748e-05   7.6760361e-06   5.8726810e-06   2.7512212e-06   1.3525915e-06   2.3696914e-06   1.3085834e-06   2.6146686e-06  -4.9762531e-07   1.2527412e-06   6.1038003e-07   1.9083900e-06   1.5736337e-06   8.0030941e-07   2.0010627e-06
  -0.0000000e+00  -1.8741503e-04   1.1892726e-05   1.6634931e-05   1.8460376e-05  -6.0434354e-06   1.1077480e-05   2.1320891e-05   1.0864465e-05   9.8168566e-06   2.6042671e-06   2.8965615e-06   2.8335942e-06   1.6565011e-06   9.8897567e-07   1.0170781e-06   1.2795169e-06   1.0429536e-06   3.2366736e-07   4.6771764e-10   6.9470281e-07   4.4171333e-07   1.8069986e-06
  -0.0000000e+00  -1.8986399e-04   1.3910616e-05   1.7768061e-05   1.5761927e-05   4.0544505e-06   3.5314856e-06   1.7930490e-05   1.7800017e-05   5.5910532e-06   4.5303736e-06   4.6494392e-06   1.1880627e-06   1.5112947e-06   3.8739390e-06  -9.2195745e-07   2.5658953e-06   1.0898416e-06  -9.8890200e-07   9.4654189e-07  -8.0094651e-07  -6.5950371e-07   9.2885347e-07
  -0.0000000e+00  -1.8345393e-04   5.9225536e-06   1.4515907e-05   2.3488032e-05  -1.0680253e-05   6.0351613e-06   1.8238721e-05   1.4607566e-05   5.5629725e-06   6.8104760e-06   2.6975563e-06  -1.0050645e-06   9.3635362e-07   3.7892892e-06   2.7748973e-07   4.0108866e-06  -1.7724020e-07   1.1774995e-06  -5.0361294e-08   2.6219088e-06  -1.1827002e-06   1.5553032e-06
  -0.0000000e+00  -1.8153990e-04   1.3632506e-05   1.5530333e-05   1.5906935e-05  -2.1215244e-06   1.3082848e-05   2.2088068e-05   9.3218250e-06   8.2449133e-06   6.1701489e-06  -1.2581578e-06   5.9036424e-06   1.8927635e-06   3.6877605e-06   4.2231315e-07   9.9326132e-07   2.5465381e-06   1.6997237e-07   2.1423748e-06   1.0757688e-06   2.2028148e-06  -7.8222094e-08
  -0.0000000e+00  -1.8343622e-04   9.5014439e-06   1.9638135e-05   1.2325937e-05  -3.6197571e-06   7.5679354e-06   1.5384756e-05   1.5118302e-05   5.5821160e-06   5.6604849e-06   3.4095233e-06   2.5911377e-06   3.3012218e-06   2.7526473e-06   3.8263374e-06   4.3453005e-07  -3.5275640e-08   1.4426942e-06  -2.2971958e-06   2.0694877e-06   2.5878876e-06  -1.7908920e-06
  -0.0000000e+00  -1.8957975e-04   1.1130587e-05   1.0624984e-05   2.2501836e-05  -4.1722778e-06   5.6929284e-06   2.2288596e-05   1.5016147e-05   6.3443704e-06   1.3306944e-06   6.2453578e-06   3.1740953e-07   2.2541597e-06   2.1792359e-06   4.3468702e-07  -1.1351535e-06   2.1307444e-06   6.3787257e-07  -1.0010516e-06  -8.3354246e-07  -6.3600129e-07  -4.3338505e-07
  -0.0000000e+00  -1.8502399e-04   1.5682826e-05   1.6875843e-05   1.7008395e-05  -2.3393459e-06   1.1845485e-05   1.7438584e-05   1.2254472e-05   6.5180534e-06   6.4788601e-06   1.9648460e-06   7.9715863e-07   2.7122587e-06  -3.1819536e-07  -2.6518029e-07   1.3754772e-06   2.1474036e-06  -1.3120083e-06  -2.2612545e-07   9.1002295e-07   2.9807766e-06  -1.5210177e-06
  -0.0000000e+00  -1.7853915e-04   1.0270933e-05   1.6890815e-05   1.7369190e-05  -7.8509311e-06   9.4162451e-06   1.6935257e-05   1.2133040e-05   1.2664013e-05   4.6978803e-06  -1.3013397e-07   6.4461005e-07   3.6516910e-06   2.1725373e-06   3.2636619e-06  -5.9108132e-08  -2.4696092e-07   1.4976046e-06   8.7247565e-07   9.9821506e-08   3.2218725e-07   2.2166382e-06
  -0.0000000e+00  -1.8503546e-04   1.1831270e-05   1.2732901e-05   2.2052634e-05  -1.3883947e-07   6.4267883e-06   2.2532055e-05   1.3510296e-05   6.2275394e-06   7.1726508e-06   1.7447309e-06   4.2570891e-06  -1.5359834e-06   2.2340132e-06   1.8127355e-06  -3.0000258e-06   1.4440369e-06  -1.3881344e-06   2.1894091e-07  -4.5128198e-07  -2.0854215e-07   5.6049458e-07
  -0.0000000e+00  -1.9079570e-04   9.8964429e-06   1.8542833e-05   1.4999287e-05  -2.6353039e-06   8.3451805e-06   1.6146148e-05   1.8529430e-05   4.4164690e-06   3.8798967e-06   7.1036466e-06   7.8328475e-07   1.5130005e-06   2.9815274e-06   2.0417838e-06  -1.6336593e-07   2.7469337e-06   4.8021820e-07   7.0970219e-07   2.7364413e-06  -8.4125202e-07   2.3241584e-07
  -0.0000000e+00  -1.7965364e-04   1.7974524e-05   1.4921211e-05   1.8291972e-05  -7.5482994e-06   1.1990611e-05   1.7172506e-05   1.2190636e-05   1.2548901e-05   5.5624323e-06   2.1476326e-06   2.5054812e-06   3.7012680e-06   3.5887033e-06  -3.2361839e-07   2.8956499e-06  -8.7629928e-07  -2.9507223e-07   4.3765596e-07  -1.4056624e-06   1.1722771e-06   2.1922801e-06
  -0.0000000e+00  -1.9108127e-04   9.4702173e-06   1.5188309e-05   1.8786934e-05  -2.6281814e-06   5.6778581e-06   2.1576241e-05   1.5125384e-05   5.9661211e-06   4.7083445e-06   4.0370373e-06   3.8388162e-06   2.5428642e-06  -2.2396389e-06   1.5904799e-06   3.5624819e-06  -1.7727868e-06   2.5795032e-06   4.5821301e-07   8.7465139e-07   3.4265850e-07  -7.6976954e-07
  -0.0000000e+00  -1.7702146e-04   5.7815191e-06   1.5957712e-05   1.8062967e-05  -3.5176442e-06   8.8946563e-06   1.7821829e-05   1.3758182e-05   7.3612237e-06   3.7121281e-06   3.1555021e-06   2.0347786e-06   1.5308021e-06   2.4194644e-06   1.3912306e-06   1.8084826e-06  -3.8687798e-08   1.4667429e-06   1.2299907e-06  -1.9173564e-07   2.0454036e-06  -9.4761015e-07
  -0.0000000e+00  -1.9101800e-04   1.9095645e-05   1.5229768e-05   1.7454322e-05  -3.9465435e-06   5.2556393e-06   2.1632872e-05   1.3894596e-05   8.7668705e-06   6.5678078e-06   3.7236600e-06   4.2052682e-07   1.6937299e-06   3.0147426e-06   2.0913862e-06  -6.9173603e-07   8.0854448e-07   9.7904797e-07  -2.9949308e-07   2.2533434e-06   3.8955125e-07   1.0961779e-06
  -0.0000000e+00  -1.8520762e-04   8.4686371e-06   1.8937400e-05   1.5458345e-05  -3.9096990e-06   1.3207920e-05   1.7969171e-05   1.5588603e-05   6.6496218e-06   1.5323708e-06   2.6988941e-06   4.9268210e-06  -1.7007710e-06   2.5588533e-06   1.0071045e-06   1.4502676e-06  -1.3215565e-06  -1.4273935e-06   4.7152341e-07  -1.2752554e-06   1.8727272e-06   1.4704176e-06
  -0.0000000e+00  -1.8098729e-04   4.2822303e-06   1.6013450e-05   2.3411136e-05  -8.4965086e-06   5.1290895e-06   2.2143840e-05   1.1075866e-05   4.9030546e-06   7.2023577e-06  -6.1304894e-07   1.2774475e-06   2.7167857e-06   2.6204882e-06   2.0588288e-06   2.4666729e-06   7.2200839e-07   2.9116805e-07   2.1999729e-06  -1.6260865e-06  -1.2517039e-07   3.3018443e-06
  -0.0000000e+00  -1.9000372e-04   2.2401418e-05   1.3542332e-05   1.1671454e-05   2.8834531e-06   8.2966053e-06   1.8250088e-05   1.4669985e-05   7.7584618e-06   3.0680296e-06   5.4217303e-06   1.6400753e-06  -2.2056248e-07   3.4200843e-06   2.3154059e-06   2.1969711e-06   2.8800414e-06  -1.5936030e-06   2.3453310e-06   6.0480369e-07  -1.4414186e-06   8.9165007e-07
  -0.0000000e+00  -1.8264237e-04   6.1559176e-06   1.6508482e-05   1.9337560e-05  -4.1759554e-06   9.6048061e-06   2.2046646e-05   1.2712805e-05   6.7992637e-06   4.2043143e-06   3.7901523e-06   7.3253540e-07   3.6818969e-06  -1.2687514e-06   2.2876941e-06   8.2955972e-07   7.1807011e-07   2.6807613e-06  -7.5667919e-07   2.6208349e-06  -7.8129892e-07   7.2616004e-08
  -0.0000000e+00  -1.8815846e-04   8.6658856e-06   1.5754236e-05   1.7865163e-05  -6.1820106e-06   7.3609363e-06   1.4405228e-05   1.6032282e-05   9.1527745e-06   3.6997271e-06   1.0656182e-06   4.6350256e-06   3.4454342e-06   1.5034923e-06   1.7818692e-06  -9.5898110e-07   2.9661032e-06   1.4720302e-06   2.1441248e-07   1.0729652e-06  -6.7984587e-07   1.7522108e-06
  -0.0000000e+00  -1.8348497e-04   9.3194840e-06   1.8773120e-05   1.9513016e-05  -5.9881972e-06   7.0558303e-06   2.4718018e-05   1.1036054e-05   7.2307357e-06   5.0571421e-06   1.3137584e-06   2.2944514e-06   2.9241717e-06   5.5608450e-07   3.9016390e-06   4.7707363e-06  -2.0779451e-06   2.2421304e-06   1.3405132e-06  -1.0101209e-06   2.0187197e-06  -9.0606193e-07
  -0.0000000e+00  -1.7703690e-04   2.0398811e-05   9.5467503e-06   1.1604191e-05   1.1193455e-06   1.0002801e-05   1.7056818e-05   1.7720584e-05   5.2513383e-06   2.8477361e-06   3.7108900e-06   1.8965178e-06   2.4957135e-06   1.7645516e-06  -1.3393768e-07   9.6510291e-07   1.2512464e-06  -9.6901181e-07   2.5926388e-06   1.6885251e-06  -1.1538601e-06   2.2368042e-07
  -0.0000000e+00  -2.0114239e-04   1.0783997e-05   1.8414315e-05   2.0060534e-05  -6.9816533e-06   6.2733889e-06   2.2397711e-05   1.1375518e-05   1.1589820e-05   5.6971662e-06   8.7260020e-07   3.8730090e-07   5.5297113e-07   3.8184585e-06   2.0744577e-07   4.2273012e-07   1.4350798e-06   4.6741141e-07  -8.5019796e-09  -1.4943160e-07   3.0353674e-06  -1.3034252e-06
  -0.0000000e+00  -1.7045881e-04   3.6811709e-06   1.9602265e-05   1.9107247e-05  -3.4716220e-06   1.1364807e-05   1.5940312e-05   1.6970647e-05   7.6459282e-06  -3.4288004e-08   4.8138650e-06   2.2220406e-06   1.2413688e-06   4.8582474e-06   1.1536440e-06   4.5377405e-07   1.5512489e-07   1.4418474e-06   8.2505915e-07  -6.9577050e-07  -1.0921999e-06   3.7018847e-07
  -0.0000000e+00  -1.9037833e-04   1.7828657e-05   1.6822729e-05   1.3967213e-05  -8.5238125e-06   9.6193335e-06   1.9637973e-05   1.3614540e-05   8.2224105e-06   7.3309425e-06  -2.3673895e-06   2.3933296e-06   3.0712317e-06   2.0989421e-06   2.9459452e-06   2.0623302e-06  -7.0943479e-08  -6.3041847e-07   2.1994288e-06  -6.1109716e-07  -9.9620286e-07   1.5724812e-06
  -0.0000000e+00  -1.8719130e-04   1.4227671e-05   1.0821414e-05   1.7769933e-05   6.5528020e-06   2.3623550e-06   2.1554224e-05   1.2747163e-05   3.9692577e-06   7.9927286e-06   4.4934627e-06  -2.0582966e-06   7.6457800e-06   6.3619007e-07   2.0307962e-06   1.2804744e-06  -1.1500769e-06   3.5731355e-06  -8.4315872e-07   1.9380414e-06   1.0865497e-07   3.2583310e-07
  -0.0000000e+00  -1.8287648e-04   2.9789658e-06   2.1153681e-05   2.0515423e-05  -7.2127591e-06   1.4191403e-05   2.0564383e-05   1.6499896e-05   9.7155853e-06   4.2351894e-07   3.5160931e-06   4.0032764e-06  -4.3986506e-07   3.8174644e-06   2.5345109e-06   1.7127211e-06   1.9802512e-06   2.0429400e-08   5.8192865e-07   1.3493431e-06   1.1250834e-06   1.5752914e-06
  -0.0000000e+00  -1.8647900e-04   1.9104700e-05   1.3953788e-05   1.5595064e-05  -6.5555437e-06   7.9422143e-06   1.8088114e-05   1.2775893e-05   5.9160980e-06   3.2427668e-06   5.2722780e-06   8.3199734e-07   3.7484983e-06   7.6589134e-07   3.3393535e-06  -1.3872825e-06  -9.0486384e-07  -2.7073855e-07   1.8718569e-06   2.0355806e-07   1.9936893e-07   9.3186088e-07
  -0.0000000e+00  -1.8286327e-04   6.8177319e-06   1.6060247e-05   2.2627775e-05   1.4342559e-06   1.1389363e-05   1.8305565e-05   1.2027636e-05   1.0762802e-05   5.2418127e-06  -1.4119398e-06   3.8665726e-06   2.1773569e-06   5.6316835e-06   8.0172913e-07   1.4072975e-06   1.3476448e-06  -1.2338124e-06   5.2611148e-07  -6.0577537e-07   6.8678577e-07  -1.7893374e-06
  -0.0000000e+00  -1.9182116e-04   1.0133370e-05   1.9710882e-05   1.1608023e-05  -2.9444200e-06   6.9885973e-06   2.1720227e-05   1.1470653e-05   2.6175194e-06   7.4530958e-06   2.4780029e-06   2.2416923e-06   7.7972777e-07   1.3884347e-06   1.8145730e-06   2.6395556e-08   1.1162298e-06   1.2509317e-06   7.9775202e-07   1.3882789e-06   1.1683772e-07   1.3217059e-06
  -0.0000000e+00  -1.7801991e-04   1.6359616e-05   1.1156741e-05   1.7079461e-05  -2.5176994e-06   3.4533916e-06   1.9738811e-05   1.7031836e-05   3.7513503e-06   5.1990951e-06   4.5969496e-06  -3.7005751e-07   7.6806721e-08   2.1871576e-06  -3.2659798e-08   1.2106135e-07  -8.5976552e-07   1.1601895e-06  -2.0424352e-06   6.3791322e-07  -6.4938462e-07  -1.2866686e-06
  -0.0000000e+00  -1.8033554e-04   1.2606654e-06   1.9923125e-05   2.1014277e-05  -5.7955917e-06   1.6686170e-05   1.6233071e-05   1.2442703e-05   1.5662796e-05  -8.2753024e-07   2.1968206e-06   3.8598087e-06   3.8027142e-06   5.2111949e-07   3.6170450e-06   1.5580962e-06   1.7888553e-08   1.3113477e-06   1.6894322e-06   1.5225343e-06   1.4720047e-06  -5.1526138e-07
  -0.0000000e+00  -1.9741645e-04   2.4749359e-05   9.3529106e-06   1.5674039e-05  -3.3661909e-06   3.3272709e-06   1.9428629e-05   1.6683414e-05   2.2174688e-06   7.8736375e-06   2.6441044e-06   2.8437289e-06   1.8782644e-06   9.6616236e-07   1.9372378e-06   1.7716765e-06   4.9577800e-08   1.8553219e-07   9.0606505e-07   3.2605969e-06  -5.0885262e-08  -3.8740322e-07
  -0.0000000e+00  -1.8094903e-04   4.6752598e-06   2.2986127e-05   1.7133312e-05  -9.2913651e-06   1.0410456e-05   2.4779489e-05   1.2750638e-05   8.5204229e-06   2.5585498e-06   4.8418851e-06  -1.5126338e-06   1.6674009e-06   3.0527863e-06  -3.1157816e-07   3.5281633e-07   4.0820188e-07   7.6532916e-07   7.2820455e-07  -1.9962854e-06   1.5551800e-06   2.8392674e-06
  -0.0000000e+00  -1.7878349e-04   1.0653580e-05   1.4122771e-05   1.8552959e-05  -6.0060887e-07   8.7256867e-06   1.2531825e-05   1.6397897e-05   6.6514244e-06   6.0764801e-06   2.8407962e-06   2.6329662e-06  -3.5665667e-07   2.0039859e-06   2.7605108e-06   1.1862006e-06   1.8598190e-06   2.7431577e-06  -1.0135196e-06  -7.1807068e-07   1.2377865e-06  -4.7643326e-07
  -0.0000000e+00  -1.8839265e-04   1.2939078e-05   1.4076375e-05   1.7757138e-05  -4.9755477e-06   1.2040061e-05   1.6623932e-05   1.3118847e-05   1.2237346e-05   3.3654258e-06   1.3666980e-06   3.9367415e-06   1.9553627e-06   3.0683382e-06   2.8519214e-06  -2.5666998e-07   1.9551433e-06   5.6258045e-07   1.5732961e-06   1.2670383e-06  -3.9097034e-07   4.4195033e-07
  -0.0000000e+00  -1.9049407e-04   1.3078380e-05   1.7947550e-05   1.7773184e-05  -1.2932686e-05   9.7770808e-06   2.1992606e-05   1.5248530e-05   5.3727504e-06   1.7419602e-06   4.2362403e-06   2.9725250e-06   2.8771583e-06   2.4556880e-06   9.2249167e-07   7.1473966e-07  -4.4246653e-07   1.3480077e-06   6.4830692e-07   7.5718805e-07  -4.8267759e-09   7.8569002e-07
  -0.0000000e+00  -1.7806207e-04   1.0644543e-05   1.3466367e-05   1.9583680e-05   7.2073617e-06  -1.8431425e-06   1.9710260e-05   1.4574301e-05   2.9828177e-06   1.0876748e-05   5.7428401e-06  -3.1134260e-07   2.0935358e-06   2.5294446e-06   1.6664334e-06   5.7400229e-07  -3.9839207e-07   3.1944694e-07   2.1500109e-07   8.4274910e-07   1.4494699e-06   5.0655586e-07
  -0.0000000e+00  -1.8671117e-04   1.0572500e-05   1.4944986e-05   1.7158229e-05  -9.1481224e-06   1.8028477e-05   1.5432424e-05   1.2372477e-05   1.1070580e-05   7.6366018e-07   2.1175579e-06   4.2529796e-06   4.2887168e-06   1.3646506e-06   3.3919292e-07   1.2795331e-06   7.8618122e-08   1.9586344e-06  -1.1330778e-08   1.5653067e-06  -1.4726883e-06   1.8092361e-06
  -0.0000000e+00  -1.7688850e-04   8.8072202e-06   2.5021269e-05   1.2579717e-05  -2.8345389e-06   3.7800601e-06   1.8573312e-05   1.5979364e-05   7.4771906e-06   5.0443823e-06   5.5475721e-06   6.4363400e-07   1.0410446e-06   3.7278476e-06   5.1431671e-06   3.3315968e-07  -1.5417511e-06   9.0251723e-07   2.4407484e-06  -1.3546638e-06   1.1477044e-06  -4.9549364e-08
  -0.0000000e+00  -1.9759753e-04   2.1504344e-05   1.1889339e-05   2.8674174e-05  -9.1992133e-06   1.1927778e-05   1.6885127e-05   1.3484610e-05   4.2085994e-06   7.2186103e-06  -1.2315501e-06   3.7012528e-06   2.7266892e-06   2.8599752e-06  -5.7941708e-07   3.1951183e-07   1.7778694e-06  -2.9950428e-07  -2.1560638e-06   7.6586923e-07  -1.0784066e-07   5.6820562e-07
  -0.0000000e+00  -1.6985154e-04   1.7116996e-06   1.2320511e-05   1.2401651e-05   1.4475654e-06   5.8209089e-06   2.0872012e-05   1.4528912e-05   8.8053612e-06  -4.0918067e-07   4.4573635e-06  -1.4336216e-08   3.2443070e-06   2.8135778e-06   1.2698425e-08   2.8272852e-06   2.7044493e-06  -1.5617202e-06   3.4766956e-06   5.9342972e-07  -3.8804754e-07   1.8571091e-06
  -0.0000000e+00  -1.9609841e-04   1.8446724e-05   2.1549908e-05   1.3875892e-05  -4.0053665e-06   7.9444444e-06   1.8597972e-05   1.1919243e-05   6.8519357e-06   8.6051650e-06   3.0313063e-06   3.1552081e-06   3.3173360e-06  -9.6849055e-07   4.3126083e-06   1.4999029e-06  -2.9033004e-06   4.1498602e-06  -3.3447697e-07   9.5808332e-07   4.6681799e-07   4.9437887e-07
  -0.0000000e+00  -1.8128179e-04   1.0617657e-05   1.9736724e-05   1.8435177e-05  -7.7132736e-06   1.2432791e-05   2.0879086e-05   1.1576855e-05   1.0295684e-05   1.8988050e-06   6.3364050e-06   1.9740887e-06   1.9614895e-06   2.5719073e-06   1.6290826e-06  -1.6802968e-06   1.8921982e-06  -3.7712508e-07   1.0552142e-06   1.7431271e-08   1.6156210e-06   1.4034321e-06
  -0.0000000e+00  -1.8344613e-04   1.1550636e-05   2.9188418e-06   2.4988789e-05  -2.8923478e-06   3.2512498e-06   1.6283817e-05   1.7631093e-05   5.8315841e-06   5.8504575e-06   4.1788908e-06   2.9958985e-06   4.3000464e-06  -1.4742910e-06   1.0204986e-06   3.4772776e-07   6.3005888e-07   2.7560977e-06  -1.4351448e-06   3.0592651e-06   1.1418545e-06  -9.6756992e-07
  -0.0000000e+00  -1.8335468e-04   9.9191020e-06   2.5450501e-05   8.3092364e-06  -7.4789443e-07   4.6305040e-06   2.2422426e-05   1.2449399e-05   6.6410021e-06   5.7028151e-06   1.6268004e-06   4.4186900e-06   2.9123109e-06   6.4855499e-07   4.5872520e-07   2.6378248e-06   1.2501113e-06  -4.4333052e-07   6.3069329e-08  -7.9715119e-07  -3.5521896e-07  -4.3065035e-07
  -0.0000000e+00  -1.8841733e-04   1.5507467e-05   1.3468970e-05   2.0939502e-05  -8.9070008e-06   1.8212815e-05   1.3901365e-05   1.6191327e-05   6.8228273e-06   6.3374105e-06   4.7935641e-06   1.3009006e-06  -4.0775248e-07   3.4435639e-06   2.1508404e-06   1.1563111e-06  -1.4014778e-06   2.6583200e-07   1.8596647e-06  -1.7763624e-06   3.1459490e-07   2.9854573e-07
  -0.0000000e+00  -1.8205875e-04   5.8565624e-06   1.8079814e-05   1.2165990e-05  -1.7420550e-06  -5.8489150e-07   2.3232098e-05   8.3120303e-06   8.8795850e-06   5.3736157e-06   2.2137310e-06   3.3312417e-06   3.3738841e-06  -7.2007049e-07   3.0444326e-07   3.6572160e-07   1.5762388e-06   2.0317646e-06  -1.3582861e-06   2.3731964e-06   2.3969114e-06   8.2400371e-09
  -0.0000000e+00  -1.8422909e-04   2.2391499e-05   4.5244060e-06   2.8668575e-05  -7.2040807e-06   1.3286201e-05   1.7811351e-05   1.7923780e-05   9.6160165e-06   3.8487678e-06   4.0794584e-06   2.0595587e-06  -3.1612888e-06   6.0804555e-06   1.3438763e-07   1.0052562e-06   1.6730953e-06  -1.5667392e-06   3.5058085e-07  -1.3686008e-07   8.3955960e-08  -2.6941251e-07
  -0.0000000e+00  -1.8089362e-04  -1.9254783e-07   2.8642182e-05   9.4917750e-06  -1.9722292e-07   1.7189782e-07   2.0716858e-05   1.0513161e-05   5.4005363e-06   7.0888104e-06  -7.4247089e-07   3.8772864e-06   6.2203576e-06  -1.9509007e-06   2.7514241e-06  -1.1992962e-06  -6.8212114e-07   2.8362026e-06   6.9105562e-07  -5.4440824e-07   2.9061871e-06  -6.8109284e-07
  -0.0000000e+00  -1.9294124e-04   1.7884942e-05   1.2878852e-05   1.4423109e-05  -8.3108816e-06   1.4701632e-05   1.7309350e-05   1.7348037e-05   9.2940954e-06   3.1132927e-06   6.2687313e-06   1.2444319e-06  -1.0121319e-06   3.8155858e-06   1.3662252e-06   3.5553505e-06   3.5588906e-07  -9.9064403e-07   2.0525531e-06   9.1033144e-07  -2.9551945e-06   1.3670503e-06
  -0.0000000e+00  -1.7265762e-04   9.9062445e-06   1.5483858e-05   2.7065294e-05  -4.5786887e-06   7.6034480e-06   2.0572590e-05   8.9245223e-06   8.5622132e-06   2.1735837e-06   8.4194249e-07   3.9397223e-06   4.2895417e-06   1.2726114e-06   8.3380013e-07  -1.6164048e-06   2.8702243e-06   3.1337718e-06  -2.3202381e-06   1.6467976e-07   1.9494685e-06  -1.1470219e-06
  -0.0000000e+00  -1.9348068e-04   1.9584635e-05   9.8729815e-06   1.6035126e-05  -1.1539929e-06   5.6191170e-06   1.6565540e-05   1.9818424e-05   6.0055372e-06   7.5831645e-06   3.1715697e-06   1.4027398e-06  -4.4471776e-07   1.7853099e-06   2.4768085e-06   2.2179686e-06   1.4496475e-06  -1.9473248e-06   2.4324590e-06   1.2447726e-06  -3.0933182e-07   1.0121715e-07
  -0.0000000e+00  -1.8361984e-04   3.2599792e-06   2.1373022e-05   1.3437471e-05  -5.2678238e-06   7.6760980e-06   2.5004423e-05   7.0373108e-06   8.0484360e-06   8.1047523e-07   1.7249694e-06   4.3594050e-06   1.8362995e-06   1.0883356e-06   2.2528359e-06  -1.4810247e-06   4.3780228e-06   1.3787017e-06   1.4320046e-06  -7.2064196e-08  -3.4660826e-07   1.6638324e-06
  -0.0000000e+00  -1.8162729e-04   1.5818718e-05   1.5541375e-05   2.0619873e-05  -2.4722287e-06   1.1148721e-05   1.3656914e-05   1.9751462e-05   5.6341196e-06   1.1996239e-05   1.7894728e-06  -3.4924451e-08   1.7161096e-06   3.1759500e-06   2.5132790e-06   3.9345318e-06  -3.6355598e-06  -4.3873806e-07   3.4106868e-06   1.7061650e-07   3.8705790e-07  -1.7276419e-06
  -0.0000000e+00  -1.8381435e-04   7.8251960e-06   1.5237231e-05   1.3628297e-05  -3.1242857e-06   4.3330519e-06   2.1756452e-05   9.5102296e-06   9.6825534e-06  -7.5611439e-07   6.6295534e-06   2.1339308e-06   4.3556529e-06  -1.5222963e-07   1.3146401e-06   2.6044361e-07   2.6667612e-06   3.7935339e-07   1.7233782e-06   1.3418606e-06   3.0682852e-08   1.8224364e-07
  -0.0000000e+00  -1.9057229e-04   1.6735174e-05   8.4345229e-06   2.3750208e-05  -5.8057021e-06   1.2522475e-05   2.3079854e-05   1.6239017e-05   8.6922246e-06   7.9516658e-06   1.1372451e-06   1.8444957e-06   1.8235880e-06   3.1346210e-06   1.6850852e-06   4.0443474e-06  -6.5632554e-07   1.9601075e-06   1.8240698e-06   9.8647058e-07   1.8410755e-06  -1.0817785e-06
  -0.0000000e+00  -1.8414769e-04   8.1814978e-06   2.9271301e-05   6.3447274e-06   7.5543085e-07   8.7897397e-06   1.4831164e-05   1.0165511e-05   8.1325188e-06   1.1015306e-06   5.2270198e-06   1.7137226e-06   2.1217159e-06  -1.6330300e-06   9.8049668e-07   4.0982530e-07   1.8558267e-06   7.0993872e-07   2.1386492e-07  -6.3726526e-07   9.6185602e-08   7.0105625e-07
  -0.0000000e+00  -1.8290311e-04   1.0778555e-05   4.3152086e-06   2.8044489e-05  -9.4208099e-06   8.2591523e-06   2.5048264e-05   1.7574097e-05   3.9828074e-06   7.3239512e-06   1.6102146e-06   6.5339805e-07   2.3815696e-06   3.1712541e-06   8.0073085e-07   1.3103883e-06   2.1716448e-06  -1.3728474e-07  -9.9402644e-07  -7.1782449e-07   1.1739887e-06  -1.2485419e-06
  -0.0000000e+00  -1.8004971e-04   1.2631799e-05   1.7334132e-05   1.0344280e-05  -4.0759669e-06   8.3134364e-06   1.6388833e-05   1.1883160e-05   5.6972153e-06   2.6745827e-06   5.5654436e-06   8.1064269e-07   4.7472549e-06  -1.0911514e-07   2.5534418e-06   9.7374550e-07   2.0485570e-06  -6.1099121e-07   9.8464602e-07   1.5571872e-07   4.6031977e-07   1.6780405e-06
  -0.0000000e+00  -1.9827415e-04   1.4115504e-05   1.6536533e-05   2.2089163e-05  -5.4403786e-06   1.2126634e-05   1.5366015e-05   1.4238725e-05   9.2021746e-06   7.6639471e-06   2.0612170e-07   5.7797774e-06  -1.0637888e-06   3.6581473e-06   2.1639298e-06   8.8662870e-07  -1.8335229e-06   1.1602009e-06   4.7730191e-07   1.3902470e-06   1.1800095e-06  -9.6155850e-07
  -0.0000000e+00  -1.7296444e-04   7.5328812e-06   1.3278785e-05   9.1187439e-06  -5.7489203e-08   5.5511437e-06   2.3454902e-05   1.0660175e-05   1.3921271e-05  -2.0010013e-06   4.7989852e-06   1.1147677e-06   4.7567373e-06  -2.9711077e-07   2.0325047e-06  -1.2780583e-07   2.6786058e-06   1.6073193e-06   1.0707543e-06  -5.1412547e-07  -6.3169421e-07  -1.2255529e-07
  -0.0000000e+00  -1.9435224e-04   1.0661961e-05   2.0648740e-05   2.2057746e-05  -1.0978019e-05   1.2989788e-05   1.7744447e-05   1.5379792e-05   3.3986094e-06   1.0900916e-05   3.5774540e-06   2.2634770e-06  -1.5307866e-06   2.1285603e-06   2.2674233e-06   2.2597330e-06  -2.1285380e-06   1.1468068e-06   1.2357110e-06   4.8206334e-07   2.3009832e-06  -9.8376790e-07
  -0.0000000e+00  -1.7462210e-04   1.4966390e-05   1.0514599e-05   1.7917766e-05   3.8231542e-06   2.7568108e-06   2.4033099e-05   1.3583594e-05   5.8230798e-06   4.4342291e-06   3.4147893e-06   1.9570400e-06   4.5320962e-06   1.4531897e-06   2.5043900e-07  -1.0718161e-06   2.8780512e-06   1.9779764e-06   8.6680569e-07   1.3226901e-06  -9.1467746e-07   8.8183697e-08
  -0.0000000e+00  -1.9886327e-04   8.7132594e-06   1.4933273e-05   2.0854452e-05  -1.3248540e-05   1.6894908e-05   1.2866221e-05   1.6042770e-05   8.4678095e-06   8.0498348e-06   9.1589772e-07   2.8333184e-06   4.0706282e-06   2.4360534e-06   2.4356723e-06   2.4056649e-06  -5.4299221e-07   1.9007015e-06  -4.4762754e-07   6.8308520e-07   2.3490657e-06   7.6131460e-07
  -0.0000000e+00  -1.7240088e-04   7.8487747e-06   1.8097930e-05   1.2615696e-05   7.3531073e-06   1.9614906e-06   2.3320212e-05   1.2830515e-05   7.4957684e-06   1.9461631e-06   4.9779674e-06   1.1282324e-07   8.0942283e-07   3.1733007e-06   8.8726637e-07   2.1864751e-06   2.6503351e-06  -6.0446354e-07  -7.8071417e-07  -1.0060704e-06  -2.4208222e-07   2.8182188e-07
  -0.0000000e+00  -1.9304091e-04   1.7283810e-05   1.3645114e-05   2.2180797e-05  -1.1029401e-05   7.7288496e-06   2.1231646e-05   1.3256303e-05   8.5973188e-06   5.1980019e-06   8.8277000e-07   2.9224541e-06   1.4049491e-06   2.8444176e-06   2.5489057e-06   6.6707469e-07   6.7763540e-07   1.4033119e-06   3.7455951e-07  -1.2239068e-06   1.1435059e-06   7.7640402e-07
  -0.0000000e+00  -1.8144022e-04   8.7095759e-06   1.6132995e-05   1.0470011e-05  -6.7366778e-07   9.1578886e-06   1.3753271e-05   1.4038686e-05   8.2157330e-06   1.4396484e-06   6.9788871e-06  -5.0386541e-07   3.3778103e-06   1.4270483e-06   3.0183833e-06   2.1725311e-06  -6.6232457e-07  -1.7201533e-06  -4.4989196e-07   2.6179021e-06   4.0492787e-07   2.0315954e-06
  -0.0000000e+00  -1.8414015e-04   1.3679922e-05   1.1849871e-05   2.6403541e-05  -9.7924867e-06   1.1633715e-05   2.3416074e-05   1.8505190e-05   2.9879948e-06   7.7686473e-06  -2.6868529e-06   6.6052426e-06   5.8028257e-07   3.0526433e-06   1.0215159e-06  -9.0098933e-07   1.3922918e-06   1.2809637e-07   8.6536534e-07   6.5195121e-07  -2.1438241e-07   2.5383554e-06
  -0.0000000e+00  -1.8130051e-04   6.9870225e-06   2.3009015e-05   1.0654057e-05   6.9484645e-07   3.5183607e-06   1.7497247e-05   1.1100905e-05   1.0525593e-05   2.3637397e-06   6.6272974e-06   1.1967030e-07   3.1523950e-06   1.6113426e-06   1.0956674e-06   2.4164024e-06   1.1121748e-06   2.1733402e-07   8.9944194e-09   8.8516661e-09   3.5634986e-07   6.4889019e-07
  -0.0000000e+00  -1.9167391e-04   1.6091417e-05   6.6346915e-06   2.3871564e-05  -3.5567252e-06   1.2072725e-05   2.1488793e-05   1.5777447e-05   6.6340981e-06   4.8658158e-06   2.1091444e-06   1.5665933e-07   8.2595977e-07   7.7118420e-07   1.2775132e-06   3.1825704e-07   2.2880590e-06   9.5878124e-07  -2.3695834e-06   1.5403539e-07   1.1342295e-06  -1.3442802e-06
  -0.0000000e+00  -1.8139202e-04   9.1623742e-06   2.3180899e-05   1.2899835e-05  -3.4463039e-06   7.7398954e-06   2.1472875e-05   1.2655795e-05   8.2021397e-06   2.3509572e-06   2.9712164e-06   2.5384807e-06  -2.4368575e-07   3.8908679e-06  -4.8078846e-07   9.9538261e-07   1.1776439e-06   9.6531539e-07   9.6908741e-07   3.0469252e-07   4.5630176e-07   9.6974100e-07
  -0.0000000e+00  -1.8673638e-04   1.3871147e-05   1.2456479e-05   1.6435270e-05  -6.0160946e-06   1.0858256e-05   1.4086405e-05   1.8946901e-05   6.3072571e-06   7.6221472e-06   2.5973427e-06  -3.0994542e-07   3.3399708e-06   1.0887561e-06   3.5869002e-06   2.2018685e-06  -1.5458462e-06   2.8020720e-06   1.1938046e-06   5.5980653e-08  -6.1592243e-07   7.8995862e-07
  -0.0000000e+00  -1.7947842e-04   8.4970895e-07   1.8867731e-05   1.6478794e-05  -1.7571722e-07   7.0315932e-06   2.3555011e-05   1.0312419e-05   7.9970860e-06   6.9490357e-06   1.4551794e-06   5.8500373e-06   3.5946819e-06   1.7904360e-06  -1.4667552e-06   1.5770861e-06   9.6440579e-07  -2.6705763e-07   8.8970035e-07   1.7512622e-06   6.2782055e-07   1.1247820e-07
  -0.0000000e+00  -1.9073614e-04   2.0187044e-05   1.1544621e-05   2.1157744e-05  -4.3144582e-06   4.0896580e-06   1.7489512e-05   1.8311839e-05   7.6633369e-06   4.1350354e-06   2.7953306e-06   1.0631296e-06   8.6879948e-07   3.8973462e-06   1.7475315e-06   2.9136976e-07   9.4323178e-07   2.0461139e-06  -1.7828563e-06   7.2742739e-07   1.2175113e-06   3.5034350e-07
  -0.0000000e+00  -1.7910820e-04   1.1248731e-05   1.9297779e-05   1.4620749e-05  -3.9960278e-06   9.3871777e-06   2.7262169e-05   8.5408501e-06   9.4562502e-06   2.9877147e-06   2.2587317e-06   2.2356744e-06   3.7420689e-06   1.0832773e-06   4.3880973e-06  -1.1889622e-06   1.2641974e-06   8.7716035e-07  -1.8589235e-06  -3.3496758e-07   2.2520032e-06   5.1316533e-07
  -0.0000000e+00  -1.8749945e-04   1.3348453e-05   1.3975686e-05   1.8040215e-05  -3.1421562e-06   1.1924790e-05   1.4632898e-05   1.6518761e-05   8.9632076e-06   7.3810093e-06   3.1854006e-06   1.0978001e-06   3.4906859e-07   3.3953590e-06  -4.1912878e-09   2.4391193e-06   7.3195315e-07  -2.5986308e-06   1.8371251e-06   2.6304594e-06  -2.5077620e-06   2.2718341e-06
  -0.0000000e+00  -1.8163249e-04   4.8981165e-06   1.7213697e-05   1.9391346e-05  -2.6578255e-06   3.9461579e-06   2.2378375e-05   1.3612333e-05   3.7184784e-06   4.1620797e-06   5.1618385e-06   1.5836625e-06   4.7780841e-06   9.6199074e-07   3.1189993e-06   2.6462214e-07   1.5234272e-06   2.7376220e-06  -3.6396213e-07  -1.4824719e-06   6.2266815e-07   2.9706612e-07
  -0.0000000e+00  -1.8527312e-04   1.9320360e-05   1.6045178e-05   1.6896522e-05  -3.2790467e-06   1.0881260e-05   1.6688220e-05   1.6384090e-05   9.7785951e-06   4.8768352e-06   3.1353034e-06   3.0156093e-06   2.0510294e-07   2.3491941e-06   2.9268315e-06   3.1765560e-07   5.9170446e-07  -9.6653741e-07   9.2743812e-07   2.0833036e-06   2.1913137e-07   1.5652016e-06
  -0.0000000e+00  -1.8542587e-04   5.6773974e-06   1.8136352e-05   1.4325576e-05  -2.8736479e-06   6.5180602e-06   2.1600348e-05   1.0376569e-05   6.8422355e-06   4.5657434e-06   2.6201067e-06   2.9147329e-06   3.3806391e-06   3.8039440e-07   1.9854308e-06   5.4976738e-07  -1.1770805e-06   1.5498503e-06  -5.3267752e-07   8.5167073e-07  -1.4432808e-06  -9.3605252e-07
  -0.0000000e+00  -1.8431990e-04   1.6285041e-05   1.1096649e-05   2.0285037e-05  -5.3009958e-06   8.7104354e-06   1.7581215e-05   1.3378928e-05   1.1187797e-05   4.7905278e-06   3.2949254e-07   3.7573459e-06   2.2382796e-06   4.7270105e-06   1.0003626e-07   1.5020237e-06   1.1387508e-06   7.5588801e-08  -3.7783789e-07   1.8418091e-06  -5.3813437e-07  -7.4448639e-07
