  -0.0000000e+00  -1.8487002e-04   1.3015973e-05   2.3622835e-05   1.8076928e-05  -2.9135665e-06   5.6097301e-06   1.8647419e-05   1.3775838e-05   5.7941024e-06   5.3121717e-06   5.9230374e-06   5.4809590e-07   1.3965798e-06  -1.3414074e-06   3.1340630e-06   1.8690062e-06   8.3434117e-07   9.5552946e-07   1.8000757e-06  -8.0399803e-07  -6.3709581e-07  -1.8970296e-07
  -0.0000000e+00  -1.8087974e-04   1.4023583e-05   1.0336003e-05   1.6615035e-05  -2.6473269e-06   1.0097621e-05   1.5459818e-05   1.6369268e-05   4.6222103e-06   4.0496711e-06   1.6450803e-06   7.1515382e-07   2.4368812e-06   3.5691439e-06  -2.2490667e-06   5.0596609e-06  -6.4043667e-07   2.3339896e-06  -1.0379496e-07  -8.8284020e-07   1.1512291e-06   9.3365145e-07
  -0.0000000e+00  -1.8022863e-04   1.0994199e-05   2.4289018e-05   1.7496235e-05  -2.0821858e-06   1.0039242e-05   1.6395526e-05   8.0499776e-06   1.0031174e-05   5.7331326e-06   2.2771294e-06   3.1427692e-06   4.7283041e-07   2.3596949e-06   3.2954551e-06  -3.9709943e-07  -1.5181736e-06   9.5546753e-08   8.2287073e-07   1.5577398e-06   7.2608401e-07  -5.7135662e-07
  -0.0000000e+00  -1.8368970e-04   2.0425792e-05   1.1978971e-05   2.0156722e-05  -4.1149401e-06   5.6646209e-06   1.9580981e-05   1.2610556e-05   5.6012286e-06   1.7634302e-06   3.2426854e-06   4.0394116e-06   2.0728817e-06   4.0824175e-06   7.3775277e-07   1.6311139e-06   1.3587600e-06   4.1351450e-06  -1.1531292e-06   7.0581842e-07   4.7265280e-07   6.0579652e-07
  -0.0000000e+00  -1.8628351e-04   9.2181790e-06   1.6047796e-05   1.6386462e-05  -4.3172231e-06   7.1359236e-06   2.1121015e-05   1.5550204e-05   8.0419213e-06   5.8262513e-06   3.3797135e-06   2.0653436e-06   5.1499608e-08   1.5770886e-06   3.3942797e-06  -1.3241460e-07  -2.6597888e-07  -1.3477274e-06   1.1367405e-06   1.5127354e-06   2.8450600e-07  -1.2572854e-06
  -0.0000000e+00  -1.8035156e-04   1.7460623e-05   1.8452854e-05   1.9439323e-05   1.4319581e-06   7.3694146e-06   1.3407934e-05   1.2872171e-05   3.2069472e-06   4.2298011e-06   2.3985383e-06   4.5127122e-06   3.9523070e-06  -1.0302094e-06   1.3178665e-06   3.5226371e-06   1.5055610e-07   9.8017426e-07   3.2644246e-07   1.2962782e-06  -1.9292975e-07   2.0068755e-06
  -0.0000000e+00  -1.7732846e-04   8.7912322e-06   1.8294104e-05   1.6104063e-05  -6.6466919e-06   1.3085671e-05   2.0836318e-05   1.5076826e-05   1.1176768e-05   2.5075335e-06   2.3437813e-06   1.7317726e-07   2.0294690e-06   2.2602662e-06   4.3810160e-06  -1.0106572e-06   1.1310690e-06  -8.3079516e-07   1.4497364e-06   9.6431711e-07   3.8243357e-07   1.1305617e-06
  -0.0000000e+00  -1.8887938e-04   1.3336089e-05   1.3776658e-05   1.7279768e-05  -5.5821752e-06   2.6747996e-06   1.7751461e-05   9.3585159e-06   4.8200227e-06   3.9945626e-06   3.1520588e-06   4.3024097e-06   1.6416222e-06   2.5315580e-06   1.3484130e-06   8.2001611e-07   1.7609341e-06  -3.9377269e-07   1.0785828e-06   1.1078292e-06   5.9891471e-07  -1.7051473e-06
  -0.0000000e+00  -1.8074685e-04   1.7211230e-05   2.0106390e-05   1.5549833e-05   4.3125578e-06   7.9479341e-06   2.1349841e-05   1.6256834e-05   7.2099006e-06   5.3899230e-06   2.8259603e-06  -1.6779494e-06   2.1441217e-06   2.0230998e-06   1.9853876e-06  -4.5966894e-07   2.3108457e-07   1.0327960e-06  -2.3318769e-06   6.9333305e-07  -1.2807562e-06   1.3407092e-07
  -0.0000000e+00  -1.8691090e-04   1.0504242e-05   1.6794789e-05   1.6979946e-05  -9.6318781e-06   9.2949795e-06   1.5404610e-05   1.0291528e-05   9.0686290e-06   5.3387394e-06   1.4266468e-06   6.0084940e-06  -3.4594487e-07   1.4287335e-06   2.3720547e-06   1.9751544e-06  -6.6176011e-07  -9.8597548e-07   1.7812463e-06   2.1688215e-06  -1.2668102e-06  -1.1817631e-06
  -0.0000000e+00  -1.7662031e-04   1.2971883e-05   1.1885514e-05   1.9551268e-05  -1.3060508e-06   5.8248261e-06   1.9388412e-05   1.6788405e-05   2.0874702e-06   5.8364990e-06   4.1689091e-06  -1.1577553e-06   1.6011932e-06   1.7863697e-06  -3.7437837e-07   1.5192692e-06   7.0362330e-07   1.7611108e-06   1.8626290e-06   5.6015015e-08   1.9245415e-06   6.8353654e-07
  -0.0000000e+00  -1.8545402e-04   1.2980409e-05   1.6272546e-05   2.0136355e-05  -6.5620975e-06   9.1528827e-06   2.3066606e-05   1.1100210e-05   1.1664893e-05   5.7866264e-06   3.0904421e-06   1.2763560e-06   3.1471616e-06   2.3354487e-06   2.4494238e-07   4.3888599e-07   3.3190275e-07   3.4455222e-06   3.2567925e-07   1.0726421e-06   1.7622466e-06   1.7360059e-06
  -0.0000000e+00  -1.8333682e-04   1.7718265e-05   1.6142652e-05   1.5132969e-05   1.1730821e-07   3.1769812e-06   1.5274514e-05   1.0344170e-05   6.4250817e-06   3.7870002e-06   2.5246588e-06   4.7772260e-06   2.5585118e-06   2.1489889e-06   1.6869179e-06   9.7302200e-07   9.4894904e-07  -1.8664111e-06   1.6692395e-06  -1.3359528e-06   9.5446376e-07  -1.3704208e-06
  -0.0000000e+00  -1.8813652e-04   6.6988155e-06   2.2831966e-05   1.5643755e-05  -3.7941994e-08   1.4021440e-05   2.0872314e-05   1.6361806e-05   9.8131941e-06   3.3056290e-06   1.7908856e-06   2.7515075e-06   2.9698808e-06   1.8495339e-06   2.7956037e-06  -3.6344346e-07   5.1769086e-07   2.6195166e-06   1.5943503e-07   9.1135661e-07   5.3106908e-07   5.3600212e-07
  -0.0000000e+00  -1.7316097e-04   1.4291364e-05   1.2585771e-05   1.9202473e-05  -3.8640178e-06   5.7677667e-06   1.2728089e-05   1.0376460e-05   2.4502417e-06   6.7884221e-06   4.0133064e-06   6.3427575e-07   1.4667219e-06   1.9703591e-06   1.3218073e-07   5.2778296e-07   1.6988695e-06  -1.8067518e-06  -2.5032341e-07  -2.2085471e-06   9.4436706e-07   1.2285054e-06
  -0.0000000e+00  -1.8895915e-04   1.8992951e-05   1.5259671e-05   2.1566946e-05  -6.1077476e-06   8.5000393e-06   2.4469358e-05   1.9910809e-05   6.0203611e-06   6.5383142e-06   2.8410543e-06   2.5233385e-08   2.5476340e-06   8.6608878e-07   4.5789297e-06   2.6665030e-06  -8.2359065e-07  -1.0603441e-06   9.3087982e-07   4.3067439e-06  -1.6199160e-06  -1.5715939e-07
  -0.0000000e+00  -1.8174076e-04   9.2026921e-06   1.9725010e-05   1.6202128e-05   9.4402537e-07   9.2902110e-06   1.6163527e-05   6.6771663e-06   8.0255850e-06   1.9992899e-06   5.4951015e-06   2.8574650e-06   9.7501879e-07   2.6769062e-06  -2.8748411e-07  -8.1307007e-07   1.8408348e-06   1.8746063e-06   2.6740011e-06  -2.8086349e-06   7.5114866e-07   1.7879192e-06
  -0.0000000e+00  -1.8083621e-04   1.2483993e-05   1.7444876e-05   2.0429337e-05  -3.7336429e-06   7.7571749e-06   2.1142559e-05   1.0759790e-05   1.0194731e-05   6.5950908e-06   1.5208875e-06  -1.1728347e-06   1.5358268e-06   3.7792811e-06   1.0289305e-06   7.4348947e-07  -1.8840690e-06   2.7292378e-06   4.7193569e-07   8.1291353e-07  -9.1115618e-07   4.7079865e-08
  -0.0000000e+00  -1.7954521e-04   1.0591898e-05   2.1139531e-05   1.7362659e-05  -5.8796281e-06   1.2510341e-05   1.9522209e-05   1.2632995e-05   1.1022960e-06   3.3119325e-06   2.3097382e-06   4.6883079e-06   1.2228378e-06   2.8237889e-06  -1.1297186e-06   1.5430174e-07   2.2820723e-06  -1.3307813e-07   1.3829793e-06  -1.0060311e-06   1.8413878e-06   5.6608923e-07
  -0.0000000e+00  -1.8769568e-04   2.3494445e-05   9.5335217e-06   2.2200702e-05  -2.3463974e-06   6.0840575e-06   1.3546133e-05   1.7083828e-05   8.0246045e-06   7.8008370e-06   3.8724593e-06  -2.9121447e-06   2.5175175e-06   1.0851097e-06   1.5859299e-06   1.2714587e-06  -5.2868552e-07   2.0686565e-07   1.4847100e-06   6.7112626e-07   9.9013187e-07  -1.3298663e-06
  -0.0000000e+00  -1.8277699e-04   8.7689186e-06   2.3308990e-05   1.6439086e-05  -1.4417781e-06   1.0213457e-05   1.8484781e-05   1.2618302e-05   5.3260819e-06   2.0309146e-06  -1.1323079e-06   4.6663795e-06   2.7023750e-06   2.5918507e-06   4.2007073e-08  -1.1433456e-06  -6.8071404e-07   2.4715462e-08   2.2108600e-07  -2.3845734e-09   5.3121482e-07   2.8325453e-06
  -0.0000000e+00  -1.7604991e-04   8.2127044e-06   1.7368768e-05   1.6718262e-05  -3.8532612e-06   8.9318946e-06   2.2344624e-05   1.3811233e-05   7.2594694e-06   4.0010295e-06   5.6382237e-06   1.8552814e-06   7.2137198e-07   3.1306370e-06   2.5134391e-06   2.6254911e-06   1.5571767e-06  -2.0174264e-06  -4.4713642e-07   2.4707438e-06   5.5053385e-07  -2.8248868e-08
  -0.0000000e+00  -1.8944348e-04   1.8310657e-05   1.5795649e-05   1.8479828e-05  -2.0845418e-06   7.3825458e-06   1.4964186e-05   9.0920967e-06   8.7080216e-06   3.8892840e-06   3.5124031e-06   9.4856927e-07   1.2425920e-06   2.9803921e-06   9.9302106e-08  -2.0410941e-06   2.9502733e-06  -2.3128644e-07  -1.0517858e-07  -3.0899619e-07   1.4871864e-06   1.6618029e-06
  -0.0000000e+00  -1.8243156e-04   1.7794680e-05   1.5119017e-05   1.8854671e-05  -6.4868432e-06   1.2253890e-05   2.0379744e-05   1.6624606e-05   4.1372341e-06   5.7074481e-06   6.3754584e-07   2.8494701e-06   2.6690122e-06   2.9496658e-08   3.1550953e-06   1.2840418e-07  -2.2336846e-07   6.3943310e-07   1.5937864e-06   3.6978518e-06   5.2517322e-07  -1.5118825e-07
  -0.0000000e+00  -1.7284854e-04   9.6749063e-06   1.5843461e-05   1.4802187e-05  -1.4585329e-06   6.4935412e-06   1.5972071e-05   1.3423984e-05   6.3826797e-06   5.7427833e-06   7.5371639e-07   1.5590246e-06   3.0181272e-06   2.3964883e-06   4.8031876e-07   1.7515448e-06   1.1419743e-06   6.5082929e-07   1.2584027e-06   4.7887869e-07  -9.8699581e-07   5.2003895e-07
  -0.0000000e+00  -1.9015638e-04   8.2908364e-06   2.2286789e-05   2.0020767e-05  -3.4930431e-06   8.5413876e-06   1.7382399e-05   1.1807657e-05   8.8088418e-06   5.7143584e-06   4.9829200e-06   1.7373425e-06   2.6071939e-06   3.6026815e-06   3.0159588e-06  -2.3932799e-07  -3.1870107e-07   3.1579805e-07   1.9348711e-06  -9.8379792e-07   2.2489151e-06   5.2518362e-07
  -0.0000000e+00  -1.8154096e-04   1.8533277e-05   1.3173130e-05   1.6213082e-05   2.1447433e-06   6.5613613e-06   1.8026865e-05   1.4878312e-05   5.0081921e-06   2.1310441e-06   4.9560890e-06   1.1594667e-06   2.2546235e-06   3.4191462e-06  -8.6917532e-07   1.9863951e-06   2.3568580e-06   9.5173039e-07  -2.2712520e-07   8.3013913e-07  -2.8847654e-07  -1.8297520e-06
  -0.0000000e+00  -1.8525583e-04   1.6410559e-05   1.5401156e-05   2.0184138e-05  -9.5124497e-06   1.0889457e-05   2.0154106e-05   1.0454976e-05   1.0046777e-05   4.0756609e-06   1.8834077e-06   1.1816613e-06  -4.2364579e-07   2.1672629e-06   6.5226976e-07   2.3171244e-06  -9.1227321e-07   1.7200543e-06   1.1680938e-06  -9.5941346e-07   2.1667904e-06  -5.2813414e-07
  -0.0000000e+00  -1.7515414e-04   7.9715646e-06   1.9924651e-05   1.7135637e-05  -4.5901484e-07   5.7896823e-06   1.5676524e-05   1.5970274e-05   2.5424119e-06   6.4513379e-06   1.1150694e-06   1.9055946e-07   4.9090459e-06   8.9793090e-08   5.5724922e-07  -3.6965292e-07  -3.0220150e-07   1.5648952e-06   1.5430430e-06   9.4227295e-07  -1.6457316e-06   1.9231502e-06
  -0.0000000e+00  -1.8854125e-04   7.3920728e-06   2.0781448e-05   2.0076135e-05  -5.6800791e-06   1.0010461e-05   1.8825433e-05   1.3810890e-05   9.0575277e-06   6.9983812e-06   2.6740634e-07   3.6692823e-06   3.7267102e-07   1.7886100e-06   3.4239354e-06   1.0759411e-06  -5.1872348e-07   1.2253837e-06  -9.3454418e-07   1.8118535e-06   1.2596931e-06   2.1670118e-07
  -0.0000000e+00  -1.8332752e-04   2.5598769e-05   9.0864833e-06   1.5835501e-05  -4.5703959e-07   6.3254315e-06   1.6595464e-05   1.0255037e-05   6.4976671e-06   1.9612589e-06   6.1296973e-06   4.6210909e-07  -5.9104417e-07   2.7003425e-06   3.0975869e-07   4.0525612e-07   1.4537299e-06  -5.3511405e-07  -9.0450965e-07  -2.0370310e-07  -1.9789106e-06   2.7677690e-06
  -0.0000000e+00  -1.7875903e-04   8.7683839e-06   1.7728995e-05   1.8738323e-05  -4.0903988e-06   1.2805989e-05   2.1541107e-05   1.1569375e-05   1.0022574e-05   4.5942857e-06   2.6834061e-07  -4.1546940e-07   9.0595091e-07   1.1048793e-06   4.6496598e-06  -1.1405304e-08  -9.4949563e-08   1.2429232e-06  -2.6666314e-07   1.2148133e-06   1.3992982e-06  -1.3872836e-06
  -0.0000000e+00  -1.8508681e-04   9.5546902e-06   1.9436189e-05   1.5999689e-05  -5.6937320e-06   7.7600607e-06   1.3753584e-05   1.3774265e-05   4.6328196e-06   3.3534568e-06   5.9236304e-06   1.0294165e-06   5.0491549e-06   1.1589777e-06   7.5604726e-07   2.4192129e-06   1.4368785e-06  -1.3502590e-06   1.1483353e-06  -3.2349999e-07  -3.0874764e-07   2.2683648e-06
  -0.0000000e+00  -1.8049483e-04   1.3330526e-05   1.8508594e-05   1.7885775e-05   1.3005302e-06   9.0309786e-06   2.1485665e-05   1.5544008e-05   7.3301153e-06   7.1133122e-06   9.1018626e-07   2.7552051e-07   4.4260296e-06   2.5020054e-06   1.8712483e-06   8.7333717e-07  -1.2237167e-06   3.7370050e-06  -6.7134437e-08   1.3600636e-06   1.1502087e-06   6.7652775e-07
  -0.0000000e+00  -1.8274457e-04   1.4619234e-05   1.0915868e-05   1.7769280e-05  -1.5641256e-06   7.7833802e-06   1.4208707e-05   1.2502272e-05   2.8906156e-06   3.7069021e-06   6.2659310e-06   1.8732341e-06   1.6621443e-06   1.6224021e-06   2.7427293e-06   8.8301283e-07   1.6094873e-06   2.2263616e-06   8.0718604e-07  -1.6413262e-06   1.7120485e-06   1.5720998e-08
  -0.0000000e+00  -1.8709405e-04   1.2696917e-05   1.7479946e-05   2.1116490e-05  -5.2736082e-06   6.1604978e-06   2.4451931e-05   1.1659496e-05   1.0503798e-05   4.7552612e-06   2.5620475e-06   4.0828982e-06  -1.2709392e-06   3.0649683e-06   1.1515372e-06   2.8520597e-06  -1.9550184e-06  -1.7412165e-06   4.1823924e-07   1.8875535e-06  -1.4971765e-07   1.2608405e-06
  -0.0000000e+00  -1.7976752e-04   1.1917337e-05   2.2962300e-05   1.5533762e-05  -3.3863050e-06   1.4764341e-05   1.5752481e-05   1.0932908e-05   6.6600069e-06   2.7582757e-06   2.8248232e-06  -2.5618601e-07   3.9771435e-06   1.9143920e-06   7.9804607e-07  -5.2302983e-07   1.6667732e-06   2.2685967e-06   3.7943556e-07  -1.1276269e-06  -1.5286195e-06   1.7495616e-06
  -0.0000000e+00  -1.8063482e-04   1.3540865e-05   1.4045739e-05   1.7008893e-05   1.9615483e-07   3.8742596e-06   1.6121428e-05   1.6928252e-05   5.5128066e-06   7.2433354e-06   4.5964821e-06  -1.0279936e-06  -9.9553790e-07   1.9386600e-06   4.6854507e-07   1.5446215e-06   9.5590883e-07   2.5790592e-07  -1.2678508e-07   2.3861489e-06   1.5589593e-06  -1.1400909e-06
  -0.0000000e+00  -1.8912155e-04   1.4758310e-05   1.6139589e-05   2.2516693e-05  -2.8512625e-06   6.6056045e-06   2.3137016e-05   1.5154351e-05   3.6863878e-06   2.6560651e-06   4.5438119e-06   2.2648637e-06   2.3641903e-06   1.1255109e-06   3.0070300e-06   7.9004985e-07   1.5841543e-06   2.2851618e-06  -7.4577599e-07  -9.5557595e-10   1.2332293e-06  -2.5520157e-07
  -0.0000000e+00  -1.7623184e-04   1.0499705e-05   1.9872949e-05   1.5730846e-05  -5.7347097e-06   1.0584564e-05   1.4223338e-05   1.2769074e-05   7.2096968e-06   5.4859333e-06   2.6394855e-06   1.3057796e-06   2.1757248e-06   1.2702736e-06   2.3770488e-06  -4.8475562e-07   1.2199645e-06   5.4221431e-07   1.8614676e-06   1.4894074e-06   8.2807867e-07   1.9178992e-06
  -0.0000000e+00  -1.8490407e-04   1.3623787e-05   1.7747931e-05   1.8650540e-05  -5.1750058e-06   1.0620022e-05   2.0160514e-05   1.0329774e-05   9.2534146e-06   2.4157300e-06   2.7486883e-06   2.6335342e-06   1.5562555e-06   9.2886313e-07   8.9822652e-07   1.1856523e-06   9.8681278e-07   2.9503553e-07  -2.3487626e-08   6.2793822e-07   4.0809678e-07   1.7813527e-06
  -0.0000000e+00  -1.8725735e-04   1.5609801e-05   1.8777306e-05   1.6125759e-05   4.4265457e-06   3.4901950e-06   1.7014952e-05   1.6807378e-05   5.3286576e-06   4.3280543e-06   4.4242815e-06   1.0382208e-06   1.4210361e-06   3.6468896e-06  -9.0437788e-07   2.4399458e-06   1.0285145e-06  -9.6518818e-07   8.1002571e-07  -7.7055199e-07  -6.8454614e-07   8.7271644e-07
  -0.0000000e+00  -1.8110973e-04   8.0074396e-06   1.5690437e-05   2.3457404e-05  -9.5098094e-06   5.8687833e-06   1.7323564e-05   1.3841161e-05   5.2088176e-06   6.4223223e-06   2.4867854e-06  -1.0410080e-06   8.4047315e-07   3.6066806e-06   2.2987935e-07   3.8526109e-06  -1.6544718e-07   1.0764538e-06  -2.1173159e-08   2.5164757e-06  -1.1519051e-06   1.4843188e-06
  -0.0000000e+00  -1.7928919e-04   1.5271455e-05   1.6624061e-05   1.6199669e-05  -1.4718946e-06   1.2565702e-05   2.0861789e-05   8.8153374e-06   7.7614586e-06   5.8996670e-06  -1.1793379e-06   5.5574478e-06   1.7820244e-06   3.5438588e-06   3.8953218e-07   9.2834046e-07   2.4350734e-06   1.8282776e-07   2.0273471e-06   1.1151901e-06   2.1173094e-06  -8.1662542e-08
  -0.0000000e+00  -1.8109585e-04   1.1427445e-05   2.0450278e-05   1.2787963e-05  -2.8587287e-06   7.3689284e-06   1.4633149e-05   1.4262797e-05   5.2151640e-06   5.3069202e-06   3.1483687e-06   2.5341694e-06   3.1744296e-06   2.6741541e-06   3.6309473e-06   3.4387580e-07   4.2286441e-08   1.2836911e-06  -2.2376421e-06   2.0294185e-06   2.4758574e-06  -1.7282870e-06
  -0.0000000e+00  -1.8688908e-04   1.2967599e-05   1.1945414e-05   2.2462251e-05  -3.4131449e-06   5.6700464e-06   2.1128491e-05   1.4216701e-05   5.9400500e-06   1.3024437e-06   5.8486471e-06   3.2649027e-07   2.1484825e-06   1.9883910e-06   3.3797252e-07  -1.0885241e-06   2.0020921e-06   6.0013645e-07  -9.8033308e-07  -8.7815516e-07  -6.2127015e-07  -4.9348944e-07
  -0.0000000e+00  -1.8256414e-04   1.7322109e-05   1.7860522e-05   1.7352342e-05  -1.6631589e-06   1.1405803e-05   1.6530623e-05   1.1527167e-05   6.1446267e-06   6.1681581e-06   1.7950529e-06   6.6668673e-07   2.4790675e-06  -2.9982533e-07  -3.4192763e-07   1.2877250e-06   2.0402465e-06  -1.2405882e-06  -2.5518204e-07   8.5931680e-07   2.8873874e-06  -1.4407048e-06
  -0.0000000e+00  -1.7651544e-04   1.2241764e-05   1.7865083e-05   1.7657751e-05  -6.7824781e-06   9.0485564e-06   1.6008778e-05   1.1487029e-05   1.1997447e-05   4.4772460e-06  -2.1746840e-07   5.6548527e-07   3.4419982e-06   2.0580001e-06   3.1593474e-06  -8.2494331e-08  -2.9029377e-07   1.4891677e-06   7.8880061e-07   8.7983551e-08   4.0050844e-07   2.0861046e-06
  -0.0000000e+00  -1.8257597e-04   1.3668515e-05   1.3957273e-05   2.2099633e-05   4.4139787e-07   6.3161779e-06   2.1324433e-05   1.2818494e-05   5.9566682e-06   6.7980845e-06   1.6364911e-06   3.9254023e-06  -1.3994052e-06   2.0423936e-06   1.6575940e-06  -2.9334778e-06   1.2935088e-06  -1.3502597e-06   1.8091394e-07  -4.7205782e-07  -2.1926145e-07   5.1862224e-07
  -0.0000000e+00  -1.8808462e-04   1.1879489e-05   1.9421159e-05   1.5367068e-05  -1.9125055e-06   8.0666496e-06   1.5288551e-05   1.7602002e-05   4.1538565e-06   3.6442227e-06   6.7309961e-06   7.6412061e-07   1.3759416e-06   2.8112522e-06   1.9709339e-06  -1.6742548e-07   2.6237547e-06   5.0336223e-07   7.0836950e-07   2.6214191e-06  -8.4003034e-07   2.3676253e-07
  -0.0000000e+00  -1.7755781e-04   1.9470837e-05   1.6029984e-05   1.8537043e-05  -6.6194871e-06   1.1605357e-05   1.6236008e-05   1.1517380e-05   1.1902214e-05   5.3034205e-06   2.0804173e-06   2.3692626e-06   3.5464504e-06   3.3857295e-06  -2.9791360e-07   2.7572203e-06  -8.8246213e-07  -3.3470241e-07   3.5227984e-07  -1.3393612e-06   1.1232120e-06   2.1316578e-06
  -0.0000000e+00  -1.8834280e-04   1.1390535e-05   1.6261078e-05   1.8961076e-05  -1.9467666e-06   5.5210789e-06   2.0433794e-05   1.4346800e-05   5.6614213e-06   4.4348330e-06   3.8183689e-06   3.7078921e-06   2.3004905e-06  -2.1204776e-06   1.4089999e-06   3.3593265e-06  -1.6537481e-06   2.4746707e-06   4.1240875e-07   8.6818585e-07   2.8895303e-07  -7.9048402e-07
  -0.0000000e+00  -1.7512077e-04   7.9065321e-06   1.7017608e-05   1.8312809e-05  -2.7702010e-06   8.5964175e-06   1.6909902e-05   1.3058399e-05   6.8918607e-06   3.4836298e-06   2.9531461e-06   1.8741870e-06   1.4463558e-06   2.2297047e-06   1.3485752e-06   1.7163770e-06   7.4290334e-09   1.3176555e-06   1.2243264e-06  -1.5834532e-07   1.8755740e-06  -8.8373110e-07
  -0.0000000e+00  -1.8820658e-04   2.0487179e-05   1.6400752e-05   1.7643142e-05  -3.1103846e-06   5.0801000e-06   2.0579440e-05   1.3170098e-05   8.3521581e-06   6.2019021e-06   3.5360456e-06   4.4651449e-07   1.5297043e-06   2.8493816e-06   1.9674601e-06  -6.9060877e-07   7.5145505e-07   8.6891953e-07  -2.1439800e-07   2.1571225e-06   3.2379441e-07   1.0818035e-06
  -0.0000000e+00  -1.8285615e-04   1.0465642e-05   1.9837755e-05   1.5847983e-05  -3.1751408e-06   1.2649331e-05   1.7072207e-05   1.4737378e-05   6.2748409e-06   1.3608106e-06   2.5828683e-06   4.5733764e-06  -1.6773873e-06   2.4139579e-06   9.8104977e-07   1.2818284e-06  -1.3364782e-06  -1.4413224e-06   3.8949199e-07  -1.2457269e-06   1.8081886e-06   1.4331229e-06
  -0.0000000e+00  -1.7877248e-04   6.4687874e-06   1.7116987e-05   2.3263123e-05  -7.4490918e-06   5.0938538e-06   2.1045758e-05   1.0398601e-05   4.5595393e-06   6.7566352e-06  -6.6203086e-07   1.1716618e-06   2.4771273e-06   2.5375900e-06   1.9947906e-06   2.3685400e-06   6.8648109e-07   3.1702936e-07   2.0065038e-06  -1.5839192e-06  -5.4026071e-08   3.1605916e-06
  -0.0000000e+00  -1.8739722e-04   2.3594870e-05   1.4758102e-05   1.2282690e-05   3.2595362e-06   8.1149037e-06   1.7330660e-05   1.3903269e-05   7.3123401e-06   2.8714662e-06   5.1824331e-06   1.5063123e-06  -1.7665579e-07   3.1538918e-06   2.2384631e-06   2.1350390e-06   2.7271806e-06  -1.5129986e-06   2.2662559e-06   5.3872452e-07  -1.4173171e-06   8.2940329e-07
  -0.0000000e+00  -1.8040420e-04   8.3119412e-06   1.7489203e-05   1.9486642e-05  -3.3038018e-06   9.1981974e-06   2.0898769e-05   1.2010303e-05   6.4373253e-06   3.9921001e-06   3.5218582e-06   7.0891383e-07   3.4269729e-06  -1.2719183e-06   2.1158539e-06   8.0853471e-07   6.1478102e-07   2.5836366e-06  -6.4395016e-07   2.4353424e-06  -8.2177326e-07   1.2836549e-07
  -0.0000000e+00  -1.8553429e-04   1.0577759e-05   1.6801452e-05   1.8054907e-05  -5.2484534e-06   7.1081281e-06   1.3658703e-05   1.5240460e-05   8.6160107e-06   3.4694494e-06   9.5990549e-07   4.4362346e-06   3.3069864e-06   1.3778152e-06   1.6019479e-06  -8.3267122e-07   2.7833448e-06   1.3897413e-06   1.9217028e-07   1.0563664e-06  -6.5410666e-07   1.6559421e-06
  -0.0000000e+00  -1.8116395e-04   1.1310906e-05   1.9647723e-05   1.9552623e-05  -5.0887252e-06   6.8290669e-06   2.3436090e-05   1.0466075e-05   6.8618297e-06   4.7278545e-06   1.1621714e-06   2.2388754e-06   2.7348819e-06   5.7704096e-07   3.6934239e-06   4.5515144e-06  -1.9123079e-06   2.0812342e-06   1.2987107e-06  -9.6078998e-07   1.9047005e-06  -8.8325294e-07
  -0.0000000e+00  -1.7503138e-04   2.1761569e-05   1.0982742e-05   1.2147816e-05   1.5754996e-06   9.6383556e-06   1.6245891e-05   1.6777571e-05   4.9412979e-06   2.6294354e-06   3.4511270e-06   1.7405569e-06   2.3831180e-06   1.5919165e-06  -1.1099553e-07   8.4870965e-07   1.1259460e-06  -8.9853671e-07   2.5030145e-06   1.5775422e-06  -1.0598119e-06   1.4531490e-07
  -0.0000000e+00  -1.9786507e-04   1.2728356e-05   1.9404250e-05   2.0115012e-05  -6.0804127e-06   6.2074373e-06   2.1262713e-05   1.0843466e-05   1.0984038e-05   5.3977910e-06   7.7185268e-07   2.7763758e-07   4.8872789e-07   3.5656817e-06   1.3742606e-07   3.8323444e-07   1.3746302e-06   4.0059572e-07   1.1518903e-08  -1.7815995e-07   2.8975410e-06  -1.2059414e-06
  -0.0000000e+00  -1.6883572e-04   5.9022432e-06   2.0478163e-05   1.9262494e-05  -2.6873217e-06   1.0894604e-05   1.5090153e-05   1.6084814e-05   7.3056140e-06  -4.4120426e-08   4.4908720e-06   2.0192897e-06   1.2279692e-06   4.6377945e-06   1.1329802e-06   3.6292633e-07   6.4809832e-08   1.3945943e-06   8.0403407e-07  -6.8405575e-07  -1.0706582e-06   2.7531141e-07
  -0.0000000e+00  -1.8769140e-04   1.9371022e-05   1.7827066e-05   1.4357326e-05  -7.4878149e-06   9.2791115e-06   1.8528346e-05   1.2904260e-05   7.7364784e-06   6.8357012e-06  -2.2964946e-06   2.1558997e-06   2.9685489e-06   2.0374162e-06   2.7415510e-06   2.0215227e-06  -9.7942866e-08  -6.1951516e-07   2.0732523e-06  -6.5163715e-07  -9.4029127e-07   1.5086511e-06
  -0.0000000e+00  -1.8467435e-04   1.5863790e-05   1.2202821e-05   1.7957174e-05   6.8154209e-06   2.4469161e-06   2.0519794e-05   1.2068830e-05   3.7639516e-06   7.5762905e-06   4.2194920e-06  -1.9189106e-06   7.2188836e-06   5.9864499e-07   1.9468612e-06   1.1654092e-06  -1.1366207e-06   3.4243492e-06  -7.8445595e-07   1.8935381e-06   1.5193091e-08   3.4278366e-07
  -0.0000000e+00  -1.8064576e-04   5.2582823e-06   2.1957439e-05   2.0607597e-05  -6.2009190e-06   1.3638593e-05   1.9548866e-05   1.5653724e-05   9.2231221e-06   3.3907324e-07   3.3363901e-06   3.7536754e-06  -4.1439452e-07   3.6508102e-06   2.3950604e-06   1.6921324e-06   1.8144405e-06   8.1229111e-08   5.2501900e-07   1.2955190e-06   1.1127823e-06   1.5437676e-06
  -0.0000000e+00  -1.8399263e-04   2.0513715e-05   1.5161581e-05   1.5931766e-05  -5.5487262e-06   7.7271025e-06   1.7230363e-05   1.2001933e-05   5.5223991e-06   3.0377321e-06   4.9234418e-06   7.4181486e-07   3.5550136e-06   7.5881400e-07   3.1250536e-06  -1.3956808e-06  -9.2644046e-07  -3.2848951e-07   1.8287756e-06   1.6379099e-07   2.3553287e-07   8.5666210e-07
  -0.0000000e+00  -1.8060573e-04   8.8342877e-06   1.7146122e-05   2.2636843e-05   1.9528143e-06   1.0997126e-05   1.7329305e-05   1.1365611e-05   1.0108667e-05   4.9964028e-06  -1.3581118e-06   3.6778454e-06   2.0671278e-06   5.4058964e-06   8.1596107e-07   1.2911805e-06   1.3054006e-06  -1.2303068e-06   4.2743582e-07  -5.3195322e-07   5.9730507e-07  -1.7619839e-06
  -0.0000000e+00  -1.8902621e-04   1.2054646e-05   2.0555408e-05   1.2077911e-05  -2.1214385e-06   6.8225172e-06   2.0547110e-05   1.0807778e-05   2.4871697e-06   6.9919979e-06   2.3450862e-06   2.0898913e-06   6.7550860e-07   1.2972883e-06   1.6763304e-06   9.3260288e-09   1.0217909e-06   1.2599287e-06   7.8487273e-07   1.3006139e-06   1.5610692e-07   1.2893117e-06
  -0.0000000e+00  -1.7596073e-04   1.7861279e-05   1.2483288e-05   1.7351476e-05  -1.7964703e-06   3.4494653e-06   1.8667701e-05   1.6099666e-05   3.5244400e-06   4.8445213e-06   4.2694305e-06  -4.2223650e-07   1.4837480e-08   1.9992624e-06  -9.5251465e-08   7.3955036e-08  -8.9005823e-07   1.0633428e-06  -2.0046446e-06   6.0735681e-07  -6.7715752e-07  -1.2990516e-06
  -0.0000000e+00  -1.7818245e-04   3.6876290e-06   2.0712141e-05   2.1021158e-05  -4.9246905e-06   1.5950061e-05   1.5450503e-05   1.1886647e-05   1.4787405e-05  -7.3790494e-07   2.1289322e-06   3.7006982e-06   3.5957651e-06   4.8021690e-07   3.4813193e-06   1.5146251e-06   1.5339070e-09   1.2225688e-06   1.6547261e-06   1.5215116e-06   1.4319069e-06  -5.5016420e-07
  -0.0000000e+00  -1.9430196e-04   2.5827952e-05   1.0801716e-05   1.5976599e-05  -2.7006975e-06   3.3932095e-06   1.8496834e-05   1.5782523e-05   2.0942766e-06   7.3699789e-06   2.4711189e-06   2.6688670e-06   1.7528123e-06   9.3281369e-07   1.8268297e-06   1.6399006e-06   5.3421902e-09   2.0519516e-07   9.1799330e-07   3.0788692e-06  -1.3112998e-08  -4.0296706e-07
  -0.0000000e+00  -1.7882584e-04   6.9378370e-06   2.3674991e-05   1.7414999e-05  -8.2912657e-06   1.0074762e-05   2.3394830e-05   1.2148579e-05   8.0251712e-06   2.4065614e-06   4.5342013e-06  -1.4868519e-06   1.5189771e-06   2.8367958e-06  -3.4449590e-07   3.1172607e-07   3.4943002e-07   7.1472937e-07   6.1799165e-07  -1.9427300e-06   1.5346719e-06   2.7468761e-06
  -0.0000000e+00  -1.7670685e-04   1.2530966e-05   1.5329939e-05   1.8786750e-05  -4.2859668e-08   8.4392059e-06   1.1868260e-05   1.5557436e-05   6.3442299e-06   5.7163725e-06   2.7158969e-06   2.4128290e-06  -3.6545163e-07   1.8405057e-06   2.6455264e-06   1.1072019e-06   1.8276658e-06   2.6237326e-06  -9.6276801e-07  -7.6477352e-07   1.1838381e-06  -4.9225099e-07
  -0.0000000e+00  -1.8585312e-04   1.4733866e-05   1.5184644e-05   1.7987950e-05  -4.1800949e-06   1.1645946e-05   1.5721815e-05   1.2406102e-05   1.1634193e-05   3.1601364e-06   1.3206866e-06   3.6918229e-06   1.8218137e-06   2.9614073e-06   2.6790581e-06  -2.4493912e-07   1.8684776e-06   5.6757534e-07   1.5450947e-06   1.1118151e-06  -3.2830343e-07   4.1185211e-07
  -0.0000000e+00  -1.8775630e-04   1.4758636e-05   1.8848919e-05   1.7941869e-05  -1.1686601e-05   9.4188135e-06   2.0853300e-05   1.4475035e-05   5.0126869e-06   1.5789591e-06   3.9222214e-06   2.8600664e-06   2.7356473e-06   2.3219266e-06   9.2627806e-07   5.8844785e-07  -4.7589259e-07   1.2180597e-06   6.3168960e-07   7.9968225e-07  -2.8582885e-08   6.8451669e-07
  -0.0000000e+00  -1.7602908e-04   1.2479544e-05   1.4691657e-05   1.9781659e-05   7.3080287e-06  -1.4835150e-06   1.8611558e-05   1.3788500e-05   2.8405864e-06   1.0285111e-05   5.5112146e-06  -2.5005031e-07   1.9184447e-06   2.4076739e-06   1.4782164e-06   4.6868468e-07  -3.9694314e-07   3.5772305e-07   1.5105819e-07   7.5116549e-07   1.4059782e-06   5.3935571e-07
  -0.0000000e+00  -1.8409843e-04   1.2466280e-05   1.6113256e-05   1.7462788e-05  -8.0447007e-06   1.7178476e-05   1.4592092e-05   1.1741437e-05   1.0412588e-05   7.2707707e-07   2.0610305e-06   3.9458259e-06   4.0325253e-06   1.3243440e-06   3.0612793e-07   1.2476603e-06  -9.7181001e-09   1.8406297e-06   6.0977250e-08   1.4606250e-06  -1.4047246e-06   1.7036552e-06
  -0.0000000e+00  -1.7492702e-04   1.0817788e-05   2.5636504e-05   1.3141063e-05  -2.1368878e-06   3.7702989e-06   1.7558714e-05   1.5136626e-05   7.0346500e-06   4.8426477e-06   5.1655916e-06   6.1695823e-07   1.0253792e-06   3.5706942e-06   4.9176952e-06   2.7476989e-07  -1.5211868e-06   8.7690722e-07   2.3345410e-06  -1.3157965e-06   1.0551748e-06  -2.7762269e-08
  -0.0000000e+00  -1.9442498e-04   2.2810691e-05   1.3269427e-05   2.8229417e-05  -8.0912469e-06   1.1475717e-05   1.5978492e-05   1.2793005e-05   3.9923457e-06   6.6986709e-06  -1.1984197e-06   3.4084576e-06   2.6316450e-06   2.6829102e-06  -6.3725633e-07   3.0024802e-07   1.6567491e-06  -3.8071423e-07  -2.0912828e-06   7.2088511e-07  -1.4550250e-07   5.2915664e-07
  -0.0000000e+00  -1.6834153e-04   4.1135077e-06   1.3564568e-05   1.2952947e-05   1.8599334e-06   5.7669640e-06   1.9779303e-05   1.3704439e-05   8.2518745e-06  -4.3244805e-07   4.1374292e-06  -2.1231269e-08   3.0489539e-06   2.6086291e-06   4.8253384e-08   2.7018195e-06   2.5913364e-06  -1.4267031e-06   3.2924879e-06   5.2611591e-07  -2.9886584e-07   1.7634671e-06
  -0.0000000e+00  -1.9307634e-04   1.9829260e-05   2.2368447e-05   1.4265823e-05  -3.1445384e-06   7.6770693e-06   1.7675811e-05   1.1213481e-05   6.5558929e-06   8.1270391e-06   2.8889401e-06   2.9756488e-06   3.1540346e-06  -9.3539933e-07   4.0782988e-06   1.3865564e-06  -2.7955975e-06   3.9431538e-06  -2.5485383e-07   9.1318151e-07   3.6281173e-07   5.1061858e-07
  -0.0000000e+00  -1.7911139e-04   1.2606581e-05   2.0486694e-05   1.8644216e-05  -6.7954220e-06   1.1988815e-05   1.9755391e-05   1.1034230e-05   9.6617741e-06   1.8749214e-06   6.0196012e-06   1.8778724e-06   1.9112028e-06   2.3342493e-06   1.5336468e-06  -1.5914839e-06   1.6849963e-06  -3.2803624e-07   9.2853094e-07   7.6792325e-08   1.5762462e-06   1.3212743e-06
  -0.0000000e+00  -1.8109099e-04   1.3351434e-05   4.7410858e-06   2.4808383e-05  -2.0888926e-06   3.1692264e-06   1.5439546e-05   1.6685664e-05   5.5406717e-06   5.4502493e-06   4.0217783e-06   2.8988748e-06   4.0375721e-06  -1.4797620e-06   8.8139319e-07   2.7610253e-07   6.4217693e-07   2.6228652e-06  -1.2942902e-06   2.8555344e-06   1.1340061e-06  -9.1185831e-07
  -0.0000000e+00  -1.8103012e-04   1.1899800e-05   2.5904670e-05   9.0429639e-06  -2.4789361e-07   4.5857378e-06   2.1185671e-05   1.1860319e-05   6.1956694e-06   5.4521188e-06   1.4798031e-06   4.2304546e-06   2.7794506e-06   5.1804477e-07   4.3766073e-07   2.5300476e-06   1.1743385e-06  -4.1999064e-07   6.7676469e-09  -7.9255517e-07  -3.7440694e-07  -4.6194472e-07
  -0.0000000e+00  -1.8580335e-04   1.7027896e-05   1.4689159e-05   2.0893842e-05  -7.7744653e-06   1.7386656e-05   1.3252534e-05   1.5224133e-05   6.4527771e-06   6.0113412e-06   4.5738730e-06   1.1704761e-06  -3.8581587e-07   3.2187447e-06   2.0913369e-06   1.0368981e-06  -1.3738880e-06   2.7936468e-07   1.6916889e-06  -1.6983120e-06   3.2830579e-07   2.2032610e-07
  -0.0000000e+00  -1.7980266e-04   8.0577038e-06   1.8987786e-05   1.2766620e-05  -1.1377638e-06  -3.1201688e-07   2.1971438e-05   7.9017482e-06   8.4276016e-06   5.1196416e-06   2.0812952e-06   3.1545251e-06   3.0911549e-06  -7.2073021e-07   2.2896519e-07   3.1662131e-07   1.5467172e-06   1.8745327e-06  -1.2257804e-06   2.3017733e-06   2.2942738e-06   6.7395554e-08
  -0.0000000e+00  -1.8178858e-04   2.3585048e-05   6.2418508e-06   2.8221069e-05  -6.2484555e-06   1.2641516e-05   1.6986933e-05   1.6877031e-05   9.1141510e-06   3.6671292e-06   3.8169355e-06   1.9239633e-06  -2.9527575e-06   5.6271369e-06   1.8360141e-07   8.8631617e-07   1.6316197e-06  -1.5199348e-06   2.6067084e-07  -1.8393942e-07   1.2527521e-07  -3.3218765e-07
  -0.0000000e+00  -1.7872652e-04   2.3348171e-06   2.8976719e-05   1.0224278e-05   3.0656190e-07   3.4812990e-07   1.9576808e-05   9.9686531e-06   5.1805905e-06   6.6501661e-06  -7.7865099e-07   3.7399984e-06   5.7737589e-06  -1.7345533e-06   2.4791357e-06  -1.1590057e-06  -6.6868455e-07   2.6196826e-06   7.4378181e-07  -4.3701110e-07   2.6756061e-06  -5.8553343e-07
  -0.0000000e+00  -1.9000092e-04   1.9358718e-05   1.4144654e-05   1.4866927e-05  -7.3280580e-06   1.4103029e-05   1.6479598e-05   1.6382097e-05   8.7542630e-06   2.9592634e-06   5.9095260e-06   1.1628907e-06  -9.7149041e-07   3.6260674e-06   1.2967300e-06   3.3428369e-06   3.5500696e-07  -8.6362786e-07   1.8965518e-06   7.9825730e-07  -2.7771839e-06   1.2402317e-06
  -0.0000000e+00  -1.7098940e-04   1.1906738e-05   1.6564612e-05   2.6823482e-05  -3.7894733e-06   7.3840711e-06   1.9422834e-05   8.5229713e-06   8.1346288e-06   1.9557704e-06   8.0909763e-07   3.7601394e-06   3.9731003e-06   1.2075732e-06   7.7336074e-07  -1.5479973e-06   2.6938287e-06   2.9885994e-06  -2.2290174e-06   1.8824291e-07   1.7762932e-06  -1.0722573e-06
  -0.0000000e+00  -1.9053675e-04   2.0977701e-05   1.1232062e-05   1.6332511e-05  -4.4438980e-07   5.4670518e-06   1.5767211e-05   1.8730374e-05   5.6297272e-06   7.1054847e-06   2.9435669e-06   1.3695792e-06  -4.1260245e-07   1.5956606e-06   2.2956872e-06   2.1136464e-06   1.4027447e-06  -1.8080686e-06   2.2380279e-06   1.1882912e-06  -2.6955186e-07   7.8715416e-08
  -0.0000000e+00  -1.8132656e-04   5.5988062e-06   2.2079787e-05   1.3928224e-05  -4.4095473e-06   7.4478980e-06   2.3664919e-05   6.6964330e-06   7.5641360e-06   8.2496388e-07   1.5953125e-06   4.0237915e-06   1.6746690e-06   1.0068641e-06   2.1312203e-06  -1.3577710e-06   4.1456756e-06   1.2957819e-06   1.4110423e-06  -2.1132649e-08  -3.4716743e-07   1.5496721e-06
  -0.0000000e+00  -1.7934231e-04   1.7371312e-05   1.6655020e-05   2.0608159e-05  -1.6989238e-06   1.0688113e-05   1.2999861e-05   1.8574048e-05   5.4176485e-06   1.1319165e-05   1.6728665e-06  -4.8834913e-08   1.6276090e-06   3.0266344e-06   2.4317421e-06   3.6353574e-06  -3.4862023e-06  -4.4883492e-07   3.2448063e-06   1.8744751e-07   3.0126952e-07  -1.6659629e-06
  -0.0000000e+00  -1.8157691e-04   9.8769460e-06   1.6262484e-05   1.4120322e-05  -2.4595104e-06   4.3108184e-06   2.0655149e-05   9.0128178e-06   9.1579068e-06  -6.5746775e-07   6.3159227e-06   1.9715455e-06   4.1345984e-06  -2.1271015e-07   1.2052403e-06   3.1996271e-07   2.4191477e-06   4.1098323e-07   1.6650893e-06   1.3252442e-06   1.1080419e-08   1.2082008e-07
  -0.0000000e+00  -1.8780392e-04   1.8234552e-05   9.9557383e-06   2.3593591e-05  -4.8348079e-06   1.2090984e-05   2.1941656e-05   1.5339152e-05   8.2651286e-06   7.4733807e-06   1.0339304e-06   1.7714796e-06   1.7533490e-06   2.9253777e-06   1.6133462e-06   3.8804046e-06  -5.9191035e-07   1.8309469e-06   1.7974583e-06   1.0038257e-06   1.6895517e-06  -9.9665999e-07
  -0.0000000e+00  -1.8182180e-04   1.0258076e-05   2.9561086e-05   7.1955583e-06   1.2564766e-06   8.5809525e-06   1.4144417e-05   9.7047232e-06   7.6390616e-06   9.9668694e-07   4.9709588e-06   1.5512654e-06   1.9182230e-06  -1.6236115e-06   8.2532938e-07   3.7526476e-07   1.7894993e-06   6.6292375e-07   1.5905063e-07  -6.1495871e-07   6.3639114e-08   6.5256785e-07
  -0.0000000e+00  -1.8055254e-04   1.2631857e-05   6.0125731e-06   2.7659036e-05  -8.3703708e-06   8.0093178e-06   2.3678962e-05   1.6571112e-05   3.6976585e-06   6.8235395e-06   1.5804645e-06   5.5019370e-07   2.2592169e-06   2.9690946e-06   7.7196432e-07   1.2102407e-06   2.0939872e-06  -1.3313645e-07  -1.0200580e-06  -7.4289011e-07   1.1039753e-06  -1.2111567e-06
  -0.0000000e+00  -1.7797618e-04   1.4399719e-05   1.8271578e-05   1.0913090e-05  -3.3193965e-06   8.0735435e-06   1.5547168e-05   1.1186817e-05   5.3604203e-06   2.5751729e-06   5.1920260e-06   7.7110985e-07   4.5273009e-06  -1.2725239e-07   2.3730427e-06   9.4776698e-07   1.9990098e-06  -6.4472567e-07   9.0734437e-07   1.9944633e-07   3.9405356e-07   1.6694593e-06
  -0.0000000e+00  -1.9508044e-04   1.5789350e-05   1.7543174e-05   2.2071719e-05  -4.6461219e-06   1.1735671e-05   1.4512082e-05   1.3453170e-05   8.7742264e-06   7.1991840e-06   1.5310076e-07   5.4752195e-06  -9.3274514e-07   3.3780238e-06   2.1357660e-06   7.2282779e-07  -1.8031609e-06   1.1339685e-06   4.0188112e-07   1.3712665e-06   1.1617503e-06  -9.7230259e-07
  -0.0000000e+00  -1.7128342e-04   9.6549620e-06   1.4412156e-05   9.7899383e-06   4.4505836e-07   5.4979014e-06   2.2257782e-05   1.0101337e-05   1.3123446e-05  -1.8346568e-06   4.5544102e-06   1.0133203e-06   4.4264461e-06  -3.4136076e-07   1.9173731e-06  -6.1577296e-08   2.4906842e-06   1.5625660e-06   1.0562693e-06  -4.9878321e-07  -6.5380868e-07  -1.8145886e-07
  -0.0000000e+00  -1.9137395e-04   1.2460223e-05   2.1526055e-05   2.2014416e-05  -9.7973088e-06   1.2478511e-05   1.6884493e-05   1.4523613e-05   3.2498860e-06   1.0303575e-05   3.3774841e-06   2.1333769e-06  -1.4989857e-06   1.9425840e-06   2.2082170e-06   2.0261807e-06  -2.0295342e-06   1.0785291e-06   1.2007015e-06   4.5295948e-07   2.1620547e-06  -8.8977225e-07
  -0.0000000e+00  -1.7287151e-04   1.6633943e-05   1.1812617e-05   1.8213115e-05   4.1820826e-06   2.8596328e-06   2.2774733e-05   1.2855728e-05   5.4923421e-06   4.2232246e-06   3.2111107e-06   1.8283308e-06   4.3458076e-06   1.3033397e-06   1.6698075e-07  -1.0605768e-06   2.7481142e-06   1.9115605e-06   8.5944987e-07   1.2890547e-06  -9.2823740e-07   2.6562407e-08
  -0.0000000e+00  -1.9563649e-04   1.0629680e-05   1.6066575e-05   2.0885303e-05  -1.1850022e-05   1.6172035e-05   1.2221892e-05   1.5193580e-05   7.9674646e-06   7.6753749e-06   8.4088225e-07   2.7035007e-06   3.8797807e-06   2.3651294e-06   2.3211530e-06   2.2328600e-06  -4.6780983e-07   1.7706195e-06  -4.4399056e-07   6.5639495e-07   2.2449121e-06   7.9708246e-07
  -0.0000000e+00  -1.7072058e-04   9.8759874e-06   1.8956587e-05   1.3218353e-05   7.4536442e-06   2.0303000e-06   2.2134866e-05   1.2163193e-05   7.0706892e-06   1.8271387e-06   4.6567757e-06  -2.7706442e-09   7.3492981e-07   2.9749588e-06   8.5663203e-07   2.0894734e-06   2.5466991e-06  -5.9715956e-07  -8.1292569e-07  -1.0159124e-06  -3.0306785e-07   2.7140482e-07
  -0.0000000e+00  -1.9015788e-04   1.8805014e-05   1.4804913e-05   2.2135873e-05  -9.8678893e-06   7.4268564e-06   2.0094179e-05   1.2562767e-05   8.1145299e-06   4.8738698e-06   8.3645568e-07   2.7187928e-06   1.2953542e-06   2.6481539e-06   2.4528761e-06   6.7173511e-07   6.3709820e-07   1.2803931e-06   3.6275495e-07  -1.2119665e-06   1.1183515e-06   7.1254783e-07
  -0.0000000e+00  -1.7918956e-04   1.0781140e-05   1.7107932e-05   1.1108187e-05  -1.1608741e-07   8.8423494e-06   1.3101578e-05   1.3278519e-05   7.7625664e-06   1.3320574e-06   6.4894316e-06  -4.6157723e-07   3.2103544e-06   1.3961825e-06   2.8840693e-06   1.9787126e-06  -6.4222138e-07  -1.6724056e-06  -5.1121708e-07   2.5072113e-06   4.4440816e-07   1.9794034e-06
  -0.0000000e+00  -1.8169964e-04   1.5374080e-05   1.3130526e-05   2.6081694e-05  -8.6829741e-06   1.1174234e-05   2.2151120e-05   1.7548040e-05   2.8710849e-06   7.1922009e-06  -2.4477549e-06   6.2341733e-06   4.9904463e-07   2.9516068e-06   8.8695612e-07  -9.0478733e-07   1.3370066e-06   6.1523679e-08   8.2512889e-07   6.5512842e-07  -2.1295135e-07   2.4521826e-06
  -0.0000000e+00  -1.7912386e-04   9.1055272e-06   2.3694542e-05   1.1310357e-05   1.2687292e-06   3.5180665e-06   1.6621359e-05   1.0570928e-05   9.8741657e-06   2.2135521e-06   6.2843674e-06   1.3226973e-07   2.9597268e-06   1.4779807e-06   1.0489047e-06   2.3457010e-06   1.0321477e-06   2.1399212e-07  -1.3656020e-08  -3.2916571e-08   3.4100333e-07   6.2910948e-07
  -0.0000000e+00  -1.8887910e-04   1.7570643e-05   8.2951792e-06   2.3760911e-05  -2.7944834e-06   1.1686083e-05   2.0432712e-05   1.4941124e-05   6.3104312e-06   4.5541965e-06   1.9913039e-06   2.2215101e-08   6.9494581e-07   6.7587308e-07   1.1584160e-06   2.8802282e-07   2.2340432e-06   8.4933333e-07  -2.2773222e-06   6.6004219e-08   1.1053519e-06  -1.3396426e-06
  -0.0000000e+00  -1.7921378e-04   1.1139469e-05   2.3754055e-05   1.3365600e-05  -2.6597670e-06   7.5618896e-06   2.0339528e-05   1.2050263e-05   7.6694187e-06   2.2085389e-06   2.7261362e-06   2.3291100e-06  -2.2420357e-07   3.6788360e-06  -5.0976257e-07   8.7814033e-07   1.1824067e-06   9.3411541e-07   8.7306103e-07   3.1113387e-07   4.3714002e-07   9.4242193e-07
  -0.0000000e+00  -1.8418493e-04   1.5433869e-05   1.3751525e-05   1.6600539e-05  -5.0834205e-06   1.0382535e-05   1.3380372e-05   1.7885390e-05   6.0178136e-06   7.2763905e-06   2.3621299e-06  -2.7391729e-07   3.0678978e-06   1.0690420e-06   3.4392881e-06   2.0332527e-06  -1.4474043e-06   2.6960558e-06   1.1527504e-06   3.0925069e-08  -6.0164757e-07   7.2597743e-07
  -0.0000000e+00  -1.7740598e-04   3.3241008e-06   1.9697587e-05   1.6767648e-05   3.9487853e-07   6.8306426e-06   2.2335593e-05   9.8008804e-06   7.6040383e-06   6.6161288e-06   1.4284925e-06   5.5530104e-06   3.4682821e-06   1.6829914e-06  -1.4654020e-06   1.5016606e-06   8.5498016e-07  -3.1637450e-07   9.1033218e-07   1.7009105e-06   5.8265834e-07   9.4202043e-08
  -0.0000000e+00  -1.8792151e-04   2.1468881e-05   1.2923927e-05   2.1152811e-05  -3.4199838e-06   3.9190918e-06   1.6669974e-05   1.7315464e-05   7.1763061e-06   3.8556423e-06   2.5343877e-06   9.8022474e-07   8.6988450e-07   3.6072468e-06   1.6449559e-06   2.3459343e-07   9.2287991e-07   1.9881975e-06  -1.7592882e-06   6.2874312e-07   1.2190916e-06   3.1385841e-07
  -0.0000000e+00  -1.7700155e-04   1.3159360e-05   2.0139692e-05   1.5025571e-05  -3.2612077e-06   9.1492111e-06   2.5861491e-05   8.1486214e-06   8.9848154e-06   2.7962981e-06   2.0673931e-06   2.0863456e-06   3.5166183e-06   1.0812271e-06   4.1780081e-06  -1.0997290e-06   1.1353859e-06   7.8215356e-07  -1.8280379e-06  -3.3934737e-07   2.1691424e-06   5.1917499e-07
  -0.0000000e+00  -1.8488700e-04   1.5089901e-05   1.5185063e-05   1.8236331e-05  -2.2799234e-06   1.1363999e-05   1.3943373e-05   1.5630667e-05   8.4721169e-06   7.0389801e-06   3.0240499e-06   9.4977673e-07   2.9611903e-07   3.2031614e-06  -2.4769149e-08   2.2625104e-06   6.4189965e-07  -2.4369861e-06   1.7499356e-06   2.4371118e-06  -2.3318241e-06   2.1622714e-06
  -0.0000000e+00  -1.7943993e-04   7.0946344e-06   1.8175906e-05   1.9555775e-05  -1.9903587e-06   4.0294726e-06   2.1220192e-05   1.2835482e-05   3.4613834e-06   3.9307506e-06   4.9146606e-06   1.5315617e-06   4.4268409e-06   9.3869727e-07   3.0000313e-06   2.3753438e-07   1.4806868e-06   2.6127186e-06  -3.7005410e-07  -1.4329325e-06   5.9970637e-07   2.3665189e-07
  -0.0000000e+00  -1.8280951e-04   2.0757348e-05   1.7079297e-05   1.7109349e-05  -2.4406920e-06   1.0412405e-05   1.5815594e-05   1.5507871e-05   9.2712444e-06   4.5783386e-06   2.9409184e-06   2.8770205e-06   2.3609157e-07   2.1904204e-06   2.7045992e-06   3.5888911e-07   5.1187385e-07  -9.5515441e-07   8.7167427e-07   2.0199702e-06   2.6169945e-07   1.5364653e-06
  -0.0000000e+00  -1.8302765e-04   7.7826799e-06   1.9146624e-05   1.4738142e-05  -2.1738790e-06   6.3124698e-06   2.0499670e-05   9.8336895e-06   6.4392607e-06   4.3275081e-06   2.4308461e-06   2.7153606e-06   3.1828590e-06   2.9579917e-07   1.8827670e-06   4.5450540e-07  -1.1923495e-06   1.4412993e-06  -4.4054696e-07   7.7101373e-07  -1.4185878e-06  -9.6222425e-07
  -0.0000000e+00  -1.8189724e-04   1.7820515e-05   1.2420450e-05   2.0352936e-05  -4.4284684e-06   8.3601180e-06   1.6621745e-05   1.2672397e-05   1.0606193e-05   4.5325460e-06   2.5056423e-07   3.5610747e-06   2.1881347e-06   4.5016673e-06   1.1613430e-07   1.4173980e-06   1.0876253e-06   1.7719627e-08  -3.7406770e-07   1.7703702e-06  -5.1272360e-07  -7.4310555e-07
