  -0.0000000e+00  -1.8159233e-04   1.5403208e-05   2.4421252e-05   1.8155952e-05  -2.0621533e-06   5.4572756e-06   1.7333221e-05   1.2832576e-05   5.4691382e-06   4.9287064e-06   5.5493206e-06   5.2532391e-07   1.1448441e-06  -1.3423239e-06   2.8818015e-06   1.7212635e-06   8.7283206e-07   8.9610586e-07   1.7668393e-06  -8.1876613e-07  -6.6532829e-07  -1.9548264e-07
  -0.0000000e+00  -1.7772791e-04   1.6297367e-05   1.1976468e-05   1.6868067e-05  -1.8189914e-06   9.6264275e-06   1.4420006e-05   1.5185785e-05   4.2855004e-06   3.7749612e-06   1.4932440e-06   5.6087009e-07   2.2268516e-06   3.2719411e-06  -2.0472739e-06   4.7281014e-06  -5.5842230e-07   2.1600308e-06  -1.0758297e-07  -8.5985437e-07   1.0937575e-06   8.9244389e-07
  -0.0000000e+00  -1.7723822e-04   1.3567176e-05   2.4944738e-05   1.7760647e-05  -1.2620194e-06   9.5675614e-06   1.5247264e-05   7.4710338e-06   9.2786759e-06   5.2720370e-06   2.0867205e-06   2.9549442e-06   4.6302821e-07   2.1928997e-06   3.0803781e-06  -4.6881959e-07  -1.4933941e-06  -5.1964339e-09   8.3168015e-07   1.4197274e-06   7.1436074e-07  -5.3734993e-07
  -0.0000000e+00  -1.8034442e-04   2.2206703e-05   1.3512754e-05   2.0206086e-05  -3.2111786e-06   5.4329980e-06   1.8224191e-05   1.1722882e-05   5.2274604e-06   1.6556691e-06   2.9919329e-06   3.7661518e-06   1.9295251e-06   3.8040205e-06   7.4314477e-07   1.5052409e-06   1.3251849e-06   3.9161951e-06  -1.0444435e-06   7.0792112e-07   3.8821418e-07   5.3711318e-07
  -0.0000000e+00  -1.8280567e-04   1.1849095e-05   1.7230343e-05   1.6628826e-05  -3.3101819e-06   6.8021704e-06   1.9732011e-05   1.4545237e-05   7.4234717e-06   5.3682120e-06   3.1941299e-06   1.9552122e-06   7.1252103e-08   1.3847672e-06   3.1787752e-06  -1.8809178e-07  -2.8350019e-07  -1.3482528e-06   1.0189576e-06   1.4112801e-06   3.0694642e-07  -1.2368919e-06
  -0.0000000e+00  -1.7725365e-04   1.9468946e-05   1.9614645e-05   1.9467028e-05   2.0107966e-06   7.0769752e-06   1.2620612e-05   1.2063222e-05   2.9760997e-06   3.8906619e-06   2.1917374e-06   4.2554598e-06   3.5633748e-06  -1.0370024e-06   1.2915484e-06   3.3077933e-06   1.5102347e-07   8.5126391e-07   3.4379917e-07   1.2795483e-06  -1.7191647e-07   1.8580591e-06
  -0.0000000e+00  -1.7441901e-04   1.1330680e-05   1.9430303e-05   1.6342505e-05  -5.5706460e-06   1.2389236e-05   1.9394816e-05   1.4023680e-05   1.0341180e-05   2.2794404e-06   2.1407536e-06   2.2423912e-07   1.8257517e-06   2.1570434e-06   4.1155818e-06  -9.9274155e-07   9.9233409e-07  -7.3205183e-07   1.3313161e-06   8.4887188e-07   4.3981220e-07   1.1016343e-06
  -0.0000000e+00  -1.8535147e-04   1.5648986e-05   1.5191979e-05   1.7439968e-05  -4.5429510e-06   2.6551536e-06   1.6566162e-05   8.7414692e-06   4.5493348e-06   3.6219892e-06   2.8675840e-06   3.9772449e-06   1.5866473e-06   2.3821553e-06   1.2411372e-06   8.2568374e-07   1.5731097e-06  -3.8911148e-07   1.0802677e-06   1.0618645e-06   5.4118652e-07  -1.6638073e-06
  -0.0000000e+00  -1.7759646e-04   1.9225590e-05   2.1099291e-05   1.5845126e-05   4.6049208e-06   7.5863522e-06   1.9982728e-05   1.5150687e-05   6.5988816e-06   5.1235993e-06   2.5516904e-06  -1.5934611e-06   1.8994289e-06   1.7883677e-06   1.8439247e-06  -4.2239364e-07   1.6981301e-07   8.6713777e-07  -2.2336360e-06   6.3208836e-07  -1.2043630e-06   2.4575737e-08
  -0.0000000e+00  -1.8340237e-04   1.2966439e-05   1.7960207e-05   1.7152968e-05  -8.2931156e-06   8.8043316e-06   1.4440467e-05   9.5956702e-06   8.4255935e-06   4.9784421e-06   1.4199965e-06   5.5576165e-06  -3.4856541e-07   1.3596797e-06   2.2389622e-06   1.8586850e-06  -7.1947625e-07  -9.3313980e-07   1.6734278e-06   2.0910863e-06  -1.2801097e-06  -1.1567207e-06
  -0.0000000e+00  -1.7384195e-04   1.5303262e-05   1.3328501e-05   1.9640378e-05  -6.7796913e-07   5.5230503e-06   1.8180426e-05   1.5532514e-05   1.9703589e-06   5.4768939e-06   3.7688442e-06  -1.1791714e-06   1.3684546e-06   1.6052462e-06  -3.7682278e-07   1.3183651e-06   7.0197092e-07   1.7016152e-06   1.7883275e-06   9.2815696e-08   1.7937014e-06   6.6930420e-07
  -0.0000000e+00  -1.8197966e-04   1.5249689e-05   1.7468376e-05   2.0054522e-05  -5.4145808e-06   8.6704877e-06   2.1573309e-05   1.0421451e-05   1.0835272e-05   5.4716083e-06   2.8702582e-06   1.2578458e-06   2.9859832e-06   2.1167230e-06   1.6667050e-07   3.5798740e-07   3.7236561e-07   3.2462731e-06   3.3541471e-07   1.0022247e-06   1.7335309e-06   1.6741782e-06
  -0.0000000e+00  -1.8016822e-04   1.9764773e-05   1.7355853e-05   1.5553487e-05   8.1299527e-07   3.1676668e-06   1.4251552e-05   9.6611429e-06   5.9835888e-06   3.5564512e-06   2.2806767e-06   4.3915852e-06   2.4736978e-06   2.0401053e-06   1.6099372e-06   8.2672653e-07   8.2683698e-07  -1.8061503e-06   1.5950689e-06  -1.3321816e-06   8.3441438e-07  -1.3332374e-06
  -0.0000000e+00  -1.8452400e-04   9.4283623e-06   2.3591287e-05   1.5962984e-05   6.7084608e-07   1.3223493e-05   1.9403744e-05   1.5213951e-05   9.0517742e-06   2.9754506e-06   1.6983912e-06   2.6513057e-06   2.7915112e-06   1.7011863e-06   2.5462170e-06  -3.3606392e-07   5.1944494e-07   2.5000525e-06   1.2895534e-07   8.9831013e-07   4.8660951e-07   5.1870018e-07
  -0.0000000e+00  -1.7063775e-04   1.6504422e-05   1.4118510e-05   1.9260848e-05  -2.9267974e-06   5.6315835e-06   1.1901237e-05   9.7151033e-06   2.2623674e-06   6.3224179e-06   3.7122750e-06   4.7738087e-07   1.3372447e-06   1.7728431e-06   1.1968926e-07   4.9271955e-07   1.5214965e-06  -1.7854643e-06  -3.3664620e-07  -2.1400513e-06   9.1000402e-07   1.1479805e-06
  -0.0000000e+00  -1.8527992e-04   2.0881369e-05   1.6617840e-05   2.1512096e-05  -5.1464867e-06   8.1189783e-06   2.2914832e-05   1.8465922e-05   5.6593285e-06   6.1174451e-06   2.6937148e-06  -6.6274744e-08   2.2778504e-06   8.9622245e-07   4.3227205e-06   2.5064294e-06  -8.2284055e-07  -9.6636336e-07   8.8559699e-07   4.0817899e-06  -1.5593995e-06  -1.4449185e-07
  -0.0000000e+00  -1.7852863e-04   1.1742177e-05   2.0699004e-05   1.6555194e-05   1.5425686e-06   8.9000214e-06   1.5149588e-05   6.1524779e-06   7.3511073e-06   1.9582274e-06   5.2014079e-06   2.5565664e-06   8.9820753e-07   2.4886006e-06  -2.8037434e-07  -8.3234681e-07   1.7080652e-06   1.8091955e-06   2.5022755e-06  -2.5612367e-06   6.0497723e-07   1.7190563e-06
  -0.0000000e+00  -1.7769306e-04   1.4807450e-05   1.8609546e-05   2.0499319e-05  -2.7964636e-06   7.4321865e-06   1.9844225e-05   9.8917608e-06   9.4333082e-06   6.0773673e-06   1.3447051e-06  -1.0741948e-06   1.4064624e-06   3.5575297e-06   8.7358376e-07   5.8526541e-07  -1.7321621e-06   2.5983068e-06   4.6911723e-07   7.1835939e-07  -9.5717917e-07   7.6593778e-08
  -0.0000000e+00  -1.7645623e-04   1.3053722e-05   2.2120643e-05   1.7642518e-05  -4.9024179e-06   1.1918191e-05   1.8203245e-05   1.1721271e-05   1.0176343e-06   3.1249510e-06   2.1672040e-06   4.2507781e-06   1.0869052e-06   2.6870650e-06  -1.0582637e-06   1.1084763e-07   2.0963591e-06  -1.8211961e-07   1.3846793e-06  -9.5210083e-07   1.6853248e-06   5.6380230e-07
  -0.0000000e+00  -1.8422087e-04   2.5119336e-05   1.1288967e-05   2.2109693e-05  -1.5858390e-06   5.8787728e-06   1.2592546e-05   1.5902278e-05   7.4452346e-06   7.2375510e-06   3.5599828e-06  -2.7574631e-06   2.3703142e-06   9.8127430e-07   1.3947799e-06   1.1027576e-06  -4.3630729e-07   2.2687658e-07   1.3307375e-06   6.9827439e-07   8.4562282e-07  -1.2631637e-06
  -0.0000000e+00  -1.7957641e-04   1.1392479e-05   2.4046863e-05   1.6752974e-05  -7.4318569e-07   9.8232958e-06   1.7230215e-05   1.1818425e-05   4.9293558e-06   1.8389374e-06  -1.1211523e-06   4.2442712e-06   2.5335498e-06   2.4895805e-06  -2.8653961e-08  -1.1612568e-06  -7.2977946e-07  -5.2617388e-08   1.5322946e-07   4.7230674e-08   5.1697077e-07   2.6784867e-06
  -0.0000000e+00  -1.7327759e-04   1.0820783e-05   1.8528193e-05   1.6945029e-05  -2.9222890e-06   8.5628162e-06   2.0882419e-05   1.2938513e-05   6.6509879e-06   3.7390485e-06   5.2654982e-06   1.8206625e-06   6.3096724e-07   2.9851226e-06   2.3647031e-06   2.5270717e-06   1.4662447e-06  -1.9287440e-06  -4.6475245e-07   2.2522129e-06   5.5336767e-07   6.2126251e-09
  -0.0000000e+00  -1.8574053e-04   2.0329142e-05   1.7057320e-05   1.8555820e-05  -1.2962630e-06   7.1414579e-06   1.3923066e-05   8.4860039e-06   8.0174659e-06   3.6461197e-06   3.2233611e-06   8.6755847e-07   1.1103537e-06   2.6986947e-06   4.3155058e-08  -1.8877904e-06   2.6534462e-06  -2.4261092e-07  -1.5246535e-07  -2.2815026e-07   1.4066741e-06   1.5341595e-06
  -0.0000000e+00  -1.7913223e-04   1.9745577e-05   1.6451684e-05   1.8875369e-05  -5.4682687e-06   1.1596474e-05   1.9084804e-05   1.5411923e-05   3.8516368e-06   5.2852688e-06   5.1184514e-07   2.6212476e-06   2.5202842e-06   4.6667576e-08   2.8574352e-06   6.5363409e-08  -2.1758059e-07   6.1831611e-07   1.5309344e-06   3.5338733e-06   5.5083450e-07  -1.6532231e-07
  -0.0000000e+00  -1.7028133e-04   1.2248182e-05   1.7032320e-05   1.5151900e-05  -6.6797264e-07   6.2699933e-06   1.4855758e-05   1.2511579e-05   5.9895083e-06   5.4207944e-06   6.0165070e-07   1.3582824e-06   2.7963824e-06   2.2606519e-06   4.4051146e-07   1.5898241e-06   1.0894454e-06   6.1487634e-07   1.1915581e-06   4.3185523e-07  -9.5241182e-07   4.1735566e-07
  -0.0000000e+00  -1.8638260e-04   1.0881146e-05   2.3120354e-05   2.0036576e-05  -2.6057510e-06   8.2296037e-06   1.6160709e-05   1.1027805e-05   8.1173102e-06   5.3279150e-06   4.7476556e-06   1.6696438e-06   2.4896003e-06   3.4131294e-06   2.8585587e-06  -2.5774190e-07  -3.5516629e-07   2.0361045e-07   1.8817335e-06  -9.2841373e-07   2.0889624e-06   5.7112987e-07
  -0.0000000e+00  -1.7842953e-04   2.0418991e-05   1.4672350e-05   1.6548365e-05   2.6325761e-06   6.2797835e-06   1.6780494e-05   1.3846992e-05   4.6551727e-06   2.0194300e-06   4.5517459e-06   1.0257614e-06   2.1142919e-06   3.1792410e-06  -8.1592276e-07   1.8212264e-06   2.2337583e-06   9.2433123e-07  -1.4596031e-07   6.5698953e-07  -2.8517121e-07  -1.8155075e-06
  -0.0000000e+00  -1.8186221e-04   1.8444302e-05   1.6724796e-05   2.0240910e-05  -8.1853850e-06   1.0329716e-05   1.8820108e-05   9.8231230e-06   9.3065773e-06   3.7372113e-06   1.7493173e-06   1.0154924e-06  -4.8215537e-07   1.9772501e-06   5.2460729e-07   2.1919402e-06  -8.0584454e-07   1.5484331e-06   1.1164904e-06  -9.0984514e-07   2.0522489e-06  -5.1297263e-07
  -0.0000000e+00  -1.7242145e-04   1.0635082e-05   2.0950101e-05   1.7348084e-05   1.5857361e-07   5.5420860e-06   1.4695171e-05   1.4860009e-05   2.3635223e-06   5.9685813e-06   9.4124488e-07   1.2559475e-07   4.6266118e-06   3.9141916e-08   4.6117981e-07  -4.3924840e-07  -3.5897835e-07   1.5432191e-06   1.4373034e-06   9.5049387e-07  -1.6025610e-06   1.7903019e-06
  -0.0000000e+00  -1.8494661e-04   1.0139523e-05   2.1654738e-05   2.0150892e-05  -4.6869436e-06   9.5494388e-06   1.7509756e-05   1.2815558e-05   8.4970770e-06   6.5602867e-06   3.1019039e-07   3.3263789e-06   3.2375186e-07   1.7186002e-06   3.2798043e-06   9.0960771e-07  -5.0846012e-07   1.1836984e-06  -9.0884640e-07   1.7019886e-06   1.1747525e-06   2.7856834e-07
  -0.0000000e+00  -1.8003206e-04   2.6987153e-05   1.0845828e-05   1.6107269e-05   1.8509036e-07   6.1819765e-06   1.5491112e-05   9.4882016e-06   6.0344319e-06   1.9076076e-06   5.6522381e-06   3.8221029e-07  -6.5441799e-07   2.4011069e-06   2.8626209e-07   4.4787063e-07   1.2852075e-06  -5.5228190e-07  -9.0874084e-07  -2.8282378e-07  -1.8675684e-06   2.6092621e-06
  -0.0000000e+00  -1.7575402e-04   1.1330014e-05   1.8814340e-05   1.8783296e-05  -3.1196075e-06   1.2212903e-05   2.0022360e-05   1.0759380e-05   9.2525752e-06   4.2344482e-06   1.4318722e-07  -4.9244773e-07   7.6524617e-07   1.0151678e-06   4.3543005e-06   2.1391381e-08  -1.3869412e-07   1.1527156e-06  -2.6201849e-07   1.1734477e-06   1.3161276e-06  -1.3541353e-06
  -0.0000000e+00  -1.8166547e-04   1.2131060e-05   2.0393010e-05   1.6278289e-05  -4.6464993e-06   7.4742889e-06   1.2887520e-05   1.2889791e-05   4.3138089e-06   3.1667748e-06   5.5344035e-06   8.6254261e-07   4.8006823e-06   1.1079486e-06   7.7224934e-07   2.1906815e-06   1.3299405e-06  -1.2810269e-06   1.0597233e-06  -3.6875494e-07  -2.9337664e-07   2.1660192e-06
  -0.0000000e+00  -1.7737353e-04   1.5549187e-05   1.9604595e-05   1.8046681e-05   1.8521905e-06   8.6468835e-06   1.9989136e-05   1.4477238e-05   6.7880728e-06   6.5398322e-06   9.1525158e-07   2.5484030e-07   4.1759008e-06   2.3478840e-06   1.6557625e-06   8.1731628e-07  -1.1398555e-06   3.5059456e-06   9.4656922e-09   1.2237936e-06   1.1209796e-06   6.6867335e-07
  -0.0000000e+00  -1.7957785e-04   1.6753218e-05   1.2500186e-05   1.7912416e-05  -7.3517970e-07   7.4432651e-06   1.3352643e-05   1.1581089e-05   2.6373871e-06   3.5045191e-06   5.8764540e-06   1.6571106e-06   1.5460042e-06   1.4859119e-06   2.6057146e-06   9.1379690e-07   1.4305637e-06   2.1310802e-06   8.1167656e-07  -1.6118437e-06   1.6229355e-06  -3.9789153e-08
  -0.0000000e+00  -1.8360856e-04   1.4947194e-05   1.8677900e-05   2.1088530e-05  -4.2588740e-06   5.9495555e-06   2.2783313e-05   1.0871217e-05   9.7054544e-06   4.4154967e-06   2.4392123e-06   3.7473174e-06  -1.1348723e-06   2.7976284e-06   1.0860402e-06   2.5826259e-06  -1.8835447e-06  -1.7264415e-06   3.8749693e-07   1.7044438e-06  -1.2110831e-07   1.2681766e-06
  -0.0000000e+00  -1.7669609e-04   1.4314557e-05   2.3776491e-05   1.5886815e-05  -2.4307826e-06   1.3957349e-05   1.4742353e-05   1.0220323e-05   6.1223836e-06   2.5722761e-06   2.6425942e-06  -3.3770991e-07   3.6053082e-06   1.7907852e-06   7.8951479e-07  -5.4816547e-07   1.5661157e-06   2.1273815e-06   3.6483868e-07  -1.1424546e-06  -1.3964925e-06   1.5313018e-06
  -0.0000000e+00  -1.7753779e-04   1.5842630e-05   1.5434283e-05   1.7310245e-05   7.9027313e-07   3.7593020e-06   1.5087639e-05   1.5787293e-05   5.1314214e-06   6.7203709e-06   4.3397545e-06  -1.0634786e-06  -1.0227977e-06   1.7416813e-06   3.4114134e-07   1.4011367e-06   9.2220478e-07   3.0838726e-07  -2.0851012e-07   2.2638135e-06   1.5128956e-06  -1.0826063e-06
  -0.0000000e+00  -1.8545220e-04   1.6967200e-05   1.7451352e-05   2.2291621e-05  -2.0104110e-06   6.3835182e-06   2.1582488e-05   1.4128520e-05   3.4035372e-06   2.4110595e-06   4.3076457e-06   2.0627806e-06   2.1144508e-06   1.1084641e-06   2.8485899e-06   7.7848296e-07   1.4778551e-06   2.1095052e-06  -6.7274937e-07  -4.2694730e-08   1.1831485e-06  -3.4351072e-07
  -0.0000000e+00  -1.7348997e-04   1.2947117e-05   2.0902578e-05   1.6095937e-05  -4.6605546e-06   1.0053198e-05   1.3327131e-05   1.1946646e-05   6.6451767e-06   5.0218387e-06   2.5057598e-06   1.2533900e-06   1.9478273e-06   1.2266804e-06   2.0980804e-06  -4.7339319e-07   1.1864813e-06   4.5919174e-07   1.8031776e-06   1.3912397e-06   8.5395453e-07   1.8195807e-06
  -0.0000000e+00  -1.8156687e-04   1.5805905e-05   1.8995528e-05   1.8767183e-05  -4.2119468e-06   1.0023837e-05   1.8755247e-05   9.6760932e-06   8.5771799e-06   2.1885280e-06   2.5733464e-06   2.3973635e-06   1.4393620e-06   8.6123634e-07   7.5684670e-07   1.0779899e-06   9.1876632e-07   2.6344253e-07  -5.0182830e-08   5.4671239e-07   3.7148465e-07   1.7458085e-06
  -0.0000000e+00  -1.8377679e-04   1.7725881e-05   1.9910634e-05   1.6450927e-05   4.7884892e-06   3.4011368e-06   1.5895921e-05   1.5611949e-05   5.0087365e-06   4.0874502e-06   4.1531475e-06   8.6371608e-07   1.3181971e-06   3.3758458e-06  -8.7952185e-07   2.2888605e-06   9.5836594e-07  -9.3834655e-07   6.5455941e-07  -7.3758571e-07  -7.0966013e-07   8.0572789e-07
  -0.0000000e+00  -1.7796028e-04   1.0602386e-05   1.7017495e-05   2.3306622e-05  -8.1858079e-06   5.6252270e-06   1.6205806e-05   1.2918166e-05   4.7823578e-06   5.9533704e-06   2.2380666e-06  -1.0797870e-06   7.2701954e-07   3.3909971e-06   1.7316577e-07   3.6628358e-06  -1.5262609e-07   9.6099916e-07   6.7812786e-09   2.3953185e-06  -1.1171594e-06   1.3994486e-06
  -0.0000000e+00  -1.7625118e-04   1.7326793e-05   1.7857254e-05   1.6439681e-05  -7.7091312e-07   1.1899408e-05   1.9379111e-05   8.1955995e-06   7.1819873e-06   5.5749802e-06  -1.0831099e-06   5.1434567e-06   1.6525156e-06   3.3705348e-06   3.5055251e-07   8.5040489e-07   2.3041091e-06   1.9181905e-07   1.8961744e-06   1.1545628e-06   2.0154762e-06  -8.5858609e-08
  -0.0000000e+00  -1.7793875e-04   1.3823706e-05   2.1343942e-05   1.3231680e-05  -2.0319987e-06   7.0921760e-06   1.3704716e-05   1.3238531e-05   4.7697472e-06   4.8836505e-06   2.8368790e-06   2.4663877e-06   3.0250380e-06   2.5794945e-06   3.3985816e-06   2.3614152e-07   1.3478856e-07   1.0980864e-06  -2.1682783e-06   1.9825632e-06   2.3428172e-06  -1.6526653e-06
  -0.0000000e+00  -1.8333113e-04   1.5263176e-05   1.3449895e-05   2.2300999e-05  -2.5788411e-06   5.5928913e-06   1.9726822e-05   1.3245397e-05   5.4575476e-06   1.2658934e-06   5.3750232e-06   3.4281834e-07   2.0213140e-06   1.7654328e-06   2.2261428e-07  -1.0285053e-06   1.8509329e-06   5.5510048e-07  -9.5248976e-07  -9.2561135e-07  -6.0651382e-07  -5.5873602e-07
  -0.0000000e+00  -1.7926360e-04   1.9371191e-05   1.8963552e-05   1.7652639e-05  -9.3505543e-07   1.0837092e-05   1.5417938e-05   1.0653403e-05   5.6886433e-06   5.7999723e-06   1.5916899e-06   5.1424541e-07   2.2079262e-06  -2.7920490e-07  -4.2473511e-07   1.1823257e-06   1.9136260e-06  -1.1505916e-06  -2.8933940e-07   7.9721644e-07   2.7788228e-06  -1.3471354e-06
  -0.0000000e+00  -1.7375704e-04   1.4701618e-05   1.8947982e-05   1.7894399e-05  -5.5858873e-06   8.5639767e-06   1.4882515e-05   1.0699179e-05   1.1201635e-05   4.2049255e-06  -3.1613826e-07   4.7545109e-07   3.1920047e-06   1.9290196e-06   3.0330102e-06  -1.0574421e-07  -3.3886505e-07   1.4796840e-06   6.8890046e-07   7.6311160e-08   4.9003216e-07   1.9305994e-06
  -0.0000000e+00  -1.7927690e-04   1.5948368e-05   1.5353347e-05   2.2036136e-05   1.0619151e-06   6.1381670e-06   1.9853009e-05   1.1988397e-05   5.6181825e-06   6.3531643e-06   1.5033634e-06   3.5344792e-06  -1.2321537e-06   1.8161719e-06   1.4721301e-06  -2.8446909e-06   1.1124648e-06  -1.3009444e-06   1.3747135e-07  -4.9725969e-07  -2.2952813e-07   4.6764239e-07
  -0.0000000e+00  -1.8450193e-04   1.4359339e-05   2.0385247e-05   1.5706695e-05  -1.1359209e-06   7.6903880e-06   1.4244281e-05   1.6474360e-05   3.8413973e-06   3.3531735e-06   6.2902100e-06   7.3583419e-07   1.2193315e-06   2.6061739e-06   1.8931805e-06  -1.7642243e-07   2.4812443e-06   5.3159414e-07   7.0686264e-07   2.4835804e-06  -8.3825068e-07   2.4205426e-07
  -0.0000000e+00  -1.7469410e-04   2.1340393e-05   1.7288739e-05   1.8703689e-05  -5.5736336e-06   1.1094606e-05   1.5094325e-05   1.0704454e-05   1.1118204e-05   4.9920795e-06   1.9928482e-06   2.2163310e-06   3.3557012e-06   3.1498887e-06  -2.7211647e-07   2.6004607e-06  -8.9299488e-07  -3.7904522e-07   2.5115989e-07  -1.2589793e-06   1.0649300e-06   2.0579225e-06
  -0.0000000e+00  -1.8472604e-04   1.3794483e-05   1.7458571e-05   1.9075978e-05  -1.2276211e-06   5.2996788e-06   1.9038820e-05   1.3405267e-05   5.2920605e-06   4.1037911e-06   3.5602175e-06   3.5439307e-06   2.0216373e-06  -1.9817912e-06   1.2021079e-06   3.1082959e-06  -1.5035662e-06   2.3465211e-06   3.5917401e-07   8.6010976e-07   2.2605641e-07  -8.1285060e-07
  -0.0000000e+00  -1.7248940e-04   1.0532319e-05   1.8218952e-05   1.8482306e-05  -1.9352306e-06   8.1820417e-06   1.5803964e-05   1.2209761e-05   6.3247057e-06   3.2100861e-06   2.7057768e-06   1.6931752e-06   1.3400070e-06   2.0126670e-06   1.2946196e-06   1.6107189e-06   6.1905034e-08   1.1413892e-06   1.2159226e-06  -1.1778248e-07   1.6727577e-06  -8.0759315e-07
  -0.0000000e+00  -1.8450644e-04   2.2258488e-05   1.7714870e-05   1.7773624e-05  -2.2064009e-06   4.8392112e-06   1.9288338e-05   1.2296096e-05   7.8517387e-06   5.7582865e-06   3.3206750e-06   4.7233084e-07   1.3457725e-06   2.6487746e-06   1.8234206e-06  -6.8734784e-07   6.8771573e-07   7.3676603e-07  -1.1047842e-07   2.0434975e-06   2.4001014e-07   1.0660120e-06
  -0.0000000e+00  -1.7967558e-04   1.2935454e-05   2.0848656e-05   1.6189666e-05  -2.3584462e-06   1.1921516e-05   1.5986045e-05   1.3703981e-05   5.8250534e-06   1.1607126e-06   2.4379483e-06   4.1614467e-06  -1.6489499e-06   2.2450627e-06   9.5134743e-07   1.0837192e-06  -1.3531900e-06  -1.4507156e-06   2.9378663e-07  -1.2115407e-06   1.7335760e-06   1.3834808e-06
  -0.0000000e+00  -1.7579498e-04   9.1961647e-06   1.8350102e-05   2.2986969e-05  -6.2900149e-06   5.0220419e-06   1.9698777e-05   9.5847208e-06   4.1463882e-06   6.2160725e-06  -7.0838018e-07   1.0443275e-06   2.1962162e-06   2.4402693e-06   1.9177264e-06   2.2501965e-06   6.4771973e-07   3.4778526e-07   1.7769029e-06  -1.5315387e-06   3.1905781e-08   2.9883806e-06
  -0.0000000e+00  -1.8390623e-04   2.5102398e-05   1.6146727e-05   1.2892086e-05   3.6448569e-06   7.8359853e-06   1.6220467e-05   1.2973112e-05   6.7720453e-06   2.6457699e-06   4.8888469e-06   1.3550822e-06  -1.2316971e-07   2.8397674e-06   2.1449212e-06   2.0615751e-06   2.5414263e-06  -1.4147651e-06   2.1717476e-06   4.6038164e-07  -1.3872944e-06   7.5670914e-07
  -0.0000000e+00  -1.7739904e-04   1.0997392e-05   1.8579418e-05   1.9562982e-05  -2.3513555e-06   8.6836817e-06   1.9488194e-05   1.1165104e-05   6.0047519e-06   3.7288098e-06   3.2091662e-06   6.7997848e-07   3.1282650e-06  -1.2756771e-06   1.9129202e-06   7.8390082e-07   4.9022310e-07   2.4668500e-06  -5.0970732e-07   2.2130257e-06  -8.6677721e-07   1.9392151e-07
  -0.0000000e+00  -1.8202537e-04   1.2954671e-05   1.7982415e-05   1.8167255e-05  -4.2013612e-06   6.7464321e-06   1.2758401e-05   1.4276220e-05   7.9681076e-06   3.1996374e-06   8.3005961e-07   4.2028473e-06   3.1417267e-06   1.2315511e-06   1.3873573e-06  -6.8179992e-07   2.5657905e-06   1.2890519e-06   1.6445630e-07   1.0397523e-06  -6.2814746e-07   1.5458853e-06
  -0.0000000e+00  -1.7805403e-04   1.3789482e-05   2.0616590e-05   1.9489975e-05  -4.0930718e-06   6.5228860e-06   2.1868109e-05   9.7802085e-06   6.4158771e-06   4.3290433e-06   9.8806834e-07   2.1726014e-06   2.5110858e-06   6.0466812e-07   3.4444613e-06   4.2895040e-06  -1.7147865e-06   1.8887396e-06   1.2498896e-06  -9.0688843e-07   1.7766320e-06  -8.5920641e-07
  -0.0000000e+00  -1.7227528e-04   2.3489147e-05   1.2623252e-05   1.2691293e-05   2.0416708e-06   9.1541788e-06   1.5256674e-05   1.5635571e-05   4.5667116e-06   2.3700593e-06   3.1401992e-06   1.5605805e-06   2.2508400e-06   1.3873611e-06  -7.9607283e-08   7.0910471e-07   9.7970815e-07  -8.1339340e-07   2.3902226e-06   1.4530285e-06  -9.5585040e-07   5.9417541e-08
  -0.0000000e+00  -1.9359539e-04   1.5138963e-05   2.0518610e-05   2.0063915e-05  -5.0760232e-06   6.0816942e-06   1.9882276e-05   1.0194848e-05   1.0254220e-05   5.0395715e-06   6.5503588e-07   1.5045727e-07   4.1791927e-07   3.2639441e-06   5.6008993e-08   3.4116718e-07   1.3009229e-06   3.2246368e-07   4.0616769e-08  -2.1992027e-07   2.7417777e-06  -1.0925976e-06
  -0.0000000e+00  -1.6655012e-04   8.6671662e-06   2.1437550e-05   1.9346717e-05  -1.8355649e-06   1.0292504e-05   1.4046900e-05   1.5016915e-05   6.8913801e-06  -5.6336070e-08   4.1103904e-06   1.7796250e-06   1.2143483e-06   4.3759342e-06   1.1081929e-06   2.5645917e-07  -4.0526423e-08   1.3404872e-06   7.7640823e-07  -6.6268410e-07  -1.0474761e-06   1.6755418e-07
  -0.0000000e+00  -1.8412263e-04   2.1297374e-05   1.8965611e-05   1.4698849e-05  -6.3154994e-06   8.8167817e-06   1.7182034e-05   1.2039829e-05   7.1528525e-06   6.2448812e-06  -2.2134202e-06   1.8795565e-06   2.8456170e-06   1.9631100e-06   2.4992455e-06   1.9694364e-06  -1.2385446e-07  -6.0851238e-07   1.9249449e-06  -6.9922902e-07  -8.7179706e-07   1.4327867e-06
  -0.0000000e+00  -1.8131982e-04   1.7925118e-05   1.3763423e-05   1.8086335e-05   7.0343617e-06   2.5144193e-06   1.9251449e-05   1.1251712e-05   3.5146340e-06   7.0703759e-06   3.9026277e-06  -1.7541327e-06   6.7090418e-06   5.5609303e-07   1.8412816e-06   1.0357893e-06  -1.1269939e-06   3.2519997e-06  -7.1625078e-07   1.8382370e-06  -9.3659480e-08   3.5961662e-07
  -0.0000000e+00  -1.7762222e-04   8.0726923e-06   2.2856686e-05   2.0586262e-05  -5.0564636e-06   1.2916108e-05   1.8319455e-05   1.4626143e-05   8.6282516e-06   2.4692480e-07   3.1122154e-06   3.4627867e-06  -3.8162645e-07   3.4463101e-06   2.2342731e-06   1.6609431e-06   1.6252534e-06   1.4850505e-07   4.5913310e-07   1.2310041e-06   1.0918674e-06   1.5070962e-06
  -0.0000000e+00  -1.8067320e-04   2.2297994e-05   1.6517288e-05   1.6240487e-05  -4.4393382e-06   7.4364389e-06   1.6171918e-05   1.1071011e-05   5.0503786e-06   2.7855813e-06   4.5155007e-06   6.3236547e-07   3.3227532e-06   7.5579669e-07   2.8636023e-06  -1.3982502e-06  -9.5243962e-07  -3.9338809e-07   1.7779093e-06   1.1373189e-07   2.8320676e-07   7.6441887e-07
  -0.0000000e+00  -1.7755438e-04   1.1341775e-05   1.8375713e-05   2.2520746e-05   2.5056740e-06   1.0469739e-05   1.6145608e-05   1.0564666e-05   9.3208637e-06   4.7058347e-06  -1.2946009e-06   3.4558273e-06   1.9398399e-06   5.1306124e-06   8.3875415e-07   1.1515773e-06   1.2583713e-06  -1.2236267e-06   3.1141985e-07  -4.4346297e-07   4.9308437e-07  -1.7266282e-06
  -0.0000000e+00  -1.8533070e-04   1.4444910e-05   2.1486821e-05   1.2536233e-05  -1.2267649e-06   6.5850954e-06   1.9118310e-05   1.0004993e-05   2.3317309e-06   6.4390374e-06   2.1885878e-06   1.9124816e-06   5.5188673e-07   1.1944445e-06   1.5109242e-06  -8.1517841e-09   9.1236438e-07   1.2699597e-06   7.7205550e-07   1.1942687e-06   2.0578234e-07   1.2505200e-06
  -0.0000000e+00  -1.7315007e-04   1.9755573e-05   1.3993242e-05   1.7567396e-05  -1.0098789e-06   3.4000311e-06   1.7363820e-05   1.4976592e-05   3.2494900e-06   4.4183253e-06   3.8803882e-06  -4.8146632e-07  -5.3277990e-08   1.7773023e-06  -1.6740910e-07   2.1658769e-08  -9.2383243e-07   9.5015145e-07  -1.9589620e-06   5.7336416e-07  -7.0982139e-07  -1.3082481e-06
  -0.0000000e+00  -1.7525960e-04   6.6861408e-06   2.1582289e-05   2.0911189e-05  -3.9565448e-06   1.5017413e-05   1.4495126e-05   1.1209270e-05   1.3734209e-05  -6.2923453e-07   2.0487380e-06   3.5132603e-06   3.3515994e-06   4.3318715e-07   3.3211245e-06   1.4642332e-06  -1.6420644e-08   1.1154995e-06   1.6139850e-06   1.5170980e-06   1.3845312e-06  -5.9043413e-07
  -0.0000000e+00  -1.9022221e-04   2.7210976e-05   1.2456718e-05   1.6237565e-05  -1.9896700e-06   3.4367094e-06   1.7353621e-05   1.4697518e-05   1.9430340e-06   6.7635833e-06   2.2658883e-06   2.4637968e-06   1.6056341e-06   8.9595432e-07   1.6977581e-06   1.4816865e-06  -4.5488747e-08   2.3138256e-07   9.2718068e-07   2.8630518e-06   2.9888838e-08  -4.2193398e-07
  -0.0000000e+00  -1.7593976e-04   9.7401262e-06   2.4425508e-05   1.7634149e-05  -7.1654454e-06   9.6211861e-06   2.1720682e-05   1.1413626e-05   7.4256845e-06   2.2276843e-06   4.1648268e-06  -1.4503273e-06   1.3457403e-06   2.5813197e-06  -3.8069618e-07   2.6295086e-07   2.8399728e-07   6.5029838e-07   4.9104960e-07  -1.8789451e-06   1.5081189e-06   2.6359751e-06
  -0.0000000e+00  -1.7387250e-04   1.4871122e-05   1.6695061e-05   1.8961164e-05   5.4258828e-07   8.0570107e-06   1.1048637e-05   1.4543530e-05   5.9764202e-06   5.2762898e-06   2.5728416e-06   2.1508079e-06  -3.7069452e-07   1.6481084e-06   2.5059196e-06   1.0192176e-06   1.7819560e-06   2.4860510e-06  -9.0271914e-07  -8.2059211e-07   1.1242118e-06  -5.1241733e-07
  -0.0000000e+00  -1.8247163e-04   1.6977419e-05   1.6435339e-05   1.8151011e-05  -3.3040014e-06   1.1127048e-05   1.4624344e-05   1.1542195e-05   1.0902085e-05   2.9193859e-06   1.2626073e-06   3.4020964e-06   1.6647583e-06   2.8338432e-06   2.4752765e-06  -2.3326803e-07   1.7679376e-06   5.7329532e-07   1.5080832e-06   9.3107053e-07  -2.5659321e-07   3.7947254e-07
  -0.0000000e+00  -1.8412374e-04   1.6858465e-05   1.9850280e-05   1.8033128e-05  -1.0271995e-05   8.9478335e-06   1.9466044e-05   1.3541493e-05   4.5810102e-06   1.3776294e-06   3.5491896e-06   2.7261110e-06   2.5663326e-06   2.1659064e-06   9.3010232e-07   4.4228491e-07  -5.1359535e-07   1.0612694e-06   6.1575264e-07   8.4616062e-07  -5.3281521e-08   5.6245358e-07
  -0.0000000e+00  -1.7325743e-04   1.4770191e-05   1.6080488e-05   1.9907100e-05   7.3462938e-06  -1.0946102e-06   1.7277594e-05   1.2838270e-05   2.6649848e-06   9.5772184e-06   5.2295618e-06  -1.7323872e-07   1.7115186e-06   2.2615820e-06   1.2564948e-06   3.4668560e-07  -3.9411674e-07   4.0800339e-07   7.2890458e-08   6.4264549e-07   1.3531120e-06   5.7677880e-07
  -0.0000000e+00  -1.8062300e-04   1.4826246e-05   1.7431799e-05   1.7715716e-05  -6.7993396e-06   1.6115044e-05   1.3565762e-05   1.0979418e-05   9.6201939e-06   6.8277774e-07   1.9931583e-06   3.5801022e-06   3.7255838e-06   1.2777327e-06   2.7013454e-07   1.2087991e-06  -1.0906464e-07   1.6987387e-06   1.4733574e-07   1.3388660e-06  -1.3272006e-06   1.5803470e-06
  -0.0000000e+00  -1.7222925e-04   1.3310708e-05   2.6297534e-05   1.3698807e-05  -1.3806786e-06   3.7156390e-06   1.6325519e-05   1.4117211e-05   6.5063150e-06   4.5924558e-06   4.7173107e-06   5.8136987e-07   1.0121317e-06   3.3815427e-06   4.6481364e-06   2.0733175e-07  -1.4924033e-06   8.4556922e-07   2.2126533e-06  -1.2729466e-06   9.5135181e-07  -4.0879620e-09
  -0.0000000e+00  -1.9029377e-04   2.4476016e-05   1.4832902e-05   2.7591032e-05  -6.8496538e-06   1.0893695e-05   1.4870892e-05   1.1960842e-05   3.7249679e-06   6.0870557e-06  -1.1670537e-06   3.0683236e-06   2.5169070e-06   2.4732772e-06  -7.0561845e-07   2.8110478e-07   1.5114251e-06  -4.7275782e-07  -2.0131197e-06   6.6997450e-07  -1.8971268e-07   4.8329440e-07
  -0.0000000e+00  -1.6617040e-04   7.0622878e-06   1.4993620e-05   1.3487915e-05   2.2873535e-06   5.6504296e-06   1.8455399e-05   1.2704701e-05   7.5929061e-06  -4.6936822e-07   3.7652565e-06  -3.2038844e-08   2.8197687e-06   2.3643013e-06   9.4474146e-08   2.5487757e-06   2.4616686e-06  -1.2702890e-06   3.0766962e-06   4.4291616e-07  -1.9289872e-07   1.6518593e-06
  -0.0000000e+00  -1.8913572e-04   2.1600688e-05   2.3246368e-05   1.4640793e-05  -2.2121494e-06   7.3274423e-06   1.6541540e-05   1.0368354e-05   6.1895607e-06   7.5610460e-06   2.7105996e-06   2.7672490e-06   2.9582684e-06  -8.9161756e-07   3.7974787e-06   1.2571763e-06  -2.6713153e-06   3.7030061e-06  -1.6571930e-07   8.5863599e-07   2.4323666e-07   5.2431102e-07
  -0.0000000e+00  -1.7614431e-04   1.5052927e-05   2.1330407e-05   1.8763436e-05  -5.7526422e-06   1.1393554e-05   1.8404569e-05   1.0363894e-05   8.9099767e-06   1.8331364e-06   5.6466620e-06   1.7583980e-06   1.8540512e-06   2.0539476e-06   1.4238237e-06  -1.4859166e-06   1.4457823e-06  -2.7601263e-07   7.8155654e-07   1.4611504e-07   1.5244383e-06   1.2246184e-06
  -0.0000000e+00  -1.7794615e-04   1.5622029e-05   6.8274035e-06   2.4499412e-05  -1.2257809e-06   3.0494757e-06   1.4391006e-05   1.5559504e-05   5.1730085e-06   4.9794899e-06   3.8236362e-06   2.7861863e-06   3.7269472e-06  -1.4842461e-06   7.1874030e-07   1.9653879e-07   6.5428287e-07   2.4652552e-06  -1.1252171e-06   2.6104185e-06   1.1245703e-06  -8.4433447e-07
  -0.0000000e+00  -1.7788747e-04   1.4348929e-05   2.6384303e-05   9.7981683e-06   2.8840037e-07   4.4716744e-06   1.9699761e-05   1.1132490e-05   5.6736035e-06   5.1366937e-06   1.3097147e-06   4.0023870e-06   2.6227679e-06   3.6692757e-07   4.1629744e-07   2.4013098e-06   1.0847326e-06  -3.8726716e-07  -6.3795802e-08  -7.8071156e-07  -3.9663288e-07  -4.9554205e-07
  -0.0000000e+00  -1.8233746e-04   1.8947027e-05   1.6066189e-05   2.0737700e-05  -6.5056438e-06   1.6365801e-05   1.2444477e-05   1.4069064e-05   5.9906029e-06   5.6276062e-06   4.3033560e-06   1.0221710e-06  -3.5912100e-07   2.9554058e-06   2.0213377e-06   8.9550224e-07  -1.3356552e-06   2.9320373e-07   1.4952159e-06  -1.6066000e-06   3.4899961e-07   1.2632940e-07
  -0.0000000e+00  -1.7675100e-04   1.0784554e-05   1.9997146e-05   1.3373824e-05  -4.8724110e-07  -3.4377265e-08   2.0449284e-05   7.3931415e-06   7.8924886e-06   4.8060997e-06   1.9288293e-06   2.9368218e-06   2.7649278e-06  -7.2321336e-07   1.4572645e-07   2.6115120e-07   1.5075063e-06   1.6931670e-06  -1.0714974e-06   2.2183901e-06   2.1671183e-06   1.3846173e-07
  -0.0000000e+00  -1.7852492e-04   2.5100915e-05   8.2287961e-06   2.7570868e-05  -5.1840957e-06   1.1830189e-05   1.5974390e-05   1.5619758e-05   8.5027768e-06   3.4487273e-06   3.4982718e-06   1.7754714e-06  -2.7104611e-06   5.0988442e-06   2.3634439e-07   7.5149768e-07   1.5841939e-06  -1.4660084e-06   1.5745201e-07  -2.4026494e-07   1.7268496e-07  -4.0385802e-07
  -0.0000000e+00  -1.7578750e-04   5.4597194e-06   2.9289264e-05   1.0995546e-05   8.3334510e-07   5.1429737e-07   1.8194540e-05   9.3069275e-06   4.9127443e-06   6.1257933e-06  -8.1763784e-07   3.5676530e-06   5.2548216e-06  -1.4851441e-06   2.1677615e-06  -1.1155563e-06  -6.4921807e-07   2.3634609e-06   8.0378101e-07  -3.0823549e-07   2.4036979e-06  -4.7461003e-07
  -0.0000000e+00  -1.8613368e-04   2.1208554e-05   1.5588461e-05   1.5285699e-05  -6.2320510e-06   1.3344525e-05   1.5462845e-05   1.5215603e-05   8.1067519e-06   2.7681949e-06   5.4809752e-06   1.0745269e-06  -9.3001569e-07   3.4137242e-06   1.2046877e-06   3.0949373e-06   3.5448221e-07  -7.1291515e-07   1.7107842e-06   6.6730934e-07  -2.5678032e-06   1.0956992e-06
  -0.0000000e+00  -1.6865019e-04   1.4395164e-05   1.7780154e-05   2.6419279e-05  -2.9191344e-06   7.0746742e-06   1.8029370e-05   8.0338850e-06   7.6172755e-06   1.7003081e-06   7.6688707e-07   3.5476912e-06   3.6035442e-06   1.1215765e-06   7.1414757e-07  -1.4701583e-06   2.4828889e-06   2.8163013e-06  -2.1207397e-06   2.1740691e-07   1.5739761e-06  -9.8438557e-07
  -0.0000000e+00  -1.8666599e-04   2.2739525e-05   1.2776277e-05   1.6584558e-05   3.1761337e-07   5.2466785e-06   1.4783867e-05   1.7421144e-05   5.1754782e-06   6.5285308e-06   2.6788043e-06   1.3290457e-06  -3.7074560e-07   1.3800092e-06   2.0701639e-06   1.9964814e-06   1.3440967e-06  -1.6428384e-06   2.0083128e-06   1.1180178e-06  -2.2142063e-07   5.4972507e-08
  -0.0000000e+00  -1.7823520e-04   8.4837802e-06   2.2859271e-05   1.4393225e-05  -3.4488849e-06   7.1212939e-06   2.2048504e-05   6.2757813e-06   6.9831658e-06   8.4409646e-07   1.4361707e-06   3.6305812e-06   1.4830163e-06   9.0861931e-07   1.9947397e-06  -1.2159578e-06   3.8707299e-06   1.1962287e-06   1.3814652e-06   4.2687414e-08  -3.4744122e-07   1.4144208e-06
  -0.0000000e+00  -1.7626137e-04   1.9332396e-05   1.7897610e-05   2.0496713e-05  -8.6796990e-07   1.0102018e-05   1.2182131e-05   1.7159151e-05   5.1508259e-06   1.0502925e-05   1.5393447e-06  -6.6340753e-08   1.5271281e-06   2.8516297e-06   2.3293462e-06   3.2850226e-06  -3.3103770e-06  -4.5927595e-07   3.0475846e-06   2.0233070e-07   2.0481926e-07  -1.5909264e-06
  -0.0000000e+00  -1.7855554e-04   1.2419923e-05   1.7423574e-05   1.4586796e-05  -1.7291297e-06   4.2291126e-06   1.9322477e-05   8.4030808e-06   8.5290330e-06  -5.3993296e-07   5.9365402e-06   1.7821833e-06   3.8708672e-06  -2.8230184e-07   1.0788756e-06   3.8754757e-07   2.1265514e-06   4.4665495e-07   1.5917444e-06   1.3083966e-06  -1.7670969e-08   5.3387954e-08
  -0.0000000e+00  -1.8413496e-04   2.0120764e-05   1.1698630e-05   2.3301815e-05  -3.7619948e-06   1.1534948e-05   2.0549380e-05   1.4256562e-05   7.7430323e-06   6.9004573e-06   9.1042273e-07   1.6886637e-06   1.6730206e-06   2.6770931e-06   1.5291369e-06   3.6839392e-06  -5.1463672e-07   1.6752979e-06   1.7633926e-06   1.0228841e-06   1.5102702e-06  -8.9571114e-07
  -0.0000000e+00  -1.7870260e-04   1.2847043e-05   2.9824729e-05   8.1055005e-06   1.7803748e-06   8.2821143e-06   1.3304834e-05   9.1407346e-06   7.0510882e-06   8.6658201e-07   4.6708633e-06   1.3546205e-06   1.6823129e-06  -1.6090246e-06   6.4423517e-07   3.3465119e-07   1.7092083e-06   6.0842399e-07   9.3637631e-08  -5.8477906e-07   2.3094438e-08   5.9859838e-07
  -0.0000000e+00  -1.7737666e-04   1.4931496e-05   7.9817828e-06   2.7079997e-05  -7.1868194e-06   7.6642109e-06   2.2015251e-05   1.5363819e-05   3.3497836e-06   6.2273125e-06   1.5413464e-06   4.3688647e-07   2.1123826e-06   2.7337544e-06   7.3610835e-07   1.0940014e-06   2.0013852e-06  -1.2660470e-07  -1.0488257e-06  -7.7008627e-07   1.0224712e-06  -1.1653192e-06
  -0.0000000e+00  -1.7516428e-04   1.6621174e-05   1.9304838e-05   1.1496360e-05  -2.5025320e-06   7.7477525e-06   1.4518510e-05   1.0344373e-05   4.9575606e-06   2.4532831e-06   4.7502813e-06   7.2041013e-07   4.2719003e-06  -1.5191659e-07   2.1645960e-06   9.1450551e-07   1.9407300e-06  -6.8214382e-07   8.1530590e-07   2.5235593e-07   3.1594126e-07   1.6577151e-06
  -0.0000000e+00  -1.9089233e-04   1.7880235e-05   1.8682711e-05   2.1930195e-05  -3.7597777e-06   1.1214333e-05   1.3471322e-05   1.2504819e-05   8.2558054e-06   6.6418133e-06   8.7423011e-08   5.1181701e-06  -7.7934544e-07   3.0537287e-06   2.0941750e-06   5.3670544e-07  -1.7692009e-06   1.1051455e-06   3.1199670e-07   1.3476242e-06   1.1405483e-06  -9.8250757e-07
  -0.0000000e+00  -1.6893573e-04   1.2289820e-05   1.5687958e-05   1.0491390e-05   9.5605981e-07   5.3973836e-06   2.0798978e-05   9.4242141e-06   1.2162481e-05  -1.6348216e-06   4.2602942e-06   8.9396116e-07   4.0375171e-06  -3.9709624e-07   1.7903576e-06   1.2070488e-08   2.2724860e-06   1.5063439e-06   1.0367431e-06  -4.7596959e-07  -6.8175513e-07  -2.4713486e-07
  -0.0000000e+00  -1.8745713e-04   1.4712658e-05   2.2499924e-05   2.1849197e-05  -8.4550165e-06   1.1815046e-05   1.5836164e-05   1.3486769e-05   3.0702872e-06   9.5791092e-06   3.1444551e-06   1.9752622e-06  -1.4555552e-06   1.7274663e-06   2.1335732e-06   1.7555847e-06  -1.9150455e-06   9.9931583e-07   1.1596215e-06   4.1282391e-07   2.0015893e-06  -7.7892815e-07
  -0.0000000e+00  -1.7042406e-04   1.8712466e-05   1.3293883e-05   1.8455132e-05   4.5271622e-06   2.9420519e-06   2.1242604e-05   1.1976704e-05   5.0877811e-06   3.9742895e-06   2.9595221e-06   1.6834664e-06   4.1225512e-06   1.1240431e-06   7.5002227e-08  -1.0506154e-06   2.5978547e-06   1.8286539e-06   8.4774831e-07   1.2537515e-06  -9.4915066e-07  -4.2716849e-08
  -0.0000000e+00  -1.9143846e-04   1.3033521e-05   1.7340884e-05   2.0812726e-05  -1.0252142e-05   1.5256933e-05   1.1431019e-05   1.4166354e-05   7.3662782e-06   7.2206603e-06   7.5767605e-07   2.5434836e-06   3.6582187e-06   2.2804347e-06   2.1830811e-06   2.0294240e-06  -3.8141081e-07   1.6184092e-06  -4.3852842e-07   6.2245971e-07   2.1225462e-06   8.3767634e-07
  -0.0000000e+00  -1.6834393e-04   1.2377217e-05   1.9916199e-05   1.3825484e-05   7.4939944e-06   2.0726004e-06   2.0693016e-05   1.1353809e-05   6.5582358e-06   1.6839446e-06   4.2720767e-06  -1.3207126e-07   6.4322370e-07   2.7415149e-06   8.1989134e-07   1.9702893e-06   2.4277501e-06  -5.9022045e-07  -8.4720762e-07  -1.0236109e-06  -3.7371447e-07   2.5914980e-07
  -0.0000000e+00  -1.8638081e-04   2.0739079e-05   1.6106884e-05   2.1977135e-05  -8.5565625e-06   7.0169235e-06   1.8711025e-05   1.1727060e-05   7.5288453e-06   4.4900498e-06   7.8118035e-07   2.4771807e-06   1.1704443e-06   2.4119231e-06   2.3383327e-06   6.7937884e-07   5.8718200e-07   1.1374404e-06   3.5233123e-07  -1.1967205e-06   1.0876657e-06   6.3643250e-07
  -0.0000000e+00  -1.7612946e-04   1.3335675e-05   1.8207946e-05   1.1757032e-05   4.7173452e-07   8.4261446e-06   1.2301435e-05   1.2353274e-05   7.2248586e-06   1.1944700e-06   5.9113427e-06  -4.0911405e-07   3.0111892e-06   1.3626366e-06   2.7211840e-06   1.7499747e-06  -6.1597655e-07  -1.6108525e-06  -5.8378407e-07   2.3752839e-06   4.9003438e-07   1.9118975e-06
  -0.0000000e+00  -1.7844704e-04   1.7509708e-05   1.4579577e-05   2.5587806e-05  -7.4290069e-06   1.0573564e-05   2.0611747e-05   1.6399643e-05   2.7176343e-06   6.5132431e-06  -2.1677552e-06   5.7964462e-06   4.0490323e-07   2.8294569e-06   7.3184316e-07  -9.0986327e-07   1.2734348e-06  -1.5285288e-08   7.7867566e-07   6.5820211e-07  -2.1287991e-07   2.3468272e-06
  -0.0000000e+00  -1.7616390e-04   1.1725097e-05   2.4444409e-05   1.1983645e-05   1.8710200e-06   3.4761792e-06   1.5554066e-05   9.9198132e-06   9.0997955e-06   2.0216280e-06   5.8858777e-06   1.4529189e-07   2.7341132e-06   1.3253078e-06   9.8949192e-07   2.2652152e-06   9.3726970e-07   2.1136154e-07  -3.9326991e-08  -8.0699813e-08   3.2395954e-07   6.0484172e-07
  -0.0000000e+00  -1.8518852e-04   1.9440986e-05   1.0199781e-05   2.3521752e-05  -1.9591560e-06   1.1176768e-05   1.9141222e-05   1.3934365e-05   5.9121112e-06   4.1904473e-06   1.8430192e-06  -1.2586631e-07   5.4167458e-07   5.6290082e-07   1.0239683e-06   2.4974955e-07   2.1705207e-06   7.1929435e-07  -2.1628687e-06  -3.8194418e-08   1.0725489e-06  -1.3312631e-06
  -0.0000000e+00  -1.7626178e-04   1.3593510e-05   2.4373781e-05   1.3803692e-05  -1.7957768e-06   7.3005922e-06   1.8963497e-05   1.1311346e-05   7.0313095e-06   2.0317452e-06   2.4420472e-06   2.0785540e-06  -1.9493164e-07   3.4312884e-06  -5.4594176e-07   7.4243678e-07   1.1871090e-06   8.9653548e-07   7.5902153e-07   3.1944825e-07   4.1520317e-07   9.0988021e-07
  -0.0000000e+00  -1.8078167e-04   1.7405304e-05   1.5211620e-05   1.6702792e-05  -4.0542150e-06   9.7746497e-06   1.2508334e-05   1.6607248e-05   5.6652830e-06   6.8596305e-06   2.0819512e-06  -2.2774499e-07   2.7472295e-06   1.0459892e-06   3.2658420e-06   1.8305572e-06  -1.3267918e-06   2.5677393e-06   1.1026800e-06   1.7801502e-09  -5.8442811e-07   6.5097930e-07
  -0.0000000e+00  -1.7457923e-04   6.3709067e-06   2.0630625e-05   1.6983658e-05   1.0144248e-06   6.5334375e-06   2.0858935e-05   9.1764132e-06   7.1245208e-06   6.2216805e-06   1.3926788e-06   5.2030323e-06   3.3165891e-06   1.5557085e-06  -1.4594511e-06   1.4129957e-06   7.2382966e-07  -3.7270982e-07   9.3470021e-07   1.6381961e-06   5.3217400e-07   6.9664750e-08
  -0.0000000e+00  -1.8420996e-04   2.3107166e-05   1.4481580e-05   2.1057647e-05  -2.4502312e-06   3.6867864e-06   1.5659933e-05   1.6110953e-05   6.5961267e-06   3.5104013e-06   2.2283011e-06   8.8155554e-07   8.7434876e-07   3.2630828e-06   1.5210163e-06   1.6993022e-07   9.0106965e-07   1.9186423e-06  -1.7274631e-06   5.1195178e-07   1.2164319e-06   2.7319783e-07
  -0.0000000e+00  -1.7412603e-04   1.5526673e-05   2.1084987e-05   1.5377260e-05  -2.4364990e-06   8.8005045e-06   2.4168276e-05   7.6714050e-06   8.4075973e-06   2.5726815e-06   1.8376568e-06   1.9112529e-06   3.2499452e-06   1.0777151e-06   3.9302577e-06  -9.9334909e-07   9.8584962e-07   6.6910530e-07  -1.7869039e-06  -3.4561725e-07   2.0745897e-06   5.1977389e-07
  -0.0000000e+00  -1.8142478e-04   1.7276159e-05   1.6544271e-05   1.8378536e-05  -1.3508883e-06   1.0664365e-05   1.3088817e-05   1.4556462e-05   7.8840612e-06   6.6238540e-06   2.8333670e-06   7.7525021e-07   2.3429970e-07   2.9788307e-06  -5.1295164e-08   2.0530392e-06   5.3626491e-07  -2.2416218e-06   1.6477081e-06   2.2068862e-06  -2.1255501e-06   2.0342984e-06
  -0.0000000e+00  -1.7645763e-04   9.8102701e-06   1.9255445e-05   1.9627816e-05  -1.2530988e-06   4.0722116e-06   1.9818184e-05   1.1895988e-05   3.1472873e-06   3.6531744e-06   4.6178789e-06   1.4720954e-06   4.0117243e-06   9.0660626e-07   2.8625075e-06   2.0553937e-07   1.4298581e-06   2.4646690e-06  -3.7763087e-07  -1.3727405e-06   5.7452428e-07   1.6251204e-07
  -0.0000000e+00  -1.7952954e-04   2.2573427e-05   1.8239225e-05   1.7258822e-05  -1.5276682e-06   9.8136970e-06   1.4745335e-05   1.4449769e-05   8.6613181e-06   4.2190341e-06   2.7078158e-06   2.7141612e-06   2.7284162e-07   2.0061564e-06   2.4381879e-06   4.0982431e-07   4.1895032e-07  -9.4130053e-07   8.0933273e-07   1.9365821e-06   3.1942625e-07   1.4973731e-06
  -0.0000000e+00  -1.7979501e-04   1.0393116e-05   2.0272757e-05   1.5121180e-05  -1.4098014e-06   6.0211496e-06   1.9164352e-05   9.1762940e-06   5.9503845e-06   4.0403088e-06   2.2075603e-06   2.4755400e-06   2.9518108e-06   1.9587328e-07   1.7607194e-06   3.4488721e-07  -1.2094340e-06   1.3156200e-06  -3.3379132e-07   6.8227570e-07  -1.3940187e-06  -9.8507155e-07
  -0.0000000e+00  -1.7866553e-04   1.9748248e-05   1.3938251e-05   2.0318137e-05  -3.4627399e-06   7.8956809e-06   1.5451566e-05   1.1817236e-05   9.9084946e-06   4.2199740e-06   1.5579145e-07   3.3335464e-06   2.1250801e-06   4.2380548e-06   1.3493900e-07   1.3177561e-06   1.0303438e-06  -5.5974645e-08  -3.6225617e-07   1.6800507e-06  -4.7450541e-07  -7.4097716e-07
