  -0.0000000e+00  -1.7718547e-04   1.8295123e-05   2.5180572e-05   1.8075792e-05  -1.1879325e-06   5.2262808e-06   1.5782254e-05   1.1728203e-05   5.0834678e-06   4.4862641e-06   5.1151424e-06   4.9716704e-07   8.6733962e-07  -1.3439929e-06   2.5946852e-06   1.5478121e-06   9.1385448e-07   8.3155032e-07   1.7237606e-06  -8.3283896e-07  -6.9443746e-07  -1.9828275e-07
  -0.0000000e+00  -1.7350136e-04   1.9047789e-05   1.3745108e-05   1.6974383e-05  -9.6626093e-07   9.0148587e-06   1.3186348e-05   1.3798671e-05   3.8987919e-06   3.4481498e-06   1.3226555e-06   3.8989560e-07   1.9836534e-06   2.9326563e-06  -1.8108643e-06   4.3422542e-06  -4.5917298e-07   1.9530712e-06  -1.0930128e-07  -8.3124456e-07   1.0271687e-06   8.4420304e-07
  -0.0000000e+00  -1.7317731e-04   1.6676229e-05   2.5541267e-05   1.7897733e-05  -4.2637828e-07   8.9621044e-06   1.3885850e-05   6.7969786e-06   8.3943114e-06   4.7428698e-06   1.8635103e-06   2.7380863e-06   4.5756948e-07   2.0005705e-06   2.8329248e-06  -5.5050475e-07  -1.4618764e-06  -1.1911909e-07   8.4439455e-07   1.2534375e-06   7.0545485e-07  -4.9904406e-07
  -0.0000000e+00  -1.7588133e-04   2.4383278e-05   1.5152541e-05   2.0075042e-05  -2.2723145e-06   5.1040288e-06   1.6621545e-05   1.0677379e-05   4.7985009e-06   1.5246762e-06   2.7034991e-06   3.4501472e-06   1.7655364e-06   3.4799270e-06   7.5072091e-07   1.3598557e-06   1.2897679e-06   3.6589618e-06  -9.2163464e-07   7.1696223e-07   2.8352974e-07   4.6445169e-07
  -0.0000000e+00  -1.7818756e-04   1.5028128e-05   1.8446444e-05   1.6737446e-05  -2.2539793e-06   6.3529292e-06   1.8089002e-05   1.3368533e-05   6.6980779e-06   4.8378283e-06   2.9786881e-06   1.8277929e-06   9.6214414e-08   1.1673878e-06   2.9274738e-06  -2.4944316e-07  -3.0106884e-07  -1.3468100e-06   8.8759481e-07   1.2850417e-06   3.4180013e-07  -1.2153934e-06
  -0.0000000e+00  -1.7306650e-04   2.1906542e-05   2.0818257e-05   1.9319554e-05   2.5662325e-06   6.6800512e-06   1.1674978e-05   1.1114644e-05   2.7062176e-06   3.4987399e-06   1.9484639e-06   3.9616752e-06   3.1136169e-06  -1.0423419e-06   1.2625568e-06   3.0594838e-06   1.5114490e-07   7.0602636e-07   3.6247428e-07   1.2579748e-06  -1.5050534e-07   1.6851413e-06
  -0.0000000e+00  -1.7047083e-04   1.4408134e-05   2.0595980e-05   1.6438669e-05  -4.4263074e-06   1.1512736e-05   1.7695091e-05   1.2783650e-05   9.3708859e-06   2.0087764e-06   1.9155514e-06   2.8097153e-07   1.5956880e-06   2.0376194e-06   3.8057597e-06  -9.6940437e-07   8.3447236e-07  -6.1558632e-07   1.1904681e-06   7.1668950e-07   5.0423694e-07   1.0654101e-06
  -0.0000000e+00  -1.8066277e-04   1.8446939e-05   1.6689184e-05   1.7455612e-05  -3.4527918e-06   2.5809120e-06   1.5154896e-05   8.0207428e-06   4.2244183e-06   3.2022674e-06   2.5276574e-06   3.6094398e-06   1.5222513e-06   2.2133283e-06   1.1173780e-06   8.3141333e-07   1.3610165e-06  -3.8688987e-07   1.0926173e-06   9.9780948e-07   4.8365911e-07  -1.6119773e-06
  -0.0000000e+00  -1.7335704e-04   2.1679652e-05   2.2104969e-05   1.6007096e-05   4.8359821e-06   7.1028721e-06   1.8366187e-05   1.3849991e-05   5.8956002e-06   4.7959811e-06   2.2493248e-06  -1.4961594e-06   1.6249155e-06   1.5162077e-06   1.6819503e-06  -3.7221560e-07   9.8306458e-08   6.8532580e-07  -2.1240023e-06   5.7244154e-07  -1.1162061e-06  -9.2423235e-08
  -0.0000000e+00  -1.7874788e-04   1.5955342e-05   1.9158369e-05   1.7184104e-05  -6.8494464e-06   8.1748358e-06   1.3295065e-05   8.7767912e-06   7.6659571e-06   4.5712127e-06   1.4013797e-06   5.0439603e-06  -3.4727211e-07   1.2855641e-06   2.0890536e-06   1.7211602e-06  -7.7733893e-07  -8.7432119e-07   1.5527444e-06   1.9959377e-06  -1.2885743e-06  -1.1239847e-06
  -0.0000000e+00  -1.7002330e-04   1.8113986e-05   1.4871191e-05   1.9559739e-05  -5.7651739e-08   5.1168231e-06   1.6741957e-05   1.4062762e-05   1.8334063e-06   5.0485755e-06   3.3110391e-06  -1.2010569e-06   1.1037565e-06   1.4020696e-06  -3.7635380e-07   1.0891864e-06   7.0102675e-07   1.6287875e-06   1.6992486e-06   1.3080268e-07   1.6406369e-06   6.4903929e-07
  -0.0000000e+00  -1.7737491e-04   1.8021699e-05   1.8693878e-05   1.9789162e-05  -4.1947574e-06   8.0456912e-06   1.9812544e-05   9.6196463e-06   9.8657674e-06   5.1014545e-06   2.6144576e-06   1.2364551e-06   2.8068259e-06   1.8603141e-06   8.2872255e-08   2.6879741e-07   4.1613987e-07   3.0160782e-06   3.3997901e-07   9.2259080e-07   1.6903615e-06   1.6024022e-06
  -0.0000000e+00  -1.7589016e-04   2.2242128e-05   1.8627232e-05   1.5860367e-05   1.5073346e-06   3.0999975e-06   1.3033987e-05   8.8576753e-06   5.4651732e-06   3.2899088e-06   1.9928905e-06   3.9486958e-06   2.3689747e-06   1.9208564e-06   1.5207806e-06   6.5787083e-07   6.9136468e-07  -1.7369634e-06   1.5111840e-06  -1.3262921e-06   6.9856480e-07  -1.2880439e-06
  -0.0000000e+00  -1.7975259e-04   1.2729272e-05   2.4316350e-05   1.6155192e-05   1.3796317e-06   1.2234263e-05   1.7663124e-05   1.3872049e-05   8.1633098e-06   2.5876345e-06   1.5955367e-06   2.5311886e-06   2.5913027e-06   1.5258424e-06   2.2604534e-06  -3.0090095e-07   5.2092287e-07   2.3668488e-06   9.0974133e-08   8.8771259e-07   4.3420522e-07   4.9943503e-07
  -0.0000000e+00  -1.6712752e-04   1.9186826e-05   1.5748417e-05   1.9150077e-05  -1.9543866e-06   5.4079223e-06   1.0922209e-05   8.9302439e-06   2.0466859e-06   5.7785523e-06   3.3596791e-06   3.0517580e-07   1.1847430e-06   1.5518262e-06   1.0198498e-07   4.5917125e-07   1.3168985e-06  -1.7560167e-06  -4.3059850e-07  -2.0576824e-06   8.7150755e-07   1.0543821e-06
  -0.0000000e+00  -1.8041568e-04   2.3188839e-05   1.8046569e-05   2.1265325e-05  -4.1432486e-06   7.6193132e-06   2.1064365e-05   1.6788188e-05   5.2265400e-06   5.6294462e-06   2.5258109e-06  -1.7499421e-07   1.9765764e-06   9.2945902e-07   4.0265395e-06   2.3211294e-06  -8.2074189e-07  -8.5260547e-07   8.3115702e-07   3.8202511e-06  -1.4881958e-06  -1.2883886e-07
  -0.0000000e+00  -1.7422567e-04   1.4811326e-05   2.1674514e-05   1.6782635e-05   2.1210242e-06   8.3762998e-06   1.3956520e-05   5.5190012e-06   6.5799054e-06   1.9035318e-06   4.8568677e-06   2.2195736e-06   8.0587688e-07   2.2745103e-06  -2.6667993e-07  -8.5398159e-07   1.5571129e-06   1.7296151e-06   2.3007583e-06  -2.2724444e-06   4.3633969e-07   1.6386323e-06
  -0.0000000e+00  -1.7345395e-04   1.7618173e-05   1.9810048e-05   2.0402571e-05  -1.8284373e-06   7.0018464e-06   1.8291037e-05   8.8928491e-06   8.5334350e-06   5.4781503e-06   1.1449921e-06  -9.6050962e-07   1.2663027e-06   3.3041601e-06   6.9118556e-07   4.1159288e-07  -1.5568140e-06   2.4475846e-06   4.6257813e-07   6.0943239e-07  -1.0052543e-06   1.1009165e-07
  -0.0000000e+00  -1.7229296e-04   1.6032076e-05   2.3106071e-05   1.7778753e-05  -3.8705075e-06   1.1151555e-05   1.6655607e-05   1.0640710e-05   9.2631387e-07   2.9098442e-06   2.0008374e-06   3.7512862e-06   9.3106638e-07   2.5269992e-06  -9.6206861e-07   5.9396658e-08   1.8858962e-06  -2.4084420e-07   1.3861512e-06  -8.8461286e-07   1.4962293e-06   5.6767203e-07
  -0.0000000e+00  -1.7960330e-04   2.7119886e-05   1.3174132e-05   2.1830883e-05  -8.3279934e-07   5.5953842e-06   1.1444639e-05   1.4526042e-05   6.7710484e-06   6.5755034e-06   3.2056264e-06  -2.5767984e-06   2.2067015e-06   8.6719666e-07   1.1719176e-06   9.1373323e-07  -3.2334489e-07   2.5118854e-07   1.1538433e-06   7.2563165e-07   6.8557972e-07  -1.1891902e-06
  -0.0000000e+00  -1.7527104e-04   1.4547491e-05   2.4757266e-05   1.6928781e-05  -3.4314414e-08   9.2914306e-06   1.5753176e-05   1.0874940e-05   4.4631970e-06   1.6274173e-06  -1.1138911e-06   3.7654240e-06   2.3358152e-06   2.3692653e-06  -1.0123787e-07  -1.1773974e-06  -7.8131882e-07  -1.3605749e-07   7.4367335e-08   1.1152514e-07   4.9117807e-07   2.5002969e-06
  -0.0000000e+00  -1.6949320e-04   1.3984469e-05   1.9713902e-05   1.7036817e-05  -1.9626461e-06   8.0829932e-06   1.9143508e-05   1.1917333e-05   5.9462041e-06   3.4237805e-06   4.8447514e-06   1.7730896e-06   5.3327761e-07   2.8190723e-06   2.1898090e-06   2.4156307e-06   1.3618001e-06  -1.8160556e-06  -4.8234767e-07   1.9946767e-06   5.5945793e-07   4.1425288e-08
  -0.0000000e+00  -1.8083706e-04   2.2767907e-05   1.8382183e-05   1.8461629e-05  -4.9058991e-07   6.7915166e-06   1.2692481e-05   7.7698869e-06   7.2094163e-06   3.3709548e-06   2.8812988e-06   7.8439462e-07   9.5713983e-07   2.3731475e-06  -1.7598161e-08  -1.7054944e-06   2.3164894e-06  -2.5975757e-07  -2.0256122e-07  -1.3412665e-07   1.3087539e-06   1.3850854e-06
  -0.0000000e+00  -1.7473915e-04   2.2145536e-05   1.7842054e-05   1.8722181e-05  -4.3964019e-06   1.0774201e-05   1.7545632e-05   1.3995115e-05   3.5170654e-06   4.7931417e-06   3.6837633e-07   2.3591263e-06   2.3505356e-06   7.2068637e-08   2.5116219e-06   1.5837354e-10  -2.1603252e-07   6.0209993e-07   1.4527434e-06   3.3357871e-06   5.8088773e-07  -1.8193117e-07
  -0.0000000e+00  -1.6670546e-04   1.5339656e-05   1.8269302e-05   1.5384359e-05   1.3002233e-07   5.9521581e-06   1.3533462e-05   1.1437303e-05   5.5350069e-06   5.0384783e-06   4.3267394e-07   1.1247237e-06   2.5404152e-06   2.1034195e-06   3.9763066e-07   1.4006662e-06   1.0351482e-06   5.6978786e-07   1.1106523e-06   3.8099344e-07  -9.1364211e-07   3.0100043e-07
  -0.0000000e+00  -1.8142567e-04   1.4016556e-05   2.3935570e-05   1.9867446e-05  -1.6758553e-06   7.7990335e-06   1.4714927e-05   1.0116419e-05   7.3011802e-06   4.8842157e-06   4.4652143e-06   1.5977390e-06   2.3518087e-06   3.1930283e-06   2.6734856e-06  -2.7354503e-07  -3.9972574e-07   7.7875391e-08   1.8185528e-06  -8.6483578e-07   1.9048927e-06   6.2461692e-07
  -0.0000000e+00  -1.7423119e-04   2.2724631e-05   1.6257509e-05   1.6771912e-05   3.0687545e-06   5.9020863e-06   1.5301011e-05   1.2634930e-05   4.2499505e-06   1.8809525e-06   4.0904115e-06   8.6722389e-07   1.9577965e-06   2.9001542e-06  -7.5081209e-07   1.6301035e-06   2.0910870e-06   8.9194464e-07  -5.4009110e-08   4.6288687e-07  -2.8230792e-07  -1.7892181e-06
  -0.0000000e+00  -1.7733728e-04   2.0913592e-05   1.8126144e-05   2.0112397e-05  -6.7408087e-06   9.6113181e-06   1.7244191e-05   9.0815101e-06   8.4353160e-06   3.3508518e-06   1.5902618e-06   8.3236114e-07  -5.4383594e-07   1.7589308e-06   3.8372701e-07   2.0455745e-06  -6.7815182e-07   1.3459274e-06   1.0588340e-06  -8.5536323e-07   1.9241252e-06  -4.9557235e-07
  -0.0000000e+00  -1.6866968e-04   1.3858716e-05   2.1972019e-05   1.7430690e-05   7.4907962e-07   5.1995949e-06   1.3525707e-05   1.3557355e-05   2.1601168e-06   5.3989679e-06   7.4710846e-07   5.6999045e-08   4.3003597e-06  -1.1591227e-08   3.5366011e-07  -5.1650170e-07  -4.2014796e-07   1.5172452e-06   1.3108203e-06   9.6354643e-07  -1.5565058e-06   1.6380403e-06
  -0.0000000e+00  -1.8018782e-04   1.3442765e-05   2.2533395e-05   2.0044767e-05  -3.6329138e-06   8.9474534e-06   1.5954332e-05   1.1650978e-05   7.8352778e-06   6.0548837e-06   3.5996365e-07   2.9330172e-06   2.7663310e-07   1.6396444e-06   3.1131915e-06   7.2170099e-07  -4.9449017e-07   1.1369547e-06  -8.7335013e-07   1.5675595e-06   1.0832395e-06   3.4257988e-07
  -0.0000000e+00  -1.7561986e-04   2.8715045e-05   1.2732552e-05   1.6257209e-05   8.0528406e-07   5.9592494e-06   1.4178648e-05   8.5863794e-06   5.4969973e-06   1.8421999e-06   5.1014581e-06   2.9802993e-07  -7.2203125e-07   2.0593127e-06   2.6076233e-07   4.9896863e-07   1.0957118e-06  -5.7241863e-07  -9.0453563e-07  -3.7144272e-07  -1.7388676e-06   2.4283027e-06
  -0.0000000e+00  -1.7168571e-04   1.4426194e-05   1.9930485e-05   1.8649182e-05  -2.0993859e-06   1.1456891e-05   1.8230818e-05   9.8095643e-06   8.3537971e-06   3.8152207e-06   2.2575894e-09  -5.7678807e-07   6.1263694e-07   9.1208824e-07   4.0098603e-06   6.3927622e-08  -1.9171091e-07   1.0564275e-06  -2.5575306e-07   1.1228440e-06   1.2295268e-06  -1.3201602e-06
  -0.0000000e+00  -1.7710577e-04   1.5241097e-05   2.1351403e-05   1.6430218e-05  -3.5463295e-06   7.0828164e-06   1.1847930e-05   1.1854308e-05   3.9395823e-06   2.9507407e-06   5.0811432e-06   6.7747993e-07   4.5070801e-06   1.0515563e-06   7.9474825e-07   1.9188881e-06   1.2142943e-06  -1.2041467e-06   9.6098063e-07  -4.1975701e-07  -2.7733498e-07   2.0456300e-06
  -0.0000000e+00  -1.7316734e-04   1.8246114e-05   2.0732119e-05   1.8048413e-05   2.3791479e-06   8.1330491e-06   1.8226227e-05   1.3225177e-05   6.1557985e-06   5.8710416e-06   9.2108581e-07   2.2966991e-07   3.8907074e-06   2.1680512e-06   1.4018211e-06   7.5740951e-07  -1.0451180e-06   3.2385894e-06   9.5832803e-08   1.0663986e-06   1.0833219e-06   6.5854135e-07
  -0.0000000e+00  -1.7531836e-04   1.9348894e-05   1.4185771e-05   1.7906683e-05   1.0749413e-07   6.9907132e-06   1.2326008e-05   1.0500045e-05   2.3442406e-06   3.2648204e-06   5.4245793e-06   1.4087612e-06   1.4127938e-06   1.3266116e-06   2.4491953e-06   9.4843381e-07   1.2254524e-06   2.0170708e-06   8.1909491e-07  -1.5764872e-06   1.5195327e-06  -1.0427588e-07
  -0.0000000e+00  -1.7897102e-04   1.7675211e-05   1.9927418e-05   2.0866766e-05  -3.1898023e-06   5.6381778e-06   2.0813701e-05   9.9492881e-06   8.7712406e-06   4.0217287e-06   2.2928962e-06   3.3628885e-06  -9.7371799e-07   2.4930382e-06   1.0121821e-06   2.2689426e-06  -1.7939766e-06  -1.7050908e-06   3.5592433e-07   1.4909446e-06  -8.5909683e-08   1.2751851e-06
  -0.0000000e+00  -1.7255517e-04   1.7224078e-05   2.4557026e-05   1.6125749e-05  -1.4412606e-06   1.2960249e-05   1.3539860e-05   9.3789522e-06   5.4982806e-06   2.3508283e-06   2.4382109e-06  -4.3070898e-07   3.1838363e-06   1.6496033e-06   7.8111771e-07  -5.6933294e-07   1.4485200e-06   1.9659617e-06   3.4712207e-07  -1.1525317e-06  -1.2407372e-06   1.2806770e-06
  -0.0000000e+00  -1.7334831e-04   1.8621673e-05   1.6908845e-05   1.7469885e-05   1.3694337e-06   3.5596204e-06   1.3857114e-05   1.4453112e-05   4.6822529e-06   6.1170585e-06   4.0340356e-06  -1.0920031e-06  -1.0481114e-06   1.5186952e-06   2.0177352e-07   1.2300316e-06   8.8601701e-07   3.6831187e-07  -3.0279998e-07   2.1197345e-06   1.4605785e-06  -1.0128803e-06
  -0.0000000e+00  -1.8061574e-04   1.9661808e-05   1.8810340e-05   2.1857391e-05  -1.1513309e-06   6.0672410e-06   1.9748524e-05   1.2919240e-05   3.0766219e-06   2.1216185e-06   4.0384634e-06   1.8303896e-06   1.8306779e-06   1.0942408e-06   2.6606558e-06   7.7366781e-07   1.3495805e-06   1.9024379e-06  -5.8251015e-07  -9.6106767e-08   1.1295372e-06  -4.4702045e-07
  -0.0000000e+00  -1.6971471e-04   1.5894981e-05   2.1953856e-05   1.6333885e-05  -3.5268820e-06   9.3769449e-06   1.2251773e-05   1.0987539e-05   5.9844015e-06   4.4817630e-06   2.3503342e-06   1.1959521e-06   1.6888873e-06   1.1804490e-06   1.7795196e-06  -4.6383988e-07   1.1538032e-06   3.6146008e-07   1.7318771e-06   1.2795555e-06   8.7490702e-07   1.7049509e-06
  -0.0000000e+00  -1.7711628e-04   1.8467075e-05   2.0287554e-05   1.8722862e-05  -3.2021803e-06   9.2650344e-06   1.7100132e-05   8.9018613e-06   7.7896739e-06   1.9233630e-06   2.3722666e-06   2.1269821e-06   1.3078080e-06   7.8750821e-07   5.9579600e-07   9.5837049e-07   8.3882276e-07   2.3030331e-07  -7.7879648e-08   4.5075259e-07   3.3331636e-07   1.6973951e-06
  -0.0000000e+00  -1.7914208e-04   2.0293586e-05   2.1076867e-05   1.6651493e-05   5.0895633e-06   3.2448479e-06   1.4565040e-05   1.4213458e-05   4.6326109e-06   3.8104097e-06   3.8351059e-06   6.6807416e-07   1.2056869e-06   3.0622850e-06  -8.4564704e-07   2.1127130e-06   8.8079264e-07  -9.0732090e-07   4.8337637e-07  -7.0112566e-07  -7.3286088e-07   7.2861616e-07
  -0.0000000e+00  -1.7372333e-04   1.3738124e-05   1.8406779e-05   2.2947306e-05  -6.7578085e-06   5.2810014e-06   1.4878755e-05   1.1840313e-05   4.2844076e-06   5.4046736e-06   1.9536935e-06  -1.1190999e-06   5.9809412e-07   3.1430109e-06   1.0799846e-07   3.4412337e-06  -1.3964721e-07   8.3303331e-07   3.1838951e-08   2.2592078e-06  -1.0790661e-06   1.3009108e-06
  -0.0000000e+00  -1.7214210e-04   1.9831103e-05   1.9139945e-05   1.6542857e-05  -6.7509390e-08   1.1063198e-05   1.7635228e-05   7.4596701e-06   6.5111690e-06   5.1959382e-06  -9.6891904e-07   4.6641567e-06   1.5033061e-06   3.1681179e-06   3.0457596e-07   7.5937248e-07   2.1548824e-06   1.9362675e-07   1.7508154e-06   1.1899670e-06   1.8961393e-06  -9.0804413e-08
  -0.0000000e+00  -1.7368828e-04   1.6723208e-05   2.2231008e-05   1.3569107e-05  -1.1896964e-06   6.7152046e-06   1.2588764e-05   1.2050979e-05   4.2459392e-06   4.3927325e-06   2.4782030e-06   2.3845321e-06   2.8544689e-06   2.4676706e-06   3.1303694e-06   1.1183830e-07   2.4139661e-07   8.8934001e-07  -2.0890955e-06   1.9279798e-06   2.1894411e-06  -1.5631362e-06
  -0.0000000e+00  -1.7861709e-04   1.8045688e-05   1.5047039e-05   2.1933416e-05  -1.7184057e-06   5.4372263e-06   1.8080578e-05   1.2099172e-05   4.9014852e-06   1.2214073e-06   4.8247034e-06   3.6968936e-07   1.8734745e-06   1.5119153e-06   9.0581338e-08  -9.5241057e-07   1.6785219e-06   5.0365327e-07  -9.1631472e-07  -9.7116720e-07  -5.9206582e-07  -6.2534843e-07
  -0.0000000e+00  -1.7485229e-04   2.1866144e-05   2.0096395e-05   1.7821629e-05  -2.0526127e-07   1.0118040e-05   1.4091776e-05   9.6342628e-06   5.1507022e-06   5.3772992e-06   1.3559174e-06   3.4309065e-07   1.9019926e-06  -2.5480458e-07  -5.0840089e-07   1.0593789e-06   1.7677216e-06  -1.0394078e-06  -3.2745507e-07   7.2277709e-07   2.6548259e-06  -1.2406426e-06
  -0.0000000e+00  -1.6997178e-04   1.7673670e-05   2.0050200e-05   1.7991697e-05  -4.3126543e-06   7.9399251e-06   1.3549095e-05   9.7707289e-06   1.0277544e-05   3.8793269e-06  -4.2256741e-07   3.7788050e-07   2.9033777e-06   1.7892885e-06   2.8831503e-06  -1.2511934e-07  -3.9077887e-07   1.4689983e-06   5.7244864e-07   6.6840627e-08   5.8767824e-07   1.7497771e-06
  -0.0000000e+00  -1.7487050e-04   1.8711107e-05   1.6826996e-05   2.1775715e-05   1.6743919e-06   5.8690584e-06   1.8112589e-05   1.1017493e-05   5.2110249e-06   5.8394621e-06   1.3458568e-06   3.0866001e-06  -1.0325041e-06   1.5583772e-06   1.2578826e-06  -2.7301955e-06   9.0352546e-07  -1.2390642e-06   9.0783679e-08  -5.2681992e-07  -2.3796575e-07   4.0776078e-07
  -0.0000000e+00  -1.7975442e-04   1.7355964e-05   2.1350648e-05   1.5930562e-05  -3.5854080e-07   7.1963941e-06   1.3004206e-05   1.5145700e-05   3.4802736e-06   3.0050028e-06   5.7819025e-06   6.9805259e-07   1.0463224e-06   2.3652776e-06   1.8116539e-06  -1.9003612e-07   2.3190387e-06   5.6582888e-07   7.0499470e-07   2.3222401e-06  -8.3533075e-07   2.4806872e-07
  -0.0000000e+00  -1.7079206e-04   2.3623910e-05   1.8601986e-05   1.8705328e-05  -4.4568478e-06   1.0433044e-05   1.3742992e-05   9.7495977e-06   1.0197189e-05   4.6274376e-06   1.8830325e-06   2.0481862e-06   3.1285074e-06   2.8835611e-06  -2.4700844e-07   2.4271467e-06  -9.0672580e-07  -4.2695987e-07   1.3548325e-07  -1.1637395e-06   9.9762599e-07   1.9694990e-06
  -0.0000000e+00  -1.7994276e-04   1.6707003e-05   1.8694302e-05   1.9045570e-05  -5.2298981e-07   4.9953578e-06   1.7381017e-05   1.2302140e-05   4.8555685e-06   3.7176389e-06   3.2622588e-06   3.3454332e-06   1.7091709e-06  -1.8214012e-06   9.7258828e-07   2.8080005e-06  -1.3201372e-06   2.1945480e-06   2.9850105e-07   8.5077374e-07   1.5480566e-07  -8.3461282e-07
  -0.0000000e+00  -1.6884804e-04   1.3694158e-05   1.9470152e-05   1.8484565e-05  -1.0598546e-06   7.6267070e-06   1.4498002e-05   1.1209628e-05   5.6633016e-06   2.8904067e-06   2.4137282e-06   1.4948226e-06   1.2132385e-06   1.7702901e-06   1.2304969e-06   1.4929230e-06   1.2401924e-07   9.3858364e-07   1.2046210e-06  -7.1064619e-08   1.4380162e-06  -7.1907067e-07
  -0.0000000e+00  -1.7963607e-04   2.4439387e-05   1.9083243e-05   1.7759437e-05  -1.2849210e-06   4.5128095e-06   1.7751057e-05   1.1271876e-05   7.2659827e-06   5.2384371e-06   3.0792019e-06   4.9814827e-07   1.1460828e-06   2.4143424e-06   1.6604422e-06  -6.7999628e-07   6.1904399e-07   5.8504190e-07   1.0877651e-08   1.9140655e-06   1.3581109e-07   1.0487198e-06
  -0.0000000e+00  -1.7538274e-04   1.5912447e-05   2.1877608e-05   1.6397356e-05  -1.5099353e-06   1.1001200e-05   1.4703083e-05   1.2486723e-05   5.3039430e-06   9.3425780e-07   2.2659722e-06   3.6942283e-06  -1.6131785e-06   2.0546188e-06   9.1851075e-07   8.5836894e-07  -1.3689398e-06  -1.4510443e-06   1.8595566e-07  -1.1714844e-06   1.6492537e-06   1.3180747e-06
  -0.0000000e+00  -1.7177168e-04   1.2492304e-05   1.9626612e-05   2.2495999e-05  -5.0669646e-06   4.8902193e-06   1.8093839e-05   8.6376085e-06   3.6638398e-06   5.5846253e-06  -7.4978306e-07   8.9761119e-07   1.8783206e-06   2.3290847e-06   1.8256502e-06   2.1125454e-06   6.0567294e-07   3.8416090e-07   1.5134162e-06  -1.4674256e-06   1.3078427e-07   2.7844271e-06
  -0.0000000e+00  -1.7925238e-04   2.6963069e-05   1.7613242e-05   1.3413367e-05   3.9869142e-06   7.4376394e-06   1.4912705e-05   1.1875938e-05   6.1429105e-06   2.3924792e-06   4.5406878e-06   1.1917385e-06  -6.1062032e-08   2.4798824e-06   2.0362525e-06   1.9734682e-06   2.3234413e-06  -1.3001772e-06   2.0627876e-06   3.7011623e-07  -1.3493369e-06   6.7424327e-07
  -0.0000000e+00  -1.7333710e-04   1.4234850e-05   1.9695710e-05   1.9480698e-05  -1.3665999e-06   8.0385680e-06   1.7806493e-05   1.0178745e-05   5.5021337e-06   3.4149937e-06   2.8556772e-06   6.4337706e-07   2.7909298e-06  -1.2777160e-06   1.6792552e-06   7.5628503e-07   3.4436567e-07   2.3305251e-06  -3.5640863e-07   1.9545096e-06  -9.1214997e-07   2.6686544e-07
  -0.0000000e+00  -1.7736062e-04   1.5839596e-05   1.9203331e-05   1.8116030e-05  -3.0909462e-06   6.2547083e-06   1.1696118e-05   1.3138124e-05   7.2101529e-06   2.8935717e-06   6.7639843e-07   3.9364577e-06   2.9495391e-06   1.0663636e-06   1.1401158e-06  -5.0676152e-07   2.3140651e-06   1.1666970e-06   1.3465629e-07   1.0211378e-06  -6.0303046e-07   1.4244847e-06
  -0.0000000e+00  -1.7386138e-04   1.6776647e-05   2.1591293e-05   1.9241514e-05  -3.0490405e-06   6.1121605e-06   2.0008498e-05   8.9762234e-06   5.8950691e-06   3.8615617e-06   7.9429049e-07   2.0962320e-06   2.2537511e-06   6.4032196e-07   3.1543786e-06   3.9852739e-06  -1.4871135e-06   1.6662897e-06   1.1925539e-06  -8.4935243e-07   1.6376498e-06  -8.3438971e-07
  -0.0000000e+00  -1.6849973e-04   2.5620147e-05   1.4381542e-05   1.3146634e-05   2.4679850e-06   8.5332122e-06   1.4076265e-05   1.4294253e-05   4.1282383e-06   2.0724708e-06   2.7806320e-06   1.3598672e-06   2.0998075e-06   1.1532122e-06  -3.6578250e-08   5.4491466e-07   8.1648653e-07  -7.1400575e-07   2.2515767e-06   1.3177350e-06  -8.4420503e-07  -3.0995484e-08
  -0.0000000e+00  -1.8804129e-04   1.8041399e-05   2.1662183e-05   1.9825398e-05  -4.0174773e-06   5.8682244e-06   1.8252216e-05   9.4254601e-06   9.4010184e-06   4.6251239e-06   5.2430568e-07   9.5053414e-09   3.4413125e-07   2.9139248e-06  -3.4994905e-08   3.0042145e-07   1.2131143e-06   2.3477602e-07   7.9254249e-08  -2.7464608e-07   2.5682991e-06  -9.6307269e-07
  -0.0000000e+00  -1.6333011e-04   1.2010809e-05   2.2394695e-05   1.9270068e-05  -9.6428755e-07   9.5397399e-06   1.2799380e-05   1.3767769e-05   6.4028450e-06  -7.0336689e-08   3.6783208e-06   1.5037924e-06   1.2027167e-06   4.0728037e-06   1.0791648e-06   1.3623357e-07  -1.5867928e-07   1.2798267e-06   7.4324214e-07  -6.3065187e-07  -1.0207710e-06   4.9795680e-08
  -0.0000000e+00  -1.7938376e-04   2.3636792e-05   2.0144593e-05   1.4909218e-05  -5.0589997e-06   8.2070128e-06   1.5593456e-05   1.1016888e-05   6.4741507e-06   5.5626087e-06  -2.1183646e-06   1.5700796e-06   2.7004110e-06   1.8761177e-06   2.2193690e-06   1.9054526e-06  -1.4618665e-07  -5.9761061e-07   1.7557848e-06  -7.5253195e-07  -7.8902497e-07   1.3444007e-06
  -0.0000000e+00  -1.7684906e-04   2.0442041e-05   1.5416595e-05   1.8066810e-05   7.1604359e-06   2.5439060e-06   1.7738163e-05   1.0297877e-05   3.2215789e-06   6.4743658e-06   3.5478440e-06  -1.5648980e-06   6.1177370e-06   5.0821836e-07   1.7132403e-06   8.9316330e-07  -1.1212396e-06   3.0572385e-06  -6.3966741e-07   1.7707833e-06  -2.1554402e-07   3.7401756e-07
  -0.0000000e+00  -1.7352545e-04   1.1459402e-05   2.3755818e-05   2.0367572e-05  -3.8313515e-06   1.1996193e-05   1.6870325e-05   1.3412653e-05   7.9337424e-06   1.5129997e-07   2.8410157e-06   3.1355278e-06  -3.4311665e-07   3.2033440e-06   2.0531074e-06   1.6183659e-06   1.4151664e-06   2.2050001e-07   3.8534037e-07   1.1549978e-06   1.0582345e-06   1.4652010e-06
  -0.0000000e+00  -1.7623215e-04   2.4480243e-05   1.7936161e-05   1.6432130e-05  -3.2807643e-06   7.0496808e-06   1.4901188e-05   9.9870931e-06   4.5006018e-06   2.4876799e-06   4.0537366e-06   5.0060601e-07   3.0550884e-06   7.5629868e-07   2.5538857e-06  -1.3909190e-06  -9.8113117e-07  -4.6275053e-07   1.7187177e-06   5.3659079e-08   3.4278366e-07   6.5491224e-07
  -0.0000000e+00  -1.7343686e-04   1.4383447e-05   1.9654381e-05   2.2191292e-05   3.0447140e-06   9.7804223e-06   1.4749047e-05   9.6239382e-06   8.4039730e-06   4.3717619e-06  -1.2211279e-06   3.2035568e-06   1.7947388e-06   4.8052102e-06   8.7141740e-07   9.8894134e-07   1.2078500e-06  -1.2107059e-06   1.7857509e-07  -3.3934873e-07   3.7508821e-07  -1.6805493e-06
  -0.0000000e+00  -1.8044205e-04   1.7325177e-05   2.2418275e-05   1.2899579e-05  -3.1574820e-07   6.2556792e-06   1.7426149e-05   9.0624617e-06   2.1548474e-06   5.7958650e-06   2.0096929e-06   1.7129350e-06   4.1086628e-07   1.0808478e-06   1.3214453e-06  -2.5263155e-08   7.8963762e-07   1.2815349e-06   7.5819378e-07   1.0703527e-06   2.6529420e-07   1.2052019e-06
  -0.0000000e+00  -1.6931615e-04   2.2084107e-05   1.5595248e-05   1.7638033e-05  -2.0370213e-07   3.2808657e-06   1.5819891e-05   1.3664348e-05   2.9263854e-06   3.9236529e-06   3.4329998e-06  -5.4767338e-07  -1.2335748e-07   1.5261128e-06  -2.4951484e-07  -3.2147785e-08  -9.5816984e-07   8.2109557e-07  -1.9031094e-06   5.3642503e-07  -7.4606038e-07  -1.3098903e-06
  -0.0000000e+00  -1.7127590e-04   1.0279661e-05   2.2445663e-05   2.0601583e-05  -2.9428782e-06   1.3865185e-05   1.3360856e-05   1.0405879e-05   1.2506484e-05  -5.0104228e-07   1.9558179e-06   3.3006488e-06   3.0713691e-06   3.7998234e-07   3.1382892e-06   1.4073879e-06  -3.5110254e-08   9.8915791e-07   1.5679849e-06   1.5051335e-06   1.3312443e-06  -6.3496020e-07
  -0.0000000e+00  -1.8490611e-04   2.8938013e-05   1.4226671e-05   1.6369644e-05  -1.2805690e-06   3.4378438e-06   1.5984902e-05   1.3432125e-05   1.7626382e-06   6.0560419e-06   2.0304217e-06   2.2294330e-06   1.4388642e-06   8.5762150e-07   1.5515147e-06   1.2968341e-06  -1.0109324e-07   2.6459298e-07   9.3147713e-07   2.6121293e-06   7.8283470e-08  -4.4500808e-07
  -0.0000000e+00  -1.7199777e-04   1.3104793e-05   2.5149799e-05   1.7705484e-05  -5.9617532e-06   9.0240237e-06   1.9757037e-05   1.0537538e-05   6.7243850e-06   2.0237476e-06   3.7347331e-06  -1.3995664e-06   1.1509273e-06   2.2888755e-06  -4.1813553e-07   2.0745615e-07   2.1425399e-07   5.7128898e-07   3.4975110e-07  -1.8038894e-06   1.4741764e-06   2.5049351e-06
  -0.0000000e+00  -1.7001072e-04   1.7714443e-05   1.8125776e-05   1.8992436e-05   1.1040639e-06   7.5597877e-06   1.0059459e-05   1.3359301e-05   5.5483292e-06   4.7558387e-06   2.4138888e-06   1.8489869e-06  -3.6932380e-07   1.4285856e-06   2.3417845e-06   9.2444049e-07   1.7191478e-06   2.3314731e-06  -8.3273659e-07  -8.8441249e-07   1.0605540e-06  -5.3607477e-07
  -0.0000000e+00  -1.7795693e-04   1.9693309e-05   1.7740667e-05   1.8156079e-05  -2.3897433e-06   1.0459180e-05   1.3328120e-05   1.0524324e-05   1.0040516e-05   2.6456573e-06   1.1921464e-06   3.0689971e-06   1.4860506e-06   2.6859846e-06   2.2415254e-06  -2.2290156e-07   1.6559752e-06   5.7715681e-07   1.4617550e-06   7.2700738e-07  -1.7683053e-07   3.4626561e-07
  -0.0000000e+00  -1.7932228e-04   1.9414465e-05   2.0861366e-05   1.7965142e-05  -8.7452299e-06   8.3445202e-06   1.7822038e-05   1.2447887e-05   4.0801783e-06   1.1378746e-06   3.1192565e-06   2.5703778e-06   2.3692669e-06   1.9887257e-06   9.3505781e-07   2.7909812e-07  -5.5408992e-07   8.7860593e-07   6.0167724e-07   8.9366182e-07  -7.6549036e-08   4.1974815e-07
  -0.0000000e+00  -1.6946266e-04   1.7546090e-05   1.7540389e-05   1.9870677e-05   7.2794733e-06  -6.9956104e-07   1.5702808e-05   1.1724619e-05   2.4566898e-06   8.7540866e-06   4.8956222e-06  -8.0241264e-08   1.4745268e-06   2.0921273e-06   1.0029183e-06   2.1150329e-07  -3.8793360e-07   4.7116299e-07  -1.8910738e-08   5.1666706e-07   1.2919631e-06   6.1582045e-07
  -0.0000000e+00  -1.7600518e-04   1.7680080e-05   1.8811899e-05   1.7831231e-05  -5.4661577e-06   1.4817404e-05   1.2348126e-05   1.0083786e-05   8.6952614e-06   6.3291776e-07   1.9127604e-06   3.1581581e-06   3.3671790e-06   1.2249886e-06   2.3354355e-07   1.1635459e-06  -2.1681048e-07   1.5328570e-06   2.4816504e-07   1.2006858e-06  -1.2417302e-06   1.4412107e-06
  -0.0000000e+00  -1.6851770e-04   1.6321717e-05   2.6911781e-05   1.4163134e-05  -6.1156862e-07   3.5936387e-06   1.4866487e-05   1.2924253e-05   5.8947512e-06   4.2911852e-06   4.2079510e-06   5.3501537e-07   1.0030968e-06   3.1607774e-06   4.3338550e-06   1.3157654e-07  -1.4515255e-06   8.0870501e-07   2.0756024e-06  -1.2256215e-06   8.3944428e-07   1.9953129e-08
  -0.0000000e+00  -1.8491929e-04   2.6524876e-05   1.6486834e-05   2.6676358e-05  -5.5285127e-06   1.0161291e-05   1.3555664e-05   1.0986942e-05   3.4076761e-06   5.3907970e-06  -1.1386311e-06   2.6850889e-06   2.3835207e-06   2.2305226e-06  -7.8219824e-07   2.6442655e-07   1.3419027e-06  -5.7265265e-07  -1.9193058e-06   6.1483701e-07  -2.4082803e-07   4.3243929e-07
  -0.0000000e+00  -1.6306291e-04   1.0590924e-05   1.6520245e-05   1.3915092e-05   2.6845830e-06   5.4461534e-06   1.6895252e-05   1.1529451e-05   6.8332492e-06  -5.2086216e-07   3.3456015e-06  -4.6239975e-08   2.5581089e-06   2.0831342e-06   1.5179849e-07   2.3675025e-06   2.3165874e-06  -1.0938800e-06   2.8297925e-06   3.4367847e-07  -7.0664868e-08   1.5215862e-06
  -0.0000000e+00  -1.8399063e-04   2.3792876e-05   2.4089228e-05   1.4918856e-05  -1.2615543e-06   6.8768768e-06   1.5185278e-05   9.3856970e-06   5.7520078e-06   6.9104703e-06   2.4941003e-06   2.5318116e-06   2.7309268e-06  -8.3575469e-07   3.4714913e-06   1.1137588e-06  -2.5308955e-06   3.4320794e-06  -7.1316343e-08   7.9555036e-07   1.0931369e-07   5.3332786e-07
  -0.0000000e+00  -1.7210594e-04   1.7984998e-05   2.2182512e-05   1.8703193e-05  -4.6301661e-06   1.0620305e-05   1.6822762e-05   9.5632104e-06   8.0433419e-06   1.7712862e-06   5.2176565e-06   1.6150980e-06   1.7893134e-06   1.7350507e-06   1.3023111e-06  -1.3625746e-06   1.1785115e-06  -2.2396756e-07   6.1800836e-07   2.2247799e-07   1.4580813e-06   1.1139853e-06
  -0.0000000e+00  -1.7372398e-04   1.8395947e-05   9.0832646e-06   2.3980712e-05  -3.5614232e-07   2.8765776e-06   1.3128293e-05   1.4254534e-05   4.7275494e-06   4.4391777e-06   3.5824844e-06   2.6554389e-06   3.3723811e-06  -1.4854987e-06   5.3512878e-07   1.1237842e-07   6.6602104e-07   2.2831068e-06  -9.2853350e-07   2.3237353e-06   1.1133405e-06  -7.6513930e-07
  -0.0000000e+00  -1.7365148e-04   1.7295954e-05   2.6806367e-05   1.0484089e-05   8.1690439e-07   4.2604197e-06   1.7961222e-05   1.0262802e-05   5.0784101e-06   4.7557387e-06   1.1160907e-06   3.7348152e-06   2.4421242e-06   1.9881972e-07   3.9720632e-07   2.2518661e-06   9.8152702e-07  -3.4377183e-07  -1.4742598e-07  -7.6005722e-07  -4.1896806e-07  -5.2934348e-07
  -0.0000000e+00  -1.7773721e-04   2.1298963e-05   1.7503615e-05   2.0392255e-05  -5.1540769e-06   1.5135944e-05   1.1466603e-05   1.2728998e-05   5.4359234e-06   5.1845750e-06   3.9822053e-06   8.5802390e-07  -3.2651897e-07   2.6570265e-06   1.9421345e-06   7.3255217e-07  -1.2847095e-06   3.0839334e-07   1.2711747e-06  -1.5008542e-06   3.7846792e-07   1.7114706e-08
  -0.0000000e+00  -1.7262126e-04   1.4063629e-05   2.1025215e-05   1.3895570e-05   1.6685773e-07   2.1877884e-07   1.8662933e-05   6.7834512e-06   7.2745861e-06   4.4358931e-06   1.7547464e-06   2.6779335e-06   2.4017704e-06  -7.2730654e-07   5.7720936e-08   2.0245351e-07   1.4573195e-06   1.4883522e-06  -8.9586820e-07   2.1227956e-06   2.0121201e-06   2.2100402e-07
  -0.0000000e+00  -1.7416278e-04   2.6975606e-05   1.0389891e-05   2.6638203e-05  -4.0659938e-06   1.0838859e-05   1.4763034e-05   1.4153156e-05   7.7829991e-06   3.1900925e-06   3.1263003e-06   1.6177556e-06  -2.4371138e-06   4.5039051e-06   2.9144090e-07   6.0282508e-07   1.5321619e-06  -1.4040838e-06   4.2447400e-08  -3.0525152e-07   2.2561646e-07  -4.8222842e-07
  -0.0000000e+00  -1.7179044e-04   9.2064029e-06   2.9493713e-05   1.1714531e-05   1.3409899e-06   6.4284768e-07   1.6565433e-05   8.5276433e-06   4.5961565e-06   5.5200576e-06  -8.6006366e-07   3.3593572e-06   4.6708406e-06  -1.2071890e-06   1.8234031e-06  -1.0685440e-06  -6.2193061e-07   2.0676639e-06   8.7022971e-07  -1.5900959e-07   2.0926911e-06  -3.5047577e-07
  -0.0000000e+00  -1.8106788e-04   2.3471704e-05   1.7116243e-05   1.5597139e-05  -5.0766639e-06   1.2409137e-05   1.4249709e-05   1.3846857e-05   7.3552392e-06   2.5374734e-06   4.9870018e-06   9.8104647e-07  -8.9006630e-07   3.1840393e-06   1.0893934e-06   2.8126101e-06   3.5378577e-07  -5.3788568e-07   1.4951657e-06   5.1916498e-07  -2.3279231e-06   9.3725737e-07
  -0.0000000e+00  -1.6534880e-04   1.7394135e-05   1.9043629e-05   2.5762007e-05  -2.0129075e-06   6.6488233e-06   1.6389193e-05   7.4566537e-06   7.0100700e-06   1.4122522e-06   7.1398080e-07   3.3033127e-06   3.1863701e-06   1.0132018e-06   6.5857830e-07  -1.3816134e-06   2.2378183e-06   2.6160203e-06  -1.9954325e-06   2.5373271e-07   1.3449994e-06  -8.8416891e-07
  -0.0000000e+00  -1.8160226e-04   2.4908941e-05   1.4412270e-05   1.6709484e-05   1.0770381e-06   4.9412124e-06   1.3602208e-05   1.5892669e-05   4.6438936e-06   5.8542655e-06   2.3795847e-06   1.2828743e-06  -3.1808170e-07   1.1430973e-06   1.8003948e-06   1.8680445e-06   1.2712252e-06  -1.4511265e-06   1.7444770e-06   1.0329305e-06  -1.6549558e-07   3.2129275e-08
  -0.0000000e+00  -1.7404927e-04   1.1937567e-05   2.3625469e-05   1.4740537e-05  -2.4294152e-06   6.6687558e-06   2.0153580e-05   5.7722009e-06   6.3097305e-06   8.6688601e-07   1.2495270e-06   3.1834547e-06   1.2623807e-06   7.9618206e-07   1.8454419e-06  -1.0575302e-06   3.5549194e-06   1.0795279e-06   1.3403447e-06   1.2049502e-07  -3.4744153e-07   1.2593271e-06
  -0.0000000e+00  -1.7212098e-04   2.1742640e-05   1.9174968e-05   2.0205973e-05  -3.6068212e-08   9.3723902e-06   1.1191012e-05   1.5509533e-05   4.8309998e-06   9.5494725e-06   1.3899290e-06  -8.7984944e-08   1.4189036e-06   2.6519847e-06   2.2038118e-06   2.8883164e-06  -3.1090392e-06  -4.6822126e-07   2.8178731e-06   2.1466265e-07   9.9462852e-08  -1.5001646e-06
  -0.0000000e+00  -1.7444945e-04   1.5475291e-05   1.8637851e-05   1.4936156e-05  -9.7746556e-07   4.0600235e-06   1.7754810e-05   7.6756869e-06   7.8005105e-06  -4.0526677e-07   5.4907450e-06   1.5685979e-06   3.5648886e-06  -3.6022016e-07   9.3939576e-07   4.6080973e-07   1.7909432e-06   4.8567870e-07   1.5009713e-06   1.2914076e-06  -5.7576663e-08  -1.6355031e-08
  -0.0000000e+00  -1.7930550e-04   2.2436829e-05   1.3565920e-05   2.2793101e-05  -2.6405289e-06   1.0833863e-05   1.8889694e-05   1.2994906e-05   7.1220888e-06   6.2351723e-06   7.6760153e-07   1.5971173e-06   1.5843950e-06   2.3932771e-06   1.4320576e-06   3.4548002e-06  -4.2502222e-07   1.4932191e-06   1.7184130e-06   1.0436848e-06   1.3029482e-06  -7.7875330e-07
  -0.0000000e+00  -1.7448688e-04   1.5969239e-05   2.9981529e-05   8.9874120e-06   2.2772915e-06   7.8681160e-06   1.2305403e-05   8.4695121e-06   6.3745306e-06   7.1235326e-07   4.3276432e-06   1.1259940e-06   1.4176903e-06  -1.5866224e-06   4.4129237e-07   2.8811277e-07   1.6145917e-06   5.4681345e-07   1.8532601e-08  -5.4485861e-07  -2.4834476e-08   5.4056682e-07
  -0.0000000e+00  -1.7311456e-04   1.7719609e-05   1.0126903e-05   2.6223019e-05  -5.9165964e-06   7.1996660e-06   2.0050855e-05   1.3954637e-05   2.9386836e-06   5.5386968e-06   1.4942625e-06   3.1543837e-07   1.9429763e-06   2.4691262e-06   6.9260199e-07   9.6408951e-07   1.8920023e-06  -1.1507754e-07  -1.0782302e-06  -7.9759428e-07   9.3116222e-07  -1.1101225e-06
  -0.0000000e+00  -1.7131366e-04   1.9317131e-05   2.0351543e-05   1.2009418e-05  -1.6771231e-06   7.3159536e-06   1.3293910e-05   9.3542476e-06   4.4957897e-06   2.3079599e-06   4.2424408e-06   6.5857802e-07   3.9838128e-06  -1.8391957e-07   1.9309473e-06   8.7417544e-07   1.8738828e-06  -7.2239027e-07   7.0953769e-07   3.1540881e-07   2.2504580e-07   1.6417599e-06
  -0.0000000e+00  -1.8544632e-04   2.0433690e-05   1.9859506e-05   2.1581673e-05  -2.8279990e-06   1.0538316e-05   1.2237702e-05   1.1397604e-05   7.6434872e-06   5.9942868e-06   8.8946841e-09   4.7116414e-06  -6.0595369e-07   2.6910877e-06   2.0370587e-06   3.3155615e-07  -1.7312865e-06   1.0762576e-06   2.0591332e-07   1.3194691e-06   1.1164211e-06  -9.9052215e-07
  -0.0000000e+00  -1.6562232e-04   1.5453732e-05   1.7026890e-05   1.1132664e-05   1.4279805e-06   5.2261712e-06   1.9070903e-05   8.6245827e-06   1.1041586e-05  -1.4002214e-06   3.9155684e-06   7.5819349e-07   3.5940488e-06  -4.6440238e-07   1.6557291e-06   9.2099704e-08   2.0265450e-06   1.4362643e-06   1.0124539e-06  -4.4477468e-07  -7.1568678e-07  -3.1556417e-07
  -0.0000000e+00  -1.8233544e-04   1.7466329e-05   2.3469573e-05   2.1485599e-05  -7.0067836e-06   1.0978797e-05   1.4589586e-05   1.2271715e-05   2.8591007e-06   8.7256785e-06   2.8804252e-06   1.7888058e-06  -1.3966746e-06   1.4871438e-06   2.0425064e-06   1.4526908e-06  -1.7859029e-06   9.1020530e-07   1.1110131e-06   3.6041072e-07   1.8224815e-06  -6.5266272e-07
  -0.0000000e+00  -1.6698721e-04   2.1223086e-05   1.4880540e-05   1.8545346e-05   4.8169800e-06   2.9761995e-06   1.9430125e-05   1.0943289e-05   4.6113510e-06   3.6871070e-06   2.6600483e-06   1.5251047e-06   3.8611520e-06   9.1754504e-07  -2.0851559e-08  -1.0428034e-06   2.4286301e-06   1.7280815e-06   8.3021604e-07   1.2172311e-06  -9.7795589e-07  -1.1692158e-07
  -0.0000000e+00  -1.8599271e-04   1.5963151e-05   1.8657667e-05   2.0561685e-05  -8.5145630e-06   1.4130807e-05   1.0484889e-05   1.2960598e-05   6.6649332e-06   6.6868906e-06   6.6651955e-07   2.3524956e-06   3.4098682e-06   2.1810049e-06   2.0200134e-06   1.7985825e-06  -2.8601667e-07   1.4454996e-06  -4.3128236e-07   5.8201744e-07   1.9817749e-06   8.8092708e-07
  -0.0000000e+00  -1.6498998e-04   1.5381280e-05   2.0893263e-05   1.4342021e-05   7.4317140e-06   2.0635703e-06   1.8986915e-05   1.0402501e-05   5.9597801e-06   1.5168970e-06   3.8271191e-06  -2.7151722e-07   5.3363084e-07   2.4756914e-06   7.7718715e-07   1.8264600e-06   2.2950860e-06  -5.8370523e-07  -8.7956710e-07  -1.0268355e-06  -4.5206875e-07   2.4597972e-07
  -0.0000000e+00  -1.8142445e-04   2.3118473e-05   1.7460010e-05   2.1624093e-05  -7.1471914e-06   6.4775636e-06   1.7075286e-05   1.0748746e-05   6.8403338e-06   4.0516820e-06   7.1535243e-07   2.2025868e-06   1.0320932e-06   2.1351152e-06   2.2061790e-06   6.8904700e-07   5.2865863e-07   9.7680481e-07   3.4467575e-07  -1.1760596e-06   1.0515608e-06   5.4741196e-07
  -0.0000000e+00  -1.7198620e-04   1.6405262e-05   1.9342941e-05   1.2328656e-05   1.0395094e-06   7.8904532e-06   1.1344976e-05   1.1260012e-05   6.6092448e-06   1.0237640e-06   5.2520954e-06  -3.4937406e-07   2.7832223e-06   1.3269836e-06   2.5287716e-06   1.4885836e-06  -5.8219075e-07  -1.5329705e-06  -6.6454436e-07   2.2203430e-06   5.4048388e-07   1.8258083e-06
  -0.0000000e+00  -1.7409520e-04   2.0116337e-05   1.6109605e-05   2.4836685e-05  -6.0763541e-06   9.8054024e-06   1.8790333e-05   1.5062329e-05   2.5230515e-06   5.7400057e-06  -1.8505229e-06   5.2968207e-06   2.9838600e-07   2.6861946e-06   5.5768334e-07  -9.1361068e-07   1.2024025e-06  -1.0087930e-07   7.2702329e-07   6.6142411e-07  -2.1615891e-07   2.2206566e-06
  -0.0000000e+00  -1.7214382e-04   1.4877707e-05   2.5168207e-05   1.2587552e-05   2.4484514e-06   3.3722654e-06   1.4286846e-05   9.1422489e-06   8.2097749e-06   1.7854342e-06   5.4365551e-06   1.5782082e-07   2.4781737e-06   1.1574396e-06   9.1762382e-07   2.1742942e-06   8.2828677e-07   2.1097328e-07  -6.6590367e-08  -1.3475375e-07   3.0812242e-07   5.7456066e-07
  -0.0000000e+00  -1.8032112e-04   2.1737342e-05   1.2256744e-05   2.3068529e-05  -1.0989368e-06   1.0519862e-05   1.7604876e-05   1.2758666e-05   5.4367415e-06   3.7789930e-06   1.6637586e-06  -2.8066987e-07   3.6948984e-07   4.3370954e-07   8.7799634e-07   2.0356715e-07   2.0972436e-06   5.6927553e-07  -2.0240348e-06  -1.5591885e-07   1.0365611e-06  -1.3173953e-06
  -0.0000000e+00  -1.7225250e-04   1.6550093e-05   2.4956220e-05   1.4128136e-05  -9.0568045e-07   6.9332727e-06   1.7336639e-05   1.0434977e-05   6.2907616e-06   1.8222228e-06   2.1221958e-06   1.7890959e-06  -1.5289434e-07   3.1517420e-06  -5.8864595e-07   5.9012018e-07   1.1913356e-06   8.5077539e-07   6.2972225e-07   3.2892808e-07   3.8987338e-07   8.7305023e-07
  -0.0000000e+00  -1.7624833e-04   1.9825357e-05   1.6741735e-05   1.6657681e-05  -2.9782204e-06   9.0129543e-06   1.1461351e-05   1.5113818e-05   5.2492878e-06   6.3702064e-06   1.7602293e-06  -1.7179133e-07   2.3821726e-06   1.0194019e-06   3.0677693e-06   1.5941894e-06  -1.1833620e-06   2.4170911e-06   1.0410329e-06  -3.0436102e-08  -5.6250985e-07   5.6481014e-07
  -0.0000000e+00  -1.7071460e-04   1.0015466e-05   2.1583244e-05   1.7039074e-05   1.6370651e-06   6.1147771e-06   1.9119228e-05   8.4345002e-06   6.5585286e-06   5.7677539e-06   1.3466758e-06   4.8031816e-06   3.1377604e-06   1.4092783e-06  -1.4450352e-06   1.3117854e-06   5.7167171e-07  -4.3558555e-07   9.6399856e-07   1.5603581e-06   4.7762398e-07   3.8759381e-08
  -0.0000000e+00  -1.7932395e-04   2.5137922e-05   1.6123455e-05   2.0790714e-05  -1.4613539e-06   3.3762308e-06   1.4447219e-05   1.4698775e-05   5.9267704e-06   3.0976698e-06   1.8793868e-06   7.6791684e-07   8.8381512e-07   2.8677516e-06   1.3743633e-06   9.9441984e-08   8.7978862e-07   1.8367396e-06  -1.6852624e-06   3.7878019e-07   1.2073185e-06   2.2905211e-07
  -0.0000000e+00  -1.7019789e-04   1.8378565e-05   2.2046986e-05   1.5584386e-05  -1.5638607e-06   8.3107570e-06   2.2178496e-05   7.1068357e-06   7.7205505e-06   2.3220628e-06   1.5712714e-06   1.7123054e-06   2.9438206e-06   1.0712629e-06   3.6476529e-06  -8.7030520e-07   8.1758952e-07   5.4021802e-07  -1.7325783e-06  -3.5421786e-07   1.9702263e-06   5.1137073e-07
  -0.0000000e+00  -1.7683642e-04   1.9939229e-05   1.7961233e-05   1.8385439e-05  -4.1434481e-07   9.8112496e-06   1.2055733e-05   1.3296097e-05   7.2031221e-06   6.1339883e-06   2.6137373e-06   5.7730136e-07   1.6458840e-07   2.7258566e-06  -8.5633239e-08   1.8131630e-06   4.1634001e-07  -2.0116579e-06   1.5314838e-06   1.9410306e-06  -1.8909039e-06   1.8885303e-06
  -0.0000000e+00  -1.7240150e-04   1.3076616e-05   2.0361773e-05   1.9516550e-05  -4.8700542e-07   4.0438622e-06   1.8169168e-05   1.0792083e-05   2.7771814e-06   3.3289150e-06   4.2737483e-06   1.4048953e-06   3.5363319e-06   8.6398552e-07   2.7087378e-06   1.6812557e-07   1.3710717e-06   2.2937597e-06  -3.8588706e-07  -1.3021437e-06   5.4873266e-07   7.4039697e-08
  -0.0000000e+00  -1.7515778e-04   2.4797226e-05   1.9438041e-05   1.7261536e-05  -5.9824799e-07   9.0694093e-06   1.3467509e-05   1.3209176e-05   7.9506162e-06   3.8015087e-06   2.4342248e-06   2.5289971e-06   3.1532531e-07   1.7991997e-06   2.1282622e-06   4.7062201e-07   3.1624964e-07  -9.2632837e-07   7.4298083e-07   1.8306187e-06   3.9167651e-07   1.4465420e-06
  -0.0000000e+00  -1.7543943e-04   1.3542087e-05   2.1419190e-05   1.5387930e-05  -6.2480029e-07   5.6191957e-06   1.7588756e-05   8.4064432e-06   5.3747326e-06   3.7044331e-06   1.9531747e-06   2.1944415e-06   2.6909997e-06   8.0797335e-08   1.6216594e-06   2.2272171e-07  -1.2265746e-06   1.1755242e-06  -2.1366331e-07   5.8698276e-07  -1.3680860e-06  -1.0011387e-06
  -0.0000000e+00  -1.7435433e-04   2.2098389e-05   1.5564679e-05   2.0093963e-05  -2.4558210e-06   7.2968205e-06   1.4063478e-05   1.0811891e-05   9.0973945e-06   3.8527905e-06   4.4888406e-08   3.0796127e-06   2.0461484e-06   3.9399770e-06   1.5586527e-07   1.2044583e-06   9.6806014e-07  -1.4607853e-07  -3.4010014e-07   1.5692164e-06  -4.1964492e-07  -7.3717069e-07
