  -0.0000000e+00  -1.7119273e-04   2.1687732e-05   2.5743750e-05   1.7711041e-05  -3.4964552e-07   4.8955890e-06   1.3993229e-05   1.0463030e-05   4.6401528e-06   3.9862007e-06   4.6218179e-06   4.6281761e-07   5.7266834e-07  -1.3432493e-06   2.2739055e-06   1.3481476e-06   9.5578184e-07   7.6067903e-07   1.6691714e-06  -8.4474783e-07  -7.2030497e-07  -1.9693825e-07
  -0.0000000e+00  -1.6777283e-04   2.2289245e-05   1.5475336e-05   1.6812404e-05  -1.5100751e-07   8.2434326e-06   1.1754196e-05   1.2211329e-05   3.4654884e-06   3.0699064e-06   1.1371710e-06   2.0730189e-07   1.7084881e-06   2.5557870e-06  -1.5404959e-06   3.9041665e-06  -3.4481911e-07   1.7124856e-06  -1.0583048e-07  -7.9792079e-07   9.5134885e-07   7.8910693e-07
  -0.0000000e+00  -1.6758492e-04   2.0307314e-05   2.5931569e-05   1.7775366e-05   3.6891714e-07   8.2018505e-06   1.2307658e-05   6.0321308e-06   7.3807396e-06   4.1523003e-06   1.6067142e-06   2.4939895e-06   4.5751366e-07   1.7834883e-06   2.5554007e-06  -6.4224690e-07  -1.4175615e-06  -2.4514503e-07   8.6025750e-07   1.0583084e-06   7.0133444e-07  -4.5821287e-07
  -0.0000000e+00  -1.6987315e-04   2.6974561e-05   1.6729715e-05   1.9641027e-05  -1.3613148e-06   4.6570344e-06   1.4769648e-05   9.4741490e-06   4.3203167e-06   1.3707452e-06   2.3800949e-06   3.0899168e-06   1.5830148e-06   3.1098086e-06   7.5965022e-07   1.1962990e-06   1.2517904e-06   3.3625236e-06  -7.8603085e-07   7.3175210e-07   1.5925309e-07   3.9075425e-07
  -0.0000000e+00  -1.7197564e-04   1.8744977e-05   1.9546496e-05   1.6585591e-05  -1.2080291e-06   5.7688467e-06   1.6186261e-05   1.2020801e-05   5.8669852e-06   4.2398756e-06   2.7334329e-06   1.6831731e-06   1.2700892e-07   9.2680432e-07   2.6425967e-06  -3.1512309e-07  -3.1612205e-07  -1.3417937e-06   7.4672482e-07   1.1303194e-06   3.9225631e-07  -1.1921971e-06
  -0.0000000e+00  -1.6734829e-04   2.4782508e-05   2.1900214e-05   1.8873276e-05   3.0392046e-06   6.1561950e-06   1.0562077e-05   1.0026157e-05   2.4035985e-06   3.0563767e-06   1.6698655e-06   3.6311694e-06   2.6069408e-06  -1.0427985e-06   1.2292255e-06   2.7776880e-06   1.5260277e-07   5.4658568e-07   3.8137489e-07   1.2296254e-06  -1.3170775e-07   1.4891734e-06
  -0.0000000e+00  -1.6504645e-04   1.8028964e-05   2.1636533e-05   1.6265387e-05  -3.2724918e-06   1.0436235e-05   1.5733569e-05   1.1356952e-05   8.2682282e-06   1.7000050e-06   1.6725348e-06   3.4304045e-07   1.3406785e-06   1.9022950e-06   3.4502252e-06  -9.3900371e-07   6.6004333e-07  -4.8187451e-07   1.0267041e-06   5.6889343e-07   5.7264356e-07   1.0195129e-06
  -0.0000000e+00  -1.7435900e-04   2.1727939e-05   1.8111030e-05   1.7206765e-05  -2.3707992e-06   2.4314779e-06   1.3510713e-05   7.1961708e-06   3.8487169e-06   2.7421311e-06   2.1319011e-06   3.2030027e-06   1.4482105e-06   2.0266230e-06   9.7704378e-07   8.3693396e-07   1.1266525e-06  -3.8543081e-07   1.1160982e-06   9.1248882e-07   4.2872563e-07  -1.5454717e-06
  -0.0000000e+00  -1.6759304e-04   2.4583091e-05   2.2966678e-05   1.5909078e-05   4.9508089e-06   6.4779115e-06   1.6492833e-05   1.2358567e-05   5.1026409e-06   4.4056010e-06   1.9244364e-06  -1.3849755e-06   1.3266902e-06   1.2074042e-06   1.5016793e-06  -3.0753623e-07   1.8747137e-08   4.9328793e-07  -2.0028092e-06   5.1717655e-07  -1.0129426e-06  -2.1181754e-07
  -0.0000000e+00  -1.7249753e-04   1.9474790e-05   2.0231579e-05   1.6953489e-05  -5.3628864e-06   7.3876513e-06   1.1964122e-05   7.8297489e-06   6.7955079e-06   4.1190965e-06   1.3689423e-06   4.4723079e-06  -3.3983309e-07   1.2098453e-06   1.9225340e-06   1.5635960e-06  -8.3146614e-07  -8.0955652e-07   1.4208830e-06   1.8803870e-06  -1.2876665e-06  -1.0803294e-06
  -0.0000000e+00  -1.6472010e-04   2.1405740e-05   1.6363952e-05   1.9181787e-05   5.0343772e-07   4.5873967e-06   1.5063481e-05   1.2386286e-05   1.6743506e-06   4.5510542e-06   2.8007416e-06  -1.2220185e-06   8.1282741e-07   1.1815608e-06  -3.7093466e-07   8.3440250e-07   7.0177907e-07   1.5383970e-06   1.5933996e-06   1.6689275e-07   1.4638827e-06   6.2117130e-07
  -0.0000000e+00  -1.7119900e-04   2.1305932e-05   1.9786692e-05   1.9219668e-05  -2.9663656e-06   7.2560715e-06   1.7781102e-05   8.6891159e-06   8.7615608e-06   4.6763889e-06   2.3218020e-06   1.2137345e-06   2.6106113e-06   1.5658636e-06  -5.8671001e-10   1.7306212e-07   4.6222783e-07   2.7534359e-06   3.3617110e-07   8.3428722e-07   1.6269599e-06   1.5190172e-06
  -0.0000000e+00  -1.7005020e-04   2.5151399e-05   1.9804695e-05   1.5926707e-05   2.1425976e-06   2.9570203e-06   1.1614603e-05   7.9368256e-06   4.8710381e-06   2.9894472e-06   1.6612730e-06   3.4501843e-06   2.2412282e-06   1.7925275e-06   1.4197821e-06   4.6847887e-07   5.4606119e-07  -1.6578240e-06   1.4177923e-06  -1.3155492e-06   5.4952341e-07  -1.2321798e-06
  -0.0000000e+00  -1.7338461e-04   1.6606687e-05   2.4849132e-05   1.6093805e-05   2.0267355e-06   1.1029918e-05   1.5644555e-05   1.2338386e-05   7.1513068e-06   2.1448520e-06   1.4861905e-06   2.3878067e-06   2.3703574e-06   1.3233991e-06   1.9409199e-06  -2.5595062e-07   5.1999370e-07   2.2228362e-06   4.3489450e-08   8.8159487e-07   3.7360772e-07   4.7758954e-07
  -0.0000000e+00  -1.6218291e-04   2.2344466e-05   1.7315977e-05   1.8745286e-05  -1.0076949e-06   5.0761182e-06   9.7875791e-06   8.0206964e-06   1.8091940e-06   5.1585162e-06   2.9546691e-06   1.2226701e-07   1.0119095e-06   1.3111119e-06   7.6535621e-08   4.3095844e-07   1.0870838e-06  -1.7145204e-06  -5.2636250e-07  -1.9602749e-06   8.3065100e-07   9.4696338e-07
  -0.0000000e+00  -1.7391784e-04   2.5915140e-05   1.9389889e-05   2.0697484e-05  -3.1554612e-06   6.9772732e-06   1.8908539e-05   1.4882165e-05   4.7213994e-06   5.0764197e-06   2.3379509e-06  -2.9680126e-07   1.6463795e-06   9.6526287e-07   3.6903612e-06   2.1111848e-06  -8.1665820e-07  -7.1829714e-07   7.6761478e-07   3.5208104e-06  -1.4054881e-06  -1.0999534e-07
  -0.0000000e+00  -1.6839961e-04   1.8420131e-05   2.2488566e-05   1.6759630e-05   2.6149723e-06   7.6977713e-06   1.2578709e-05   4.7778326e-06   5.7206853e-06   1.8329239e-06   4.4617382e-06   1.8497315e-06   6.9958350e-07   2.0373384e-06  -2.4596005e-07  -8.7638847e-07   1.3904992e-06   1.6333036e-06   2.0664152e-06  -1.9414990e-06   2.4637399e-07   1.5460651e-06
  -0.0000000e+00  -1.6765999e-04   2.0910269e-05   2.0893660e-05   2.0007512e-05  -8.8794263e-07   6.4427841e-06   1.6475346e-05   7.7694149e-06   7.4976824e-06   4.8018042e-06   9.2301246e-07  -8.2956620e-07   1.1192760e-06   3.0177730e-06   4.8599793e-07   2.2842370e-07  -1.3602615e-06   2.2778740e-06   4.4836847e-07   4.8995662e-07  -1.0534625e-06   1.4799353e-07
  -0.0000000e+00  -1.6662966e-04   1.9541319e-05   2.3926637e-05   1.7647382e-05  -2.8437814e-06   1.0186933e-05   1.4874702e-05   9.3927256e-06   8.3286818e-07   2.6704890e-06   1.8116260e-06   3.1946081e-06   7.5660080e-07   2.3438997e-06  -8.3686473e-07   3.9922640e-10   1.6539091e-06  -3.0924929e-07   1.3847704e-06  -8.0128387e-07   1.2722800e-06   5.7898387e-07
  -0.0000000e+00  -1.7338144e-04   2.9487986e-05   1.5039651e-05   2.1232190e-05  -1.4788286e-07   5.2133623e-06   1.0096243e-05   1.2957762e-05   6.0082953e-06   5.8139722e-06   2.8157822e-06  -2.3699581e-06   2.0301154e-06   7.4476657e-07   9.1931867e-07   7.1022185e-07  -1.9020814e-07   2.8134085e-07   9.5361247e-07   7.5336334e-07   5.1090313e-07  -1.1062303e-06
  -0.0000000e+00  -1.6943345e-04   1.8244826e-05   2.5274356e-05   1.6845403e-05   6.2455308e-07   8.5941101e-06   1.4048898e-05   9.7863340e-06   3.9309339e-06   1.4030887e-06  -1.1106495e-06   3.2358735e-06   2.1077331e-06   2.2310612e-06  -1.7353729e-07  -1.1866264e-06  -8.3098990e-07  -2.2118805e-07  -1.4832511e-08   1.9232590e-07   4.5066099e-07   2.2963077e-06
  -0.0000000e+00  -1.6423948e-04   1.7704022e-05   2.0771227e-05   1.6864398e-05  -1.0319606e-06   7.4687978e-06   1.7120532e-05   1.0749041e-05   5.1504489e-06   3.0559941e-06   4.3794798e-06   1.7103946e-06   4.2900535e-07   2.6327932e-06   1.9886340e-06   2.2905838e-06   1.2429987e-06  -1.6730817e-06  -4.9694899e-07   1.6969068e-06   5.6894930e-07   7.5267145e-08
  -0.0000000e+00  -1.7429865e-04   2.5630297e-05   1.9614718e-05   1.8074546e-05   2.7214310e-07   6.3113848e-06   1.1266159e-05   6.9460011e-06   6.2867780e-06   3.0679744e-06   2.4860083e-06   7.0335318e-07   7.8556644e-07   2.0040000e-06  -7.9796543e-08  -1.4924664e-06   1.9449585e-06  -2.8383252e-07  -2.5311431e-07  -2.7472081e-08   1.1916527e-06   1.2139205e-06
  -0.0000000e+00  -1.6880473e-04   2.4999235e-05   1.9129486e-05   1.8273728e-05  -3.3305043e-06   9.7649490e-06   1.5757018e-05   1.2374316e-05   3.1380109e-06   4.2337788e-06   2.1194781e-07   2.0627465e-06   2.1609446e-06   1.0897867e-07   2.1204746e-06  -6.5362613e-08  -2.1778656e-07   5.9172589e-07   1.3569787e-06   3.0982294e-06   6.1380592e-07  -2.0019235e-07
  -0.0000000e+00  -1.6167981e-04   1.8952253e-05   1.9402411e-05   1.5370761e-05   8.7855466e-07   5.5195947e-06   1.2000783e-05   1.0203081e-05   5.0222006e-06   4.5945294e-06   2.4955546e-07   8.6309416e-07   2.2489182e-06   1.9248375e-06   3.5168020e-07   1.1875935e-06   9.7974248e-07   5.1318159e-07   1.0171644e-06   3.2445672e-07  -8.6866567e-07   1.7345754e-07
  -0.0000000e+00  -1.7484093e-04   1.7702536e-05   2.4570740e-05   1.9393266e-05  -7.6634245e-07   7.2270172e-06   1.3041265e-05   9.0732610e-06   6.3636339e-06   4.3853420e-06   4.1339058e-06   1.5202037e-06   2.1943579e-06   2.9395035e-06   2.4609928e-06  -2.8670269e-07  -4.4954308e-07  -5.8326954e-08   1.7418503e-06  -7.9175192e-07   1.6975887e-06   6.8313619e-07
  -0.0000000e+00  -1.6850345e-04   2.5452357e-05   1.7774939e-05   1.6752048e-05   3.3972744e-06   5.4096677e-06   1.3581900e-05   1.1246577e-05   3.7936124e-06   1.7175998e-06   3.5748694e-06   6.8422088e-07   1.7869883e-06   2.5818067e-06  -6.7154508e-07   1.4130030e-06   1.9280171e-06   8.5376922e-07   4.7938212e-08   2.5105484e-07  -2.7870632e-07  -1.7440923e-06
  -0.0000000e+00  -1.7123473e-04   2.3824801e-05   1.9442736e-05   1.9676911e-05  -5.2419614e-06   8.7123244e-06   1.5423298e-05   8.2268025e-06   7.4377790e-06   2.9197579e-06   1.4074619e-06   6.3900040e-07  -6.0585160e-07   1.5157225e-06   2.3204146e-07   1.8803934e-06  -5.2933160e-07   1.1115949e-06   9.9463159e-07  -7.9594287e-07   1.7843275e-06  -4.7612772e-07
  -0.0000000e+00  -1.6345712e-04   1.7645030e-05   2.2835817e-05   1.7253618e-05   1.2571222e-06   4.7423314e-06   1.2161268e-05   1.2066069e-05   1.9345564e-06   4.7441727e-06   5.3729116e-07  -1.2679351e-08   3.9317397e-06  -5.7968379e-08   2.3766117e-07  -5.9834127e-07  -4.8312830e-07   1.4855635e-06   1.1633115e-06   9.7924294e-07  -1.5074941e-06   1.4676550e-06
  -0.0000000e+00  -1.7381912e-04   1.7307557e-05   2.3257173e-05   1.9635510e-05  -2.5793174e-06   8.1834269e-06   1.4155292e-05   1.0316203e-05   7.0740252e-06   5.4836237e-06   4.1687275e-07   2.4946387e-06   2.3445962e-07   1.5506936e-06   2.9247201e-06   5.1570959e-07  -4.7539737e-07   1.0855048e-06  -8.2684318e-07   1.4081156e-06   9.8660189e-07   4.0364296e-07
  -0.0000000e+00  -1.6964655e-04   3.0783067e-05   1.4595020e-05   1.6156520e-05   1.3471727e-06   5.6343397e-06   1.2652723e-05   7.5549510e-06   4.8872239e-06   1.7660755e-06   4.4810727e-06   2.1288535e-07  -7.8838013e-07   1.6812371e-06   2.3182372e-07   5.5792964e-07   8.8987002e-07  -5.9391647e-07  -8.8720026e-07  -4.6574252e-07  -1.5931465e-06   2.2259210e-06
  -0.0000000e+00  -1.6611539e-04   1.8070396e-05   2.0913692e-05   1.8217663e-05  -1.0938170e-06   1.0515246e-05   1.6163025e-05   8.7186800e-06   7.3317051e-06   3.3393849e-06  -1.5069350e-07  -6.6302965e-07   4.5448027e-07   7.9356482e-07   3.6184949e-06   1.1673778e-07  -2.5522519e-07   9.5871576e-07  -2.4789927e-07   1.0633195e-06   1.1411407e-06  -1.2844587e-06
  -0.0000000e+00  -1.7095318e-04   1.8876755e-05   2.2165335e-05   1.6325434e-05  -2.4509802e-06   6.5641602e-06   1.0624884e-05   1.0672696e-05   3.5121034e-06   2.7069527e-06   4.5646561e-06   4.7817861e-07   4.1660810e-06   9.9094325e-07   8.2176700e-07   1.6036553e-06   1.0937224e-06  -1.1202799e-06   8.5366264e-07  -4.7461640e-07  -2.6069395e-07   1.9049609e-06
  -0.0000000e+00  -1.6744655e-04   2.1441789e-05   2.1725737e-05   1.7769222e-05   2.8208872e-06   7.4637187e-06   1.6196698e-05   1.1785054e-05   5.4382685e-06   5.1094753e-06   9.2761792e-07   1.9990685e-07   3.5688786e-06   1.9633233e-06   1.1096238e-06   6.9460208e-07  -9.3999427e-07   2.9339519e-06   1.9021108e-07   8.8805984e-07   1.0363949e-06   6.4373580e-07
  -0.0000000e+00  -1.6950582e-04   2.2398814e-05   1.5822998e-05   1.7625438e-05   9.0020694e-07   6.4068290e-06   1.1117281e-05   9.2650344e-06   2.0151072e-06   2.9881442e-06   4.9099426e-06   1.1295757e-06   1.2648179e-06   1.1439795e-06   2.2726649e-06   9.8602879e-07   9.9614260e-07   1.8815970e-06   8.3048820e-07  -1.5348531e-06   1.4022929e-06  -1.7665464e-07
  -0.0000000e+00  -1.7275063e-04   2.0895370e-05   2.1065322e-05   2.0324022e-05  -2.1233807e-06   5.2010337e-06   1.8541636e-05   8.8928073e-06   7.7053401e-06   3.5765711e-06   2.1224180e-06   2.9327530e-06  -7.8675407e-07   2.1534631e-06   9.3196456e-07   1.9123695e-06  -1.6824899e-06  -1.6743451e-06   3.2723986e-07   1.2468511e-06  -4.3143576e-08   1.2788984e-06
  -0.0000000e+00  -1.6688780e-04   2.0642399e-05   2.5149282e-05   1.6125108e-05  -4.8378149e-07   1.1755401e-05   1.2134074e-05   8.4108451e-06   4.7933240e-06   2.0946488e-06   2.2133020e-06  -5.3222720e-07   2.7198912e-06   1.4920172e-06   7.7437284e-07  -5.8543299e-07   1.3168433e-06   1.7839529e-06   3.2757433e-07  -1.1565380e-06  -1.0566069e-06   9.9890326e-07
  -0.0000000e+00  -1.6763250e-04   2.1889922e-05   1.8307370e-05   1.7358247e-05   1.8781515e-06   3.2497562e-06   1.2427259e-05   1.2925579e-05   4.1672934e-06   5.4366151e-06   3.6788938e-06  -1.1073320e-06  -1.0679968e-06   1.2752523e-06   5.4014780e-08   1.0317668e-06   8.4769692e-07   4.3495319e-07  -4.0622407e-07   1.9521858e-06   1.4008704e-06  -9.2888183e-07
  -0.0000000e+00  -1.7415882e-04   2.2837141e-05   2.0058604e-05   2.1090589e-05  -3.3614501e-07   5.6375907e-06   1.7627921e-05   1.1525221e-05   2.7103167e-06   1.7907365e-06   3.7361056e-06   1.5696628e-06   1.5182887e-06   1.0827334e-06   2.4431854e-06   7.7607081e-07   1.1982958e-06   1.6627199e-06  -4.7333901e-07  -1.6217615e-07   1.0733887e-06  -5.6292845e-07
  -0.0000000e+00  -1.6446684e-04   1.9354768e-05   2.2867100e-05   1.6314645e-05  -2.3933139e-06   8.5360425e-06   1.0989772e-05   9.8935207e-06   5.2319720e-06   3.8686144e-06   2.1728781e-06   1.1343670e-06   1.4026762e-06   1.1332339e-06   1.4240817e-06  -4.5491277e-07   1.1218849e-06   2.4960545e-07   1.6454551e-06   1.1538923e-06   8.8715802e-07   1.5715739e-06
  -0.0000000e+00  -1.7110282e-04   2.1607431e-05   2.1462976e-05   1.8393175e-05  -2.2049619e-06   8.3229743e-06   1.5192463e-05   8.0066320e-06   6.8937252e-06   1.6225858e-06   2.1482947e-06   1.8243201e-06   1.1625166e-06   7.1105978e-07   4.1851337e-07   8.2896929e-07   7.4676689e-07   1.9871590e-07  -1.0573758e-07   3.4092022e-07   2.9525663e-07   1.6313836e-06
  -0.0000000e+00  -1.7291117e-04   2.3320539e-05   2.2117898e-05   1.6598517e-05   5.2720357e-06   3.0022547e-06   1.3015651e-05   1.2613350e-05   4.2034762e-06   3.4990514e-06   3.4688430e-06   4.5661270e-07   1.0870920e-06   2.7077976e-06  -8.0109447e-07   1.9120073e-06   7.9731041e-07  -8.7089711e-07   3.0178131e-07  -6.5888401e-07  -7.5218406e-07   6.4306408e-07
  -0.0000000e+00  -1.6795083e-04   1.7417296e-05   1.9700045e-05   2.2253493e-05  -5.2871069e-06   4.8165066e-06   1.3338921e-05   1.0609743e-05   3.7174634e-06   4.7789258e-06   1.6372494e-06  -1.1551491e-06   4.5679374e-07   2.8622960e-06   3.6571919e-08   3.1855463e-06  -1.2719482e-07   6.9456848e-07   5.2453707e-08   2.1081762e-06  -1.0381979e-06   1.1890867e-06
  -0.0000000e+00  -1.6651781e-04   2.2791564e-05   2.0312717e-05   1.6386157e-05   5.8039132e-07   1.0037331e-05   1.5626119e-05   6.6075645e-06   5.7554821e-06   4.7633180e-06  -8.3557535e-07   4.1215758e-06   1.3336054e-06   2.9353680e-06   2.5064725e-07   6.5554764e-07   1.9872691e-06   1.8565454e-07   1.5917193e-06   1.2158835e-06   1.7572959e-06  -9.6843515e-08
  -0.0000000e+00  -1.6790672e-04   2.0130577e-05   2.2958557e-05   1.3672358e-05  -3.8946527e-07   6.2158770e-06   1.1278284e-05   1.0707156e-05   3.6470713e-06   3.8368667e-06   2.0772022e-06   2.2843267e-06   2.6610860e-06   2.3380185e-06   2.8261750e-06  -2.7547365e-08   3.6089364e-07   6.6180002e-07  -1.9992667e-06   1.8644299e-06   2.0143473e-06  -1.4570785e-06
  -0.0000000e+00  -1.7229328e-04   2.1315805e-05   1.6577165e-05   2.1237698e-05  -8.9292689e-07   5.1805778e-06   1.6187174e-05   1.0776949e-05   4.2786514e-06   1.1710748e-06   4.1982589e-06   4.1050740e-07   1.7057469e-06   1.2295010e-06  -5.4245881e-08  -8.5678693e-07   1.4853276e-06   4.4773864e-07  -8.6942839e-07  -1.0099126e-06  -5.7536647e-07  -6.8900050e-07
  -0.0000000e+00  -1.6890188e-04   2.4815961e-05   2.1102649e-05   1.7730956e-05   4.6783785e-07   9.2285327e-06   1.2546165e-05   8.4729700e-06   4.5334250e-06   4.9039841e-06   1.0901036e-06   1.5806881e-07   1.5659110e-06  -2.2484762e-07  -5.8630400e-07   9.1918133e-07   1.6029336e-06  -9.0559053e-07  -3.6662141e-07   6.3467235e-07   2.5131108e-06  -1.1210118e-06
  -0.0000000e+00  -1.6470364e-04   2.1150016e-05   2.1016407e-05   1.7822469e-05  -3.0251394e-06   7.1545555e-06   1.2004064e-05   8.7052404e-06   9.2262271e-06   3.4989723e-06  -5.2982915e-07   2.7652843e-07   2.5782476e-06   1.6418078e-06   2.7083559e-06  -1.3726506e-07  -4.4294686e-07   1.4562995e-06   4.3868818e-07   6.1998989e-08   6.8901932e-07   1.5425330e-06
  -0.0000000e+00  -1.6892902e-04   2.1972706e-05   1.8214268e-05   2.1192258e-05   2.2208710e-06   5.4869647e-06   1.6100706e-05   9.9023509e-06   4.7363997e-06   5.2592150e-06   1.1650714e-06   2.5848210e-06  -7.9888571e-07   1.2734820e-06   1.0164309e-06  -2.5841916e-06   6.7067947e-07  -1.1632612e-06   4.4359638e-08  -5.6036384e-07  -2.4271168e-07   3.3983343e-07
  -0.0000000e+00  -1.7338514e-04   2.0856143e-05   2.2167671e-05   1.5910078e-05   3.5680637e-07   6.5669001e-06   1.1560988e-05   1.3617735e-05   3.0713654e-06   2.5992485e-06   5.2052624e-06   6.5315737e-07   8.5833358e-07   2.0876964e-06   1.7293730e-06  -2.0779032e-07   2.1360240e-06   6.0631692e-07   7.0135383e-07   2.1369410e-06  -8.3082887e-07   2.5438661e-07
  -0.0000000e+00  -1.6541945e-04   2.6338037e-05   1.9803982e-05   1.8420422e-05  -3.3266176e-06   9.5971754e-06   1.2180194e-05   8.6503078e-06   9.1410739e-06   4.2096285e-06   1.7496975e-06   1.8622607e-06   2.8663178e-06   2.5882580e-06  -2.2340427e-07   2.2383279e-06  -9.2146109e-07  -4.7612806e-07   7.2595943e-09  -1.0525099e-06   9.2084929e-07   1.8637697e-06
  -0.0000000e+00  -1.7354357e-04   2.0123567e-05   1.9817066e-05   1.8737770e-05   1.1065297e-07   4.5892125e-06   1.5453708e-05   1.1041731e-05   4.3494751e-06   3.2795176e-06   2.9239698e-06   3.1114439e-06   1.3655444e-06  -1.6356938e-06   7.2373166e-07   2.4579324e-06  -1.1021314e-06   2.0182085e-06   2.2949902e-07   8.4117039e-07   7.6103170e-08  -8.5193471e-07
  -0.0000000e+00  -1.6375154e-04   1.7400596e-05   2.0609243e-05   1.8199331e-05  -2.0475794e-07   6.9111179e-06   1.2985967e-05   1.0053608e-05   4.9155224e-06   2.5247866e-06   2.0780158e-06   1.2819939e-06   1.0688083e-06   1.5043058e-06   1.1576846e-06   1.3643527e-06   1.9138493e-07   7.1084565e-07   1.1898007e-06  -2.0978081e-08   1.1745346e-06  -6.1839842e-07
  -0.0000000e+00  -1.7315357e-04   2.7031112e-05   2.0350506e-05   1.7472541e-05  -4.0445974e-07   4.0805862e-06   1.5962278e-05   1.0098948e-05   6.5948111e-06   4.6458335e-06   2.8127931e-06   5.2467681e-07   9.3463768e-07   2.1488138e-06   1.4789905e-06  -6.6584954e-07   5.4782544e-07   4.1720943e-07   1.4729190e-07   1.7695868e-06   9.8451993e-09   1.0285338e-06
  -0.0000000e+00  -1.6953205e-04   1.9405632e-05   2.2762488e-05   1.6346279e-05  -6.8919496e-07   9.8692317e-06   1.3213677e-05   1.1086618e-05   4.7166372e-06   6.8600332e-07   2.0705670e-06   3.1747343e-06  -1.5659424e-06   1.8452151e-06   8.8223254e-07   6.0941477e-07  -1.3776315e-06  -1.4370398e-06   6.8873916e-08  -1.1223798e-06   1.5536893e-06   1.2328873e-06
  -0.0000000e+00  -1.6625324e-04   1.6354832e-05   2.0794467e-05   2.1663171e-05  -3.8356220e-06   4.6716891e-06   1.6227699e-05   7.5603480e-06   3.1164473e-06   4.8696097e-06  -7.8482594e-07   7.3614268e-07   1.5290393e-06   2.2023867e-06   1.7168230e-06   1.9551130e-06   5.5889956e-07   4.2820221e-07   1.2191213e-06  -1.3895251e-06   2.3949511e-07   2.5472991e-06
  -0.0000000e+00  -1.7299992e-04   2.9192101e-05   1.8991728e-05   1.3723268e-05   4.2198071e-06   6.9038015e-06   1.3397329e-05   1.0611706e-05   5.4323568e-06   2.1124306e-06   4.1406024e-06   1.0209122e-06   8.5882590e-09   2.0776199e-06   1.9125157e-06   1.8662884e-06   2.0744524e-06  -1.1718156e-06   1.9398096e-06   2.6932383e-07  -1.2999927e-06   5.8243899e-07
  -0.0000000e+00  -1.6775857e-04   1.8015517e-05   2.0690401e-05   1.9113488e-05  -4.0566343e-07   7.2384937e-06   1.5850501e-05   9.0523972e-06   4.9316473e-06   3.0542139e-06   2.4642698e-06   5.9636238e-07   2.4208050e-06  -1.2731248e-06   1.4148563e-06   7.2718950e-07   1.7713208e-07   2.1741805e-06  -1.8733724e-07   1.6606061e-06  -9.5219639e-07   3.4396359e-07
  -0.0000000e+00  -1.7111427e-04   1.9252406e-05   2.0300369e-05   1.7775381e-05  -1.9754507e-06   5.6152471e-06   1.0462987e-05   1.1827874e-05   6.3431116e-06   2.5567695e-06   5.0037556e-07   3.6380759e-06   2.7287349e-06   8.8408262e-07   8.6451251e-07  -3.0973709e-07   2.0292150e-06   1.0195957e-06   1.0574051e-07   9.9811052e-07  -5.7940554e-07   1.2937224e-06
  -0.0000000e+00  -1.6812366e-04   2.0262551e-05   2.2417924e-05   1.8688123e-05  -2.0163845e-06   5.5730557e-06   1.7856102e-05   8.0495820e-06   5.3056560e-06   3.3276110e-06   5.8502536e-07   2.0093692e-06   1.9638835e-06   6.8430222e-07   2.8226627e-06   3.6384081e-06  -1.2313459e-06   1.4152491e-06   1.1253393e-06  -7.8954406e-07   1.4908472e-06  -8.0822542e-07
  -0.0000000e+00  -1.6327696e-04   2.8165134e-05   1.6102658e-05   1.3384701e-05   2.7980950e-06   7.7613977e-06   1.2689899e-05   1.2755703e-05   3.6272377e-06   1.7415113e-06   2.3778080e-06   1.1415636e-06   1.9313325e-06   8.9267991e-07   2.1592550e-08   3.5551039e-07   6.4123105e-07  -6.0135045e-07   2.0843581e-06   1.1730073e-06  -7.2597879e-07  -1.2257387e-07
  -0.0000000e+00  -1.8074951e-04   2.1435195e-05   2.2669525e-05   1.9282765e-05  -2.9646803e-06   5.5393230e-06   1.6372222e-05   8.5301845e-06   8.4248168e-06   4.1595181e-06   3.8295926e-07  -1.3951424e-07   2.7110536e-07   2.5172853e-06  -1.3322411e-07   2.6585749e-07   1.1107592e-06   1.3972523e-07   1.2664674e-07  -3.4063035e-07   2.3759478e-06  -8.1740257e-07
  -0.0000000e+00  -1.5873893e-04   1.5936397e-05   2.3199214e-05   1.8899378e-05  -1.2776761e-07   8.6188584e-06   1.1336158e-05   1.2340014e-05   5.8416190e-06  -8.4556973e-08   3.2014577e-06   1.1951089e-06   1.1936470e-06   3.7277287e-06   1.0455346e-06   4.7478665e-09  -2.8612479e-07   1.2126811e-06   7.0538545e-07  -5.8644156e-07  -9.8818384e-07  -7.3112616e-08
  -0.0000000e+00  -1.7302645e-04   2.6392814e-05   2.1198273e-05   1.4872558e-05  -3.7840514e-06   7.4294021e-06   1.3760702e-05   9.8308437e-06   5.7038446e-06   4.7955414e-06  -2.0081363e-06   1.2334251e-06   2.5305219e-06   1.7743928e-06   1.9025458e-06   1.8289672e-06  -1.6235209e-07  -5.8718894e-07   1.5684088e-06  -8.1019380e-07  -6.8869264e-07   1.2418809e-06
  -0.0000000e+00  -1.7082001e-04   2.3416149e-05   1.7011533e-05   1.7763938e-05   7.1383106e-06   2.5102540e-06   1.5971300e-05   9.2103119e-06   2.8876295e-06   5.7889433e-06   3.1601342e-06  -1.3525217e-06   5.4471343e-06   4.5395598e-07   1.5616849e-06   7.3849424e-07  -1.1174233e-06   2.8403124e-06  -5.5703669e-07   1.6897577e-06  -3.4712261e-07   3.8306729e-07
  -0.0000000e+00  -1.6791021e-04   1.5428592e-05   2.4487292e-05   1.9832325e-05  -2.5914694e-06   1.0857150e-05   1.5193934e-05   1.2010543e-05   7.1426630e-06   5.8117571e-08   2.5213342e-06   2.7787335e-06  -3.0376540e-07   2.9226251e-06   1.8509554e-06   1.5644147e-06   1.1859403e-06   2.9558029e-07   3.0448874e-07   1.0661929e-06   1.0062118e-06   1.4169789e-06
  -0.0000000e+00  -1.7022279e-04   2.7056663e-05   1.9268498e-05   1.6374945e-05  -2.1354929e-06   6.5431391e-06   1.3409216e-05   8.7566696e-06   3.8760154e-06   2.1484834e-06   3.5437138e-06   3.4289801e-07   2.7572837e-06   7.5698154e-07   2.1957624e-06  -1.3682261e-06  -1.0092924e-06  -5.3214876e-07   1.6495361e-06  -1.5657756e-08   4.1369142e-07   5.2849697e-07
  -0.0000000e+00  -1.6781074e-04   1.7972850e-05   2.0817848e-05   2.1522661e-05   3.5103899e-06   8.9040477e-06   1.3136705e-05   8.5436077e-06   7.3665519e-06   3.9961965e-06  -1.1360911e-06   2.9235157e-06   1.6301238e-06   4.4276030e-06   9.1464119e-07   8.0359314e-07   1.1555198e-06  -1.1872708e-06   2.9485703e-08  -2.1745737e-07   2.4333778e-07  -1.6186356e-06
  -0.0000000e+00  -1.7391221e-04   2.0692691e-05   2.3195589e-05   1.3044888e-05   5.4561031e-07   5.8163209e-06   1.5465075e-05   7.9831507e-06   1.9618799e-06   5.0653653e-06   1.8114703e-06   1.4949043e-06   2.5486835e-07   9.5866767e-07   1.1107431e-06  -4.0231608e-08   6.5526478e-07   1.2943379e-06   7.4137211e-07   9.2947045e-07   3.3375403e-07   1.1518099e-06
  -0.0000000e+00  -1.6402041e-04   2.4858211e-05   1.7131133e-05   1.7435163e-05   5.6755226e-07   3.0663143e-06   1.4030958e-05   1.2167593e-05   2.5564036e-06   3.3668209e-06   2.9299476e-06  -6.1817673e-07  -1.9028251e-07   1.2508858e-06  -3.3969698e-07  -8.3308322e-08  -9.8855696e-07   6.7713728e-07  -1.8331042e-06   4.9687048e-07  -7.8370027e-07  -1.2971733e-06
  -0.0000000e+00  -1.6577939e-04   1.4464825e-05   2.3145923e-05   1.9973351e-05  -1.9469078e-06   1.2476471e-05   1.2042521e-05   9.4699717e-06   1.1109422e-05  -3.5152104e-07   1.8499692e-06   3.0639942e-06   2.7566066e-06   3.2064372e-07   2.9332282e-06   1.3434448e-06  -5.2512938e-08   8.4239934e-07   1.5155321e-06   1.4802037e-06   1.2730080e-06  -6.8155987e-07
  -0.0000000e+00  -1.7792059e-04   3.1021078e-05   1.5953947e-05   1.6243323e-05  -6.2587901e-07   3.3724389e-06   1.4378656e-05   1.1992100e-05   1.5528915e-06   5.2504324e-06   1.7680762e-06   1.9670190e-06   1.2542550e-06   8.2008455e-07   1.3885497e-06   1.0872233e-06  -1.6035149e-07   3.0471440e-07   9.2927849e-07   2.3227044e-06   1.3264541e-07  -4.7247184e-07
  -0.0000000e+00  -1.6654431e-04   1.7025597e-05   2.5690530e-05   1.7509015e-05  -4.7393196e-06   8.2633806e-06   1.7504704e-05   9.5113346e-06   5.9272943e-06   1.7970203e-06   3.2460898e-06  -1.3298937e-06   9.3918658e-07   1.9629986e-06  -4.5390030e-07   1.4666142e-07   1.4315177e-07   4.7793890e-07   1.9692756e-07  -1.7150204e-06   1.4306795e-06   2.3502132e-06
  -0.0000000e+00  -1.6468957e-04   2.1074311e-05   1.9462372e-05   1.8754090e-05   1.5819325e-06   6.9280973e-06   8.8906190e-06   1.2008662e-05   5.0586946e-06   4.1583348e-06   2.2409649e-06   1.5105388e-06  -3.5753934e-07   1.1838234e-06   2.1545436e-06   8.2262500e-07   1.6364155e-06   2.1595140e-06  -7.5176359e-07  -9.5315266e-07   9.9444946e-07  -5.6161866e-07
  -0.0000000e+00  -1.7185294e-04   2.2876371e-05   1.8945377e-05   1.7876233e-05  -1.4873406e-06   9.6181484e-06   1.1832234e-05   9.3515409e-06   9.0506473e-06   2.3418700e-06   1.1091776e-06   2.6947023e-06   1.2876201e-06   2.5173194e-06   1.9777067e-06  -2.1367693e-07   1.5338919e-06   5.7432271e-07   1.4072294e-06   5.0091876e-07  -8.9778169e-08   3.1383590e-07
  -0.0000000e+00  -1.7292054e-04   2.2437198e-05   2.1724232e-05   1.7615615e-05  -7.1740128e-06   7.5943076e-06   1.5913414e-05   1.1194275e-05   3.5147484e-06   8.6179182e-07   2.6365547e-06   2.3908528e-06   2.1445285e-06   1.7909333e-06   9.4213465e-07   1.0265636e-07  -5.9401668e-07   6.7206457e-07   5.8914372e-07   9.3894784e-07  -9.5782347e-08   2.5762662e-07
  -0.0000000e+00  -1.6419103e-04   2.0807614e-05   1.8911131e-05   1.9544237e-05   7.0589003e-06  -3.2440349e-07   1.3886432e-05   1.0450796e-05   2.2182121e-06   7.8175444e-06   4.5059455e-06   2.9143905e-08   1.2095824e-06   1.8997936e-06   7.2155450e-07   6.7595906e-08  -3.7571121e-07   5.4793247e-07  -1.2312191e-07   3.7261663e-07   1.2236907e-06   6.5184253e-07
  -0.0000000e+00  -1.6981104e-04   2.1029768e-05   2.0095365e-05   1.7683948e-05  -4.1125163e-06   1.3271440e-05   1.0935285e-05   9.0519115e-06   7.6417928e-06   5.8051808e-07   1.8184992e-06   2.6831567e-06   2.9560078e-06   1.1665215e-06   1.9746895e-07   1.1133297e-06  -3.2913371e-07   1.3419499e-06   3.6379268e-07   1.0459800e-06  -1.1489518e-06   1.2877737e-06
  -0.0000000e+00  -1.6334746e-04   1.9855248e-05   2.7318394e-05   1.4403533e-05   1.1805027e-07   3.3803262e-06   1.3177610e-05   1.1564200e-05   5.2033092e-06   3.9383717e-06   3.6423785e-06   4.7693698e-07   9.9896283e-07   2.9080006e-06   3.9729307e-06   4.9362928e-08  -1.3944029e-06   7.6726724e-07   1.9226779e-06  -1.1719671e-06   7.2221633e-07   4.3209582e-08
  -0.0000000e+00  -1.7785879e-04   2.8955124e-05   1.8070425e-05   2.5362862e-05  -4.1918165e-06   9.2606606e-06   1.2028592e-05   9.8702276e-06   3.0437848e-06   4.6190394e-06  -1.1106735e-06   2.2627878e-06   2.2326794e-06   1.9532174e-06  -8.6268676e-07   2.5251245e-07   1.1486942e-06  -6.7506676e-07  -1.8074610e-06   5.5877638e-07  -2.9922938e-07   3.7891363e-07
  -0.0000000e+00  -1.5858043e-04   1.4705168e-05   1.7985398e-05   1.4106660e-05   2.9939697e-06   5.1314923e-06   1.5095332e-05   1.0180554e-05   5.9819099e-06  -5.8666751e-07   2.8847346e-06  -6.2081391e-08   2.2645202e-06   1.7692025e-06   2.1985689e-07   2.1565661e-06   2.1567885e-06  -8.9999338e-07   2.5520519e-06   2.2822555e-07   6.7277860e-08   1.3707967e-06
  -0.0000000e+00  -1.7719172e-04   2.6405958e-05   2.4739214e-05   1.4975964e-05  -3.5158621e-07   6.3045436e-06   1.3600523e-05   8.2682282e-06   5.2430451e-06   6.1807664e-06   2.2372337e-06   2.2699917e-06   2.4739188e-06  -7.6760966e-07   3.1030618e-06   9.5756047e-07  -2.3728608e-06   3.1312916e-06   2.3805429e-08   7.2573113e-07  -3.8837527e-08   5.3655901e-07
  -0.0000000e+00  -1.6656132e-04   2.1408026e-05   2.2886936e-05   1.8336666e-05  -3.4862965e-06   9.6479534e-06   1.5005948e-05   8.6327973e-06   7.0640099e-06   1.6893215e-06   4.7306494e-06   1.4478105e-06   1.7142440e-06   1.3841496e-06   1.1711697e-06  -1.2183491e-06   8.8706605e-07  -1.7344233e-07   4.4151687e-07   3.0186325e-07   1.3748351e-06   9.8924363e-07
  -0.0000000e+00  -1.6797225e-04   2.1675673e-05   1.1347547e-05   2.3131972e-05   4.6042007e-07   2.6340647e-06   1.1645406e-05   1.2771510e-05   4.2088204e-06   3.8286707e-06   3.2973778e-06   2.5018956e-06   2.9781900e-06  -1.4790194e-06   3.3506211e-07   2.6992021e-08   6.7666468e-07   2.0761254e-06  -7.0629073e-07   1.9949118e-06   1.1003948e-06  -6.7539111e-07
  -0.0000000e+00  -1.6788577e-04   2.0742385e-05   2.7022170e-05   1.0971466e-05   1.2820768e-06   3.9282322e-06   1.5969274e-05   9.2496721e-06   4.4132908e-06   4.3113932e-06   8.9828706e-07   3.4272477e-06   2.2372967e-06   1.8327015e-08   3.8267740e-07   2.0823536e-06   8.6479139e-07  -2.8927795e-07  -2.4086165e-07  -7.2812929e-07  -4.3815785e-07  -5.5944133e-07
  -0.0000000e+00  -1.7155889e-04   2.4093699e-05   1.8834644e-05   1.9741037e-05  -3.7815660e-06   1.3683724e-05   1.0308773e-05   1.1209576e-05   4.7919648e-06   4.6801638e-06   3.6105660e-06   6.7981915e-07  -2.8614451e-07   2.3277526e-06   1.8546713e-06   5.4873880e-07  -1.2187271e-06   3.2630419e-07   1.0218906e-06  -1.3810590e-06   4.1858502e-07  -1.0566352e-07
  -0.0000000e+00  -1.6696651e-04   1.7888169e-05   2.1926042e-05   1.4198405e-05   7.7367127e-07   4.1955118e-07   1.6612859e-05   6.0716152e-06   6.5726695e-06   4.0133218e-06   1.5573944e-06   2.3797811e-06   2.0080570e-06  -7.3177779e-07  -3.0398031e-08   1.4308080e-07   1.3955321e-06   1.2597764e-06  -6.9967922e-07   2.0131922e-06   1.8257508e-06   3.1253333e-07
  -0.0000000e+00  -1.6826919e-04   2.9223203e-05   1.2557423e-05   2.5308012e-05  -2.9602579e-06   9.6575804e-06   1.3343755e-05   1.2479135e-05   6.9591183e-06   2.8883335e-06   2.7050153e-06   1.4522577e-06  -2.1329381e-06   3.8511316e-06   3.4775513e-07   4.4282569e-07   1.4764357e-06  -1.3322971e-06  -8.1753278e-08  -3.7794933e-07   2.8357201e-07  -5.6389013e-07
  -0.0000000e+00  -1.6628255e-04   1.3565968e-05   2.9439674e-05   1.2248775e-05   1.7805396e-06   7.0723041e-07   1.4687159e-05   7.6320866e-06   4.2302458e-06   4.8381262e-06  -9.0517187e-07   3.1156869e-06   4.0277059e-06  -9.0514885e-07   1.4526344e-06  -1.0156996e-06  -5.8511898e-07   1.7328912e-06   9.4086721e-07   9.5935428e-09   1.7436462e-06  -2.1504806e-07
  -0.0000000e+00  -1.7437569e-04   2.6160829e-05   1.8563987e-05   1.5678368e-05  -3.9251108e-06   1.1283228e-05   1.2831272e-05   1.2276812e-05   6.5044669e-06   2.2666534e-06   4.4326575e-06   8.8207702e-07  -8.5266811e-07   2.9417652e-06   9.5052513e-07   2.4966837e-06   3.5169089e-07  -3.3865618e-07   1.2504875e-06   3.5493738e-07  -2.0560440e-06   7.6817548e-07
  -0.0000000e+00  -1.6062746e-04   2.0895335e-05   2.0200174e-05   2.4725290e-05  -1.1269927e-06   6.0801590e-06   1.4504020e-05   6.7890901e-06   6.3148218e-06   1.0997746e-06   6.4821273e-07   3.0288552e-06   2.7272235e-06   8.8139069e-07   6.0917853e-07  -1.2807310e-06   1.9595232e-06   2.3861267e-06  -1.8528680e-06   2.9950962e-07   1.0918585e-06  -7.7189270e-07
  -0.0000000e+00  -1.7492112e-04   2.7497244e-05   1.5980751e-05   1.6581467e-05   1.7716735e-06   4.5364441e-06   1.2209035e-05   1.4150464e-05   4.0379496e-06   5.0860776e-06   2.0505836e-06   1.2316882e-06  -2.5319881e-07   8.9078998e-07   1.4875923e-06   1.7298960e-06   1.1801894e-06  -1.2320451e-06   1.4478637e-06   9.3204221e-07  -1.0264971e-07   1.2242250e-08
  -0.0000000e+00  -1.6830795e-04   1.5955860e-05   2.4222458e-05   1.4842698e-05  -1.4076774e-06   6.0653279e-06   1.7980632e-05   5.1828188e-06   5.5506557e-06   8.9310953e-07   1.0384761e-06   2.6873197e-06   1.0147545e-06   6.7311464e-07   1.6845255e-06  -8.8453106e-07   3.1993386e-06   9.4554525e-07   1.2831579e-06   2.1316569e-07  -3.4830799e-07   1.0870998e-06
  -0.0000000e+00  -1.6649684e-04   2.4613470e-05   2.0329091e-05   1.9616184e-05   7.3242853e-07   8.4817157e-06   1.0016354e-05   1.3631216e-05   4.4551448e-06   8.4629291e-06   1.2249811e-06  -1.1354187e-07   1.3071932e-06   2.4281012e-06   2.0529474e-06   2.4499045e-06  -2.8806478e-06  -4.7346330e-07   2.5530219e-06   2.2520706e-07  -1.3489568e-08  -1.3896300e-06
  -0.0000000e+00  -1.6879360e-04   1.9037585e-05   1.9751482e-05   1.5038690e-05  -2.6003877e-07   3.7769423e-06   1.5949541e-05   6.8258482e-06   6.9787457e-06  -2.5636146e-07   4.9789842e-06   1.3332041e-06   3.2167059e-06  -4.4485733e-07   7.9033640e-07   5.3756492e-07   1.4148814e-06   5.2708043e-07   1.3898190e-06   1.2721557e-06  -1.0937502e-07  -8.3966142e-08
  -0.0000000e+00  -1.7289566e-04   2.5198766e-05   1.5395832e-05   2.1946271e-05  -1.5320278e-06   9.9672925e-06   1.6950231e-05   1.1558321e-05   6.4003202e-06   5.4819466e-06   6.0592760e-07   1.4979415e-06   1.4890767e-06   2.0779385e-06   1.3218885e-06   3.1920040e-06  -3.2507120e-07   1.2855053e-06   1.6573623e-06   1.0642621e-06   1.0686971e-06  -6.4641176e-07
  -0.0000000e+00  -1.6870546e-04   1.9614728e-05   2.9883586e-05   9.7149941e-06   2.6859457e-06   7.3150659e-06   1.1138410e-05   7.6895112e-06   5.6161211e-06   5.3722323e-07   3.9433276e-06   8.6824230e-07   1.1293462e-06  -1.5515292e-06   2.2141901e-07   2.3621493e-07   1.5054284e-06   4.7768742e-07  -6.4861140e-08  -4.9157853e-07  -8.0019056e-08   4.8047696e-07
  -0.0000000e+00  -1.6734822e-04   2.1014759e-05   1.2280438e-05   2.4969282e-05  -4.6154496e-06   6.5916165e-06   1.7783497e-05   1.2347178e-05   2.4676071e-06   4.7641161e-06   1.4403474e-06   1.8800698e-07   1.7532974e-06   2.1794656e-06   6.4182734e-07   8.2259788e-07   1.7620323e-06  -9.3949780e-08  -1.1051239e-06  -8.2245356e-07   8.3237870e-07  -1.0442840e-06
  -0.0000000e+00  -1.6595508e-04   2.2477094e-05   2.1268572e-05   1.2323777e-05  -9.0044222e-07   6.7592391e-06   1.1866090e-05   8.2174720e-06   3.9845850e-06   2.1389556e-06   3.6714039e-06   5.8702358e-07   3.6637805e-06  -2.2339323e-07   1.6747631e-06   8.2677531e-07   1.7987954e-06  -7.6518853e-07   5.9198470e-07   3.8968813e-07   1.1923582e-07   1.6195162e-06
  -0.0000000e+00  -1.7832406e-04   2.3468549e-05   2.0906278e-05   2.0909933e-05  -1.9104000e-06   9.6855692e-06   1.0807578e-05   1.0137695e-05   6.9350676e-06   5.2606115e-06  -8.1450089e-08   4.2567499e-06  -4.1442118e-07   2.2958000e-06   1.9619645e-06   1.1199732e-07  -1.6882519e-06   1.0500910e-06   8.2286633e-08   1.2851715e-06   1.0895179e-06  -9.9398778e-07
  -0.0000000e+00  -1.6087471e-04   1.9136578e-05   1.8284180e-05   1.1582829e-05   1.8084905e-06   4.9595346e-06   1.7068247e-05   7.6992901e-06   9.7649554e-06  -1.1295436e-06   3.5209964e-06   6.0714797e-07   3.1006571e-06  -5.4130015e-07   1.5170009e-06   1.7735206e-07   1.7554655e-06   1.3497753e-06   9.8233716e-07  -4.0389963e-07  -7.5484144e-07  -3.8110380e-07
  -0.0000000e+00  -1.7558532e-04   2.0738667e-05   2.4265835e-05   2.0808917e-05  -5.5223377e-06   9.9530571e-06   1.3134854e-05   1.0882891e-05   2.6171097e-06   7.7435652e-06   2.5840397e-06   1.5771892e-06  -1.3180651e-06   1.2251620e-06   1.9353281e-06   1.1232581e-06  -1.6424375e-06   8.1226113e-07   1.0519958e-06   2.9485923e-07   1.6279739e-06  -5.1324071e-07
  -0.0000000e+00  -1.6210394e-04   2.4161338e-05   1.6428728e-05   1.8343660e-05   5.0052213e-06   2.9307653e-06   1.7333798e-05   9.7531947e-06   4.0662630e-06   3.3611752e-06   2.3160605e-06   1.3529817e-06   3.5595742e-06   6.8951670e-07  -1.1710167e-07  -1.0359097e-06   2.2416780e-06   1.6067364e-06   8.0564035e-07   1.1787795e-06  -1.0148265e-06  -1.9132601e-07
  -0.0000000e+00  -1.7885889e-04   1.9427340e-05   1.9849538e-05   2.0020221e-05  -6.7130609e-06   1.2780450e-05   9.3751432e-06   1.1577286e-05   5.8662881e-06   6.0750535e-06   5.6787758e-07   2.1306853e-06   3.1379054e-06   2.0633770e-06   1.8313560e-06   1.5438692e-06  -1.8503383e-07   1.2542556e-06  -4.2276710e-07   5.3579959e-07   1.8230338e-06   9.2174838e-07
  -0.0000000e+00  -1.6021934e-04   1.8892641e-05   2.1736529e-05   1.4631597e-05   7.2198100e-06   1.9760189e-06   1.7011744e-05   9.3099752e-06   5.2791788e-06   1.3285891e-06   3.3257304e-06  -4.1635991e-07   4.0658836e-07   2.1801347e-06   7.2875292e-07   1.6541755e-06   2.1493029e-06  -5.7647759e-07  -9.0469956e-07  -1.0212860e-06  -5.3562405e-07   2.3365926e-07
  -0.0000000e+00  -1.7483796e-04   2.5944833e-05   1.8708188e-05   2.0958205e-05  -5.7042284e-06   5.7932607e-06   1.5181763e-05   9.6293743e-06   6.0490452e-06   3.5661667e-06   6.3897608e-07   1.9011496e-06   8.8224454e-07   1.8178309e-06   2.0558741e-06   6.9915103e-07   4.6293840e-07   8.0061739e-07   3.4196719e-07  -1.1467363e-06   1.0097142e-06   4.4496502e-07
  -0.0000000e+00  -1.6632692e-04   1.9994774e-05   2.0355237e-05   1.2695127e-05   1.5310503e-06   7.2177959e-06   1.0224613e-05   9.9972767e-06   5.9259346e-06   8.1839067e-07   4.5205611e-06  -2.8563755e-07   2.5290187e-06   1.2886934e-06   2.3060152e-06   1.1974086e-06  -5.3916807e-07  -1.4346217e-06  -7.4858332e-07   2.0391615e-06   5.9342278e-07   1.7165086e-06
  -0.0000000e+00  -1.6819558e-04   2.3196551e-05   1.7563127e-05   2.3706960e-05  -4.6826935e-06   8.8437637e-06   1.6684719e-05   1.3537841e-05   2.2830814e-06   4.8839502e-06  -1.4998034e-06   4.7401672e-06   1.7950182e-07   2.5215033e-06   3.6593326e-07  -9.1192010e-07   1.1251448e-06  -1.9349682e-07   6.7117696e-07   6.6461240e-07  -2.2448882e-07   2.0700707e-06
  -0.0000000e+00  -1.6662241e-04   1.8564779e-05   2.5711872e-05   1.2994046e-05   2.9397609e-06   3.1889158e-06   1.2809690e-05   8.2333509e-06   7.2150679e-06   1.5043989e-06   4.9406358e-06   1.6824605e-07   2.1956737e-06   9.7861994e-07   8.3393536e-07   2.0712205e-06   7.0534355e-07   2.1434167e-07  -9.2564520e-08  -1.9538852e-07   2.9603243e-07   5.3712091e-07
  -0.0000000e+00  -1.7383961e-04   2.4470959e-05   1.4302528e-05   2.2277502e-05  -2.7357785e-07   9.6901158e-06   1.5815423e-05   1.1417962e-05   4.8820643e-06   3.3252570e-06   1.4552922e-06  -4.3338400e-07   1.8307247e-07   2.9060809e-07   7.2565945e-07   1.4915533e-07   2.0133059e-06   4.0040280e-07  -1.8580896e-06  -2.8252742e-07   9.9835188e-07  -1.2956937e-06
  -0.0000000e+00  -1.6673129e-04   2.0003159e-05   2.5353364e-05   1.4215178e-05  -5.0517034e-08   6.4385122e-06   1.5452759e-05   9.4168990e-06   5.4524339e-06   1.5851552e-06   1.7702533e-06   1.4646465e-06  -9.4782393e-08   2.8445193e-06  -6.3696808e-07   4.2388086e-07   1.1935391e-06   7.9472920e-07   4.8834534e-07   3.3851194e-07   3.6056170e-07   8.3200172e-07
  -0.0000000e+00  -1.7015400e-04   2.2712045e-05   1.8177476e-05   1.6341743e-05  -1.9135064e-06   8.0770124e-06   1.0233397e-05   1.3406336e-05   4.7720964e-06   5.8055862e-06   1.4017022e-06  -1.0584545e-07   1.9776303e-06   9.8736132e-07   2.8464099e-06   1.3260180e-06  -1.0180054e-06   2.2433771e-06   9.6534973e-07  -6.5255492e-08  -5.3372753e-07   4.6820753e-07
  -0.0000000e+00  -1.6535884e-04   1.4252023e-05   2.2405979e-05   1.6808935e-05   2.2051095e-06   5.5533324e-06   1.7110791e-05   7.5728726e-06   5.9063495e-06   5.2559899e-06   1.2911056e-06   4.3547548e-06   2.9280686e-06   1.2458386e-06  -1.4177474e-06   1.1977280e-06   4.0255955e-07  -5.0562033e-07   9.9863178e-07   1.4643325e-06   4.1985612e-07   1.9339614e-09
  -0.0000000e+00  -1.7282815e-04   2.7570442e-05   1.7688351e-05   2.0230116e-05  -5.1564945e-07   2.9720829e-06   1.3021155e-05   1.3081577e-05   5.1730640e-06   2.6192492e-06   1.4905119e-06   6.4093831e-07   8.9998377e-07   2.4234296e-06   1.2046917e-06   2.6152039e-08   8.5948824e-07   1.7419894e-06  -1.6292300e-06   2.3128865e-07   1.1893127e-06   1.8177364e-07
  -0.0000000e+00  -1.6477217e-04   2.1716261e-05   2.2868269e-05   1.5519796e-05  -6.9997691e-07   7.6518245e-06   1.9890387e-05   6.4498322e-06   6.9227435e-06   2.0513858e-06   1.2716422e-06   1.4919627e-06   2.6000769e-06   1.0600347e-06   3.3320878e-06  -7.3124727e-07   6.3322005e-07   3.9956950e-07  -1.6614691e-06  -3.6454145e-07   1.8569265e-06   4.8964318e-07
  -0.0000000e+00  -1.7068087e-04   2.3079889e-05   1.9280165e-05   1.8131876e-05   4.6484632e-07   8.7914668e-06   1.0830732e-05   1.1853814e-05   6.4335604e-06   5.5675000e-06   2.3660064e-06   3.6136433e-07   8.7730179e-08   2.4474552e-06  -1.2932416e-07   1.5464562e-06   2.8380330e-07  -1.7464013e-06   1.4026459e-06   1.6411099e-06  -1.6297765e-06   1.7245488e-06
  -0.0000000e+00  -1.6683087e-04   1.6900760e-05   2.1332253e-05   1.9096024e-05   2.5420098e-07   3.9139763e-06   1.6271650e-05   9.5221303e-06   2.3550242e-06   2.9592045e-06   3.8851895e-06   1.3272108e-06   3.0058379e-06   8.1007397e-07   2.5390980e-06   1.2428382e-07   1.3046275e-06   2.0991631e-06  -3.9330214e-07  -1.2208419e-06   5.2321860e-07  -2.8071790e-08
  -0.0000000e+00  -1.6925075e-04   2.7426313e-05   2.0524876e-05   1.6992237e-05   2.7977913e-07   8.1684648e-06   1.1975075e-05   1.1787443e-05   7.1417408e-06   3.3296812e-06   2.1183796e-06   2.3244177e-06   3.6285104e-07   1.5715195e-06   1.7771447e-06   5.4085785e-07   2.0812567e-07  -9.1170710e-07   6.7554873e-07   1.6990915e-06   4.7519376e-07   1.3819827e-06
  -0.0000000e+00  -1.6951491e-04   1.7236971e-05   2.2420043e-05   1.5415097e-05   1.2838962e-07   5.0806366e-06   1.5768757e-05   7.5275184e-06   4.7144631e-06   3.3211222e-06   1.6714321e-06   1.8715866e-06   2.4036606e-06  -4.8418247e-08   1.4687334e-06   9.0120068e-08  -1.2402458e-06   1.0249474e-06  -8.2619188e-08   4.8604034e-07  -1.3364927e-06  -1.0063338e-06
  -0.0000000e+00  -1.6852834e-04   2.4874405e-05   1.7146351e-05   1.9553425e-05  -1.4683652e-06   6.5487197e-06   1.2453388e-05   9.6564218e-06   8.1740245e-06   3.4334987e-06  -8.0856992e-08   2.8028762e-06   1.9485053e-06   3.6096142e-06   1.7867075e-07   1.0789896e-06   9.0154538e-07  -2.5241374e-07  -3.0503853e-07   1.4356081e-06  -3.4420523e-07  -7.2964099e-07
