  -0.0000000e+00  -1.6289369e-04   2.5490532e-05   2.5853176e-05   1.6884105e-05   3.8139731e-07   4.4475041e-06   1.1972192e-05   9.0413932e-06   4.1426370e-06   3.4289103e-06   4.0703649e-06   4.2291262e-07   2.7163532e-07  -1.3331667e-06   1.9201523e-06   1.1222603e-06   9.9481429e-07   6.8011855e-07   1.5999561e-06  -8.5154727e-07  -7.3626717e-07  -1.9038585e-07
  -0.0000000e+00  -1.5984317e-04   2.5951187e-05   1.6897153e-05   1.6210322e-05   5.5583143e-07   7.3026113e-06   1.0125961e-05   1.0428633e-05   2.9906000e-06   2.6428618e-06   9.4199839e-07   2.0246956e-08   1.4038807e-06   2.1473986e-06  -1.2382932e-06   3.4161815e-06  -2.2043447e-07   1.4391549e-06  -9.3401432e-08  -7.6041391e-07   8.6480344e-07   7.2740164e-07
  -0.0000000e+00  -1.5973559e-04   2.4363682e-05   2.5868299e-05   1.7205655e-05   1.0545272e-06   7.2705780e-06   1.0517870e-05   5.1843690e-06   6.2438266e-06   3.5092721e-06   1.3170022e-06   2.2239508e-06   4.6252129e-07   1.5428848e-06   2.2484671e-06  -7.4124785e-07  -1.3500561e-06  -3.8156767e-07   8.7715568e-07   8.3449760e-07   7.0421731e-07  -4.1795349e-07
  -0.0000000e+00  -1.6162363e-04   2.9913906e-05   1.7971373e-05   1.8732087e-05  -5.4990392e-07   4.0788855e-06   1.2671751e-05   8.1175358e-06   3.7979898e-06   1.1965852e-06   2.0250268e-06   2.6827454e-06   1.3841536e-06   2.6914549e-06   7.6894781e-07   1.0160071e-06   1.2064035e-06   3.0271276e-06  -6.4136805e-07   7.4875754e-07   1.7918849e-08   3.1978317e-07
  -0.0000000e+00  -1.6345036e-04   2.2904835e-05   2.0282641e-05   1.5991800e-05  -2.4441235e-07   5.0399667e-06   1.4022503e-05   1.0501833e-05   4.9359614e-06   3.5808775e-06   2.4575941e-06   1.5202071e-06   1.6389080e-07   6.6632333e-07   2.3265977e-06  -3.8328224e-07  -3.2342865e-07  -1.3307858e-06   6.0265927e-07   9.4365504e-07   4.5951984e-07  -1.1638401e-06
  -0.0000000e+00  -1.5938753e-04   2.8022960e-05   2.2593798e-05   1.7953729e-05   3.3594088e-06   5.4879642e-06   9.2792825e-06   8.7978533e-06   2.0752411e-06   2.5679601e-06   1.3590346e-06   3.2619805e-06   2.0496809e-06  -1.0315367e-06   1.1872283e-06   2.4605620e-06   1.5892121e-07   3.7562583e-07   3.9828194e-07   1.1907404e-06  -1.1920050e-07   1.2714321e-06
  -0.0000000e+00  -1.5744593e-04   2.2116617e-05   2.2292654e-05   1.5646796e-05  -2.1779704e-06   9.1479742e-06   1.3510081e-05   9.7466800e-06   7.0383830e-06   1.3623687e-06   1.4165234e-06   4.0808266e-07   1.0636337e-06   1.7488745e-06   3.0464394e-06  -8.9755144e-07   4.7119204e-07  -3.3186834e-07   8.4134081e-07   4.0620952e-07   6.3912626e-07   9.6061819e-07
  -0.0000000e+00  -1.6571283e-04   2.5403308e-05   1.9201821e-05   1.6519547e-05  -1.3655397e-06   2.1924511e-06   1.1635960e-05   6.2685035e-06   3.4264622e-06   2.2493793e-06   1.6838234e-06   2.7629160e-06   1.3621851e-06   1.8224789e-06   8.2014196e-07   8.3959662e-07   8.7403993e-07  -3.8103539e-07   1.1456600e-06   8.0360905e-07   3.7916132e-07  -1.4589928e-06
  -0.0000000e+00  -1.5960458e-04   2.7867090e-05   2.3423721e-05   1.5375163e-05   4.8836446e-06   5.7011121e-06   1.4357856e-05   1.0682281e-05   4.2252232e-06   3.9536271e-06   1.5817508e-06  -1.2574347e-06   1.0123924e-06   8.6591689e-07   1.3043117e-06  -2.2679707e-07  -6.5302089e-08   2.9934048e-07  -1.8669687e-06   4.6820611e-07  -8.9159323e-07  -3.2447755e-07
  -0.0000000e+00  -1.6393188e-04   2.3439738e-05   2.0922820e-05   1.6290624e-05  -3.9039674e-06   6.4322107e-06   1.0447919e-05   6.7524129e-06   5.8221917e-06   3.6211725e-06   1.3221161e-06   3.8476951e-06  -3.2268699e-07   1.1345016e-06   1.7377832e-06   1.3876149e-06  -8.7625017e-07  -7.3781871e-07   1.2782540e-06   1.7401934e-06  -1.2701132e-06  -1.0209568e-06
  -0.0000000e+00  -1.5722298e-04   2.5103544e-05   1.7554308e-05   1.8327373e-05   9.4374451e-07   3.9237307e-06   1.3141393e-05   1.0513770e-05   1.4910031e-06   3.9854463e-06   2.2453344e-06  -1.2389801e-06   5.0543895e-07   9.4924934e-07  -3.5629336e-07   5.5758528e-07   7.0434476e-07   1.4240812e-06   1.4671540e-06   1.9635259e-07   1.2617456e-06   5.8358052e-07
  -0.0000000e+00  -1.6274027e-04   2.5023757e-05   2.0489004e-05   1.8173454e-05  -1.8026433e-06   6.2894042e-06   1.5479429e-05   7.6231613e-06   7.5307744e-06   4.1952189e-06   1.9913864e-06   1.1908045e-06   2.3949851e-06   1.2350383e-06  -7.6902190e-08   7.4072403e-08   5.0878350e-07   2.4549413e-06   3.1908959e-07   7.3859917e-07   1.5345918e-06   1.4202649e-06
  -0.0000000e+00  -1.6192909e-04   2.8411172e-05   2.0630940e-05   1.5574205e-05   2.6477198e-06   2.7277408e-06   9.9929957e-06   6.9057955e-06   4.2021134e-06   2.6576706e-06   1.2876657e-06   2.8988838e-06   2.0836358e-06   1.6545754e-06   1.3067367e-06   2.6271675e-07   3.9587223e-07  -1.5668855e-06   1.3165742e-06  -1.2974899e-06   3.9390616e-07  -1.1616220e-06
  -0.0000000e+00  -1.6471813e-04   2.0986543e-05   2.4931453e-05   1.5600004e-05   2.5388204e-06   9.5943606e-06   1.3350050e-05   1.0616516e-05   6.0224261e-06   1.6551674e-06   1.3743874e-06   2.2140157e-06   2.1298863e-06   1.0935720e-06   1.5910865e-06  -1.9885080e-07   5.1273798e-07   2.0695975e-06  -1.5998610e-08   8.8118060e-07   3.0430922e-07   4.5148499e-07
  -0.0000000e+00  -1.5507959e-04   2.5894218e-05   1.8560924e-05   1.7867149e-05  -1.5731723e-07   4.6223486e-06   8.4982557e-06   6.9887778e-06   1.5585014e-06   4.4630647e-06   2.4979877e-06  -6.4064700e-08   8.2271646e-07   1.0552733e-06   4.1820389e-08   4.0997165e-07   8.3710927e-07  -1.6545713e-06  -6.1439306e-07  -1.8449012e-06   7.8867754e-07   8.2470859e-07
  -0.0000000e+00  -1.6508282e-04   2.8982473e-05   2.0386860e-05   1.9629930e-05  -2.2518780e-06   6.1743131e-06   1.6444756e-05   1.2753255e-05   4.1447606e-06   4.4604049e-06   2.1296305e-06  -4.2361896e-07   1.2897553e-06   1.0018742e-06   3.3114343e-06   1.8774197e-06  -8.0987212e-07  -5.6246523e-07   6.9306668e-07   3.1817010e-06  -1.3104848e-06  -8.7540947e-08
  -0.0000000e+00  -1.6033862e-04   2.2490749e-05   2.2879709e-05   1.6305197e-05   2.9520586e-06   6.8496906e-06   1.1012498e-05   3.9373740e-06   4.7839972e-06   1.7441000e-06   4.0138470e-06   1.4509576e-06   5.8395733e-07   1.7782338e-06  -2.1916354e-07  -8.9461992e-07   1.2105736e-06   1.5154676e-06   1.7960156e-06  -1.5701372e-06   3.9390269e-08   1.4390721e-06
  -0.0000000e+00  -1.5959764e-04   2.4601921e-05   2.1600154e-05   1.9129633e-05  -4.5300389e-08   5.7366456e-06   1.4395117e-05   6.5326540e-06   6.3324396e-06   4.0534842e-06   6.8284055e-07  -6.7777233e-07   9.6652320e-07   2.6961122e-06   2.6607179e-07   4.3390923e-08  -1.1450140e-06   2.0884995e-06   4.2011371e-07   3.6688436e-07  -1.0981679e-06   1.9039977e-07
  -0.0000000e+00  -1.5876339e-04   2.3502795e-05   2.4316143e-05   1.7070923e-05  -1.8930618e-06   9.0091044e-06   1.2861081e-05   7.9817864e-06   7.4507682e-07   2.4111598e-06   1.5990601e-06   2.5883598e-06   5.6669688e-07   2.1357473e-06  -6.7901732e-07  -6.4255040e-08   1.4040396e-06  -3.8623020e-07   1.3751562e-06  -7.0011242e-07   1.0137414e-06   5.9705570e-07
  -0.0000000e+00  -1.6483424e-04   3.2141692e-05   1.6627073e-05   2.0127492e-05   4.0199026e-07   4.7153853e-06   8.5502106e-06   1.1203022e-05   5.1637562e-06   4.9540427e-06   2.4001813e-06  -2.1363926e-06   1.8431591e-06   6.1521115e-07   6.4195103e-07   5.0043025e-07  -3.9327912e-08   3.1757705e-07   7.3069111e-07   7.8003859e-07   3.2396630e-07  -1.0110475e-06
  -0.0000000e+00  -1.6136155e-04   2.2405384e-05   2.5335143e-05   1.6328984e-05   1.1615111e-06   7.7148161e-06   1.2116663e-05   8.5525098e-06   3.3381191e-06   1.1742247e-06  -1.1085224e-06   2.6627870e-06   1.8471391e-06   2.0736911e-06  -2.4296153e-07  -1.1811680e-06  -8.7189198e-07  -3.0107631e-07  -1.1192876e-07   2.8901488e-07   3.9240842e-07   2.0631685e-06
  -0.0000000e+00  -1.5679646e-04   2.1898746e-05   2.1440437e-05   1.6249265e-05  -1.9895589e-07   6.7018268e-06   1.4812754e-05   9.4345523e-06   4.2728980e-06   2.6387918e-06   3.8708149e-06   1.6302699e-06   3.1761951e-07   2.4245876e-06   1.7591711e-06   2.1493279e-06   1.1085235e-06  -1.4928394e-06  -5.0393390e-07   1.3599116e-06   5.8007538e-07   1.0485807e-07
  -0.0000000e+00  -1.6542035e-04   2.8835999e-05   2.0501044e-05   1.7218434e-05   9.2325564e-07   5.6848185e-06   9.6434715e-06   6.0195457e-06   5.2557630e-06   2.7409919e-06   2.0399852e-06   6.2869873e-07   5.9846400e-07   1.5931918e-06  -1.3780027e-07  -1.2479903e-06   1.5449675e-06  -3.1216629e-07  -3.0210731e-07   9.0183768e-08   1.0520598e-06   1.0214249e-06
  -0.0000000e+00  -1.6061726e-04   2.8227276e-05   2.0050882e-05   1.7361026e-05  -2.3403898e-06   8.5525162e-06   1.3720221e-05   1.0553312e-05   2.7195995e-06   3.6127235e-06   5.0057857e-08   1.7314734e-06   1.9533145e-06   1.6025344e-07   1.6878329e-06  -1.2779414e-07  -2.1940122e-07   5.8492117e-07   1.2400985e-06   2.8137929e-06   6.4613852e-07  -2.1903024e-07
  -0.0000000e+00  -1.5449646e-04   2.3005983e-05   2.0178464e-05   1.4930486e-05   1.5119405e-06   4.9595042e-06   1.0259856e-05   8.8128145e-06   4.4547487e-06   4.0866144e-06   5.7931992e-08   5.8112317e-07   1.9197219e-06   1.7226401e-06   3.0436465e-07   9.5493033e-07   9.2209524e-07   4.4278244e-07   9.1358663e-07   2.5841933e-07  -8.1360145e-07   3.9821384e-08
  -0.0000000e+00  -1.6591678e-04   2.1862068e-05   2.4764448e-05   1.8442210e-05   4.4818496e-08   6.4969217e-06   1.1143529e-05   7.8997064e-06   5.3118333e-06   3.8319226e-06   3.7511807e-06   1.4333867e-06   2.0158022e-06   2.6473615e-06   2.2191907e-06  -2.9643277e-07  -4.9811774e-07  -2.0169620e-07   1.6470733e-06  -7.0819715e-07   1.4689422e-06   7.4027128e-07
  -0.0000000e+00  -1.6053546e-04   2.8521239e-05   1.8967143e-05   1.6302729e-05   3.5572432e-06   4.7903386e-06   1.1624925e-05   9.6893200e-06   3.2863688e-06   1.5347940e-06   3.0075526e-06   4.7867911e-07   1.6025537e-06   2.2241829e-06  -5.7488694e-07   1.1688712e-06   1.7428447e-06   8.0836168e-07   1.5708220e-07   2.7452110e-08  -2.7201929e-07  -1.6700320e-06
  -0.0000000e+00  -1.6284148e-04   2.7102216e-05   2.0408235e-05   1.8761486e-05  -3.7684742e-06   7.6187830e-06   1.3358899e-05   7.2559806e-06   6.3224138e-06   2.4478536e-06   1.2043818e-06   4.4534289e-07  -6.6419199e-07   1.2520610e-06   7.3577688e-08   1.6993174e-06  -3.6138724e-07   8.4469707e-07   9.2340088e-07  -7.3208082e-07   1.6346557e-06  -4.5469147e-07
  -0.0000000e+00  -1.5607542e-04   2.1914355e-05   2.3287394e-05   1.6632082e-05   1.6223469e-06   4.1586350e-06   1.0601497e-05   1.0392473e-05   1.6895049e-06   4.0088262e-06   3.1842026e-07  -8.0706499e-08   3.5216713e-06  -9.4435492e-08   1.1630337e-07  -6.7762664e-07  -5.4491579e-07   1.4461084e-06   9.9322995e-07   9.9328531e-07  -1.4535700e-06   1.2806581e-06
  -0.0000000e+00  -1.6512282e-04   2.1652075e-05   2.3562192e-05   1.8750168e-05  -1.6001003e-06   7.2421776e-06   1.2115226e-05   8.8122451e-06   6.2164622e-06   4.8456309e-06   4.8165992e-07   2.0185444e-06   1.9926020e-07   1.4486915e-06   2.7129984e-06   2.9687249e-07  -4.4880815e-07   1.0277863e-06  -7.6741378e-07   1.2238487e-06   8.8471239e-07   4.5481590e-07
  -0.0000000e+00  -1.6140903e-04   3.3116063e-05   1.6179614e-05   1.5624548e-05   1.7463520e-06   5.1901020e-06   1.0915902e-05   6.4049109e-06   4.2068832e-06   1.6803178e-06   3.7948339e-06   1.3221762e-07  -8.4418332e-07   1.2750777e-06   1.9827384e-07   6.2085076e-07   6.7412759e-07  -6.1156999e-07  -8.5281300e-07  -5.5692510e-07  -1.4310941e-06   2.0020977e-06
  -0.0000000e+00  -1.5832785e-04   2.2185732e-05   2.1503287e-05   1.7319288e-05  -1.7904330e-07   9.3692088e-06   1.3821201e-05   7.4880677e-06   6.1946766e-06   2.8125050e-06  -3.0895811e-07  -7.4148380e-07   2.9770754e-07   6.5792995e-07   3.1814322e-06   1.7967010e-07  -3.2978591e-07   8.6397091e-07  -2.3823382e-07   9.9552847e-07   1.0493510e-06  -1.2423055e-06
  -0.0000000e+00  -1.6249664e-04   2.2953933e-05   2.2584689e-05   1.5783284e-05  -1.4294347e-06   5.9031036e-06   9.2152895e-06   9.3512608e-06   3.0348638e-06   2.4361673e-06   3.9871720e-06   2.6838836e-07   3.7747711e-06   9.2532918e-07   8.4854463e-07   1.2471672e-06   9.7240491e-07  -1.0297741e-06   7.4041481e-07  -5.3117674e-07  -2.4138629e-07   1.7390898e-06
  -0.0000000e+00  -1.5950525e-04   2.5069305e-05   2.2321716e-05   1.7036866e-05   3.1064651e-06   6.6189450e-06   1.3906610e-05   1.0155672e-05   4.6436612e-06   4.2595743e-06   9.3351616e-07   1.6651525e-07   3.2045987e-06   1.7347385e-06   7.8160622e-07   6.2954769e-07  -8.2506415e-07   2.5899265e-06   2.8873703e-07   6.8943018e-07   9.7965403e-07   6.1947219e-07
  -0.0000000e+00  -1.6142050e-04   2.5819716e-05   1.7159127e-05   1.6888376e-05   1.5665171e-06   5.6787112e-06   9.7194761e-06   7.8873336e-06   1.6556153e-06   2.6760320e-06   4.3305367e-06   8.2199267e-07   1.1050997e-06   9.3739038e-07   2.0743291e-06   1.0226995e-06   7.4655532e-07   1.7197841e-06   8.4600578e-07  -1.4852525e-06   1.2709526e-06  -2.5367822e-07
  -0.0000000e+00  -1.6424047e-04   2.4534073e-05   2.1828313e-05   1.9282154e-05  -1.1256867e-06   4.6203145e-06   1.5973623e-05   7.7016875e-06   6.5151685e-06   3.0834383e-06   1.9271815e-06   2.4608275e-06  -5.7379685e-07   1.7809252e-06   8.4694659e-07   1.5165480e-06  -1.5429614e-06  -1.6288454e-06   3.0482943e-07   9.7473946e-07   6.9727113e-09   1.2727884e-06
  -0.0000000e+00  -1.5897707e-04   2.4488440e-05   2.5294106e-05   1.5704840e-05   3.6060842e-07   1.0331489e-05   1.0517316e-05   7.3204956e-06   4.0173391e-06   1.8061429e-06   1.9670033e-06  -6.3525016e-07   2.2221529e-06   1.3199202e-06   7.6937357e-07  -5.9440123e-07   1.1732878e-06   1.5804839e-06   3.0874830e-07  -1.1532277e-06  -8.3883378e-07   6.9017460e-07
  -0.0000000e+00  -1.5968208e-04   2.5571444e-05   1.9366333e-05   1.6794649e-05   2.2536915e-06   2.8132270e-06   1.0802417e-05   1.1205820e-05   3.5893081e-06   4.6819882e-06   3.2753521e-06  -1.1011376e-06  -1.0767403e-06   1.0186620e-06  -9.6691231e-08   8.0791534e-07   8.0724499e-07   5.0235673e-07  -5.1354704e-07   1.7595706e-06   1.3303244e-06  -8.2850971e-07
  -0.0000000e+00  -1.6536821e-04   2.6408068e-05   2.0933840e-05   1.9814801e-05   3.6057594e-07   5.0809567e-06   1.5218629e-05   9.9462923e-06   2.3123755e-06   1.4251450e-06   3.3979616e-06   1.2818100e-06   1.1862614e-06   1.0711581e-06   2.1955445e-06   7.8325451e-07   1.0233995e-06   1.3892768e-06  -3.4320783e-07  -2.4174011e-07   1.0152635e-06  -6.8456995e-07
  -0.0000000e+00  -1.5703113e-04   2.3252052e-05   2.3380575e-05   1.5854317e-05  -1.3279360e-06   7.5186658e-06   9.5392697e-06   8.6673681e-06   4.3954028e-06   3.1880545e-06   1.9713909e-06   1.0701317e-06   1.0939839e-06   1.0839611e-06   1.0376191e-06  -4.4371836e-07   1.0877689e-06   1.2550126e-07   1.5402653e-06   1.0130634e-06   8.8481465e-07   1.4155002e-06
  -0.0000000e+00  -1.6281391e-04   2.5148214e-05   2.2255414e-05   1.7604294e-05  -1.2918290e-06   7.1868285e-06   1.3036262e-05   6.9914163e-06   5.8931223e-06   1.2921381e-06   1.9042265e-06   1.4916292e-06   1.0031105e-06   6.3788337e-07   2.2924122e-07   6.9254014e-07   6.4241311e-07   1.7338667e-07  -1.3393637e-07   2.2049710e-07   2.5858597e-07   1.5404514e-06
  -0.0000000e+00  -1.6437130e-04   2.6730555e-05   2.2771777e-05   1.6105349e-05   5.2689625e-06   2.6607004e-06   1.1247651e-05   1.0815505e-05   3.7260731e-06   3.1534692e-06   3.0533204e-06   2.3790032e-07   9.6586439e-07   2.3136672e-06  -7.4317325e-07   1.6868755e-06   7.0917173e-07  -8.2715508e-07   1.1884914e-07  -6.0763000e-07  -7.6396134e-07   5.5135058e-07
  -0.0000000e+00  -1.5992536e-04   2.1560292e-05   2.0638070e-05   2.1049520e-05  -3.8459866e-06   4.2228817e-06   1.1588899e-05   9.2294713e-06   3.0864294e-06   4.0805253e-06   1.2947713e-06  -1.1819329e-06   3.0868586e-07   2.5470515e-06  -3.8544592e-08   2.8919872e-06  -1.1638362e-07   5.4823204e-07   6.6783748e-08   1.9411518e-06  -9.9510942e-07   1.0646863e-06
  -0.0000000e+00  -1.5867040e-04   2.6135916e-05   2.1112253e-05   1.5793319e-05   1.1048249e-06   8.8061879e-06   1.3354740e-05   5.6436384e-06   4.9222317e-06   4.2784900e-06  -6.8154759e-07   3.5180158e-06   1.1421976e-06   2.6679168e-06   1.8940756e-07   5.3843360e-07   1.7992259e-06   1.6689667e-07   1.4166581e-06   1.2239252e-06   1.5953282e-06  -1.0434790e-07
  -0.0000000e+00  -1.5988701e-04   2.3966104e-05   2.3275063e-05   1.3363165e-05   3.0298128e-07   5.5797373e-06   9.7730126e-06   9.2165310e-06   2.9814792e-06   3.2197263e-06   1.6407503e-06   2.1592998e-06   2.4392884e-06   2.1882449e-06   2.4838089e-06  -1.7790730e-07   4.9051886e-07   4.2122068e-07  -1.8955019e-06   1.7888166e-06   1.8137216e-06  -1.3300324e-06
  -0.0000000e+00  -1.6364355e-04   2.4993135e-05   1.7779301e-05   2.0042651e-05  -1.7628133e-07   4.8059387e-06   1.4047406e-05   9.2806640e-06   3.5982732e-06   1.1181534e-06   3.4982779e-06   4.6793664e-07   1.5167261e-06   9.2237815e-07  -2.0492828e-07  -7.3762772e-07   1.2706172e-06   3.9058392e-07  -8.0746543e-07  -1.0358413e-06  -5.5102129e-07  -7.4288727e-07
  -0.0000000e+00  -1.6071384e-04   2.8143424e-05   2.1724765e-05   1.7195953e-05   1.0173073e-06   8.1534663e-06   1.0783399e-05   7.1781969e-06   3.8411463e-06   4.3826567e-06   7.9946375e-07  -3.3259340e-08   1.2077427e-06  -1.8820380e-07  -6.4981765e-07   7.6274040e-07   1.4198534e-06  -7.5030488e-07  -4.0103509e-07   5.3069465e-07   2.3492371e-06  -9.8851706e-07
  -0.0000000e+00  -1.5723653e-04   2.5040359e-05   2.1590644e-05   1.7207527e-05  -1.7968006e-06   6.1939722e-06   1.0251086e-05   7.5069784e-06   8.0481541e-06   3.0632243e-06  -6.2583655e-07   1.7469600e-07   2.2196971e-06   1.4877912e-06   2.5062748e-06  -1.3982026e-07  -4.9039693e-07   1.4384223e-06   2.8757603e-07   6.4032648e-08   7.8630927e-07   1.3077214e-06
  -0.0000000e+00  -1.6075082e-04   2.5661120e-05   1.9249515e-05   2.0105561e-05   2.6292723e-06   4.9761384e-06   1.3822561e-05   8.6405180e-06   4.1973221e-06   4.6134073e-06   9.6218025e-07   2.0369087e-06  -5.3222311e-07   9.6724364e-07   7.5154486e-07  -2.3976768e-06   4.2014810e-07  -1.0705187e-06   2.4113276e-09  -5.9585750e-07  -2.4085395e-07   2.6538837e-07
  -0.0000000e+00  -1.6467918e-04   2.4767302e-05   2.2584773e-05   1.5464357e-05   9.3995652e-07   5.7935704e-06   9.9121762e-06   1.1894512e-05   2.6139946e-06   2.1387357e-06   4.5586612e-06   6.0436872e-07   6.5571555e-07   1.7743472e-06   1.6459774e-06  -2.2846430e-07   1.9306517e-06   6.5012995e-07   6.9264621e-07   1.9276240e-06  -8.2486025e-07   2.6067633e-07
  -0.0000000e+00  -1.5786571e-04   2.9409512e-05   2.0629044e-05   1.7674993e-05  -2.2533559e-06   8.5677866e-06   1.0413837e-05   7.4054228e-06   7.9523152e-06   3.7393165e-06   1.5914600e-06   1.6518923e-06   2.5713891e-06   2.2639729e-06  -2.0172234e-07   2.0334815e-06  -9.3380675e-07  -5.2123653e-07  -1.2952337e-07  -9.2438694e-07   8.3385424e-07   1.7356641e-06
  -0.0000000e+00  -1.6482220e-04   2.3963436e-05   2.0573480e-05   1.7967643e-05   6.1229008e-07   4.0685668e-06   1.3258324e-05   9.6292661e-06   3.7740240e-06   2.7925335e-06   2.5441834e-06   2.8405884e-06   9.9519218e-07  -1.4209453e-06   4.6126070e-07   2.0591087e-06  -8.5011135e-07   1.8162267e-06   1.5069980e-07   8.3214496e-07  -8.5448866e-09  -8.5834660e-07
  -0.0000000e+00  -1.5647591e-04   2.1572279e-05   2.1372358e-05   1.7453754e-05   5.5501232e-07   6.0290367e-06   1.1264664e-05   8.7380931e-06   4.0916443e-06   2.1160947e-06   1.7019956e-06   1.0572091e-06   9.0968410e-07   1.2183564e-06   1.0763656e-06   1.2260012e-06   2.5867379e-07   4.6244853e-07   1.1686113e-06   2.7699205e-08   8.8889379e-07  -5.0648168e-07
  -0.0000000e+00  -1.6435776e-04   2.9956162e-05   2.1257662e-05   1.6734602e-05   3.6759846e-07   3.5265414e-06   1.3923211e-05   8.7814678e-06   5.8365922e-06   3.9866532e-06   2.5207548e-06   5.5250445e-07   7.1592774e-07   1.8559487e-06   1.2784780e-06  -6.4102289e-07   4.7718584e-07   2.3840126e-07   2.9397478e-07   1.6093572e-06  -1.3708902e-07   1.0020298e-06
  -0.0000000e+00  -1.6140469e-04   2.3337821e-05   2.3239845e-05   1.5857853e-05   3.5881779e-08   8.5168458e-06   1.1511244e-05   9.5066089e-06   4.0705472e-06   4.2386938e-07   1.8562175e-06   2.6069931e-06  -1.4994835e-06   1.6178773e-06   8.4159132e-07   3.4254109e-07  -1.3674553e-06  -1.4027759e-06  -5.0625477e-08  -1.0598865e-06   1.4435401e-06   1.1227066e-06
  -0.0000000e+00  -1.5852506e-04   2.0702220e-05   2.1597141e-05   2.0309215e-05  -2.6641005e-06   4.3438681e-06   1.4103522e-05   6.3594143e-06   2.5142213e-06   4.0813698e-06  -8.1055651e-07   5.6757318e-07   1.1548258e-06   2.0562559e-06   1.5888464e-06   1.7741128e-06   5.0466116e-07   4.8274006e-07   8.9862061e-07  -1.2943539e-06   3.5262877e-07   2.2740080e-06
  -0.0000000e+00  -1.6444278e-04   3.1719523e-05   2.0015534e-05   1.3648492e-05   4.2678871e-06   6.2251906e-06   1.1666814e-05   9.1843185e-06   4.6489013e-06   1.8075594e-06   3.6922520e-06   8.4573969e-07   8.5857721e-08   1.6379324e-06   1.7701765e-06   1.7348772e-06   1.7950812e-06  -1.0329943e-06   1.8010855e-06   1.6160378e-07  -1.2335883e-06   4.8152702e-07
  -0.0000000e+00  -1.5993731e-04   2.2250240e-05   2.1313133e-05   1.8280247e-05   4.6227660e-07   6.2664885e-06   1.3625680e-05   7.7878522e-06   4.2966694e-06   2.6521018e-06   2.0384680e-06   5.3583619e-07   2.0235402e-06  -1.2525605e-06   1.1206297e-06   6.9854053e-07  -1.0491825e-08   1.9955885e-06  -7.2620741e-09   1.3332489e-06  -9.7977397e-07   4.2114564e-07
  -0.0000000e+00  -1.6259030e-04   2.3128723e-05   2.1009660e-05   1.6969532e-05  -9.2223149e-07   4.8200723e-06   9.0537360e-06   1.0349706e-05   5.3690096e-06   2.1969865e-06   3.0497739e-07   3.3069707e-06   2.4749861e-06   6.8728298e-07   5.6889957e-07  -9.7172467e-08   1.7137943e-06   8.4650026e-07   7.7814633e-08   9.6877193e-07  -5.5714003e-07   1.1541670e-06
  -0.0000000e+00  -1.6011685e-04   2.4155279e-05   2.2842052e-05   1.7661288e-05  -1.0657127e-06   4.8884335e-06   1.5418398e-05   6.9945122e-06   4.6560522e-06   2.7326951e-06   3.6717427e-07   1.9088393e-06   1.6423845e-06   7.3455885e-07   2.4483907e-06   3.2469304e-06  -9.5115911e-07   1.1368602e-06   1.0477929e-06  -7.3009420e-07   1.3391340e-06  -7.7827775e-07
  -0.0000000e+00  -1.5590595e-04   3.1047068e-05   1.7528160e-05   1.3224128e-05   2.9677176e-06   6.8325139e-06   1.1085449e-05   1.1023970e-05   3.0664987e-06   1.3846579e-06   1.9411784e-06   9.0846726e-07   1.7475016e-06   6.1042545e-07   9.7518850e-08   1.4326534e-07   4.5981915e-07  -4.7694118e-07   1.8849631e-06   1.0192932e-06  -6.0240512e-07  -2.1016798e-07
  -0.0000000e+00  -1.7100811e-04   2.5239824e-05   2.3271681e-05   1.8272172e-05  -1.9881102e-06   5.0748672e-06   1.4246622e-05   7.5039088e-06   7.3248325e-06   3.6492972e-06   2.3643668e-07  -2.8682700e-07   2.0104184e-07   2.0786927e-06  -2.3481599e-07   2.4190533e-07   9.9529154e-07   3.8875982e-08   1.8186481e-07  -4.1633132e-07   2.1644944e-06  -6.5853897e-07
  -0.0000000e+00  -1.5206559e-04   2.0357711e-05   2.3599305e-05   1.8046396e-05   6.1121705e-07   7.5171783e-06   9.6532449e-06   1.0737575e-05   5.2091959e-06  -9.5529067e-08   2.6879466e-06   8.6010840e-07   1.1860581e-06   3.3365179e-06   1.0066383e-06  -1.3377580e-07  -4.1730007e-07   1.1387875e-06   6.6177364e-07  -5.2644714e-07  -9.4791909e-07  -1.9233484e-07
  -0.0000000e+00  -1.6433997e-04   2.9488994e-05   2.1858146e-05   1.4424484e-05  -2.5674772e-06   6.4753408e-06   1.1690329e-05   8.4778294e-06   4.8475777e-06   3.9527636e-06  -1.8743760e-06   8.7771122e-07   2.3307707e-06   1.6534572e-06   1.5497643e-06   1.7382757e-06  -1.6932638e-07  -5.7717756e-07   1.3662207e-06  -8.6880618e-07  -5.6688754e-07   1.1223480e-06
  -0.0000000e+00  -1.6252080e-04   2.6766334e-05   1.8293822e-05   1.6991266e-05   6.9008347e-06   2.3903549e-06   1.3947166e-05   7.9938891e-06   2.5161689e-06   5.0180956e-06   2.7432893e-06  -1.1188394e-06   4.7000867e-06   3.9166926e-07   1.3844776e-06   5.7371147e-07  -1.1116828e-06   2.5999473e-06  -4.7208911e-07   1.5926914e-06  -4.8270152e-07   3.8318856e-07
  -0.0000000e+00  -1.6005884e-04   1.9903897e-05   2.4782648e-05   1.8809476e-05  -1.4157572e-06   9.4874786e-06   1.3285111e-05   1.0419372e-05   6.2579697e-06  -2.6205695e-08   2.1552280e-06   2.3989567e-06  -2.7008386e-07   2.6046482e-06   1.6259511e-06   1.4982223e-06   9.3970664e-07   3.7131244e-07   2.1691218e-07   9.6266649e-07   9.2881254e-07   1.3584514e-06
  -0.0000000e+00  -1.6193934e-04   2.9948722e-05   2.0260415e-05   1.5882630e-05  -1.0767283e-06   5.8950777e-06   1.1692374e-05   7.3896281e-06   3.1841851e-06   1.7758764e-06   2.9905550e-06   1.5861727e-07   2.4336823e-06   7.5152406e-07   1.7914522e-06  -1.3228438e-06  -1.0306491e-06  -5.9459398e-07   1.5670693e-06  -9.2795496e-08   4.9275764e-07   3.8733594e-07
  -0.0000000e+00  -1.5995298e-04   2.2032347e-05   2.1600394e-05   2.0339148e-05   3.8285411e-06   7.8226085e-06   1.1312814e-05   7.3277652e-06   6.2201175e-06   3.5818496e-06  -1.0367548e-06   2.6163323e-06   1.4436741e-06   3.9925594e-06   9.6615463e-07   5.9675835e-07   1.1027342e-06  -1.1472496e-06  -1.3401687e-07  -7.5442934e-08   9.8365469e-08  -1.5327892e-06
  -0.0000000e+00  -1.6503797e-04   2.4470617e-05   2.3562165e-05   1.2796716e-05   1.2797352e-06   5.2566138e-06   1.3237697e-05   6.7734368e-06   1.7592714e-06   4.2524593e-06   1.5999115e-06   1.2609939e-06   8.8388823e-08   8.3125423e-07   8.8149181e-07  -5.0035545e-08   5.1140501e-07   1.3041964e-06   7.1998534e-07   7.7011111e-07   4.0942513e-07   1.0863150e-06
  -0.0000000e+00  -1.5654875e-04   2.8000837e-05   1.8342756e-05   1.6778848e-05   1.2393447e-06   2.7356821e-06   1.1997835e-05   1.0495607e-05   2.1438716e-06   2.7563128e-06   2.3744597e-06  -6.8459235e-07  -2.4894038e-07   9.5773532e-07  -4.3117663e-07  -1.2788800e-07  -1.0079517e-06   5.2185305e-07  -1.7439316e-06   4.5612958e-07  -8.1903892e-07  -1.2598182e-06
  -0.0000000e+00  -1.5805765e-04   1.9158209e-05   2.3424096e-05   1.8858676e-05  -1.0430638e-06   1.0845148e-05   1.0539662e-05   8.3926261e-06   9.5483638e-06  -1.7589868e-07   1.7294449e-06   2.7995391e-06   2.4100812e-06   2.5533765e-07   2.7020797e-06   1.2705888e-06  -6.5838975e-08   6.7444432e-07   1.4520256e-06   1.4344999e-06   1.2088944e-06  -7.2545197e-07
  -0.0000000e+00  -1.6856064e-04   3.3386412e-05   1.7380253e-05   1.5676842e-05  -8.4553562e-08   3.2183877e-06   1.2529566e-05   1.0383850e-05   1.3152716e-06   4.3514574e-06   1.4848445e-06   1.6783775e-06   1.0525184e-06   7.8526602e-07   1.2076590e-06   8.5799195e-07  -2.2288992e-07   3.5105083e-07   9.1759881e-07   1.9905078e-06   1.9192518e-07  -5.0248957e-07
  -0.0000000e+00  -1.5886109e-04   2.1414162e-05   2.5786801e-05   1.6873440e-05  -3.5658240e-06   7.3278743e-06   1.4968004e-05   8.3277073e-06   5.0446520e-06   1.5499808e-06   2.7025653e-06  -1.2340698e-06   7.1699816e-07   1.6084948e-06  -4.8267930e-07   8.1925400e-08   7.5301571e-08   3.7115774e-07   3.8378875e-08  -1.6088514e-06   1.3749142e-06   2.1645217e-06
  -0.0000000e+00  -1.5720540e-04   2.4878307e-05   2.0442601e-05   1.8065401e-05   1.9083250e-06   6.1504579e-06   7.5421053e-06   1.0494724e-05   4.5019237e-06   3.4929164e-06   2.0547882e-06   1.1402385e-06  -3.3027354e-07   9.1692459e-07   1.9455658e-06   7.1085901e-07   1.5316059e-06   1.9656818e-06  -6.5782967e-07  -1.0199283e-06   9.2684132e-07  -5.8599454e-07
  -0.0000000e+00  -1.6343741e-04   2.6441023e-05   1.9793351e-05   1.7135189e-05  -6.5819631e-07   8.5827196e-06   1.0142646e-05   8.0259579e-06   7.9358979e-06   2.0096286e-06   1.0147299e-06   2.2822665e-06   1.0713833e-06   2.3246446e-06   1.6833053e-06  -2.0345001e-07   1.3992908e-06   5.5906906e-07   1.3451244e-06   2.5475299e-07   3.4193179e-09   2.8361933e-07
  -0.0000000e+00  -1.6422062e-04   2.5852883e-05   2.2180076e-05   1.6808217e-05  -5.6312515e-06   6.6926114e-06   1.3737954e-05   9.7806987e-06   2.8911725e-06   5.5674525e-07   2.1067012e-06   2.1835813e-06   1.8925758e-06   1.5714076e-06   9.5080111e-07  -8.0971155e-08  -6.2613128e-07   4.4448731e-07   5.7609384e-07   9.7753082e-07  -1.0851689e-07   7.9886220e-08
  -0.0000000e+00  -1.5671826e-04   2.4472565e-05   1.9930585e-05   1.8747211e-05   6.6241987e-06   8.0555527e-09   1.1837013e-05   9.0228750e-06   1.9536219e-06   6.7699802e-06   4.0557798e-06   1.5401375e-07   9.1799012e-07   1.6860247e-06   4.2030575e-07  -7.8956958e-08  -3.5371531e-07   6.3728601e-07  -2.3666061e-07   2.1096105e-07   1.1479772e-06   6.7824806e-07
  -0.0000000e+00  -1.6134865e-04   2.4799223e-05   2.1019290e-05   1.7096729e-05  -2.8172531e-06   1.1474959e-05   9.3299113e-06   7.8825960e-06   6.4665701e-06   5.2795559e-07   1.7083971e-06   2.1590361e-06   2.4928440e-06   1.1006719e-06   1.6174606e-07   1.0599878e-06  -4.4076691e-07   1.1259676e-06   4.9055313e-07   8.7546942e-07  -1.0477069e-06   1.1203214e-06
  -0.0000000e+00  -1.5599778e-04   2.3821452e-05   2.7252998e-05   1.4233268e-05   7.4801153e-07   3.0558951e-06   1.1263738e-05   1.0045394e-05   4.4359836e-06   3.5365438e-06   3.0249143e-06   4.0759303e-07   9.9809245e-07   2.6203290e-06   3.5611392e-06  -3.5026957e-08  -1.3162830e-06   7.2091001e-07   1.7537061e-06  -1.1099623e-06   6.0194566e-07   6.5447558e-08
  -0.0000000e+00  -1.6841337e-04   3.1690059e-05   1.9320332e-05   2.3476905e-05  -2.9148282e-06   8.1812386e-06   1.0292468e-05   8.6111604e-06   2.6386379e-06   3.7826430e-06  -1.0748054e-06   1.8077334e-06   2.0618934e-06   1.6419347e-06  -9.4039024e-07   2.4687208e-07   9.3386916e-07  -7.6970952e-07  -1.6762928e-06   5.0752629e-07  -3.6347546e-07   3.2440190e-07
  -0.0000000e+00  -1.5200912e-04   1.9322513e-05   1.9124571e-05   1.3885300e-05   3.1454392e-06   4.6922860e-06   1.3056842e-05   8.6636937e-06   5.0512799e-06  -6.6188528e-07   2.3907269e-06  -7.7794127e-08   1.9414904e-06   1.4261428e-06   2.9813140e-07   1.9124213e-06   1.9821432e-06  -6.9441580e-07   2.2442853e-06   9.7306774e-08   2.1770907e-07   1.1972921e-06
  -0.0000000e+00  -1.6802721e-04   2.9356219e-05   2.4937990e-05   1.4634306e-05   4.5151955e-07   5.5909959e-06   1.1788555e-05   7.0210390e-06   4.6633613e-06   5.3774925e-06   1.9385907e-06   1.9818679e-06   2.1877474e-06  -6.8652349e-07   2.6952043e-06   7.8998255e-07  -2.1936285e-06   2.7993028e-06   1.1475854e-07   6.5051125e-07  -1.9981542e-07   5.3314869e-07
  -0.0000000e+00  -1.5880234e-04   2.5246032e-05   2.3188250e-05   1.7485658e-05  -2.3918417e-06   8.4680005e-06   1.2954640e-05   7.5749504e-06   5.9739746e-06   1.5888264e-06   4.1813814e-06   1.2547041e-06   1.6251159e-06   1.0104737e-06   1.0319004e-06  -1.0483731e-06   5.7706075e-07  -1.2427807e-07   2.5555465e-07   3.7907432e-07   1.2714197e-06   8.4948721e-07
  -0.0000000e+00  -1.5997731e-04   2.5379781e-05   1.3354431e-05   2.1781485e-05   1.1551591e-06   2.3089331e-06   9.9446042e-06   1.1112119e-05   3.6255715e-06   3.1475938e-06   2.9669454e-06   2.3192388e-06   2.5464719e-06  -1.4555443e-06   1.2631673e-07  -5.6111489e-08   6.8402431e-07   1.8436110e-06  -4.6327668e-07   1.6237332e-06   1.0845154e-06  -5.7700828e-07
  -0.0000000e+00  -1.5988207e-04   2.4604044e-05   2.6785128e-05   1.1080597e-05   1.6185461e-06   3.4636605e-06   1.3729530e-05   8.0929603e-06   3.6820106e-06   3.8080402e-06   6.5683122e-07   3.0769904e-06   2.0078128e-06  -1.6771376e-07   3.7352896e-07   1.8934776e-06   7.3381824e-07  -2.2408724e-07  -3.3911124e-07  -6.7997121e-07  -4.5057430e-07  -5.7937973e-07
  -0.0000000e+00  -1.6309401e-04   2.7262242e-05   1.9790463e-05   1.8616849e-05  -2.4616729e-06   1.1999852e-05   8.9663699e-06   9.5202568e-06   4.0666291e-06   4.1117210e-06   3.1880541e-06   4.8875273e-07  -2.3422507e-07   1.9714878e-06   1.7583277e-06   3.4607243e-07  -1.1340624e-06   3.4585938e-07   7.5505648e-07  -1.2488418e-06   4.7019699e-07  -2.3739459e-07
  -0.0000000e+00  -1.5907320e-04   2.2164577e-05   2.2452954e-05   1.4095007e-05   1.2749319e-06   5.4804320e-07   1.4306667e-05   5.2594332e-06   5.7820330e-06   3.5424282e-06   1.3366276e-06   2.0473149e-06   1.5886665e-06  -7.3206718e-07  -1.1148919e-07   8.3709701e-08   1.3212218e-06   1.0086644e-06  -4.8742294e-07   1.8856911e-06   1.6050992e-06   4.0611909e-07
  -0.0000000e+00  -1.6014643e-04   3.1777512e-05   1.4459936e-05   2.3416789e-05  -1.9437566e-06   8.2844663e-06   1.1711364e-05   1.0602745e-05   6.0387943e-06   2.5423922e-06   2.2378852e-06   1.2779791e-06  -1.7935918e-06   3.1484960e-06   4.0355729e-07   2.7612217e-07   1.4163663e-06  -1.2486012e-06  -2.0862883e-07  -4.5641900e-07   3.4471410e-07  -6.4218420e-07
  -0.0000000e+00  -1.5854182e-04   1.8442659e-05   2.8877421e-05   1.2411365e-05   2.0941536e-06   6.9093034e-07   1.2564541e-05   6.6231878e-06   3.8127898e-06   4.0848022e-06  -9.4627961e-07   2.8371205e-06   3.3281829e-06  -5.8268677e-07   1.0637017e-06  -9.5334622e-07  -5.3682459e-07   1.3623354e-06   1.0094217e-06   1.9457603e-07   1.3581057e-06  -7.1382189e-08
  -0.0000000e+00  -1.6536628e-04   2.9205847e-05   1.9662721e-05   1.5352382e-05  -2.8486836e-06   9.9583876e-06   1.1204584e-05   1.0510077e-05   5.5601831e-06   1.9600795e-06   3.8211206e-06   7.7532496e-07  -8.1489236e-07   2.6879100e-06   7.8719023e-07   2.1500566e-06   3.4504492e-07  -1.1834115e-07   9.7986651e-07   1.7657345e-07  -1.7491849e-06   5.9199056e-07
  -0.0000000e+00  -1.5376242e-04   2.4806892e-05   2.0993852e-05   2.3133583e-05  -3.2890193e-07   5.3503995e-06   1.2381920e-05   6.0278917e-06   5.5349528e-06   7.7309079e-07   5.6912245e-07   2.7262831e-06   2.2300351e-06   7.2718404e-07   5.6937364e-07  -1.1672768e-06   1.6501967e-06   2.1246510e-06  -1.6923625e-06   3.5650467e-07   8.1860486e-07  -6.4784422e-07
  -0.0000000e+00  -1.6592667e-04   3.0428144e-05   1.7222490e-05   1.6016440e-05   2.3291987e-06   4.0260202e-06   1.0597381e-05   1.2204266e-05   3.3625267e-06   4.2312577e-06   1.6983835e-06   1.1736048e-06  -1.7316191e-07   6.3023577e-07   1.1344221e-06   1.5841159e-06   1.0650788e-06  -9.8542660e-07   1.1212121e-06   8.1473496e-07  -3.4839626e-08  -2.8867051e-09
  -0.0000000e+00  -1.6029045e-04   2.0455238e-05   2.4390780e-05   1.4527022e-05  -4.5393313e-07   5.2935684e-06   1.5536209e-05   4.5049578e-06   4.7156409e-06   9.2277514e-07   8.0819376e-07   2.1489791e-06   7.4465328e-07   5.4342854e-07   1.5125573e-06  -7.0059400e-07   2.8043125e-06   7.9479219e-07   1.2031510e-06   3.1994784e-07  -3.5245546e-07   9.0272459e-07
  -0.0000000e+00  -1.5868922e-04   2.7869130e-05   2.1104717e-05   1.8551762e-05   1.3646221e-06   7.4199802e-06   8.6543932e-06   1.1537034e-05   4.0191871e-06   7.2484245e-06   1.0446422e-06  -1.4033080e-07   1.1937987e-06   2.1797221e-06   1.8740635e-06   1.9747411e-06  -2.6191540e-06  -4.7253215e-07   2.2495215e-06   2.3467280e-07  -1.3095156e-07  -1.2539891e-06
  -0.0000000e+00  -1.6086409e-04   2.3023169e-05   2.0505060e-05   1.4715048e-05   3.5548456e-07   3.3605029e-06   1.3908026e-05   5.8506357e-06   6.0694038e-06  -9.6482587e-08   4.4020799e-06   1.0772901e-06   2.8264110e-06  -5.3261067e-07   6.3382350e-07   6.1587122e-07   1.0029053e-06   5.6921027e-07   1.2537174e-06   1.2457102e-06  -1.7234652e-07  -1.4347344e-07
  -0.0000000e+00  -1.6420679e-04   2.8333399e-05   1.6930184e-05   2.0589379e-05  -5.0807830e-07   8.9176801e-06   1.4723641e-05   9.9512299e-06   5.5793817e-06   4.6467385e-06   4.2560046e-07   1.3926991e-06   1.3868439e-06   1.7353726e-06   1.1991494e-06   2.8919051e-06  -2.1876392e-07   1.0537534e-06   1.5731295e-06   1.0780237e-06   8.1202734e-07  -5.0117831e-07
  -0.0000000e+00  -1.6063302e-04   2.3695988e-05   2.9277368e-05   1.0107984e-05   2.9333692e-06   6.6054986e-06   9.7990487e-06   6.8016830e-06   4.7820045e-06   3.4754899e-07   3.5220389e-06   5.8401497e-07   8.2615543e-07  -1.4958148e-06  -8.7671301e-09   1.8113741e-07   1.3799556e-06   4.0088145e-07  -1.5436093e-07  -4.1955147e-07  -1.4206162e-07   4.2056251e-07
  -0.0000000e+00  -1.5938480e-04   2.4747273e-05   1.4175120e-05   2.3154884e-05  -3.3485949e-06   5.8214459e-06   1.5216729e-05   1.0549091e-05   1.9461102e-06   3.9144584e-06   1.3781292e-06   5.9277856e-08   1.5439383e-06   1.8704364e-06   5.8518742e-07   6.6988093e-07   1.6068884e-06  -5.8533718e-08  -1.1234204e-06  -8.3868559e-07   7.2762771e-07  -9.6487759e-07
  -0.0000000e+00  -1.5835672e-04   2.6010970e-05   2.1812590e-05   1.2254844e-05  -2.3688077e-07   6.0647758e-06   1.0237791e-05   6.9392877e-06   3.4333705e-06   1.9466977e-06   3.0423521e-06   5.0804260e-07   3.3092861e-06  -2.6987010e-07   1.3991041e-06   7.7162736e-07   1.7136500e-06  -8.0856017e-07   4.6564330e-07   4.7404589e-07  -2.2949338e-09   1.5850476e-06
  -0.0000000e+00  -1.6883682e-04   2.6914606e-05   2.1556512e-05   1.9751998e-05  -1.0764962e-06   8.6404070e-06   9.1821830e-06   8.7334693e-06   6.1303349e-06   4.4474145e-06  -1.8110205e-07   3.7512896e-06  -2.0617097e-07   1.8734157e-06   1.8643642e-06  -1.1395050e-07  -1.6363106e-06   1.0273615e-06  -5.7367917e-08   1.2398245e-06   1.0580344e-06  -9.8790872e-07
  -0.0000000e+00  -1.5396174e-04   2.3252413e-05   1.9208921e-05   1.1660057e-05   2.0377140e-06   4.5760821e-06   1.4793485e-05   6.6485045e-06   8.3371970e-06  -8.2450930e-07   3.0807162e-06   4.4228392e-07   2.5627289e-06  -6.2246579e-07   1.3767683e-06   2.6451895e-07   1.4624195e-06   1.2449085e-06   9.4143417e-07  -3.5134838e-07  -7.9523431e-07  -4.3660921e-07
  -0.0000000e+00  -1.6651100e-04   2.4457058e-05   2.4624233e-05   1.9650817e-05  -4.0838327e-06   8.7306280e-06   1.1463750e-05   9.3271983e-06   2.3462146e-06   6.6364246e-06   2.2501158e-06   1.3478085e-06  -1.2157352e-06   9.4663642e-07   1.8115827e-06   7.7646081e-07  -1.4843015e-06   7.0584662e-07   9.7870338e-07   2.1582687e-07   1.4206652e-06  -3.6375070e-07
  -0.0000000e+00  -1.5505264e-04   2.7444508e-05   1.7687706e-05   1.7657330e-05   5.0365566e-06   2.7756951e-06   1.4958719e-05   8.4065405e-06   3.4565792e-06   2.9963805e-06   1.9331369e-06   1.1635598e-06   3.2159742e-06   4.4810974e-07  -2.1041856e-07  -1.0249921e-06   2.0369391e-06   1.4594203e-06   7.7162457e-07   1.1360687e-06  -1.0577450e-06  -2.5880178e-07
  -0.0000000e+00  -1.6932825e-04   2.3349799e-05   2.0651807e-05   1.9023397e-05  -4.9372388e-06   1.1201473e-05   8.0974805e-06   1.0020052e-05   4.9754344e-06   5.3835570e-06   4.6471661e-07   1.8793600e-06   2.8405677e-06   1.9220799e-06   1.6178500e-06   1.2678357e-06  -8.2240582e-08   1.0470455e-06  -4.1255890e-07   4.8361596e-07   1.6467749e-06   9.5086796e-07
  -0.0000000e+00  -1.5332537e-04   2.2836482e-05   2.2190909e-05   1.4504528e-05   6.8016038e-06   1.7897144e-06   1.4769115e-05   8.0769159e-06   4.5244888e-06   1.1237512e-06   2.7722244e-06  -5.5963875e-07   2.6649943e-07   1.8560884e-06   6.7424054e-07   1.4489334e-06   1.9882691e-06  -5.6519576e-07  -9.1558746e-07  -9.9940007e-07  -6.1960048e-07   2.2409613e-07
  -0.0000000e+00  -1.6590589e-04   2.9133327e-05   1.9596706e-05   1.9809613e-05  -4.3021455e-06   4.9595847e-06   1.3031088e-05   8.3737295e-06   5.1538495e-06   3.0438430e-06   5.5521025e-07   1.5797792e-06   7.2311315e-07   1.4620737e-06   1.8840739e-06   7.0728299e-07   3.9077287e-07   6.1181771e-07   3.4709831e-07  -1.1042333e-06   9.6064332e-07   3.2960546e-07
  -0.0000000e+00  -1.5845012e-04   2.4023795e-05   2.0988911e-05   1.2675440e-05   1.8839646e-06   6.3964694e-06   8.9384685e-06   8.5667361e-06   5.1868938e-06   5.8040706e-07   3.7266877e-06  -2.2012085e-07   2.2488639e-06   1.2456844e-06   2.0514847e-06   8.8088564e-07  -4.8420975e-07  -1.3096272e-06  -8.2864284e-07   1.8281069e-06   6.4327151e-07   1.5777529e-06
  -0.0000000e+00  -1.6003945e-04   2.6673370e-05   1.8675635e-05   2.2028777e-05  -3.3197780e-06   7.6722399e-06   1.4301152e-05   1.1824509e-05   1.9967074e-06   3.9602660e-06  -1.1202196e-06   4.1303938e-06   4.8248953e-08   2.3331027e-06   1.6034977e-07  -8.9980239e-07   1.0434687e-06  -2.9061397e-07   6.1270021e-07   6.6483631e-07  -2.3738490e-07   1.8879667e-06
  -0.0000000e+00  -1.5888580e-04   2.2699069e-05   2.5824484e-05   1.3020771e-05   3.2752239e-06   2.9143253e-06   1.1116234e-05   7.1924601e-06   6.1269188e-06   1.1815703e-06   4.4014832e-06   1.7297869e-07   1.8926415e-06   7.9264032e-07   7.3860190e-07   1.9531892e-06   5.6712332e-07   2.2279571e-07  -1.1334642e-07  -2.6069330e-07   2.8745973e-07   4.9267413e-07
  -0.0000000e+00  -1.6504645e-04   2.7574897e-05   1.6067695e-05   2.0973803e-05   4.4418715e-07   8.6680784e-06   1.3767709e-05   9.9159843e-06   4.2482211e-06   2.8362567e-06   1.2213799e-06  -5.7140375e-07  -1.1506927e-08   1.3869739e-07   5.7354856e-07   8.5457202e-08   1.9161641e-06   2.1490423e-07  -1.6606483e-06  -4.1088128e-07   9.5883956e-07  -1.2621369e-06
  -0.0000000e+00  -1.5896848e-04   2.3861978e-05   2.5318061e-05   1.3889164e-05   6.9760870e-07   5.7996681e-06   1.3314140e-05   8.2541192e-06   4.5227371e-06   1.3284434e-06   1.3922765e-06   1.1114017e-06  -1.6357184e-08   2.5130373e-06  -6.8865529e-07   2.4867072e-07   1.1884507e-06   7.2747753e-07   3.3743314e-07   3.4665450e-07   3.2782594e-07   7.8384477e-07
  -0.0000000e+00  -1.6180860e-04   2.6006173e-05   1.9252007e-05   1.5584419e-05  -9.2683933e-07   6.9550260e-06   8.8234656e-06   1.1487044e-05   4.2372139e-06   5.1627312e-06   1.0130174e-06  -2.8637455e-08   1.5384477e-06   9.4604053e-07   2.6028988e-06   1.0288981e-06  -8.3205919e-07   2.0419629e-06   8.7519254e-07  -1.0285223e-07  -4.9704954e-07   3.6485875e-07
  -0.0000000e+00  -1.5778482e-04   1.8987841e-05   2.2850287e-05   1.6115528e-05   2.6464215e-06   4.8382431e-06   1.4833236e-05   6.5921977e-06   5.1689763e-06   4.6852397e-06   1.2274135e-06   3.8560511e-06   2.6814564e-06   1.0690744e-06  -1.3734586e-06   1.0710754e-06   2.2407370e-07  -5.8246496e-07   1.0352414e-06   1.3470042e-06   3.5953408e-07  -3.9857660e-08
  -0.0000000e+00  -1.6402589e-04   3.0334058e-05   1.8912388e-05   1.9204108e-05   3.1798132e-07   2.4668923e-06   1.1376332e-05   1.1265169e-05   4.3387172e-06   2.0833322e-06   1.0682471e-06   5.0261366e-07   9.2289321e-07   1.9321787e-06   1.0145249e-06  -4.6283112e-08   8.3736376e-07   1.6342805e-06  -1.5540181e-06   7.2811972e-08   1.1589909e-06   1.3152687e-07
  -0.0000000e+00  -1.5713759e-04   2.5456486e-05   2.3287887e-05   1.5005215e-05   8.3042373e-08   6.8033696e-06   1.7305934e-05   5.6924878e-06   6.0188713e-06   1.7681489e-06   9.4388179e-07   1.2547916e-06   2.2209829e-06   1.0407708e-06   2.9827231e-06  -5.7709741e-07   4.3723279e-07   2.5273448e-07  -1.5675129e-06  -3.7460489e-07   1.7332973e-06   4.4949755e-07
  -0.0000000e+00  -1.6224965e-04   2.6612950e-05   2.0245856e-05   1.7437644e-05   1.2142124e-06   7.5984949e-06   9.4067564e-06   1.0238214e-05   5.5785404e-06   4.9206265e-06   2.0935479e-06   1.3528718e-07   4.3920805e-09   2.1462827e-06  -1.8216241e-07   1.2572906e-06   1.4172201e-07  -1.4458149e-06   1.2620404e-06   1.3103905e-06  -1.3448357e-06   1.5404758e-06
  -0.0000000e+00  -1.5904238e-04   2.1209002e-05   2.1899968e-05   1.8192202e-05   9.0121171e-07   3.6589538e-06   1.4127329e-05   8.0873670e-06   1.8870599e-06   2.5501345e-06   3.4519239e-06   1.2339100e-06   2.4290036e-06   7.4430494e-07   2.3503287e-06   7.2776061e-08   1.2303589e-06   1.8777013e-06  -3.9669459e-07  -1.1273397e-06   4.9706017e-07  -1.4001439e-07
  -0.0000000e+00  -1.6109270e-04   3.0373505e-05   2.1248523e-05   1.6271260e-05   1.0308964e-06   7.1082482e-06   1.0268836e-05   1.0189661e-05   6.2385639e-06   2.8062188e-06   1.7614617e-06   2.1039841e-06   4.1114492e-07   1.3261613e-06   1.3888007e-06   6.1910367e-07   9.9182508e-08  -8.9640150e-07   6.0883258e-07   1.5376627e-06   5.6397488e-07   1.2990496e-06
  -0.0000000e+00  -1.6131334e-04   2.1401360e-05   2.3007882e-05   1.5029175e-05   7.8395368e-07   4.3860782e-06   1.3706752e-05   6.5422901e-06   3.9754395e-06   2.8937368e-06   1.3674144e-06   1.5064901e-06   2.0943769e-06  -1.9076185e-07   1.3065270e-06  -4.9763223e-08  -1.2433751e-06   8.6855800e-07   5.5050087e-08   3.8032755e-07  -1.2925328e-06  -9.9385659e-07
  -0.0000000e+00  -1.6047939e-04   2.7999980e-05   1.8425288e-05   1.8518856e-05  -5.6907282e-07   5.6487856e-06   1.0624675e-05   8.3534896e-06   7.1369045e-06   2.9674761e-06  -2.1787928e-07   2.5049037e-06   1.8278465e-06   3.2469657e-06   2.0279019e-07   9.4210549e-07   8.3127117e-07  -3.7250152e-07  -2.5537625e-07   1.2765993e-06  -2.4487906e-07  -7.1486329e-07
