  -0.0000000e+00  -1.5111102e-04   2.9381436e-05   2.5111240e-05   1.5364280e-05   9.2143887e-07   3.8724979e-06   9.7392121e-06   7.4746995e-06   3.5880216e-06   2.8152726e-06   3.4602017e-06   3.7918920e-07  -1.8890541e-08  -1.3026618e-06   1.5370138e-06   8.7110891e-07   1.0213272e-06   5.8322928e-07   1.5101630e-06  -8.4741612e-07  -7.3200800e-07  -1.7678693e-07
  -0.0000000e+00  -1.4854378e-04   2.9730296e-05   1.7605898e-05   1.4944130e-05   1.0698475e-06   6.1939172e-06   8.3164614e-06   8.4606854e-06   2.4815890e-06   2.1710050e-06   7.4363942e-07  -1.5954498e-07   1.0742286e-06   1.7177819e-06  -9.1157449e-07   2.8796371e-06  -9.4264585e-08   1.1367995e-06  -6.9296945e-08  -7.1682751e-07   7.6512669e-07   6.5698060e-07
  -0.0000000e+00  -1.4845119e-04   2.8520215e-05   2.4964387e-05   1.5944786e-05   1.5445540e-06   6.1603337e-06   8.5383144e-06   4.2661786e-06   4.9946898e-06   2.8248337e-06   9.9950819e-07   1.9260995e-06   4.7068133e-07   1.2782140e-06   1.9106180e-06  -8.3643141e-07  -1.2451536e-06  -5.2159845e-07   8.8904392e-07   5.8522511e-07   7.1220205e-07  -3.8043748e-07
  -0.0000000e+00  -1.4996805e-04   3.2898217e-05   1.8468016e-05   1.7122838e-05   8.0491752e-08   3.3682584e-06   1.0344973e-05   6.6191587e-06   3.2336009e-06   1.0071265e-06   1.6412087e-06   2.2264182e-06   1.1686013e-06   2.2225549e-06   7.7473499e-07   8.1985650e-07   1.1433340e-06   2.6511145e-06  -4.9431333e-07   7.5912095e-07  -1.3229298e-07   2.5500219e-07
  -0.0000000e+00  -1.5143724e-04   2.7188247e-05   2.0272746e-05   1.4720513e-05   5.4820651e-07   4.1700523e-06   1.1604060e-05   8.8112838e-06   3.9172114e-06   2.8700520e-06   2.1481646e-06   1.3344192e-06   2.0588726e-07   3.9313142e-07   1.9814190e-06  -4.5007374e-07  -3.1448315e-07  -1.3064382e-06   4.6280297e-07   7.2540905e-07   5.3735562e-07  -1.1199754e-06
  -0.0000000e+00  -1.4801229e-04   3.1322077e-05   2.2493201e-05   1.6333714e-05   3.4411321e-06   4.6684286e-06   7.8337325e-06   7.4283339e-06   1.7276589e-06   2.0409143e-06   1.0227028e-06   2.8478071e-06   1.4552771e-06  -9.9684280e-07   1.1263851e-06   2.1053972e-06   1.7253058e-07   1.9885650e-07   4.0887784e-07   1.1327015e-06  -1.1571390e-07   1.0333029e-06
  -0.0000000e+00  -1.4650779e-04   2.6366542e-05   2.2162440e-05   1.4361706e-05  -1.2215397e-06   7.6437855e-06   1.1034274e-05   7.9625070e-06   5.6915624e-06   1.0111908e-06   1.1526000e-06   4.6961895e-07   7.6984588e-07   1.5707216e-06   2.5912789e-06  -8.3992109e-07   2.7348602e-07  -1.6982329e-07   6.3932151e-07   2.3003957e-07   6.9317326e-07   8.8281769e-07
  -0.0000000e+00  -1.5353534e-04   2.9157967e-05   1.9568502e-05   1.5163970e-05  -5.1889572e-07   1.8640824e-06   9.5488722e-06   5.2394726e-06   2.9602857e-06   1.7334601e-06   1.1941809e-06   2.2953550e-06   1.2572268e-06   1.5983986e-06   6.4651215e-07   8.3307174e-07   6.1046069e-07  -3.6769231e-07   1.1667379e-06   6.7037308e-07   3.3676915e-07  -1.3441713e-06
  -0.0000000e+00  -1.4823067e-04   3.1233019e-05   2.3078512e-05   1.4180040e-05   4.5564193e-06   4.7732988e-06   1.1960941e-05   8.8314246e-06   3.2744219e-06   3.4413686e-06   1.2264164e-06  -1.1101477e-06   6.9346146e-07   5.0274684e-07   1.0890349e-06  -1.2954870e-07  -1.4777538e-07   1.1608793e-07  -1.7076444e-06   4.2480636e-07  -7.4958905e-07  -4.1570783e-07
  -0.0000000e+00  -1.5187115e-04   2.7533342e-05   2.0838581e-05   1.4974349e-05  -2.5514532e-06   5.3103272e-06   8.7558237e-06   5.5496471e-06   4.7547687e-06   3.0715362e-06   1.2594506e-06   3.1756722e-06  -2.9114688e-07   1.0568207e-06   1.5302498e-06   1.1938691e-06  -9.0157454e-07  -6.5587375e-07   1.1215637e-06   1.5697721e-06  -1.2252453e-06  -9.3747769e-07
  -0.0000000e+00  -1.4636123e-04   2.8910421e-05   1.8051971e-05   1.6763883e-05   1.1867543e-06   3.1300158e-06   1.0981144e-05   8.4610865e-06   1.2830883e-06   3.3542537e-06   1.6549286e-06  -1.2419732e-06   1.9745569e-07   7.1241141e-07  -3.2534152e-07   2.6601859e-07   7.0544235e-07   1.2764001e-06   1.3138310e-06   2.1219596e-07   1.0333683e-06   5.3280826e-07
  -0.0000000e+00  -1.5082750e-04   2.8862189e-05   2.0415884e-05   1.6427075e-05  -7.8560947e-07   5.1506936e-06   1.2912606e-05   6.4183314e-06   6.1829769e-06   3.6501144e-06   1.6265116e-06   1.1632735e-06   2.1519299e-06   8.7481493e-07  -1.3945548e-07  -2.0506715e-08   5.5007206e-07   2.1142212e-06   2.8288449e-07   6.3605762e-07   1.4014452e-06   1.2976321e-06
  -0.0000000e+00  -1.5034454e-04   3.1710966e-05   2.0707073e-05   1.4568657e-05   2.9317309e-06   2.4066162e-06   8.1841026e-06   5.7744296e-06   3.4586051e-06   2.2974109e-06   8.7828886e-07   2.3000314e-06   1.8836503e-06   1.5006138e-06   1.1809999e-06   4.8387687e-08   2.4862558e-07  -1.4588552e-06   1.2083027e-06  -1.2661396e-06   2.4285401e-07  -1.0689625e-06
  -0.0000000e+00  -1.5259095e-04   2.5570647e-05   2.4169183e-05   1.4443315e-05   2.8284785e-06   7.9267256e-06   1.0797416e-05   8.7133994e-06   4.7913104e-06   1.1349404e-06   1.2601264e-06   1.9992422e-06   1.8676606e-06   8.3810022e-07   1.2157366e-06  -1.2754644e-07   4.9302923e-07   1.9021288e-06  -8.7426407e-08   8.8215751e-07   2.2704529e-07   4.1714523e-07
  -0.0000000e+00  -1.4462610e-04   2.9518314e-05   1.9086157e-05   1.6280750e-05   5.1257518e-07   4.0407390e-06   7.0623364e-06   5.8440573e-06   1.3018312e-06   3.6915544e-06   1.9957299e-06  -2.4233634e-07   6.2314018e-07   7.9025443e-07  -4.5244186e-10   3.9354268e-07   5.7717295e-07  -1.5638134e-06  -6.7993989e-07  -1.7030535e-06   7.4357195e-07   6.8677576e-07
  -0.0000000e+00  -1.5275751e-04   3.2090764e-05   2.0634927e-05   1.7832825e-05  -1.5103565e-06   5.2018086e-06   1.3681938e-05   1.0408916e-05   3.4999914e-06   3.7810044e-06   1.8967019e-06  -5.4242690e-07   9.1398601e-07   1.0322852e-06   2.8802629e-06   1.6213836e-06  -7.9870273e-07  -3.8489060e-07   6.0212005e-07   2.7991443e-06  -1.2011885e-06  -6.0901627e-08
  -0.0000000e+00  -1.4885826e-04   2.6713391e-05   2.2452256e-05   1.5179794e-05   3.0511674e-06   5.8239284e-06   9.2591254e-06   3.0192327e-06   3.7834811e-06   1.6309128e-06   3.5047324e-06   1.0334397e-06   4.6442847e-07   1.4951951e-06  -1.8619687e-07  -8.9963237e-07   1.0195466e-06   1.3672777e-06   1.4872122e-06  -1.1661100e-06  -1.7290741e-07   1.3114050e-06
  -0.0000000e+00  -1.4811041e-04   2.8391598e-05   2.1525573e-05   1.7528286e-05   6.1488373e-07   4.8753345e-06   1.2055065e-05   5.2035361e-06   5.0499639e-06   3.2423413e-06   4.3262267e-07  -5.0316368e-07   8.0663915e-07   2.3360867e-06   4.3052722e-08  -1.3080383e-07  -9.1350205e-07   1.8733939e-06   3.7001658e-07   2.5030207e-07  -1.1295896e-06   2.3516979e-07
  -0.0000000e+00  -1.4751877e-04   2.7598258e-05   2.3876437e-05   1.5813233e-05  -1.1010990e-06   7.6128945e-06   1.0626321e-05   6.4200754e-06   6.7407694e-07   2.1297822e-06   1.3622761e-06   1.9466445e-06   3.6735025e-07   1.8944658e-06  -4.8608939e-07  -1.3000300e-07   1.1392715e-06  -4.6642342e-07   1.3459297e-06  -5.8035005e-07   7.2582310e-07   6.1669732e-07
  -0.0000000e+00  -1.5278907e-04   3.4782108e-05   1.7527853e-05   1.8279023e-05   7.4604537e-07   4.0892673e-06   6.8270042e-06   9.2713944e-06   4.2426368e-06   4.0027353e-06   1.9702893e-06  -1.8736077e-06   1.6452761e-06   4.7995167e-07   3.4955494e-07   2.9635771e-07   1.2296663e-07   3.5590352e-07   4.8908998e-07   7.9964366e-07   1.3180011e-07  -8.9859446e-07
  -0.0000000e+00  -1.4988035e-04   2.6712867e-05   2.4545910e-05   1.5145332e-05   1.4917723e-06   6.6450616e-06   9.9655181e-06   7.1754548e-06   2.6927751e-06   9.4959347e-07  -1.0988273e-06   2.0571308e-06   1.5505257e-06   1.8904075e-06  -3.0334047e-07  -1.1495625e-06  -8.9227660e-07  -3.6491335e-07  -2.0992636e-07   3.9467486e-07   3.1431594e-07   1.7948234e-06
  -0.0000000e+00  -1.4599098e-04   2.6261703e-05   2.1323423e-05   1.4967227e-05   4.5396774e-07   5.7726261e-06   1.2229688e-05   7.9742440e-06   3.3296583e-06   2.1759174e-06   3.3169829e-06   1.5259375e-06   1.9961909e-07   2.1867613e-06   1.4963792e-06   1.9840561e-06   9.5594544e-07  -1.2682261e-06  -4.9708513e-07   9.9145780e-07   5.8598590e-07   1.2661702e-07
  -0.0000000e+00  -1.5303184e-04   3.2075135e-05   2.0647758e-05   1.5662919e-05   1.3832903e-06   4.8998559e-06   7.8380017e-06   4.9984110e-06   4.1282628e-06   2.3930759e-06   1.5493678e-06   5.6404207e-07   3.9808253e-07   1.1501882e-06  -1.8431814e-07  -9.7363159e-07   1.1251940e-06  -3.3691899e-07  -3.4542387e-07   2.1191103e-07   8.8674176e-07   8.1016611e-07
  -0.0000000e+00  -1.4901134e-04   3.1522031e-05   2.0209791e-05   1.5768424e-05  -1.5037342e-06   7.1319146e-06   1.1446292e-05   8.5442061e-06   2.2685183e-06   2.9360394e-06  -1.0548710e-07   1.3681781e-06   1.7281716e-06   2.2445234e-07   1.2221868e-06  -1.8017987e-07  -2.1577810e-07   5.7509055e-07   1.0959174e-06   2.4718938e-06   6.6961479e-07  -2.3585105e-07
  -0.0000000e+00  -1.4398672e-04   2.7188509e-05   2.0207770e-05   1.3831132e-05   1.9487561e-06   4.2682741e-06   8.3255036e-06   7.2759481e-06   3.8312105e-06   3.5116016e-06  -1.2954041e-07   2.8824263e-07   1.5532781e-06   1.4905356e-06   2.5943530e-07   7.0700816e-07   8.5916793e-07   3.5739771e-07   8.0021891e-07   1.8033874e-07  -7.4288630e-07  -9.0007845e-08
  -0.0000000e+00  -1.5348419e-04   2.6194368e-05   2.4118350e-05   1.6790689e-05   6.6577383e-07   5.6010986e-06   9.0410031e-06   6.5990821e-06   4.1610901e-06   3.2203038e-06   3.3094850e-06   1.3324911e-06   1.8078783e-06   2.3070311e-06   1.9425536e-06  -2.9890410e-07  -5.3465982e-07  -3.4662142e-07   1.5284063e-06  -6.1495626e-07   1.2217674e-06   7.8323080e-07
  -0.0000000e+00  -1.4915263e-04   3.1624630e-05   1.9435531e-05   1.5179574e-05   3.4776965e-06   4.0396062e-06   9.4484967e-06   7.9738011e-06   2.7291544e-06   1.3389592e-06   2.3923712e-06   2.5581258e-07   1.4017543e-06   1.8300750e-06  -4.5950961e-07   8.9720925e-07   1.5325073e-06   7.5150240e-07   2.6622919e-07  -1.9614319e-07  -2.5667526e-07  -1.5530302e-06
  -0.0000000e+00  -1.5098395e-04   3.0439787e-05   2.0617777e-05   1.7138689e-05  -2.4148242e-06   6.3312582e-06   1.1060019e-05   6.1678779e-06   5.0991862e-06   1.9430274e-06   9.8724001e-07   2.6453890e-07  -7.0998698e-07   9.7208806e-07  -8.2105537e-08   1.5036286e-06  -1.8152849e-07   5.4862392e-07   8.4297943e-07  -6.6352339e-07   1.4735733e-06  -4.2956410e-07
  -0.0000000e+00  -1.4535605e-04   2.6361917e-05   2.2933422e-05   1.5326608e-05   1.7749428e-06   3.4486807e-06   8.8563620e-06   8.5467900e-06   1.4294803e-06   3.2001456e-06   1.0052511e-07  -1.4193533e-07   3.0676110e-06  -1.1531672e-07  -5.2386007e-09  -7.4108652e-07  -5.9842694e-07   1.3917989e-06   7.9856170e-07   9.9675401e-07  -1.3878467e-06   1.0783718e-06
  -0.0000000e+00  -1.5291883e-04   2.6161679e-05   2.3046916e-05   1.7161465e-05  -7.7943992e-07   6.1178425e-06   9.8511882e-06   7.1454861e-06   5.2641503e-06   4.1350941e-06   5.5450806e-07   1.5142178e-06   1.7025971e-07   1.3284349e-06   2.4688882e-06   7.5386062e-08  -4.1188574e-07   9.5958023e-07  -6.9322351e-07   1.0168154e-06   7.7421009e-07   4.8641994e-07
  -0.0000000e+00  -1.4974931e-04   3.5415571e-05   1.7094580e-05   1.4428994e-05   1.9280915e-06   4.6148002e-06   8.9838286e-06   5.1577940e-06   3.4566820e-06   1.5829833e-06   3.0458793e-06   6.5681192e-08  -8.7322263e-07   8.5106780e-07   1.6083901e-07   6.7805337e-07   4.5686141e-07  -6.1479022e-07  -7.9663448e-07  -6.2947760e-07  -1.2520566e-06   1.7537769e-06
  -0.0000000e+00  -1.4714074e-04   2.6460264e-05   2.1308211e-05   1.5733458e-05   5.5380599e-07   8.0053542e-06   1.1220245e-05   6.1247833e-06   4.9570049e-06   2.2425174e-06  -4.5846056e-07  -7.9656212e-07   1.4955945e-07   5.0709582e-07   2.6965438e-06   2.4903366e-07  -4.1062688e-07   7.7290628e-07  -2.2504707e-07   9.1773376e-07   9.4879704e-07  -1.1832871e-06
  -0.0000000e+00  -1.5058035e-04   2.7172024e-05   2.2217439e-05   1.4573676e-05  -5.6337802e-07   5.0920939e-06   7.6300648e-06   7.8948733e-06   2.5117060e-06   2.1372755e-06   3.3505778e-06   5.5091913e-08   3.3261640e-06   8.4926364e-07   8.6557020e-07   8.5744745e-07   8.5271353e-07  -9.3049363e-07   6.2421685e-07  -5.8413383e-07  -2.1582467e-07   1.5396708e-06
  -0.0000000e+00  -1.4816505e-04   2.8824132e-05   2.2126091e-05   1.5625787e-05   3.1515340e-06   5.5874402e-06   1.1371875e-05   8.3430959e-06   3.7841176e-06   3.3288952e-06   9.3440570e-07   1.2992950e-07   2.7879476e-06   1.4820463e-06   4.2579677e-07   5.6251383e-07  -7.0095035e-07   2.2028305e-06   3.8223098e-07   4.7461450e-07   9.1023321e-07   5.7829868e-07
  -0.0000000e+00  -1.4989110e-04   2.9311565e-05   1.7799979e-05   1.5463742e-05   2.0149557e-06   4.8042948e-06   8.1362386e-06   6.3846560e-06   1.2735239e-06   2.3295886e-06   3.6817398e-06   4.9301462e-07   9.3535266e-07   7.0757238e-07   1.8502349e-06   1.0468239e-06   4.8508059e-07   1.5230936e-06   8.6229971e-07  -1.4225643e-06   1.1248616e-06  -3.2867388e-07
  -0.0000000e+00  -1.5226302e-04   2.8288741e-05   2.1817377e-05   1.7508510e-05  -2.7619649e-07   3.8882931e-06   1.3129263e-05   6.3788325e-06   5.2153582e-06   2.5465490e-06   1.7025379e-06   1.9544400e-06  -3.3796647e-07   1.3792226e-06   7.5478602e-07   1.0924269e-06  -1.3668441e-06  -1.5573478e-06   2.9043130e-07   6.8254241e-07   6.1775026e-08   1.2433004e-06
  -0.0000000e+00  -1.4765539e-04   2.8456703e-05   2.4589637e-05   1.4628807e-05   9.9550925e-07   8.6868240e-06   8.6907903e-06   6.1161008e-06   3.1842274e-06   1.4880551e-06   1.6971560e-06  -7.2685782e-07   1.7022020e-06   1.1345689e-06   7.6367485e-07  -5.9305358e-07   1.0187330e-06   1.3535054e-06   2.9262011e-07  -1.1361479e-06  -5.8772758e-07   3.6739598e-07
  -0.0000000e+00  -1.4831808e-04   2.9352230e-05   1.9686746e-05   1.5546366e-05   2.4214478e-06   2.2494103e-06   8.9965779e-06   9.2971159e-06   2.9523146e-06   3.8570311e-06   2.8222530e-06  -1.0610585e-06  -1.0624884e-06   7.5743702e-07  -2.4081217e-07   5.6351888e-07   7.6195209e-07   5.5973999e-07  -6.1509292e-07   1.5382957e-06   1.2427507e-06  -7.1098873e-07
  -0.0000000e+00  -1.5308108e-04   3.0070380e-05   2.1030208e-05   1.7799632e-05   8.5159297e-07   4.3920013e-06   1.2529747e-05   8.1855223e-06   1.8947177e-06   1.0348017e-06   3.0168035e-06   9.6900260e-07   8.4720631e-07   1.0521792e-06   1.9140120e-06   7.8821682e-07   8.2436617e-07   1.0834470e-06  -1.9209342e-07  -3.3236444e-07   9.5236504e-07  -7.9680586e-07
  -0.0000000e+00  -1.4622274e-04   2.7278284e-05   2.3093213e-05   1.4714651e-05  -4.0809277e-07   6.3218567e-06   7.9096808e-06   7.3129199e-06   3.4845484e-06   2.4533626e-06   1.7400697e-06   1.0026686e-06   7.7005581e-07   1.0267407e-06   6.3275019e-07  -4.2542587e-07   1.0437350e-06  -6.4674479e-09   1.4096552e-06   8.5447664e-07   8.5875035e-07   1.2303105e-06
  -0.0000000e+00  -1.5107634e-04   2.8787537e-05   2.2256483e-05   1.6130567e-05  -5.4949504e-07   5.8639030e-06   1.0647583e-05   5.8584073e-06   4.7957255e-06   9.4210191e-07   1.6402935e-06   1.1336424e-06   8.2855382e-07   5.7370295e-07   3.6563680e-08   5.5173263e-07   5.2666695e-07   1.5832774e-07  -1.6158323e-07   9.6596288e-08   2.2299920e-07   1.4134985e-06
  -0.0000000e+00  -1.5234516e-04   3.0222151e-05   2.2632532e-05   1.4926944e-05   4.9995224e-06   2.2196152e-06   9.2731134e-06   8.8297738e-06   3.2028945e-06   2.7687136e-06   2.5887182e-06   2.5315904e-08   8.4338001e-07   1.8818050e-06  -6.6741796e-07   1.4362154e-06   6.1571035e-07  -7.7049367e-07  -5.2122225e-08  -5.4232231e-07  -7.6019580e-07   4.5559705e-07
  -0.0000000e+00  -1.4847146e-04   2.5861236e-05   2.0821932e-05   1.9106150e-05  -2.5160252e-06   3.5033156e-06   9.6415488e-06   7.7045825e-06   2.4003266e-06   3.3160431e-06   9.3559038e-07  -1.1878492e-06   1.6402754e-07   2.1927419e-06  -1.1516471e-07   2.5553293e-06  -1.0966943e-07   3.9802606e-07   7.2939741e-08   1.7530508e-06  -9.4805091e-07   9.2799144e-07
  -0.0000000e+00  -1.4743260e-04   2.9568640e-05   2.1139036e-05   1.4533765e-05   1.4247714e-06   7.3631268e-06   1.0839290e-05   4.5777438e-06   4.0212390e-06   3.7382556e-06  -5.0469345e-07   2.8575550e-06   9.2588596e-07   2.3573014e-06   1.2413041e-07   4.0590643e-07   1.5866244e-06   1.3780260e-07   1.2198516e-06   1.2007812e-06   1.4028591e-06  -1.1235947e-07
  -0.0000000e+00  -1.4846036e-04   2.7922097e-05   2.2792707e-05   1.2416800e-05   8.1111392e-07   4.8032007e-06   8.0830196e-06   7.5946505e-06   2.2625286e-06   2.5505094e-06   1.1771320e-06   1.9982808e-06   2.1786664e-06   2.0085258e-06   2.0997591e-06  -3.2956484e-07   6.2169784e-07   1.7771647e-07  -1.7686477e-06   1.6915790e-06   1.5821594e-06  -1.1764125e-06
  -0.0000000e+00  -1.5150323e-04   2.8772633e-05   1.8256558e-05   1.8125702e-05   3.4679562e-07   4.3013592e-06   1.1667872e-05   7.6177412e-06   2.8747011e-06   1.0621120e-06   2.7342480e-06   5.3997923e-07   1.3009593e-06   6.0091446e-07  -3.4871800e-07  -5.9178893e-07   1.0336586e-06   3.3482573e-07  -7.2250060e-07  -1.0387821e-06  -5.1235145e-07  -7.7384914e-07
  -0.0000000e+00  -1.4912280e-04   3.1536885e-05   2.1572518e-05   1.5971335e-05   1.3652034e-06   6.8833397e-06   8.8231764e-06   5.7681041e-06   3.0805570e-06   3.8097828e-06   4.9603256e-07  -2.1844598e-07   8.4097007e-07  -1.4428859e-07  -6.8780713e-07   5.9333831e-07   1.2175907e-06  -5.7756046e-07  -4.2225463e-07   4.0903728e-07   2.1542819e-06  -8.4466512e-07
  -0.0000000e+00  -1.4640295e-04   2.9025821e-05   2.1378155e-05   1.5912781e-05  -7.1482435e-07   5.0594763e-06   8.3083314e-06   6.1816077e-06   6.7407054e-06   2.5747518e-06  -6.9405513e-07   7.7158724e-08   1.8314133e-06   1.3243981e-06   2.2696734e-06  -1.3072334e-07  -5.2585108e-07   1.4058871e-06   1.2343936e-07   7.2653542e-08   8.6577847e-07   1.0452281e-06
  -0.0000000e+00  -1.4916649e-04   2.9467743e-05   1.9532379e-05   1.8280620e-05   2.8070035e-06   4.3299337e-06   1.1296432e-05   7.2337361e-06   3.5970438e-06   3.8968983e-06   7.4083806e-07   1.4599684e-06  -2.4037504e-07   6.4725606e-07   4.7423458e-07  -2.1589724e-06   1.6499945e-07  -9.5530174e-07  -3.1324209e-08  -6.2567580e-07  -2.2907352e-07   1.8745614e-07
  -0.0000000e+00  -1.5247421e-04   2.8773955e-05   2.2213077e-05   1.4357184e-05   1.3161663e-06   4.8791449e-06   8.0689179e-06   9.9800682e-06   2.1053179e-06   1.6336173e-06   3.8400804e-06   5.5113554e-07   4.4157807e-07   1.4289741e-06   1.5520355e-06  -2.4751068e-07   1.6985880e-06   6.8798425e-07   6.7263414e-07   1.6923367e-06  -8.1527065e-07   2.6560286e-07
  -0.0000000e+00  -1.4694361e-04   3.2525819e-05   2.0678368e-05   1.6238064e-05  -1.3211718e-06   7.3302526e-06   8.4682906e-06   6.0202769e-06   6.6334301e-06   3.2141729e-06   1.4049489e-06   1.4088048e-06   2.2418310e-06   1.9093729e-06  -1.8105519e-07   1.8072157e-06  -9.3600426e-07  -5.5230259e-07  -2.6632131e-07  -7.7825399e-07   7.3433961e-07   1.5759016e-06
  -0.0000000e+00  -1.5262276e-04   2.7927174e-05   2.0570798e-05   1.6501861e-05   9.1219943e-07   3.4351199e-06   1.0810458e-05   8.0676491e-06   3.1343520e-06   2.2615036e-06   2.1193664e-06   2.5284862e-06   6.0899708e-07  -1.1744519e-06   1.9541154e-07   1.6175748e-06  -5.7110179e-07   1.5862332e-06   6.1619097e-08   8.2054549e-07  -9.4027499e-08  -8.4375711e-07
  -0.0000000e+00  -1.4582645e-04   2.5896783e-05   2.1358774e-05   1.6015536e-05   1.1302268e-06   4.9883588e-06   9.3392373e-06   7.2661314e-06   3.2026803e-06   1.6699748e-06   1.2961063e-06   8.2158442e-07   7.3902959e-07   9.1929587e-07   9.8452233e-07   1.0754399e-06   3.1755437e-07   2.0267758e-07   1.1324981e-06   6.9054494e-08   5.9192917e-07  -3.8480380e-07
  -0.0000000e+00  -1.5209352e-04   3.2915050e-05   2.1403468e-05   1.5316458e-05   9.5479697e-07   2.8459274e-06   1.1643559e-05   7.3237065e-06   4.9875553e-06   3.2710300e-06   2.1963922e-06   5.8064478e-07   4.9573680e-07   1.5405158e-06   1.0563591e-06  -5.9919262e-07   4.1048813e-07   5.6916466e-08   4.4068727e-07   1.4293761e-06  -2.9860155e-07   9.6193628e-07
  -0.0000000e+00  -1.4981502e-04   2.7398315e-05   2.2908025e-05   1.4701715e-05   5.8387383e-07   6.9512066e-06   9.5981322e-06   7.7551913e-06   3.3748993e-06   1.5977849e-07   1.6267187e-06   1.9989045e-06  -1.3997142e-06   1.3690310e-06   7.9525819e-07   6.8326372e-08  -1.3191839e-06  -1.3385023e-06  -1.5981426e-07  -9.7826000e-07   1.3129671e-06   9.8049247e-07
  -0.0000000e+00  -1.4741698e-04   2.5231155e-05   2.1634702e-05   1.8201652e-05  -1.6337132e-06   3.8914964e-06   1.1731406e-05   5.0501221e-06   1.8745352e-06   3.2350295e-06  -8.1923184e-07   4.0287264e-07   7.6338154e-07   1.8850908e-06   1.4340023e-06   1.5612814e-06   4.3959116e-07   5.4716668e-07   5.6173207e-07  -1.1760263e-06   4.6052918e-07   1.9583601e-06
  -0.0000000e+00  -1.5240612e-04   3.4245921e-05   2.0283151e-05   1.2961205e-05   4.0473819e-06   5.3968733e-06   9.7218890e-06   7.6036840e-06   3.8020096e-06   1.4811385e-06   3.1967245e-06   6.6708066e-07   1.7291629e-07   1.1674025e-06   1.6011710e-06   1.5717483e-06   1.4846138e-06  -8.8652956e-07   1.6396414e-06   5.4598857e-08  -1.1413160e-06   3.7244385e-07
  -0.0000000e+00  -1.4869150e-04   2.6625139e-05   2.1171758e-05   1.6745815e-05   1.1475765e-06   5.1207116e-06   1.1152504e-05   6.3893090e-06   3.5998339e-06   2.2157888e-06   1.5833213e-06   4.5975014e-07   1.6029730e-06  -1.1990874e-06   8.0131048e-07   6.7044942e-07  -2.1274916e-07   1.7891366e-06   1.7394633e-07   9.7856719e-07  -9.8486476e-07   4.9169608e-07
  -0.0000000e+00  -1.5062471e-04   2.7171873e-05   2.0936965e-05   1.5472591e-05  -1.2444672e-08   3.8780536e-06   7.4713025e-06   8.7098424e-06   4.2945981e-06   1.8211249e-06   9.9075926e-08   2.9349060e-06   2.1814567e-06   4.8011856e-07   2.6808078e-07   1.1720800e-07   1.3732874e-06   6.4904629e-07   4.8117542e-08   9.2968787e-07  -5.3353841e-07   1.0034718e-06
  -0.0000000e+00  -1.4866931e-04   2.8140343e-05   2.2471353e-05   1.5942307e-05  -2.7780936e-07   4.0522705e-06   1.2716780e-05   5.8055557e-06   3.9537199e-06   2.0897210e-06   1.5074907e-07   1.7873824e-06   1.2883640e-06   7.8473482e-07   2.0299792e-06   2.8058575e-06  -6.5527115e-07   8.3542079e-07   9.5791631e-07  -6.7271947e-07   1.1828563e-06  -7.3828875e-07
  -0.0000000e+00  -1.4521583e-04   3.3951099e-05   1.8257777e-05   1.2435524e-05   2.9029945e-06   5.7491702e-06   9.2591636e-06   9.1077200e-06   2.4489150e-06   1.0148777e-06   1.4856943e-06   6.6308581e-07   1.5502934e-06   3.1477691e-07   1.9047582e-07  -8.2459032e-08   2.8038610e-07  -3.4447362e-07   1.6489256e-06   8.5509623e-07  -4.7502448e-07  -2.8539642e-07
  -0.0000000e+00  -1.5765533e-04   2.9148134e-05   2.3060540e-05   1.6578697e-05  -1.1695092e-06   4.4677204e-06   1.1883743e-05   6.3405896e-06   6.1017890e-06   3.0975668e-06   9.4492741e-08  -4.1600111e-07   1.3397899e-07   1.6077333e-06  -3.3160208e-07   2.3026195e-07   8.7021021e-07  -6.5738391e-08   2.4207023e-07  -4.9793601e-07   1.9325205e-06  -4.9354247e-07
  -0.0000000e+00  -1.4213211e-04   2.4953886e-05   2.3202776e-05   1.6470596e-05   1.1780693e-06   6.2286517e-06   7.7669783e-06   8.9656805e-06   4.5006695e-06  -9.7441692e-08   2.1496755e-06   5.0965014e-07   1.1749629e-06   2.8885249e-06   9.5956864e-07  -2.7088421e-07  -5.4173665e-07   1.0548699e-06   6.0947571e-07  -4.4701440e-07  -8.9521257e-07  -2.9438453e-07
  -0.0000000e+00  -1.5215800e-04   3.2624073e-05   2.1717306e-05   1.3350037e-05  -1.4971960e-06   5.3519893e-06   9.4039915e-06   6.9594716e-06   3.9150200e-06   3.0491003e-06  -1.7046589e-06   5.1918875e-07   2.0888151e-06   1.5053720e-06   1.1634912e-06   1.6278943e-06  -1.6384377e-07  -5.6440155e-07   1.1506056e-06  -9.1696927e-07  -4.2303327e-07   9.8219220e-07
  -0.0000000e+00  -1.5077455e-04   3.0183353e-05   1.8868468e-05   1.5512540e-05   6.3636007e-06   2.1704211e-06   1.1669676e-05   6.6552680e-06   2.1088672e-06   4.1685366e-06   2.3011989e-06  -8.6861314e-07   3.8801181e-06   3.1987631e-07   1.1779274e-06   4.0372254e-07  -1.0965598e-06   2.3306284e-06  -3.8954005e-07   1.4736265e-06  -6.1114559e-07   3.7011816e-07
  -0.0000000e+00  -1.4878824e-04   2.4577808e-05   2.4236981e-05   1.7075796e-05  -3.9958198e-07   7.8845287e-06   1.1145414e-05   8.6432165e-06   5.2809683e-06  -9.4719752e-08   1.7484944e-06   2.0004927e-06  -2.4670251e-07   2.2461318e-06   1.3756414e-06   1.4145401e-06   6.8085598e-07   4.4209216e-07   1.2303131e-07   8.4099719e-07   8.1925839e-07   1.2790097e-06
  -0.0000000e+00  -1.5022095e-04   3.2860746e-05   2.0512198e-05   1.4712820e-05  -1.9021654e-07   5.0907515e-06   9.7547954e-06   5.9019303e-06   2.4417004e-06   1.3794323e-06   2.4010760e-06  -4.5090193e-08   2.0838515e-06   7.2974888e-07   1.3489031e-06  -1.2447294e-06  -1.0324782e-06  -6.3908561e-07   1.4641791e-06  -1.7377982e-07   5.7001483e-07   2.3798235e-07
  -0.0000000e+00  -1.4866963e-04   2.6247901e-05   2.1602162e-05   1.8413388e-05   3.9038405e-06   6.5291488e-06   9.2948922e-06   5.9896520e-06   4.9777004e-06   3.1318425e-06  -9.2052608e-07   2.2789129e-06   1.2316078e-06   3.4906188e-06   1.0137430e-06   3.7452619e-07   1.0478495e-06  -1.0823305e-06  -3.0375429e-07   8.3770637e-08  -5.3316111e-08  -1.4119347e-06
  -0.0000000e+00  -1.5266499e-04   2.8362672e-05   2.3120861e-05   1.1930290e-05   1.7949374e-06   4.5742163e-06   1.0762564e-05   5.4462480e-06   1.5537787e-06   3.3650858e-06   1.3820807e-06   1.0140152e-06  -7.9102094e-08   6.9963414e-07   6.4088016e-07  -5.2815491e-08   3.6199032e-07   1.2993238e-06   6.9048076e-07   5.9065428e-07   4.8489119e-07   1.0018050e-06
  -0.0000000e+00  -1.4572241e-04   3.1204665e-05   1.8835175e-05   1.5435575e-05   1.7334098e-06   2.2797287e-06   9.7350639e-06   8.6634509e-06   1.6962978e-06   2.1041790e-06   1.7757810e-06  -7.3327527e-07  -2.9267932e-07   6.5717876e-07  -5.1201664e-07  -1.6041849e-07  -1.0050682e-06   3.6337076e-07  -1.6275853e-06   4.1614655e-07  -8.4323057e-07  -1.1834552e-06
  -0.0000000e+00  -1.4694587e-04   2.4049479e-05   2.2886978e-05   1.7040040e-05  -3.1754499e-07   8.9774294e-06   8.8584720e-06   7.1621089e-06   7.8310795e-06   2.9003944e-08   1.5869145e-06   2.4979802e-06   2.0329835e-06   1.8509395e-07   2.4326946e-06   1.1845955e-06  -7.3004045e-08   4.8692198e-07   1.3668233e-06   1.3553074e-06   1.1330128e-06  -7.5622404e-07
  -0.0000000e+00  -1.5565453e-04   3.5727749e-05   1.8107665e-05   1.4439742e-05   2.7866975e-07   2.9597754e-06   1.0444178e-05   8.6137088e-06   1.0510524e-06   3.3712456e-06   1.1893153e-06   1.3645008e-06   8.3554494e-07   7.5048723e-07   1.0078040e-06   6.1672563e-07  -2.8567027e-07   3.9998838e-07   8.8900492e-07   1.6133326e-06   2.5053757e-07  -5.2849367e-07
  -0.0000000e+00  -1.4777508e-04   2.5956100e-05   2.5035248e-05   1.5570142e-05  -2.5174913e-06   6.2143381e-06   1.2161677e-05   6.9838320e-06   4.0916116e-06   1.2845904e-06   2.1109470e-06  -1.1000440e-06   4.9176663e-07   1.2343151e-06  -4.9653102e-07   1.6133587e-08   1.6997550e-08   2.5335655e-07  -1.1387258e-07  -1.4795338e-06   1.3013874e-06   1.9347860e-06
  -0.0000000e+00  -1.4638805e-04   2.8820106e-05   2.0669020e-05   1.6690161e-05   2.0099712e-06   5.2274004e-06   6.0315524e-06   8.8188162e-06   3.8674534e-06   2.7729250e-06   1.8543144e-06   7.4599046e-07  -2.8023632e-07   6.3374108e-07   1.7132869e-06   5.8518089e-07   1.4001243e-06   1.7394634e-06  -5.4764661e-07  -1.0711332e-06   8.5705335e-07  -6.0325510e-07
  -0.0000000e+00  -1.5152844e-04   3.0075724e-05   1.9888850e-05   1.5703856e-05   1.9444698e-08   7.3364890e-06   8.2799506e-06   6.5541581e-06   6.6979683e-06   1.6522368e-06   9.0844065e-07   1.8366712e-06   8.3922441e-07   2.0989628e-06   1.3592594e-06  -1.8966443e-07   1.2452236e-06   5.2515946e-07   1.2709041e-06  -3.8746601e-09   9.8963810e-08   2.5624277e-07
  -0.0000000e+00  -1.5206198e-04   2.9361674e-05   2.1836924e-05   1.5317128e-05  -4.1913618e-06   5.6444815e-06   1.1304644e-05   8.2092647e-06   2.2210259e-06   2.3637841e-07   1.5392196e-06   1.9419667e-06   1.6140292e-06   1.3252508e-06   9.5599569e-07  -2.5942333e-07  -6.3805265e-07   2.0170043e-07   5.5821283e-07   1.0002661e-06  -1.1268892e-07  -1.0368494e-07
  -0.0000000e+00  -1.4586278e-04   2.8233182e-05   2.0198760e-05   1.7238879e-05   5.9002273e-06   2.8411063e-07   9.5788573e-06   7.4489094e-06   1.6669231e-06   5.6153881e-06   3.5378332e-06   2.8908519e-07   6.0083232e-07   1.4551913e-06   1.1300173e-07  -2.1838783e-07  -3.1670555e-07   7.3231541e-07  -3.5219676e-07   3.6448672e-08   1.0604938e-06   6.8512804e-07
  -0.0000000e+00  -1.4947231e-04   2.8686516e-05   2.1178144e-05   1.5839565e-05  -1.6700104e-06   9.4374145e-06   7.5499265e-06   6.5798472e-06   5.1804041e-06   4.7523582e-07   1.5760411e-06   1.5935497e-06   1.9844115e-06   1.0194883e-06   1.2554689e-07   1.0038426e-06  -5.4359037e-07   8.8802756e-07   6.1537327e-07   6.9263382e-07  -9.3423785e-07   9.3752152e-07
  -0.0000000e+00  -1.4528264e-04   2.7893917e-05   2.6309192e-05   1.3407739e-05   1.2055236e-06   2.6121147e-06   9.1455786e-06   8.3751302e-06   3.5991388e-06   3.0879708e-06   2.3625028e-06   3.2846955e-07   9.9315071e-07   2.2899831e-06   3.0905271e-06  -1.1391175e-07  -1.2105942e-06   6.6633947e-07   1.5677831e-06  -1.0366001e-06   4.8067892e-07   8.6960362e-08
  -0.0000000e+00  -1.5543670e-04   3.4430970e-05   1.9830773e-05   2.0793570e-05  -1.7855085e-06   6.9211737e-06   8.3636914e-06   7.2134385e-06   2.1990238e-06   2.8960542e-06  -1.0151228e-06   1.3319896e-06   1.8612486e-06   1.3019055e-06  -1.0040562e-06   2.4683843e-07   7.0409044e-07  -8.4028068e-07  -1.5224006e-06   4.6673227e-07  -4.2640571e-07   2.6866317e-07
  -0.0000000e+00  -1.4216329e-04   2.4125762e-05   1.9535233e-05   1.3024138e-05   3.0584288e-06   4.1220333e-06   1.0790741e-05   6.9938283e-06   4.0546392e-06  -7.3132094e-07   1.8734106e-06  -9.0666560e-08   1.5938020e-06   1.0577284e-06   3.8449511e-07   1.6283635e-06   1.7886446e-06  -4.8704845e-07   1.9061968e-06  -4.3630514e-08   3.6950445e-07   9.9978377e-07
  -0.0000000e+00  -1.5532979e-04   3.2335229e-05   2.4285766e-05   1.3660387e-05   1.0674984e-06   4.7250073e-06   9.7619513e-06   5.6540330e-06   4.0145601e-06   4.5021052e-06   1.5999860e-06   1.6651668e-06   1.8704109e-06  -5.9039724e-07   2.2491065e-06   6.1514572e-07  -1.9869942e-06   2.4318128e-06   1.9513206e-07   5.6905134e-07  -3.6567974e-07   5.2048443e-07
  -0.0000000e+00  -1.4765261e-04   2.9191859e-05   2.2699314e-05   1.5923835e-05  -1.4292661e-06   7.0846886e-06   1.0680490e-05   6.3921789e-06   4.7787739e-06   1.4695951e-06   3.5615687e-06   1.0325720e-06   1.5148773e-06   6.2781311e-07   8.8626723e-07  -8.4906543e-07   2.6152020e-07  -7.6311011e-08   6.5938863e-08   4.4610442e-07   1.1424290e-06   6.9326416e-07
  -0.0000000e+00  -1.4857267e-04   2.9198571e-05   1.4699099e-05   1.9698889e-05   1.6450493e-06   1.8979055e-06   8.0446525e-06   9.2806940e-06   2.9866253e-06   2.4014344e-06   2.5880404e-06   2.0964033e-06   2.0774669e-06  -1.3984919e-06  -7.7660054e-08  -1.3178543e-07   6.8151689e-07   1.5841961e-06  -2.1063080e-07   1.2140222e-06   1.0587139e-06  -4.7192518e-07
  -0.0000000e+00  -1.4846653e-04   2.8565933e-05   2.5713654e-05   1.0584378e-05   1.7537452e-06   2.8727966e-06   1.1255582e-05   6.7958276e-06   2.8931725e-06   3.2496901e-06   3.9416321e-07   2.6794644e-06   1.7501285e-06  -3.4640004e-07   3.6664125e-07   1.6843455e-06   5.8730029e-07  -1.4983711e-07  -4.3289404e-07  -6.0853557e-07  -4.5013545e-07  -5.7974285e-07
  -0.0000000e+00  -1.5117641e-04   3.0510342e-05   1.9965832e-05   1.6802685e-05  -1.2867536e-06   1.0080569e-05   7.4491741e-06   7.6767974e-06   3.2725038e-06   3.4746013e-06   2.7150083e-06   2.8554840e-07  -1.6531258e-07   1.5910917e-06   1.6486391e-06   1.2948962e-07  -1.0242798e-06   3.6182456e-07   4.8587731e-07  -1.1057904e-06   5.2945802e-07  -3.6707308e-07
  -0.0000000e+00  -1.4777035e-04   2.6571535e-05   2.2222455e-05   1.3341395e-05   1.6031142e-06   5.9505652e-07   1.1763951e-05   4.3519494e-06   4.8940633e-06   3.0256115e-06   1.0933234e-06   1.6875758e-06   1.1504756e-06  -7.1845915e-07  -1.7666071e-07   2.4868189e-08   1.2295559e-06   7.4054066e-07  -2.7020354e-07   1.7317197e-06   1.3478596e-06   4.8802906e-07
  -0.0000000e+00  -1.4863776e-04   3.4342476e-05   1.5687247e-05   2.0750476e-05  -1.0996714e-06   6.7313704e-06   9.8632327e-06   8.5417614e-06   5.0313197e-06   2.1497631e-06   1.7306239e-06   1.0931467e-06  -1.4145497e-06   2.4060339e-06   4.5595326e-07   1.0925548e-07   1.3478952e-06  -1.1497987e-06  -3.2507239e-07  -5.3471240e-07   4.0373649e-07  -7.0442269e-07
  -0.0000000e+00  -1.4738779e-04   2.3511391e-05   2.7419481e-05   1.1961329e-05   2.2078739e-06   5.9334548e-07   1.0220620e-05   5.5031255e-06   3.3349002e-06   3.2702071e-06  -9.6928852e-07   2.5190111e-06   2.5767522e-06  -2.4704167e-07   6.6855978e-07  -8.7409194e-07  -4.7540883e-07   9.6459087e-07   1.0630574e-06   3.8482062e-07   9.4324923e-07   7.3077786e-08
  -0.0000000e+00  -1.5289003e-04   3.2307045e-05   2.0004562e-05   1.4385501e-05  -1.9232186e-06   8.4319099e-06   9.3757662e-06   8.5585043e-06   4.5327406e-06   1.6230788e-06   3.1539455e-06   6.5881801e-07  -7.7055597e-07   2.4157880e-06   5.9964049e-07   1.7768280e-06   3.2925200e-07   1.1262897e-07   6.8980580e-07  -8.0127256e-09  -1.4066318e-06   4.1478705e-07
  -0.0000000e+00  -1.4357497e-04   2.8805962e-05   2.1030319e-05   2.0754585e-05   3.0281143e-07   4.4546896e-06   1.0040825e-05   5.1708666e-06   4.6709783e-06   4.4699027e-07   4.8032337e-07   2.3921505e-06   1.6994820e-06   5.5594393e-07   5.4008149e-07  -1.0394083e-06   1.3117431e-06   1.8303209e-06  -1.5112025e-06   4.2228132e-07   5.3444603e-07  -5.1352248e-07
  -0.0000000e+00  -1.5345415e-04   3.3392131e-05   1.7745084e-05   1.4776529e-05   2.6590601e-06   3.4148950e-06   8.7753642e-06   1.0066345e-05   2.6282623e-06   3.3043741e-06   1.3291971e-06   1.1045940e-06  -7.5144030e-08   3.7019328e-07   7.5039208e-07   1.4290073e-06   9.1989040e-07  -7.1518576e-07   7.7166442e-07   6.8150979e-07   3.3054082e-08  -1.1638688e-08
  -0.0000000e+00  -1.4882589e-04   2.5128384e-05   2.3731478e-05   1.3574368e-05   3.4552906e-07   4.3483465e-06   1.2835818e-05   3.7401012e-06   3.8157837e-06   9.5336998e-07   5.6858920e-07   1.5785108e-06   4.6202430e-07   4.1180607e-07   1.3277660e-06  -5.1227875e-07   2.3690391e-06   6.2834084e-07   1.0914041e-06   4.3399311e-07  -3.6135745e-07   7.1337081e-07
  -0.0000000e+00  -1.4752828e-04   3.1199252e-05   2.1113410e-05   1.6777190e-05   1.7782932e-06   6.1889177e-06   7.1145350e-06   9.2520268e-06   3.5163687e-06   5.9111767e-06   8.5031888e-07  -1.6240777e-07   1.0750292e-06   1.9049447e-06   1.6613585e-06   1.4717988e-06  -2.3126606e-06  -4.6126308e-07   1.9034097e-06   2.4162674e-07  -2.4466505e-07  -1.0869799e-06
  -0.0000000e+00  -1.4948541e-04   2.7128228e-05   2.0503519e-05   1.3739206e-05   7.8653812e-07   2.8041827e-06   1.1637465e-05   4.7517433e-06   5.0759795e-06   6.9436936e-08   3.7574225e-06   8.0360638e-07   2.3931193e-06  -6.1630118e-07   4.7246061e-07   6.8982797e-07   5.6695006e-07   6.0761977e-07   1.0853595e-06   1.2021505e-06  -2.4251108e-07  -1.8688868e-07
  -0.0000000e+00  -1.5206427e-04   3.1530166e-05   1.7769873e-05   1.8498071e-05   3.4455391e-07   7.6703254e-06   1.2212640e-05   8.1827457e-06   4.6616137e-06   3.7378854e-06   2.3070466e-07   1.2786652e-06   1.2741297e-06   1.3716381e-06   1.0621828e-06   2.5469867e-06  -1.1351689e-07   8.0129121e-07   1.4548741e-06   1.0715314e-06   5.4180322e-07  -3.4782826e-07
  -0.0000000e+00  -1.4910138e-04   2.7906020e-05   2.7771914e-05   9.9330136e-06   2.9377888e-06   5.7281918e-06   8.2880297e-06   5.8054661e-06   3.8815006e-06   1.5382356e-07   3.0652418e-06   2.8129983e-07   5.2243973e-07  -1.4074130e-06  -2.3605077e-07   1.2642842e-07   1.2326124e-06   3.1797111e-07  -2.4511345e-07  -3.2383241e-07  -2.0708197e-07   3.6181359e-07
  -0.0000000e+00  -1.4805883e-04   2.8607648e-05   1.5410626e-05   2.0565452e-05  -2.1952776e-06   4.8812726e-06   1.2366534e-05   8.5785150e-06   1.3908369e-06   3.0080580e-06   1.3026003e-06  -6.3225492e-08   1.3120646e-06   1.5502304e-06   5.2366357e-07   5.0414917e-07   1.4223489e-06  -8.0284162e-09  -1.1198770e-06  -8.3528903e-07   6.1674291e-07  -8.6623078e-07
  -0.0000000e+00  -1.4733557e-04   2.9608367e-05   2.1599002e-05   1.1569927e-05   2.4274948e-07   5.2273267e-06   8.4273543e-06   5.5343326e-06   2.8501163e-06   1.7303843e-06   2.3649629e-06   4.2355524e-07   2.9131349e-06  -3.2260499e-07   1.1083494e-06   7.0716237e-07   1.6092368e-06  -8.4421112e-07   3.3467541e-07   5.6154352e-07  -1.3594142e-07   1.5246882e-06
  -0.0000000e+00  -1.5582856e-04   3.0465477e-05   2.1412883e-05   1.7892606e-05  -4.0507496e-07   7.3930464e-06   7.3775891e-06   7.1950894e-06   5.2289406e-06   3.5655614e-06  -2.8426837e-07   3.1891823e-06   1.3161113e-08   1.4315353e-06   1.7350079e-06  -3.3239519e-07  -1.5645521e-06   1.0032803e-06  -2.0586444e-07   1.1735053e-06   1.0148217e-06  -9.6199699e-07
  -0.0000000e+00  -1.4370131e-04   2.7491995e-05   1.9408330e-05   1.1131963e-05   2.0486229e-06   4.0607483e-06   1.2259088e-05   5.4799784e-06   6.7654569e-06  -4.9424017e-07   2.5997392e-06   2.6901702e-07   1.9883341e-06  -6.9729731e-07   1.2346869e-06   3.4612336e-07   1.1516513e-06   1.1191513e-06   8.7942902e-07  -2.8564432e-07  -8.2560081e-07  -4.7291266e-07
  -0.0000000e+00  -1.5394695e-04   2.8314693e-05   2.4148983e-05   1.7788707e-05  -2.7864271e-06   7.3153738e-06   9.5741216e-06   7.6170691e-06   2.0459534e-06   5.4114826e-06   1.8752858e-06   1.1072145e-06  -1.0846140e-06   6.6180348e-07   1.6653712e-06   4.2871415e-07  -1.3089156e-06   5.8979072e-07   8.8609210e-07   1.2479205e-07   1.2006612e-06  -2.0881829e-07
  -0.0000000e+00  -1.4465462e-04   3.0767678e-05   1.8260027e-05   1.6239619e-05   4.8406368e-06   2.4856515e-06   1.2324534e-05   6.9076527e-06   2.7902183e-06   2.5920247e-06   1.5146285e-06   9.5475889e-07   2.8262289e-06   2.0287310e-07  -2.9346796e-07  -9.9975443e-07   1.8104599e-06   1.2791277e-06   7.2212839e-07   1.0828575e-06  -1.0970331e-06  -3.0992976e-07
  -0.0000000e+00  -1.5623341e-04   2.7424900e-05   2.0671101e-05   1.7348882e-05  -3.2903965e-06   9.3987501e-06   6.6571483e-06   8.2970791e-06   3.9990987e-06   4.6067885e-06   3.6422313e-07   1.5990057e-06   2.5067061e-06   1.7493624e-06   1.3804233e-06   9.7246027e-07   1.8059806e-08   8.2553248e-07  -3.9768210e-07   4.2439581e-07   1.4499841e-06   9.5382291e-07
  -0.0000000e+00  -1.4313702e-04   2.6913067e-05   2.1863987e-05   1.3714090e-05   6.1048354e-06   1.4999699e-06   1.2270190e-05   6.7072237e-06   3.7080092e-06   9.0634006e-07   2.1751948e-06  -6.9015596e-07   1.2440815e-07   1.5037294e-06   6.1051793e-07   1.2072494e-06   1.8039661e-06  -5.4340109e-07  -9.0150257e-07  -9.4943147e-07  -6.9266571e-07   2.1749760e-07
  -0.0000000e+00  -1.5345945e-04   3.2368745e-05   1.9733943e-05   1.7957691e-05  -3.0224908e-06   3.9875208e-06   1.0635913e-05   6.9878220e-06   4.1560506e-06   2.4985272e-06   4.6820648e-07   1.2482694e-06   5.5744209e-07   1.0729303e-06   1.6841163e-06   7.0769448e-07   3.1131881e-07   4.1619231e-07   3.6213086e-07  -1.0417626e-06   9.0008837e-07   2.0453881e-07
  -0.0000000e+00  -1.4719354e-04   2.8177312e-05   2.0858577e-05   1.2034273e-05   2.0269417e-06   5.4218981e-06   7.4988898e-06   6.9768394e-06   4.4001595e-06   3.1825815e-07   2.8852232e-06  -1.5515533e-07   1.9391734e-06   1.1922241e-06   1.7613635e-06   5.4827262e-07  -4.1315985e-07  -1.1496401e-06  -8.9285140e-07   1.5835612e-06   6.7842217e-07   1.4006989e-06
  -0.0000000e+00  -1.4846640e-04   3.0243893e-05   1.9042274e-05   1.9582427e-05  -2.0744706e-06   6.2933750e-06   1.1654601e-05   9.9181671e-06   1.6679930e-06   2.9911037e-06  -7.2168609e-07   3.4694372e-06  -9.3736148e-08   2.1136877e-06  -4.9277897e-08  -8.7056185e-07   9.5804955e-07  -3.8653525e-07   5.5272204e-07   6.5484625e-07  -2.5190462e-07   1.6635105e-06
  -0.0000000e+00  -1.4775665e-04   2.6961541e-05   2.5115243e-05   1.2430579e-05   3.3721074e-06   2.5441027e-06   9.2122273e-06   6.0240909e-06   4.9563796e-06   8.2479681e-07   3.8187900e-06   1.6694484e-07   1.5760933e-06   6.0293638e-07   6.3078630e-07   1.8132858e-06   4.1170537e-07   2.3599898e-07  -1.2399185e-07  -3.2451698e-07   2.7856694e-07   4.4186359e-07
  -0.0000000e+00  -1.5278689e-04   3.0757914e-05   1.7142964e-05   1.8931834e-05   9.6645135e-07   7.4383820e-06   1.1464454e-05   8.2549386e-06   3.5374876e-06   2.3225489e-06   9.6844587e-07  -6.7866944e-07  -2.0239852e-07  -1.2122144e-08   4.2872830e-07   1.2961118e-08   1.7969113e-06   1.9486274e-08  -1.4250408e-06  -5.2935957e-07   9.1697501e-07  -1.2084539e-06
  -0.0000000e+00  -1.4777071e-04   2.7810735e-05   2.4467130e-05   1.2917608e-05   1.2538693e-06   5.0102676e-06   1.0936017e-05   6.9461885e-06   3.5148253e-06   1.0593020e-06   9.9869771e-07   7.4307161e-07   8.4258716e-08   2.1569135e-06  -7.3580492e-07   7.2253073e-08   1.1651194e-06   6.4827418e-07   1.7998535e-07   3.5096349e-07   2.9254414e-07   7.2134509e-07
  -0.0000000e+00  -1.5006460e-04   2.9426126e-05   1.9562338e-05   1.4174881e-05  -9.8626799e-08   5.6486692e-06   7.2406260e-06   9.3646140e-06   3.6435849e-06   4.4379576e-06   6.0684738e-07   5.9100877e-08   1.0711284e-06   8.8987179e-07   2.3342859e-06   7.0844055e-07  -6.2777599e-07   1.8020012e-06   7.7213286e-07  -1.4323213e-07  -4.5224712e-07   2.6215574e-07
  -0.0000000e+00  -1.4680401e-04   2.3901110e-05   2.2529182e-05   1.4730302e-05   2.8721372e-06   3.9746519e-06   1.2297811e-05   5.4969751e-06   4.3479286e-06   4.0483524e-06   1.1530805e-06   3.3018252e-06   2.3886137e-06   8.8172220e-07  -1.3062380e-06   9.3436807e-07   4.6904201e-08  -6.6022267e-07   1.0621906e-06   1.2046415e-06   2.9652469e-07  -8.3901462e-08
  -0.0000000e+00  -1.5176476e-04   3.3132084e-05   1.9395093e-05   1.7485676e-05   9.5902510e-07   1.8689536e-06   9.5169753e-06   9.2581122e-06   3.4290858e-06   1.5068588e-06   6.2972106e-07   3.5487250e-07   9.4545635e-07   1.4016035e-06   8.0953919e-07  -1.1398792e-07   8.0647749e-07   1.5108227e-06  -1.4502813e-06  -8.9685912e-08   1.1101329e-06   7.8502772e-08
  -0.0000000e+00  -1.4612603e-04   2.9284076e-05   2.2905553e-05   1.3814382e-05   6.9896646e-07   5.7554989e-06   1.4430818e-05   4.8292018e-06   5.0177309e-06   1.4781073e-06   5.9726113e-07   1.0088731e-06   1.8106699e-06   1.0041414e-06   2.5947713e-06  -4.1004165e-07   2.3713078e-07   1.0801374e-07  -1.4398653e-06  -3.7998225e-07   1.5927146e-06   3.8554754e-07
  -0.0000000e+00  -1.5037760e-04   3.0224826e-05   2.0461839e-05   1.6065314e-05   1.7450826e-06   6.2381605e-06   7.7900477e-06   8.4603798e-06   4.6392743e-06   4.1882104e-06   1.8006435e-06  -8.9325248e-08  -8.2789761e-08   1.8239705e-06  -2.4103963e-07   9.5151341e-07  -2.4198452e-09  -1.1133776e-06   1.1088638e-06   9.5671817e-07  -1.0417283e-06   1.3326570e-06
  -0.0000000e+00  -1.4787276e-04   2.5698428e-05   2.1666103e-05   1.6582158e-05   1.3676334e-06   3.2653340e-06   1.1745422e-05   6.4970955e-06   1.3844852e-06   2.1102937e-06   2.9681041e-06   1.1186663e-06   1.8187247e-06   6.6593924e-07   2.1325432e-06   1.3342741e-08   1.1444000e-06   1.6234926e-06  -3.9037420e-07  -1.0182525e-06   4.6743369e-07  -2.5275222e-07
  -0.0000000e+00  -1.4950591e-04   3.3321801e-05   2.1215690e-05   1.4864968e-05   1.5707174e-06   5.8948185e-06   8.3611385e-06   8.4295625e-06   5.2445830e-06   2.2333570e-06   1.3701707e-06   1.8675310e-06   4.5194238e-07   1.0674768e-06   9.7103680e-07   6.9992370e-07  -5.1133422e-09  -8.7340055e-07   5.4100201e-07   1.3406858e-06   6.4632218e-07   1.1884205e-06
  -0.0000000e+00  -1.4966955e-04   2.5733903e-05   2.2779803e-05   1.4004399e-05   1.2578873e-06   3.5346686e-06   1.1418538e-05   5.4503162e-06   3.1673278e-06   2.4284689e-06   1.0485927e-06   1.1017180e-06   1.7679040e-06  -3.4308201e-07   1.1404677e-06  -1.9021128e-07  -1.2225290e-06   7.1058520e-07   1.9244429e-07   2.7046812e-07  -1.2255143e-06  -9.5188409e-07
  -0.0000000e+00  -1.4903245e-04   3.1172283e-05   1.9001080e-05   1.6765178e-05   1.6278669e-07   4.6071946e-06   8.5945794e-06   6.9103767e-06   5.9833287e-06   2.4605124e-06  -3.5775901e-07   2.1831538e-06   1.6748927e-06   2.8488473e-06   2.2462555e-07   7.9339861e-07   7.5632954e-07  -4.9725855e-07  -1.9321563e-07   1.0907280e-06  -1.2184451e-07  -6.8672358e-07
