  -0.0000000e+00  -1.3381825e-04   3.2441480e-05   2.2937573e-05   1.2910241e-05   1.1859461e-06   3.1693758e-06   7.3347219e-06   5.7799398e-06   2.9604405e-06   2.1467586e-06   2.7858380e-06   3.3397504e-07  -2.7089786e-07  -1.2299600e-06   1.1343777e-06   5.9961349e-07   1.0116227e-06   4.6151851e-07   1.3832987e-06  -8.1793962e-07  -6.9166151e-07  -1.5248554e-07
  -0.0000000e+00  -1.3184501e-04   3.2726479e-05   1.7024699e-05   1.2767186e-05   1.2941864e-06   4.9213786e-06   6.3551884e-06   6.3362236e-06   1.9438130e-06   1.6606635e-06   5.4958264e-07  -3.1258492e-07   7.3101802e-07   1.2819090e-06  -5.7848536e-07   2.2918737e-06   2.1536103e-08   8.1361748e-07  -3.3629370e-08  -6.5906016e-07   6.4894090e-07   5.6957754e-07
  -0.0000000e+00  -1.3171091e-04   3.1851654e-05   2.2655488e-05   1.3727661e-05   1.7441420e-06   4.8714624e-06   6.4139317e-06   3.2931578e-06   3.6569859e-06   2.1129824e-06   6.6659294e-07   1.5927566e-06   4.7425101e-07   9.8555768e-07   1.5375030e-06  -8.9918285e-07  -1.0857065e-06  -6.4200162e-07   8.7813726e-07   3.2293187e-07   7.1050238e-07  -3.4281004e-07
  -0.0000000e+00  -1.3288089e-04   3.5023197e-05   1.7639550e-05   1.4562718e-05   4.4399917e-07   2.5373256e-06   7.8287821e-06   5.0005474e-06   2.6250918e-06   8.0431278e-07   1.2327882e-06   1.7204900e-06   9.3095400e-07   1.7046251e-06   7.6250916e-07   6.0812715e-07   1.0450101e-06   2.2212348e-06  -3.5305990e-07   7.4339050e-07  -2.7154778e-07   1.9833818e-07
  -0.0000000e+00  -1.3391988e-04   3.0693725e-05   1.8963266e-05   1.2519210e-05   1.0657467e-06   3.1795578e-06   8.9462092e-06   6.9498865e-06   2.8308550e-06   2.1239237e-06   1.7947597e-06   1.1152438e-06   2.4719878e-07   1.2450853e-07   1.6051987e-06  -5.0321745e-07  -2.7967099e-07  -1.2453045e-06   3.3300557e-07   4.8442104e-07   6.0464112e-07  -1.0382486e-06
  -0.0000000e+00  -1.3121101e-04   3.3775115e-05   2.1008811e-05   1.3772437e-05   3.1906297e-06   3.6982133e-06   6.2358672e-06   5.9095723e-06   1.3664456e-06   1.4873743e-06   6.7461980e-07   2.3717851e-06   8.5583844e-07  -9.2108633e-07   1.0268085e-06   1.7071970e-06   1.9073161e-07   2.8553957e-08   4.0488038e-07   1.0368877e-06  -1.2118954e-07   7.7774274e-07
  -0.0000000e+00  -1.3020878e-04   2.9885865e-05   2.0662344e-05   1.2179149e-05  -4.9087936e-07   5.9286463e-06   8.3380792e-06   6.0250886e-06   4.2487550e-06   6.6820013e-07   8.8545193e-07   5.1396847e-07   4.6752504e-07   1.3551399e-06   2.0793948e-06  -7.5888209e-07   8.2040117e-08  -7.5463937e-09   4.2996501e-07   4.8430916e-08   7.1533549e-07   7.7414330e-07
  -0.0000000e+00  -1.3578818e-04   3.2093940e-05   1.8633893e-05   1.2891845e-05   8.1324124e-08   1.4625780e-06   7.2830380e-06   4.1134667e-06   2.4449853e-06   1.2089665e-06   6.8825261e-07   1.8040535e-06   1.1194708e-06   1.3436344e-06   4.5642460e-07   8.0409836e-07   3.4924818e-07  -3.3787734e-07   1.1496991e-06   5.1338787e-07   2.9903478e-07  -1.1846166e-06
  -0.0000000e+00  -1.3146260e-04   3.3783494e-05   2.1354754e-05   1.2085655e-05   3.8885619e-06   3.7033251e-06   9.3088984e-06   6.8226227e-06   2.2753973e-06   2.8609500e-06   8.6758456e-07  -9.3727181e-07   3.8861410e-07   1.4421376e-07   8.5375365e-07  -2.1998956e-08  -2.1625617e-07  -3.6351732e-08  -1.5055026e-06   3.8094794e-07  -5.8440418e-07  -4.6404486e-07
  -0.0000000e+00  -1.3428375e-04   3.0849922e-05   1.9416771e-05   1.2764497e-05  -1.3934649e-06   4.0402515e-06   6.9039106e-06   4.2357792e-06   3.6049964e-06   2.4582091e-06   1.1687675e-06   2.4624915e-06  -2.4006482e-07   9.6252552e-07   1.2890388e-06   9.7949476e-07  -8.8710061e-07  -5.5698831e-07   9.4120702e-07   1.3583235e-06  -1.1352923e-06  -8.1506738e-07
  -0.0000000e+00  -1.3011173e-04   3.1937543e-05   1.7289045e-05   1.4240754e-05   1.1565704e-06   2.2344045e-06   8.5900601e-06   6.2617560e-06   1.0520532e-06   2.6563243e-06   1.0510335e-06  -1.2055463e-06  -8.4298627e-08   4.8332197e-07  -2.7098397e-07  -1.9840735e-08   6.9178350e-07   1.0821508e-06   1.1199518e-06   2.0616237e-07   7.8005843e-07   4.6293945e-07
  -0.0000000e+00  -1.3344939e-04   3.1915992e-05   1.9020779e-05   1.3744339e-05  -8.4456531e-09   3.8640937e-06   1.0094190e-05   5.0735734e-06   4.7284288e-06   3.0207434e-06   1.2350914e-06   1.1132789e-06   1.8621777e-06   5.0209542e-07  -1.7932544e-07  -9.7660070e-08   5.7181251e-07   1.7191484e-06   2.2431580e-07   5.2250437e-07   1.2128646e-06   1.1329622e-06
  -0.0000000e+00  -1.3325614e-04   3.4149190e-05   1.9457224e-05   1.2647985e-05   2.8879535e-06   1.9919848e-06   6.2188292e-06   4.5510760e-06   2.6431119e-06   1.9063655e-06   4.5260543e-07   1.6631326e-06   1.6204025e-06   1.3126922e-06   1.0361856e-06  -1.5562534e-07   1.1573114e-07  -1.3172011e-06   1.0845637e-06  -1.2013766e-06   1.1078926e-07  -9.3940929e-07
  -0.0000000e+00  -1.3498310e-04   2.9460298e-05   2.1993255e-05   1.2375451e-05   2.7955093e-06   6.0442540e-06   8.0328919e-06   6.6479274e-06   3.4884156e-06   6.1364591e-07   1.1323588e-06   1.7280638e-06   1.5702909e-06   5.6489716e-07   8.2580004e-07  -4.4882018e-08   4.5239017e-07   1.6981874e-06  -1.6280940e-07   8.6619104e-07   1.4547356e-07   3.6718401e-07
  -0.0000000e+00  -1.2878265e-04   3.2314725e-05   1.8316869e-05   1.3736952e-05   9.0673916e-07   3.3283436e-06   5.4975562e-06   4.5967263e-06   1.0411958e-06   2.8452785e-06   1.4617501e-06  -3.9165383e-07   4.2308272e-07   5.2604412e-07  -4.5024361e-08   3.7369691e-07   3.2394146e-07  -1.4164220e-06  -7.0009878e-07  -1.5135739e-06   6.8530341e-07   5.3277620e-07
  -0.0000000e+00  -1.3494561e-04   3.4354391e-05   1.9543462e-05   1.5053764e-05  -9.9799433e-07   4.0618929e-06   1.0635643e-05   7.8726180e-06   2.7893934e-06   3.0292447e-06   1.6257242e-06  -6.3007741e-07   5.3938953e-07   1.0332006e-06   2.3776713e-06   1.3400693e-06  -7.7266907e-07  -1.9292219e-07   4.8778628e-07   2.3589396e-06  -1.0679139e-06  -3.0752350e-08
  -0.0000000e+00  -1.3191797e-04   3.0183464e-05   2.0644098e-05   1.3118361e-05   2.8273080e-06   4.6159566e-06   7.3239194e-06   2.0646178e-06   2.7412123e-06   1.4746878e-06   2.9141493e-06   6.2028431e-07   3.4391329e-07   1.1838723e-06  -1.4587759e-07  -8.7289237e-07   8.1705065e-07   1.1745856e-06   1.1380532e-06  -7.4671374e-07  -3.6541135e-07   1.1492301e-06
  -0.0000000e+00  -1.3121266e-04   3.1400166e-05   2.0085596e-05   1.4935639e-05   9.9819022e-07   3.8607668e-06   9.4626557e-06   3.8172320e-06   3.6797637e-06   2.3857731e-06   1.8546039e-07  -3.0927629e-07   6.3752037e-07   1.9280765e-06  -1.6234016e-07  -2.7160891e-07  -6.6884536e-07   1.6142022e-06   2.9234357e-07   1.5108712e-07  -1.1211953e-06   2.7330506e-07
  -0.0000000e+00  -1.3086865e-04   3.0915271e-05   2.2027578e-05   1.3607209e-05  -5.4604817e-07   5.9979761e-06   8.1938042e-06   4.7427875e-06   6.2289485e-07   1.8099772e-06   1.1017836e-06   1.2954738e-06   1.6900027e-07   1.6035242e-06  -2.6418007e-07  -1.8627674e-07   8.6196133e-07  -5.3441505e-07   1.2733087e-06  -4.4426224e-07   4.2462815e-07   6.2242032e-07
  -0.0000000e+00  -1.3521977e-04   3.6521735e-05   1.7148015e-05   1.5432144e-05   8.1842973e-07   3.3272538e-06   4.9765908e-06   7.1729878e-06   3.2525541e-06   2.9770654e-06   1.5336800e-06  -1.5710880e-06   1.4269577e-06   3.3970088e-07   6.4615726e-08   1.1489480e-07   2.7995279e-07   3.8428357e-07   2.4038874e-07   7.9595713e-07  -4.8857157e-08  -7.6042869e-07
  -0.0000000e+00  -1.3295012e-04   3.0254010e-05   2.2339895e-05   1.3030792e-05   1.5299094e-06   5.3764484e-06   7.6184633e-06   5.6590734e-06   2.0058760e-06   7.3531146e-07  -1.0590155e-06   1.4367907e-06   1.2140380e-06   1.6619346e-06  -3.4196060e-07  -1.0712715e-06  -8.7123033e-07  -3.9577250e-07  -2.9294034e-07   4.8942690e-07   2.1659636e-07   1.4806506e-06
  -0.0000000e+00  -1.2980722e-04   2.9900921e-05   1.9847379e-05   1.2780284e-05   8.3804991e-07   4.6728642e-06   9.3965282e-06   6.3636094e-06   2.3491725e-06   1.6716626e-06   2.7072256e-06   1.3806285e-06   7.8511789e-08   1.8983633e-06   1.1923986e-06   1.7724395e-06   7.8075738e-07  -9.9437375e-07  -4.6641827e-07   6.1149467e-07   5.7154153e-07   1.3533133e-07
  -0.0000000e+00  -1.3511245e-04   3.4439701e-05   1.9481891e-05   1.3167125e-05   1.5636460e-06   3.9473048e-06   5.8825776e-06   3.8912581e-06   2.9327143e-06   2.0191346e-06   1.0299734e-06   5.0657258e-07   1.9136918e-07   6.9971378e-07  -2.1122477e-07  -6.7599984e-07   7.0273899e-07  -3.4405068e-07  -3.7221585e-07   3.1924409e-07   6.9405024e-07   5.8583964e-07
  -0.0000000e+00  -1.3197811e-04   3.3982720e-05   1.9035469e-05   1.3269198e-05  -8.9217735e-07   5.5121591e-06   8.9549021e-06   6.3782077e-06   1.7901534e-06   2.2096099e-06  -2.3454153e-07   9.8439330e-07   1.4783463e-06   2.8869846e-07   7.4624535e-07  -2.1121203e-07  -2.0110947e-07   5.4948225e-07   9.1357867e-07   2.0559514e-06   6.6599034e-07  -2.4395857e-07
  -0.0000000e+00  -1.2813941e-04   3.0600153e-05   1.8930541e-05   1.1826522e-05   2.0936832e-06   3.4422512e-06   6.2338190e-06   5.6088356e-06   3.1384218e-06   2.8624274e-06  -2.8945806e-07   2.1587754e-09   1.1552683e-06   1.2191277e-06   2.1817343e-07   4.5223211e-07   7.8237633e-07   2.5795879e-07   6.7171027e-07   9.3180269e-08  -6.4766334e-07  -1.9819815e-07
  -0.0000000e+00  -1.3553088e-04   2.9805964e-05   2.2056527e-05   1.4198146e-05   9.9814429e-07   4.5396287e-06   6.7760238e-06   5.1765410e-06   2.9430303e-06   2.5396066e-06   2.7900123e-06   1.2056265e-06   1.5508352e-06   1.8997193e-06   1.6208087e-06  -2.8651496e-07  -5.4160859e-07  -4.7675223e-07   1.3721676e-06  -5.1254057e-07   9.5721987e-07   7.8872631e-07
  -0.0000000e+00  -1.3231749e-04   3.3877077e-05   1.8598630e-05   1.3109141e-05   3.0806941e-06   3.1578668e-06   7.0937654e-06   6.1175551e-06   2.1247099e-06   1.1316192e-06   1.7379238e-06   3.0516020e-08   1.1751595e-06   1.4064956e-06  -3.2981103e-07   6.0339858e-07   1.2894088e-06   6.7209481e-07   3.5964536e-07  -3.9558748e-07  -2.2203888e-07  -1.3730008e-06
  -0.0000000e+00  -1.3364432e-04   3.2945485e-05   1.9485427e-05   1.4556971e-05  -1.2806477e-06   4.8677553e-06   8.5484271e-06   4.9554242e-06   3.7844161e-06   1.4198724e-06   7.6425090e-07   1.1364772e-07  -7.2493629e-07   6.8256588e-07  -2.1567341e-07   1.2874373e-06  -7.3972606e-09   2.3963187e-07   7.4530419e-07  -5.8551052e-07   1.2890687e-06  -3.9447076e-07
  -0.0000000e+00  -1.2928159e-04   3.0086712e-05   2.1197746e-05   1.3078358e-05   1.6434760e-06   2.6238938e-06   6.9412536e-06   6.5491736e-06   1.1585377e-06   2.3305192e-06  -9.7577228e-08  -1.8690952e-07   2.5576626e-06  -1.1754665e-07  -1.1501706e-07  -7.6484162e-07  -6.2588936e-07   1.3010936e-06   5.7963996e-07   9.6985275e-07  -1.2911123e-06   8.6092837e-07
  -0.0000000e+00  -1.3517099e-04   2.9930054e-05   2.1140193e-05   1.4617490e-05  -2.0251201e-07   4.8171432e-06   7.4027371e-06   5.3367244e-06   4.2097845e-06   3.3395581e-06   6.2472833e-07   9.9829106e-07   1.4309099e-07   1.1769982e-06   2.1670403e-06  -1.2875536e-07  -3.6075326e-07   8.7112966e-07  -6.0248982e-07   7.9188169e-07   6.4698088e-07   4.8378081e-07
  -0.0000000e+00  -1.3266681e-04   3.6794514e-05   1.6764596e-05   1.2322871e-05   1.8185240e-06   3.8873463e-06   6.8885961e-06   3.8490007e-06   2.6410712e-06   1.4550161e-06   2.2429736e-06   2.6948895e-08  -8.5058144e-07   4.3078666e-07   1.1959912e-07   7.1046389e-07   2.5015314e-07  -5.8720070e-07  -7.0773314e-07  -6.5937456e-07  -1.0500283e-06   1.4706047e-06
  -0.0000000e+00  -1.3052615e-04   2.9991512e-05   1.9770536e-05   1.3226339e-05   1.0015831e-06   6.4109981e-06   8.4004269e-06   4.6468626e-06   3.6428071e-06   1.6442467e-06  -5.7326849e-07  -8.0336582e-07   2.1754476e-08   3.4669793e-07   2.1576686e-06   3.1133993e-07  -4.8049975e-07   6.7857513e-07  -2.0482763e-07   8.2027231e-07   8.2942620e-07  -1.0875930e-06
  -0.0000000e+00  -1.3320838e-04   3.0648735e-05   2.0497302e-05   1.2453503e-05   5.8403398e-08   4.1281569e-06   5.8922310e-06   6.3015013e-06   1.9467129e-06   1.8002299e-06   2.6541225e-06  -1.4348392e-07   2.7992062e-06   7.5056460e-07   8.5264162e-07   4.5621007e-07   7.3114131e-07  -8.1380500e-07   5.0578592e-07  -6.1707567e-07  -1.8154464e-07   1.2941417e-06
  -0.0000000e+00  -1.3139792e-04   3.1799915e-05   2.0569356e-05   1.3290126e-05   2.8644934e-06   4.3640030e-06   8.6272221e-06   6.3665079e-06   2.8757574e-06   2.3364353e-06   9.1544968e-07   8.8747129e-08   2.3044058e-06   1.1997553e-06   6.6220110e-08   4.9076709e-07  -5.6634593e-07   1.7650931e-06   4.5201537e-07   2.5535661e-07   8.1829995e-07   5.0962825e-07
  -0.0000000e+00  -1.3289628e-04   3.2006854e-05   1.7175280e-05   1.3108775e-05   2.1458300e-06   3.7928733e-06   6.3810962e-06   4.7841036e-06   8.8253097e-07   1.9423680e-06   2.9545679e-06   1.6265766e-07   7.5249181e-07   4.6169191e-07   1.5878628e-06   1.0331361e-06   2.2711896e-07   1.2793437e-06   8.6290197e-07  -1.3292815e-06   9.6068970e-07  -3.8796276e-07
  -0.0000000e+00  -1.3478026e-04   3.1270381e-05   2.0449983e-05   1.4745132e-05   3.3054621e-07   3.0084307e-06   1.0043829e-05   4.9340870e-06   3.8348853e-06   1.9708946e-06   1.4328568e-06   1.4284641e-06  -9.2734503e-08   9.5786118e-07   6.4635935e-07   6.6429442e-07  -1.1409329e-06  -1.4370445e-06   2.8213552e-07   3.8785961e-07   1.1315358e-07   1.1643386e-06
  -0.0000000e+00  -1.3091789e-04   3.1649906e-05   2.2455044e-05   1.2642050e-05   1.3197963e-06   6.8263862e-06   6.6709090e-06   4.8074639e-06   2.3134678e-06   1.1424970e-06   1.3993688e-06  -7.8322364e-07   1.1783654e-06   9.3282137e-07   7.4734760e-07  -5.7442679e-07   8.5041415e-07   1.0980851e-06   2.7712082e-07  -1.0849333e-06  -3.1723548e-07   6.0081589e-08
  -0.0000000e+00  -1.3150691e-04   3.2320819e-05   1.8691220e-05   1.3356350e-05   2.2962954e-06   1.5811603e-06   7.0294886e-06   7.2048870e-06   2.2653678e-06   2.9659245e-06   2.3104469e-06  -9.6791882e-07  -1.0010455e-06   5.0245177e-07  -3.6080843e-07   3.1291100e-07   7.0086236e-07   5.8840266e-07  -6.9026947e-07   1.2798697e-06   1.1236673e-06  -5.7647014e-07
  -0.0000000e+00  -1.3529166e-04   3.2931744e-05   1.9759604e-05   1.4802598e-05   1.0498994e-06   3.5688442e-06   9.5867617e-06   6.2570612e-06   1.4688768e-06   6.3772052e-07   2.5713935e-06   6.4073254e-07   5.1863174e-07   1.0070981e-06   1.5882566e-06   7.7422487e-07   6.0152939e-07   7.5411680e-07  -2.8561237e-08  -4.2077616e-07   8.7270166e-07  -8.6785394e-07
  -0.0000000e+00  -1.3000252e-04   3.0535179e-05   2.1421489e-05   1.2637701e-05   2.8139664e-07   4.9484015e-06   6.1241890e-06   5.8280020e-06   2.5182815e-06   1.6920080e-06   1.4663688e-06   9.2142614e-07   4.4498179e-07   9.4723993e-07   2.3586588e-07  -3.9219486e-07   9.7344389e-07  -1.3617054e-07   1.2403867e-06   6.7352005e-07   7.9405805e-07   1.0063223e-06
  -0.0000000e+00  -1.3385786e-04   3.1643609e-05   2.0868047e-05   1.3725955e-05  -7.2662388e-08   4.3875480e-06   8.0594718e-06   4.6108307e-06   3.6179399e-06   5.8853834e-07   1.3494222e-06   7.6288325e-07   6.3850985e-07   5.1603723e-07  -1.3872476e-07   4.0825933e-07   4.0197261e-07   1.5302126e-07  -1.8274052e-07  -1.7954886e-08   1.8574040e-07   1.2327887e-06
  -0.0000000e+00  -1.3479938e-04   3.2906879e-05   2.1107831e-05   1.2797411e-05   4.3755558e-06   1.6921249e-06   7.1190643e-06   6.6787024e-06   2.6259279e-06   2.3297371e-06   2.0745611e-06  -1.5993004e-07   7.1606917e-07   1.4171551e-06  -5.6774240e-07   1.1568961e-06   5.1168507e-07  -6.8711375e-07  -1.9259434e-07  -4.5430087e-07  -7.2490002e-07   3.5692136e-07
  -0.0000000e+00  -1.3157367e-04   2.9432531e-05   1.9666901e-05   1.6163816e-05  -1.3851179e-06   2.6710923e-06   7.5199732e-06   6.0403909e-06   1.6797312e-06   2.4931314e-06   5.7610674e-07  -1.1467973e-06   3.8671132e-08   1.7891961e-06  -1.8783950e-07   2.1630033e-06  -1.0929556e-07   2.5045546e-07   6.9614757e-08   1.5275842e-06  -8.8593310e-07   7.7610889e-07
  -0.0000000e+00  -1.3079101e-04   3.2214921e-05   1.9817253e-05   1.2365536e-05   1.4562745e-06   5.7136485e-06   8.1212938e-06   3.4307998e-06   3.0643239e-06   3.1269217e-06  -3.0652186e-07   2.1480589e-06   6.8147011e-07   1.9875647e-06   5.9710651e-08   2.5843570e-07   1.3396136e-06   1.0011378e-07   9.9208978e-07   1.1228292e-06   1.1669373e-06  -1.1700165e-07
  -0.0000000e+00  -1.3160821e-04   3.1101965e-05   2.0951247e-05   1.0601553e-05   1.0508290e-06   3.8894063e-06   6.2306308e-06   5.8618475e-06   1.5166254e-06   1.8476093e-06   7.0126538e-07   1.7798056e-06   1.8586054e-06   1.7726982e-06   1.6710219e-06  -4.6245373e-07   7.3156082e-07  -4.7980066e-08  -1.5965514e-06   1.5485523e-06   1.3109544e-06  -9.8850637e-07
  -0.0000000e+00  -1.3387682e-04   3.1764295e-05   1.7442195e-05   1.5243654e-05   5.9775306e-07   3.6463773e-06   9.0600815e-06   5.8084888e-06   2.1285186e-06   9.8998169e-07   1.9304557e-06   6.0964027e-07   1.0505958e-06   2.8571179e-07  -4.6114477e-07  -4.1958918e-07   7.7526840e-07   2.7949304e-07  -6.0192042e-07  -9.9892759e-07  -4.5133379e-07  -7.5812039e-07
  -0.0000000e+00  -1.3211257e-04   3.4086985e-05   2.0082503e-05   1.3783502e-05   1.4300641e-06   5.4145039e-06   6.7079086e-06   4.2749512e-06   2.2641523e-06   3.1671716e-06   2.0443343e-07  -3.7424178e-07   4.8660110e-07  -9.1331970e-08  -6.8552225e-07   4.1861392e-07   9.9140141e-07  -3.9515319e-07  -4.1909485e-07   2.7250010e-07   1.9058037e-06  -6.9021320e-07
  -0.0000000e+00  -1.3018571e-04   3.2189299e-05   1.9811281e-05   1.3677280e-05   1.1436513e-07   3.7729976e-06   6.2170243e-06   4.7390354e-06   5.2981072e-06   2.0365171e-06  -7.1295312e-07  -4.7364401e-09   1.4159656e-06   1.1388407e-06   1.9789923e-06  -1.0814533e-07  -5.3772948e-07   1.3352925e-06  -3.9447748e-08   8.2429260e-08   9.0178526e-07   7.5828297e-07
  -0.0000000e+00  -1.3215523e-04   3.2481101e-05   1.8493272e-05   1.5458321e-05   2.6550629e-06   3.5472713e-06   8.5568945e-06   5.6892859e-06   2.9299536e-06   3.0974406e-06   5.1091797e-07   8.8474491e-07   5.4478932e-08   3.2821788e-07   2.0729915e-07  -1.8501577e-06  -6.7114662e-08  -8.0973473e-07  -5.2985250e-08  -6.3111509e-07  -2.0423799e-07   1.1190266e-07
  -0.0000000e+00  -1.3477061e-04   3.1972388e-05   2.0488244e-05   1.2329695e-05   1.4096378e-06   3.8289040e-06   6.0692446e-06   7.8735047e-06   1.5453312e-06   1.1043719e-06   3.0464237e-06   4.8604943e-07   2.2653076e-07   1.0583309e-06   1.4230316e-06  -2.5647779e-07   1.4285309e-06   6.9927927e-07   6.2846169e-07   1.4222943e-06  -7.8980440e-07   2.6385445e-07
  -0.0000000e+00  -1.3059852e-04   3.4774479e-05   1.9384142e-05   1.3858168e-05  -6.1769271e-07   5.8758701e-06   6.3861871e-06   4.5118463e-06   5.1884494e-06   2.6232724e-06   1.1806675e-06   1.1247911e-06   1.8655440e-06   1.5216876e-06  -1.6012054e-07   1.5453110e-06  -9.0975499e-07  -5.5217447e-07  -3.8357555e-07  -6.1239416e-07   6.1598115e-07   1.3673797e-06
  -0.0000000e+00  -1.3494227e-04   3.1128591e-05   1.9240770e-05   1.4083944e-05   9.4233496e-07   2.7030894e-06   8.1463850e-06   6.3593679e-06   2.4363308e-06   1.6963425e-06   1.6438408e-06   2.1613787e-06   2.3121414e-07  -8.9532045e-07  -5.3204833e-08   1.1488836e-06  -2.8588227e-07   1.3229127e-06  -3.3734416e-08   7.9194660e-07  -1.6724921e-07  -7.9168251e-07
  -0.0000000e+00  -1.2975730e-04   2.9477029e-05   1.9990841e-05   1.3631228e-05   1.4241741e-06   3.8076587e-06   7.2298044e-06   5.6458052e-06   2.2685413e-06   1.1965765e-06   8.8150949e-07   5.7651403e-07   5.6094194e-07   6.1866621e-07   8.7440162e-07   9.0272619e-07   3.5555883e-07  -4.8558682e-08   1.0613048e-06   9.6346326e-08   3.0207431e-07  -2.5634361e-07
  -0.0000000e+00  -1.3435697e-04   3.5022476e-05   2.0195561e-05   1.2972059e-05   1.2737498e-06   2.0567616e-06   9.1337761e-06   5.7291627e-06   4.0366617e-06   2.5118404e-06   1.8233782e-06   5.9847355e-07   2.8575428e-07   1.2052251e-06   8.1000996e-07  -5.3136245e-07   3.5007452e-07  -1.1198795e-07   5.6455480e-07   1.2180433e-06  -4.5375660e-07   8.9255713e-07
  -0.0000000e+00  -1.3272587e-04   3.0682295e-05   2.1189066e-05   1.2628917e-05   8.6665278e-07   5.1999759e-06   7.4867366e-06   5.8549790e-06   2.6382984e-06  -8.6297568e-08   1.3782098e-06   1.3715101e-06  -1.2459373e-06   1.0914664e-06   7.3546391e-07  -1.8804957e-07  -1.2054045e-06  -1.2224992e-06  -2.3953118e-07  -8.6671963e-07   1.1495260e-06   7.9782234e-07
  -0.0000000e+00  -1.3091459e-04   2.9054421e-05   2.0319891e-05   1.5099048e-05  -8.2935117e-07   3.2971543e-06   9.1290549e-06   3.6630829e-06   1.2278375e-06   2.3553912e-06  -7.9336758e-07   2.5383912e-07   3.7332026e-07   1.6736087e-06   1.2342375e-06   1.3022828e-06   3.6040913e-07   6.0761698e-07   2.3141077e-07  -1.0236749e-06   5.4414016e-07   1.5888620e-06
  -0.0000000e+00  -1.3485354e-04   3.5887806e-05   1.9210391e-05   1.1403458e-05   3.4741545e-06   4.4139788e-06   7.5690141e-06   5.8896285e-06   2.9023493e-06   1.1356608e-06   2.6446926e-06   4.8592256e-07   2.6649269e-07   6.8250500e-07   1.3891561e-06   1.3621964e-06   1.1424397e-06  -7.3297400e-07   1.4379815e-06  -3.8151065e-08  -1.0088288e-06   2.5876355e-07
  -0.0000000e+00  -1.3198957e-04   3.0237339e-05   1.9703179e-05   1.4256254e-05   1.5420270e-06   3.8184098e-06   8.4732446e-06   4.8666734e-06   2.8404816e-06   1.7510145e-06   1.1089776e-06   3.6642598e-07   1.1649362e-06  -1.0875165e-06   4.7353333e-07   6.3458771e-07  -4.0906770e-07   1.5416684e-06   3.3313972e-07   6.1313602e-07  -9.4877657e-07   5.4022661e-07
  -0.0000000e+00  -1.3320385e-04   3.0488165e-05   1.9517454e-05   1.3043896e-05   6.5681098e-07   2.8201214e-06   5.7333536e-06   6.9100543e-06   3.1394882e-06   1.4310244e-06  -9.6492670e-08   2.4981953e-06   1.8341921e-06   2.7353471e-07  -1.3632962e-08   3.0853568e-07   1.0163292e-06   4.3435881e-07   1.3875402e-08   8.6928355e-07  -4.9996783e-07   8.3435447e-07
  -0.0000000e+00  -1.3177254e-04   3.1326555e-05   2.0738746e-05   1.3306118e-05   2.5977718e-07   3.0769049e-06   9.7842567e-06   4.4837402e-06   3.1974969e-06   1.4252722e-06  -4.7176894e-08   1.6255110e-06   9.0231447e-07   8.1633920e-07   1.5668535e-06   2.3022419e-06  -3.6214792e-07   5.2402578e-07   8.4649480e-07  -6.1214416e-07   1.0142431e-06  -6.7474610e-07
  -0.0000000e+00  -1.2917948e-04   3.5954610e-05   1.7705135e-05   1.0777429e-05   2.5344166e-06   4.5184670e-06   7.2183266e-06   7.0222986e-06   1.7813165e-06   6.5362320e-07   1.0324218e-06   4.1285546e-07   1.3337793e-06   2.5849904e-08   2.9028499e-07  -2.9732317e-07   1.1628951e-07  -2.1253663e-07   1.3698557e-06   6.7498854e-07  -3.4476110e-07  -3.3472818e-07
  -0.0000000e+00  -1.3869168e-04   3.2256903e-05   2.1444848e-05   1.3969243e-05  -5.9195048e-07   3.7128191e-06   9.2959090e-06   5.0301319e-06   4.7581607e-06   2.4981036e-06  -2.5419505e-08  -5.0353196e-07   7.2730181e-08   1.1199041e-06  -4.0581313e-07   2.2716085e-07   7.3704228e-07  -1.6617746e-07   2.9644212e-07  -5.6947590e-07   1.6672508e-06  -3.3261580e-07
  -0.0000000e+00  -1.2690174e-04   2.8816798e-05   2.1434569e-05   1.3919203e-05   1.4869676e-06   4.7634130e-06   5.7225202e-06   7.0296437e-06   3.6980116e-06  -8.6030788e-08   1.6032772e-06   1.6855438e-07   1.1386114e-06   2.3662951e-06   8.9243139e-07  -3.8852866e-07  -6.3658933e-07   9.4885092e-07   5.4274170e-07  -3.4833263e-07  -8.1485553e-07  -3.6064986e-07
  -0.0000000e+00  -1.3447097e-04   3.4900706e-05   2.0190982e-05   1.1418892e-05  -6.6742359e-07   4.0794480e-06   6.9510461e-06   5.2926589e-06   2.9204309e-06   2.1153855e-06  -1.4817780e-06   1.8753245e-07   1.7831684e-06   1.3130862e-06   7.5306866e-07   1.4813348e-06  -1.4301983e-07  -5.3866017e-07   9.1895930e-07  -9.2759740e-07  -2.6443422e-07   8.1623369e-07
  -0.0000000e+00  -1.3354738e-04   3.2773754e-05   1.8160132e-05   1.3082051e-05   5.4335374e-06   1.8451187e-06   9.1504980e-06   5.1984812e-06   1.6650131e-06   3.2457654e-06   1.8373664e-06  -6.1201979e-07   2.9908883e-06   2.3837073e-07   9.3816345e-07   2.3774047e-07  -1.0537673e-06   2.0150862e-06  -3.1429281e-07   1.3182295e-06  -7.0929218e-07   3.3870938e-07
  -0.0000000e+00  -1.3206006e-04   2.8554899e-05   2.2263714e-05   1.4390412e-05   3.4377715e-07   6.0563743e-06   8.7765902e-06   6.6942634e-06   4.2085881e-06  -1.3994728e-07   1.3091516e-06   1.5845162e-06  -2.3297402e-07   1.8362852e-06   1.0960284e-06   1.2969723e-06   4.1917053e-07   4.9416838e-07   2.5712534e-08   6.9553562e-07   6.7224482e-07   1.1560608e-06
  -0.0000000e+00  -1.3305740e-04   3.4912096e-05   1.9434690e-05   1.2606952e-05   4.2841208e-07   4.1192479e-06   7.6095430e-06   4.3249620e-06   1.6773942e-06   9.7168447e-07   1.7879767e-06  -2.4700140e-07   1.6995090e-06   6.7515992e-07   8.8732367e-07  -1.1170650e-06  -9.8992268e-07  -6.4776481e-07   1.3249170e-06  -2.4938390e-07   6.2360840e-07   9.3761400e-08
  -0.0000000e+00  -1.3191166e-04   2.9719138e-05   2.0247462e-05   1.5494128e-05   3.6236354e-06   5.0308422e-06   7.1171121e-06   4.5530533e-06   3.6621482e-06   2.6393705e-06  -7.8464092e-07   1.9002841e-06   9.8778526e-07   2.9024352e-06   1.0265965e-06   1.5214326e-07   9.8045609e-07  -9.7978295e-07  -4.5608542e-07   2.4344854e-07  -1.9281948e-07  -1.2391557e-06
  -0.0000000e+00  -1.3479787e-04   3.1487663e-05   2.1294420e-05   1.0216372e-05   1.9880717e-06   3.7662862e-06   8.0814571e-06   4.0321547e-06   1.3434633e-06   2.4207493e-06   1.1584148e-06   7.6068665e-07  -2.2953833e-07   5.6022179e-07   4.0470238e-07  -4.8664212e-08   2.1315998e-07   1.2540507e-06   6.4128142e-07   3.9437160e-07   5.3946934e-07   8.8604173e-07
  -0.0000000e+00  -1.2951640e-04   3.3572993e-05   1.8034234e-05   1.3154382e-05   1.9559020e-06   1.7067105e-06   7.2836256e-06   6.6885345e-06   1.2262179e-06   1.4325547e-06   1.1587100e-06  -7.4569903e-07  -3.0860960e-07   3.6915009e-07  -5.6380924e-07  -1.7146509e-07  -9.5939811e-07   2.1512245e-07  -1.4655132e-06   3.7593617e-07  -8.3536332e-07  -1.0484234e-06
  -0.0000000e+00  -1.3043515e-04   2.8241227e-05   2.0976962e-05   1.4283299e-05   1.4399126e-07   6.8901491e-06   7.0059245e-06   5.7615689e-06   5.9746876e-06   2.4847927e-07   1.4049609e-06   2.1397925e-06   1.6209190e-06   1.1181110e-07   2.0994983e-06   1.0723040e-06  -7.3243442e-08   2.8824653e-07   1.2377633e-06   1.2206211e-06   1.0285100e-06  -7.5238353e-07
  -0.0000000e+00  -1.3718207e-04   3.7142294e-05   1.7550616e-05   1.2293121e-05   4.0638014e-07   2.5809657e-06   8.1412445e-06   6.6878024e-06   7.5946576e-07   2.3444009e-06   8.8726875e-07   1.0280776e-06   6.0746532e-07   7.0290059e-07   7.8916560e-07   3.7427318e-07  -3.3636798e-07   4.3853936e-07   8.2785255e-07   1.1943050e-06   2.9581238e-07  -5.3539350e-07
  -0.0000000e+00  -1.3126263e-04   2.9747105e-05   2.2850038e-05   1.3343706e-05  -1.6699545e-06   4.9251867e-06   9.1225083e-06   5.4820634e-06   3.0891656e-06   9.9999397e-07   1.4891300e-06  -9.1374875e-07   2.7511669e-07   8.5666551e-07  -4.8410743e-07  -4.2767464e-08  -2.4917650e-08   1.3181101e-07  -2.3847329e-07  -1.3115717e-06   1.1931228e-06   1.6402904e-06
  -0.0000000e+00  -1.3020747e-04   3.1993382e-05   1.9567451e-05   1.4360570e-05   1.8236841e-06   4.1642029e-06   4.4031431e-06   6.9778384e-06   3.1395709e-06   2.0141574e-06   1.6293391e-06   3.4838180e-07  -2.0099534e-07   3.4742018e-07   1.4482486e-06   4.4327305e-07   1.2276088e-06   1.4631305e-06  -4.1801343e-07  -1.0793117e-06   7.7878013e-07  -6.0060114e-07
  -0.0000000e+00  -1.3409756e-04   3.2877233e-05   1.8658666e-05   1.3337452e-05   4.5840380e-07   5.8653186e-06   6.2845006e-06   4.9509986e-06   5.3283275e-06   1.2792752e-06   7.8360745e-07   1.3648997e-06   5.9594390e-07   1.8192703e-06   1.0101060e-06  -1.7135496e-07   1.0605775e-06   4.6322015e-07   1.1681350e-06  -2.5226953e-07   1.8647700e-07   2.2948309e-07
  -0.0000000e+00  -1.3442870e-04   3.2087017e-05   2.0137271e-05   1.2905059e-05  -2.9276487e-06   4.4603871e-06   8.6392292e-06   6.4835181e-06   1.5295395e-06  -7.6009989e-08   9.5535358e-07   1.6551261e-06   1.3053652e-06   1.0438433e-06   9.4049881e-07  -4.0666816e-07  -6.1154071e-07  -3.9191793e-08   5.2557590e-07   9.8645637e-07  -1.0740248e-07  -2.7005842e-07
  -0.0000000e+00  -1.2960342e-04   3.1198095e-05   1.9137900e-05   1.4749952e-05   4.8186539e-06   4.8999033e-07   7.1592654e-06   5.7396705e-06   1.3564121e-06   4.3615296e-06   2.9371031e-06   4.1475158e-07   2.6925613e-07   1.2101085e-06  -1.7280058e-07  -3.3246127e-07  -2.5902381e-07   8.1158453e-07  -4.5319217e-07  -1.3459523e-07   9.4849150e-07   6.5585851e-07
  -0.0000000e+00  -1.3219696e-04   3.1797332e-05   1.9978292e-05   1.3649750e-05  -7.6975044e-07   7.1829986e-06   5.6380968e-06   5.1520042e-06   3.8060123e-06   4.1631782e-07   1.4025835e-06   1.0083610e-06   1.4455685e-06   9.0614571e-07   8.6604423e-08   9.3740317e-07  -6.1984599e-07   6.3435590e-07   7.1010987e-07   5.0385114e-07  -8.0012609e-07   7.3687210e-07
  -0.0000000e+00  -1.2916877e-04   3.1157957e-05   2.3897899e-05   1.1667128e-05   1.4077910e-06   2.0540792e-06   6.8652630e-06   6.5573049e-06   2.7046071e-06   2.5842946e-06   1.6718884e-06   2.4198778e-07   9.6346537e-07   1.9001480e-06   2.5467791e-06  -1.7567332e-07  -1.0659879e-06   5.9700204e-07   1.3545173e-06  -9.4161874e-07   3.6080658e-07   1.0591631e-07
  -0.0000000e+00  -1.3694416e-04   3.6283436e-05   1.9002428e-05   1.7073047e-05  -8.9535558e-07   5.4821580e-06   6.2804793e-06   5.6817653e-06   1.7295886e-06   1.9876193e-06  -9.0892559e-07   8.5714925e-07   1.6118273e-06   9.4300134e-07  -1.0295844e-06   2.4674151e-07   4.7480435e-07  -8.6292067e-07  -1.3314252e-06   4.3564603e-07  -4.7078188e-07   2.1004260e-07
  -0.0000000e+00  -1.2699417e-04   2.8206910e-05   1.8640854e-05   1.1280864e-05   2.6533971e-06   3.4137886e-06   8.3186760e-06   5.2050164e-06   3.0091010e-06  -7.6762075e-07   1.3483328e-06  -9.3792075e-08   1.2231337e-06   6.7713512e-07   4.6574462e-07   1.2961818e-06   1.5597810e-06  -2.9152946e-07   1.5329689e-06  -1.7919410e-07   4.9773445e-07   7.7758710e-07
  -0.0000000e+00  -1.3708079e-04   3.4453074e-05   2.2200316e-05   1.1802521e-05   1.4038243e-06   3.7058307e-06   7.5461844e-06   4.1867529e-06   3.2924631e-06   3.5509668e-06   1.2257785e-06   1.3127390e-06   1.5188963e-06  -4.7889807e-07   1.7644268e-06   4.4039271e-07  -1.7373012e-06   2.0172588e-06   2.5351423e-07   4.7765940e-07  -5.1384410e-07   4.9136116e-07
  -0.0000000e+00  -1.3108049e-04   3.2336877e-05   2.0860742e-05   1.3412901e-05  -6.8646921e-07   5.5107553e-06   8.2086635e-06   5.0858803e-06   3.4961799e-06   1.3193427e-06   2.8576260e-06   7.7992581e-07   1.3642820e-06   2.6244015e-07   7.3349139e-07  -6.2132943e-07  -3.1311739e-08  -3.0809719e-08  -1.1331937e-07   4.8803588e-07   9.7798568e-07   5.1981976e-07
  -0.0000000e+00  -1.3174672e-04   3.2229338e-05   1.4808058e-05   1.6623717e-05   1.8364271e-06   1.4135326e-06   5.9904751e-06   7.2800967e-06   2.2989868e-06   1.6122658e-06   2.1516159e-06   1.8103922e-06   1.5729458e-06  -1.2803589e-06  -2.5235462e-07  -1.9106420e-07   6.5432897e-07   1.2927242e-06   2.8487147e-08   7.8057843e-07   1.0031076e-06  -3.6181814e-07
  -0.0000000e+00  -1.3161504e-04   3.1721367e-05   2.3245491e-05   9.2460887e-06   1.6192026e-06   2.1774986e-06   8.5708716e-06   5.3662320e-06   2.0672394e-06   2.6342946e-06   1.1965484e-07   2.2252605e-06   1.4541718e-06  -4.9277247e-07   3.5245853e-07   1.4460726e-06   4.2582568e-07  -7.2726770e-08  -5.0177408e-07  -5.0652170e-07  -4.2579879e-07  -5.4664997e-07
  -0.0000000e+00  -1.3379360e-04   3.2958935e-05   1.8784329e-05   1.4071382e-05  -3.6613281e-07   7.9253359e-06   5.7868870e-06   5.7063835e-06   2.4276185e-06   2.7607073e-06   2.1908161e-06   7.6945916e-08  -7.8611464e-08   1.1910838e-06   1.5077682e-06  -8.5807827e-08  -8.8014588e-07   3.6609416e-07   2.3567779e-07  -9.4680485e-07   5.8044583e-07  -4.7167154e-07
  -0.0000000e+00  -1.3104120e-04   3.0200681e-05   2.0675496e-05   1.1666858e-05   1.6824494e-06   5.6004245e-07   9.0129324e-06   3.3612534e-06   3.8970352e-06   2.4580438e-06   8.2883969e-07   1.3057286e-06   7.1347387e-07  -6.7579026e-07  -2.1528234e-07  -2.9998009e-08   1.1069410e-06   4.6584736e-07  -6.6599526e-08   1.5308540e-06   1.0511068e-06   5.3564725e-07
  -0.0000000e+00  -1.3174031e-04   3.6028210e-05   1.5647398e-05   1.7081102e-05  -5.0156098e-07   5.0279255e-06   7.8000203e-06   6.3370535e-06   3.9430188e-06   1.7016682e-06   1.2000680e-06   8.9547717e-07  -1.0020541e-06   1.6457300e-06   4.9655750e-07  -4.7541125e-08   1.2550952e-06  -1.0243150e-06  -4.0948359e-07  -5.9581185e-07   4.4912005e-07  -7.2840430e-07
  -0.0000000e+00  -1.3079830e-04   2.7858741e-05   2.4501645e-05   1.0636225e-05   2.0371524e-06   4.3030477e-07   7.7024542e-06   4.2739725e-06   2.7741594e-06   2.4194972e-06  -9.5442181e-07   2.1450953e-06   1.7915619e-06   7.7902889e-08   2.8923785e-07  -7.6323295e-07  -3.9886615e-07   5.5821414e-07   1.0765473e-06   5.5094290e-07   5.1956863e-07   2.0214492e-07
  -0.0000000e+00  -1.3494719e-04   3.4569955e-05   1.9007433e-05   1.2515012e-05  -1.2150422e-06   6.7038804e-06   7.3564111e-06   6.4498122e-06   3.4397453e-06   1.2539748e-06   2.4377414e-06   5.3018937e-07  -7.1063056e-07   2.1042358e-06   3.9290100e-07   1.3799670e-06   2.9831034e-07   3.2859012e-07   3.9367393e-07  -1.7799634e-07  -1.0333382e-06   2.4685471e-07
  -0.0000000e+00  -1.2804082e-04   3.1970889e-05   1.9732030e-05   1.7327391e-05   6.8363744e-07   3.4027375e-06   7.5181451e-06   4.2101333e-06   3.7171740e-06   1.4827995e-07   3.8522495e-07   2.0107243e-06   1.1495607e-06   3.7749714e-07   5.1385410e-07  -8.8818911e-07   9.4654018e-07   1.5005973e-06  -1.2998939e-06   4.8393514e-07   2.5780363e-07  -3.7214480e-07
  -0.0000000e+00  -1.3548382e-04   3.5488240e-05   1.6989694e-05   1.2613388e-05   2.6562273e-06   2.7158071e-06   6.7676392e-06   7.7543800e-06   1.8568271e-06   2.3327091e-06   9.5100836e-07   1.0134263e-06   3.7833708e-08   1.2536289e-07   3.6146639e-07   1.2508089e-06   7.4051894e-07  -4.3470826e-07   4.1754592e-07   5.3382661e-07   9.1607930e-08  -1.3229552e-08
  -0.0000000e+00  -1.3190178e-04   2.9075689e-05   2.1670916e-05   1.1744720e-05   8.8641019e-07   3.2437513e-06   9.9062381e-06   2.8958200e-06   2.8647089e-06   9.7124382e-07   3.3557021e-07   9.9778845e-07   1.8640741e-07   2.8481534e-07   1.1212629e-06  -3.3031188e-07   1.8903360e-06   4.4816605e-07   9.3696065e-07   5.3320855e-07  -3.6966557e-07   5.2688932e-07
  -0.0000000e+00  -1.3098528e-04   3.3695902e-05   1.9794408e-05   1.4040452e-05   1.8887894e-06   4.8022298e-06   5.4232924e-06   6.8248792e-06   2.9306316e-06   4.4601829e-06   6.4600476e-07  -1.7142796e-07   9.3900405e-07   1.5945993e-06   1.4022414e-06   9.6102735e-07  -1.9409001e-06  -4.3053339e-07   1.5097261e-06   2.4056354e-07  -3.3694377e-07  -8.8130162e-07
  -0.0000000e+00  -1.3263596e-04   3.0470495e-05   1.9179182e-05   1.1871378e-05   9.4603666e-07   2.1169440e-06   9.1466181e-06   3.5431690e-06   3.9993438e-06   2.2559270e-07   3.0348026e-06   5.2154718e-07   1.9117520e-06  -6.7853773e-07   3.1209561e-07   7.4067981e-07   1.3787545e-07   6.2926858e-07   8.7501712e-07   1.1199845e-06  -3.0682159e-07  -2.0456260e-07
  -0.0000000e+00  -1.3443195e-04   3.3884571e-05   1.7328577e-05   1.5429494e-05   9.2124111e-07   6.2069748e-06   9.4358138e-06   6.2703693e-06   3.6447461e-06   2.7727885e-06   3.4081779e-08   1.1404097e-06   1.1401391e-06   9.9622650e-07   9.0217662e-07   2.1418971e-06  -2.1985205e-08   5.3658124e-07   1.2833783e-06   1.0212436e-06   2.7325521e-07  -1.9439400e-07
  -0.0000000e+00  -1.3210841e-04   3.1343086e-05   2.4802710e-05   8.9428368e-06   2.6237544e-06   4.6705190e-06   6.6017383e-06   4.6939836e-06   2.9325997e-06  -2.7820162e-08   2.5612082e-06  -1.3964213e-08   2.3866500e-07  -1.2650943e-06  -4.3138735e-07   7.5187970e-08   1.0524531e-06   2.3197894e-07  -3.2370164e-07  -2.0500143e-07  -2.6284658e-07   3.0214918e-07
  -0.0000000e+00  -1.3134682e-04   3.1690102e-05   1.5413278e-05   1.6964628e-05  -1.2480859e-06   3.7767634e-06   9.2777846e-06   6.4686910e-06   8.3066948e-07   2.0767923e-06   1.2016126e-06  -1.6956828e-07   1.0525833e-06   1.2257707e-06   4.5510600e-07   3.2567888e-07   1.2002436e-06   5.1746472e-08  -1.0683146e-06  -7.9379026e-07   4.9920021e-07  -7.3990719e-07
  -0.0000000e+00  -1.3086745e-04   3.2377633e-05   2.0063733e-05   1.0034390e-05   4.7794595e-07   4.2409520e-06   6.4665637e-06   4.0383043e-06   2.2388640e-06   1.4825016e-06   1.6578734e-06   3.3392092e-07   2.4571186e-06  -3.7567972e-07   8.0861503e-07   6.2795323e-07   1.4626535e-06  -8.5249997e-07   2.0666940e-07   6.3312427e-07  -2.6971128e-07   1.4117257e-06
  -0.0000000e+00  -1.3728770e-04   3.3211498e-05   1.9905028e-05   1.5093040e-05   2.1064862e-08   5.9347199e-06   5.4379907e-06   5.5354785e-06   4.2230777e-06   2.6331168e-06  -3.7760464e-07   2.5611869e-06   2.2297985e-07   9.8321391e-07   1.5554754e-06  -5.1743007e-07  -1.4478027e-06   9.6311351e-07  -3.4619597e-07   1.0673762e-06   9.4321462e-07  -8.9771765e-07
  -0.0000000e+00  -1.2806928e-04   3.0959978e-05   1.8320250e-05   9.7528155e-06   1.7830852e-06   3.3989568e-06   9.4849665e-06   4.2121574e-06   5.0676585e-06  -1.6425525e-07   2.0797738e-06   1.0015513e-07   1.3940443e-06  -7.4307405e-07   1.0788665e-06   4.0844020e-07   8.3012617e-07   9.6379370e-07   7.8108388e-07  -2.0803334e-07  -8.2237057e-07  -4.7570705e-07
  -0.0000000e+00  -1.3587394e-04   3.1407428e-05   2.2260909e-05   1.4974940e-05  -1.7267308e-06   5.7167999e-06   7.4735985e-06   5.7756497e-06   1.7064295e-06   4.0834266e-06   1.4617871e-06   8.5646360e-07  -9.1554824e-07   3.8837459e-07   1.4797855e-06   1.0800557e-07  -1.1072389e-06   4.6186517e-07   7.6554647e-07   2.7857949e-08   9.6440078e-07  -5.8705183e-08
  -0.0000000e+00  -1.2887706e-04   3.3246353e-05   1.7564687e-05   1.3832120e-05   4.3295468e-06   2.0407006e-06   9.4667839e-06   5.2695464e-06   2.0846453e-06   2.1389824e-06   1.0638772e-06   7.3020487e-07   2.3753373e-06  -2.9981166e-08  -3.5048075e-07  -9.4037597e-07   1.5494941e-06   1.0559309e-06   6.4493048e-07   1.0032620e-06  -1.1054291e-06  -3.3179057e-07
  -0.0000000e+00  -1.3756407e-04   3.0757907e-05   1.9347264e-05   1.4738185e-05  -1.8887092e-06   7.3856068e-06   5.0726871e-06   6.4218939e-06   2.9486962e-06   3.7338289e-06   2.7430582e-07   1.2861237e-06   2.1124704e-06   1.5290389e-06   1.1175956e-06   6.6375713e-07   1.0670462e-07   5.9327664e-07  -3.7121882e-07   3.5610779e-07   1.2211799e-06   9.0789138e-07
  -0.0000000e+00  -1.2762993e-04   3.0235271e-05   2.0193942e-05   1.1989169e-05   5.0555705e-06   1.1165241e-06   9.5360738e-06   5.2123419e-06   2.8437059e-06   6.7607624e-07   1.5544356e-06  -7.8458447e-07  -1.9581994e-09   1.1263461e-06   5.2839835e-07   9.2822592e-07   1.5775357e-06  -5.0098578e-07  -8.4361312e-07  -8.5371357e-07  -7.3065195e-07   2.1003743e-07
  -0.0000000e+00  -1.3548638e-04   3.4744327e-05   1.8553961e-05   1.5162177e-05  -1.9493862e-06   2.9100529e-06   8.0291939e-06   5.4738275e-06   3.0696185e-06   1.9438176e-06   3.7943187e-07   9.2038078e-07   3.9064415e-07   6.6294751e-07   1.4431980e-06   6.8620716e-07   2.2243977e-07   2.2574464e-07   3.8314369e-07  -9.4687249e-07   8.1744304e-07   7.8561840e-08
  -0.0000000e+00  -1.3055257e-04   3.1535939e-05   1.9413043e-05   1.0518771e-05   1.8905921e-06   4.2960273e-06   5.9297340e-06   5.2484952e-06   3.5609762e-06   5.3034352e-08   2.0225036e-06  -9.5084133e-08   1.5906048e-06   1.1108881e-06   1.4284981e-06   2.2024483e-07  -3.2098148e-07  -9.4463144e-07  -9.1782499e-07   1.2997053e-06   6.7810487e-07   1.1719937e-06
  -0.0000000e+00  -1.3147891e-04   3.3013814e-05   1.8086243e-05   1.6135498e-05  -1.0441825e-06   4.7313620e-06   8.7751487e-06   7.8162675e-06   1.3024269e-06   2.0144755e-06  -3.2833614e-07   2.7544220e-06  -2.3780596e-07   1.8455410e-06  -2.4205724e-07  -8.1056947e-07   8.6225759e-07  -4.6579456e-07   4.8748348e-07   6.2237126e-07  -2.6372004e-07   1.3834285e-06
  -0.0000000e+00  -1.3120596e-04   3.0442749e-05   2.3003140e-05   1.0963908e-05   3.1381869e-06   2.0823868e-06   7.1183022e-06   4.7317317e-06   3.7217144e-06   4.5010492e-07   3.1784684e-06   1.4619785e-07   1.2497198e-06   4.1353692e-07   5.0867573e-07   1.6314043e-06   2.4083019e-07   2.4829475e-07  -1.1785971e-07  -3.7444704e-07   2.6323201e-07   3.8220480e-07
  -0.0000000e+00  -1.3505407e-04   3.3143890e-05   1.6934002e-05   1.5907923e-05   1.1943566e-06   5.9788181e-06   8.9208343e-06   6.4365618e-06   2.7514270e-06   1.7979319e-06   7.0714992e-07  -7.3501678e-07  -3.6225899e-07  -1.4509980e-07   2.9802138e-07  -6.1857598e-08   1.6302187e-06  -1.6673300e-07  -1.1431405e-06  -6.1568852e-07   8.6310570e-07  -1.1162234e-06
  -0.0000000e+00  -1.3109855e-04   3.0957213e-05   2.2245609e-05   1.1050321e-05   1.5278442e-06   4.0730833e-06   8.3469649e-06   5.4947222e-06   2.4584951e-06   7.8199940e-07   6.0804075e-07   3.8956674e-07   1.9717135e-07   1.7682987e-06  -7.5760630e-07  -9.2234835e-08   1.1038036e-06   5.5138088e-07   2.5540798e-08   3.4601342e-07   2.5233450e-07   6.3274035e-07
  -0.0000000e+00  -1.3292317e-04   3.2105108e-05   1.8529061e-05   1.1901845e-05   4.7584157e-07   4.1792587e-06   5.5097239e-06   7.0629649e-06   2.9794542e-06   3.6202598e-06   2.1094577e-07   1.4869626e-07   5.9246469e-07   8.0829579e-07   2.0237969e-06   3.8061984e-07  -4.1385937e-07   1.5079668e-06   6.5422807e-07  -1.8235569e-07  -3.9642052e-07   1.6943332e-07
  -0.0000000e+00  -1.3038218e-04   2.8086301e-05   2.0877191e-05   1.2420971e-05   2.7820552e-06   2.9866528e-06   9.5300984e-06   4.2965185e-06   3.4399809e-06   3.3277868e-06   1.0530998e-06   2.6803334e-06   2.0325804e-06   6.8296106e-07  -1.2011301e-06   7.8979429e-07  -1.1123954e-07  -7.2099147e-07   1.0539028e-06   1.0290414e-06   2.2899602e-07  -1.2263155e-07
  -0.0000000e+00  -1.3405038e-04   3.5076420e-05   1.8554341e-05   1.4817315e-05   1.3158809e-06   1.2100641e-06   7.4546424e-06   7.0729907e-06   2.4635949e-06   9.1940359e-07   2.1196627e-07   2.0201671e-07   9.4438133e-07   8.5553438e-07   5.9776579e-07  -1.7097310e-07   7.5254570e-07   1.3582981e-06  -1.3001151e-06  -2.3944699e-07   1.0285062e-06   2.4062807e-08
  -0.0000000e+00  -1.2972986e-04   3.2291027e-05   2.1145133e-05   1.1716812e-05   1.0541314e-06   4.5106794e-06   1.1271856e-05   3.8603334e-06   3.9262336e-06   1.1805428e-06   2.5437237e-07   7.6465193e-07   1.3759146e-06   9.2831397e-07   2.1559795e-06  -2.3719284e-07   4.6935515e-08  -2.0282124e-08  -1.2598749e-06  -3.7087608e-07   1.4161718e-06   2.9431615e-07
  -0.0000000e+00  -1.3305606e-04   3.3011795e-05   1.9345140e-05   1.3750344e-05   1.9511963e-06   4.7310955e-06   6.0017915e-06   6.5319573e-06   3.6146996e-06   3.3656418e-06   1.4824452e-06  -2.8979198e-07  -1.6377847e-07   1.4780904e-06  -2.9762677e-07   6.4052574e-07  -1.3192341e-07  -7.6198717e-07   9.3851889e-07   5.9708970e-07  -7.3184998e-07   1.0943786e-06
  -0.0000000e+00  -1.3130571e-04   2.9469267e-05   2.0066707e-05   1.4029729e-05   1.5579184e-06   2.7262595e-06   9.1438396e-06   4.7804165e-06   8.7143650e-07   1.6407047e-06   2.4236751e-06   9.7232794e-07   1.1945610e-06   5.7327526e-07   1.8631277e-06  -5.0937622e-08   1.0322934e-06   1.3283516e-06  -3.6614193e-07  -8.8515259e-07   4.2889161e-07  -3.4810594e-07
  -0.0000000e+00  -1.3246464e-04   3.5366320e-05   1.9851266e-05   1.2525766e-05   1.8048152e-06   4.5403081e-06   6.2812669e-06   6.5295735e-06   4.1597523e-06   1.6209071e-06   9.5642099e-07   1.6021611e-06   4.7435705e-07   7.9837400e-07   5.4369156e-07   7.6466461e-07  -9.4615856e-08  -8.2606971e-07   4.6507296e-07   1.1009203e-06   6.9744902e-07   1.0341006e-06
  -0.0000000e+00  -1.3257097e-04   2.9350967e-05   2.1153201e-05   1.2095593e-05   1.4571082e-06   2.5566285e-06   8.9304476e-06   4.2501288e-06   2.3047737e-06   1.9303927e-06   7.2849531e-07   6.7268195e-07   1.4215964e-06  -4.8833573e-07   9.7037855e-07  -3.1370124e-07  -1.1538941e-06   5.5462442e-07   3.1446365e-07   1.5819637e-07  -1.1156611e-06  -8.6149322e-07
  -0.0000000e+00  -1.3215579e-04   3.3502318e-05   1.8288029e-05   1.4058547e-05   6.3608007e-07   3.4440723e-06   6.4043797e-06   5.3392778e-06   4.7102044e-06   1.9163672e-06  -4.8140078e-07   1.8245419e-06   1.4722236e-06   2.4001138e-06   2.3530040e-07   6.2995514e-07   6.7204326e-07  -6.0377181e-07  -1.2593382e-07   8.7773947e-07   1.5215988e-08  -6.3369589e-07
