  -0.0000000e+00  -1.0736986e-04   3.2368160e-05   1.8534887e-05   9.3809276e-06   1.1134961e-06   2.3335140e-06   4.8280003e-06   3.9712295e-06   2.2205427e-06   1.4273003e-06   2.0284720e-06   2.8327932e-07  -4.3214678e-07  -1.0638561e-06   7.2938400e-07   3.2583674e-07   9.1220255e-07   3.1070064e-07   1.1719176e-06  -7.2622061e-07  -5.8846041e-07  -1.1282158e-07
  -0.0000000e+00  -1.0607842e-04   3.2626951e-05   1.4368445e-05   9.4868637e-06   1.1548142e-06   3.4787372e-06   4.2832567e-06   4.1239136e-06   1.3702113e-06   1.1233690e-06   3.6552058e-07  -4.0205759e-07   4.0440722e-07   8.5264304e-07  -2.7412790e-07   1.6398901e-06   1.0540715e-07   4.8813712e-07   5.9320016e-09  -5.6224235e-07   5.0577563e-07   4.4790403e-07
  -0.0000000e+00  -1.0587792e-04   3.2035532e-05   1.8172484e-05   1.0346196e-05   1.5701122e-06   3.4097482e-06   4.2178026e-06   2.2738584e-06   2.2873301e-06   1.3913600e-06   3.4431238e-07   1.2042156e-06   4.4501076e-07   6.6322974e-07   1.1169398e-06  -8.6715863e-07  -8.4761137e-07  -6.8448742e-07   8.0074614e-07   7.9644657e-08   6.5837230e-07  -2.9202641e-07
  -0.0000000e+00  -1.0670953e-04   3.4002660e-05   1.4713554e-05   1.0848035e-05   4.8356196e-07   1.6264537e-06   5.1885768e-06   3.3023798e-06   1.9514546e-06   5.8211918e-07   8.0852885e-07   1.1675659e-06   6.6190529e-07   1.1462979e-06   6.9236211e-07   3.8487923e-07   8.7561256e-07   1.6983374e-06  -2.2713864e-07   6.6498876e-07  -3.5939644e-07   1.4881824e-07
  -0.0000000e+00  -1.0728198e-04   3.1134899e-05   1.5598216e-05   9.2136288e-06   1.2047780e-06   2.1069752e-06   6.0811612e-06   4.9040518e-06   1.7234313e-06   1.3690728e-06   1.3700250e-06   8.4068142e-07   2.6808493e-07  -9.7422429e-08   1.1829723e-06  -5.0701561e-07  -2.1179402e-07  -1.0897775e-06   2.1708901e-07   2.4281007e-07   6.1377114e-07  -8.7694400e-07
  -0.0000000e+00  -1.0537451e-04   3.3103330e-05   1.7318700e-05   1.0112854e-05   2.5331965e-06   2.5814759e-06   4.4702015e-06   4.2170263e-06   9.8697546e-07   9.3270933e-07   3.4069183e-07   1.7965758e-06   3.2061021e-07  -7.7403377e-07   8.5240578e-07   1.2506144e-06   1.9923951e-07  -1.0782172e-07   3.6708374e-07   8.6646827e-07  -1.2867470e-07   5.1247537e-07
  -0.0000000e+00  -1.0489126e-04   3.0409759e-05   1.6984026e-05   8.9457062e-06  -6.3782231e-08   4.0326518e-06   5.4936950e-06   3.9756906e-06   2.7551787e-06   3.6117902e-07   6.1757976e-07   5.0749281e-07   1.7965174e-07   1.0744211e-06   1.4968949e-06  -6.3422550e-07  -7.1117441e-08   1.2684224e-07   2.2882335e-07  -1.0857178e-07   6.6577604e-07   6.1202059e-07
  -0.0000000e+00  -1.0880979e-04   3.1945867e-05   1.5592537e-05   9.5315909e-06   3.7178384e-07   1.0077461e-06   4.8862353e-06   2.8905704e-06   1.8527999e-06   7.0328025e-07   2.2464772e-07   1.2816629e-06   9.1846658e-07   1.0305696e-06   2.5682786e-07   7.1899922e-07   1.1880586e-07  -2.8268326e-07   1.0365058e-06   3.3540374e-07   2.5369587e-07  -9.4765568e-07
  -0.0000000e+00  -1.0567201e-04   3.3231398e-05   1.7448552e-05   8.9303658e-06   2.8346201e-06   2.5133445e-06   6.4145715e-06   4.6766509e-06   1.2865938e-06   2.1765727e-06   5.2173289e-07  -7.2353055e-07   1.3131692e-07  -1.5044422e-07   5.9700051e-07   7.2155764e-08  -2.4514028e-07  -1.2708763e-07  -1.2192872e-06   3.2130285e-07  -3.9610543e-07  -4.3850042e-07
  -0.0000000e+00  -1.0753395e-04   3.1112031e-05   1.5904883e-05   9.4836469e-06  -5.2350987e-07   2.6679979e-06   4.8904722e-06   2.8366719e-06   2.3974139e-06   1.7597051e-06   1.0070286e-06   1.7108562e-06  -1.6727213e-07   8.1404494e-07   9.8796068e-07   7.3350924e-07  -7.9111362e-07  -4.2866171e-07   7.1776418e-07   1.0769004e-06  -9.6202268e-07  -6.3115488e-07
  -0.0000000e+00  -1.0482731e-04   3.1904568e-05   1.4489613e-05   1.0571825e-05   8.3508860e-07   1.3052965e-06   5.9665031e-06   3.9931929e-06   7.9281688e-07   1.8796975e-06   4.8784187e-07  -1.0727415e-06  -2.8709488e-07   2.8037562e-07  -1.9068661e-07  -2.4672710e-07   6.2778287e-07   8.2173369e-07   8.6082048e-07   1.7030499e-07   5.0874911e-07   3.6343167e-07
  -0.0000000e+00  -1.0698901e-04   3.1906464e-05   1.5568066e-05   9.9731233e-06   4.2784364e-07   2.4850285e-06   7.0365104e-06   3.5801299e-06   3.1820939e-06   2.2646932e-06   8.2596659e-07   9.9205977e-07   1.4803063e-06   1.5717612e-07  -1.8107394e-07  -1.3814376e-07   5.3976873e-07   1.2506632e-06   1.4589840e-07   3.8764549e-07   9.4592036e-07   8.9318894e-07
  -0.0000000e+00  -1.0700144e-04   3.3441429e-05   1.6093045e-05   9.5961495e-06   2.4183530e-06   1.4810676e-06   4.1409053e-06   3.2278074e-06   1.7693892e-06   1.4598062e-06   6.5211232e-08   1.0121861e-06   1.2580487e-06   1.0527730e-06   8.4495389e-07  -3.0302951e-07   1.4784523e-08  -1.0996267e-06   9.1249262e-07  -1.0515530e-06   1.6094772e-08  -7.4634454e-07
  -0.0000000e+00  -1.0823283e-04   3.0345771e-05   1.7642220e-05   9.2127475e-06   2.3400542e-06   3.9939528e-06   5.1582456e-06   4.4610865e-06   2.1737665e-06   1.5084666e-07   9.5420728e-07   1.3668861e-06   1.2036378e-06   2.9553479e-07   4.4973987e-07   3.3045133e-08   3.7551200e-07   1.4015004e-06  -2.1953751e-07   7.8820881e-07   6.6191625e-08   2.9108804e-07
  -0.0000000e+00  -1.0389581e-04   3.2028242e-05   1.5442467e-05   1.0070890e-05   9.4928640e-07   2.4722676e-06   3.8194253e-06   3.2393023e-06   7.6805549e-07   1.9335509e-06   9.1965939e-07  -4.6793107e-07   2.3922007e-07   2.8195078e-07  -8.1198422e-08   3.3312992e-07   1.0641671e-07  -1.1636390e-06  -6.3460300e-07  -1.2317829e-06   5.8793898e-07   3.6265513e-07
  -0.0000000e+00  -1.0804001e-04   3.3515873e-05   1.6288530e-05   1.1101899e-05  -7.1948938e-07   2.7689789e-06   7.3217084e-06   5.2067326e-06   2.0021812e-06   2.1790258e-06   1.2798524e-06  -6.3715152e-07   2.0826207e-07   9.4634379e-07   1.7695206e-06   1.0138768e-06  -6.9549975e-07  -1.4351220e-08   3.4476008e-07   1.8185696e-06  -8.7942880e-07  -1.4459608e-09
  -0.0000000e+00  -1.0587417e-04   3.0619205e-05   1.6707345e-05   9.9023919e-06   2.2197787e-06   3.2306491e-06   5.1945544e-06   1.1465561e-06   1.7011017e-06   1.2274094e-06   2.1989633e-06   2.5362232e-07   2.2471883e-07   8.3697552e-07  -9.7866618e-08  -7.7329412e-07   5.9555691e-07   9.1295050e-07   7.5125894e-07  -3.4969406e-07  -4.8406110e-07   9.2221524e-07
  -0.0000000e+00  -1.0532756e-04   3.1392385e-05   1.6484126e-05   1.1134526e-05   1.0269081e-06   2.6959713e-06   6.6163161e-06   2.4298120e-06   2.2900599e-06   1.5152008e-06  -3.0678578e-08  -1.1323598e-07   4.5461306e-07   1.4449377e-06  -3.0541602e-07  -3.3927154e-07  -4.1949755e-07   1.2703787e-06   1.8844658e-07   7.7884991e-08  -1.0117334e-06   2.8108124e-07
  -0.0000000e+00  -1.0518525e-04   3.1171337e-05   1.7960137e-05   1.0230266e-05  -2.5876633e-07   4.1710464e-06   5.5938017e-06   3.0240947e-06   5.6308517e-07   1.4121938e-06   8.1263107e-07   6.8469808e-07  -4.7126867e-09   1.2326174e-06  -4.5461544e-08  -2.1110162e-07   5.7619428e-07  -5.5141800e-07   1.1064689e-06  -2.9896617e-07   1.4886578e-07   5.7634412e-07
  -0.0000000e+00  -1.0845779e-04   3.5082161e-05   1.4661738e-05   1.1392301e-05   6.0377522e-07   2.4190388e-06   3.0924084e-06   4.9193332e-06   2.2075599e-06   1.9100592e-06   1.0867549e-06  -1.2006692e-06   1.1538490e-06   1.9603293e-07  -1.6078305e-07  -1.9675857e-08   3.8702942e-07   3.7588265e-07   1.5249524e-08   7.2902247e-07  -1.8192668e-07  -5.8121901e-07
  -0.0000000e+00  -1.0688545e-04   3.0740954e-05   1.7950400e-05   9.7775919e-06   1.2303078e-06   3.8852304e-06   5.1208967e-06   3.9935089e-06   1.2981361e-06   5.2922007e-07  -9.3863889e-07   8.3572451e-07   8.3669738e-07   1.3416702e-06  -3.3477488e-07  -9.0525202e-07  -7.6887363e-07  -3.6740030e-07  -3.2889091e-07   5.2705064e-07   1.0655961e-07   1.1014546e-06
  -0.0000000e+00  -1.0461498e-04   3.0542487e-05   1.6233409e-05   9.5119303e-06   8.8245088e-07   3.3801264e-06   6.3583375e-06   4.5761981e-06   1.3843832e-06   1.1327081e-06   2.0079606e-06   1.1533768e-06  -3.3493453e-08   1.5119798e-06   8.3789473e-07   1.4580980e-06   5.7433607e-07  -6.7491874e-07  -3.9223781e-07   2.6029278e-07   5.0884188e-07   1.2222088e-07
  -0.0000000e+00  -1.0803906e-04   3.3636563e-05   1.6208664e-05   9.5859186e-06   1.3933845e-06   2.8199124e-06   3.8352237e-06   2.7002054e-06   1.7402302e-06   1.5827160e-06   5.2369819e-07   4.3445561e-07   6.0667547e-09   2.9090802e-07  -2.0526035e-07  -3.7577405e-07   3.1592120e-07  -3.1071460e-07  -3.5858878e-07   3.7369554e-07   4.7411640e-07   3.6085763e-07
  -0.0000000e+00  -1.0590598e-04   3.3322282e-05   1.5745323e-05   9.7134980e-06  -5.3444182e-07   3.7236448e-06   6.2603813e-06   4.1260128e-06   1.2769761e-06   1.4471505e-06  -3.0082694e-07   6.0415402e-07   1.1718824e-06   3.2029388e-07   3.1159240e-07  -2.0415740e-07  -1.6861875e-07   4.8260318e-07   6.7741632e-07   1.5367356e-06   5.9895712e-07  -2.2837250e-07
  -0.0000000e+00  -1.0334299e-04   3.0972067e-05   1.5584515e-05   8.7563694e-06   1.8590275e-06   2.4680587e-06   4.0530240e-06   3.8292160e-06   2.3420641e-06   2.1133160e-06  -3.8016466e-07  -2.2842740e-07   7.3986348e-07   8.9526674e-07   1.7395480e-07   2.1249380e-07   6.6556743e-07   1.5020794e-07   5.1383006e-07   1.0734285e-08  -5.1134475e-07  -2.5361183e-07
  -0.0000000e+00  -1.0843448e-04   3.0420875e-05   1.7801647e-05   1.0482825e-05   9.6628332e-07   3.3040465e-06   4.4250583e-06   3.6329104e-06   1.7238035e-06   1.7748570e-06   2.1471469e-06   1.0139887e-06   1.2067759e-06   1.3958822e-06   1.2305045e-06  -2.4653860e-07  -4.8877990e-07  -5.4483525e-07   1.1382524e-06  -3.9437825e-07   6.7110261e-07   7.1361933e-07
  -0.0000000e+00  -1.0635821e-04   3.3037129e-05   1.5639998e-05   9.8707542e-06   2.3140767e-06   2.1567034e-06   4.6323371e-06   4.1467842e-06   1.4769035e-06   8.9507404e-07   1.0671929e-06  -1.5725787e-07   9.0193470e-07   9.5986945e-07  -1.9682035e-07   3.0979166e-07   9.9165027e-07   5.4755770e-07   4.0137820e-07  -5.1603070e-07  -1.5721818e-07  -1.0959691e-06
  -0.0000000e+00  -1.0719253e-04   3.2381835e-05   1.6196835e-05   1.0819123e-05  -4.5450875e-07   3.2674111e-06   5.8583878e-06   3.5846626e-06   2.4202548e-06   8.9970484e-07   5.4137672e-07   1.3457207e-08  -6.7262022e-07   4.0234821e-07  -2.9233576e-07   1.0232076e-06   1.2639673e-07  -3.6966153e-08   6.0991454e-07  -4.8241071e-07   1.0454295e-06  -3.3429436e-07
  -0.0000000e+00  -1.0421671e-04   3.0782299e-05   1.7285727e-05   9.6923523e-06   1.2028818e-06   1.7142814e-06   4.8585011e-06   4.4344165e-06   8.6655888e-07   1.4357008e-06  -2.3804114e-07  -1.9922091e-07   1.9545628e-06  -1.0254573e-07  -1.8649052e-07  -7.0316980e-07  -5.8990639e-07   1.1221582e-06   3.4401029e-07   8.6866419e-07  -1.1144866e-06   6.2431587e-07
  -0.0000000e+00  -1.0822363e-04   3.0656520e-05   1.7082610e-05   1.0918526e-05   7.5234176e-08   3.3584290e-06   4.8433121e-06   3.4411860e-06   3.0274314e-06   2.4299907e-06   6.4735156e-07   5.0861019e-07   1.1030632e-07   9.5932842e-07   1.7489310e-06  -2.7544388e-07  -2.8591285e-07   7.3407739e-07  -4.8526095e-07   5.5279969e-07   4.8986448e-07   4.2310265e-07
  -0.0000000e+00  -1.0654280e-04   3.5013807e-05   1.4370795e-05   9.1345364e-06   1.3834081e-06   2.9546250e-06   4.6745818e-06   2.5255738e-06   1.7743533e-06   1.2374627e-06   1.4148967e-06   2.4899595e-08  -7.3824799e-07   6.8350786e-08   7.1535737e-08   6.7739080e-07   7.5585397e-08  -5.0435420e-07  -5.6329270e-07  -6.0827466e-07  -8.0610744e-07   1.1256852e-06
  -0.0000000e+00  -1.0487139e-04   3.0503445e-05   1.6142372e-05   9.6459571e-06   1.0746995e-06   4.5644506e-06   5.4510047e-06   3.0896636e-06   2.2999318e-06   1.0457725e-06  -6.0622733e-07  -7.1802492e-07  -6.5396193e-08   1.8875977e-07   1.5504402e-06   3.3510992e-07  -4.9907004e-07   5.6022122e-07  -1.7259286e-07   6.7661585e-07   6.6940601e-07  -9.1530825e-07
  -0.0000000e+00  -1.0677328e-04   3.1110609e-05   1.6660457e-05   9.2523678e-06   3.6120122e-07   3.0011181e-06   4.0273158e-06   4.5418342e-06   1.3427016e-06   1.3908981e-06   1.8901380e-06  -2.8656348e-07   2.1441313e-06   6.0372111e-07   7.6821573e-07   9.3962264e-08   5.9109823e-07  -6.5836298e-07   3.7978288e-07  -5.8927372e-07  -1.3790765e-07   9.8180965e-07
  -0.0000000e+00  -1.0557210e-04   3.1717143e-05   1.6858346e-05   9.8527553e-06   2.1818266e-06   2.9598268e-06   5.7371590e-06   4.2641932e-06   1.9376823e-06   1.3374157e-06   8.3148507e-07   4.4660545e-08   1.7237451e-06   8.7526746e-07  -2.3434912e-07   4.0250254e-07  -4.1539812e-07   1.2630655e-06   4.6098819e-07   5.9527583e-08   6.7775630e-07   3.9926383e-07
  -0.0000000e+00  -1.0679068e-04   3.1696658e-05   1.4505194e-05   9.6578351e-06   1.8753509e-06   2.6583598e-06   4.4648309e-06   3.1286550e-06   5.0898586e-07   1.4860090e-06   2.1289698e-06  -1.1767871e-07   5.4679259e-07   2.2252475e-07   1.2510411e-06   9.3025915e-07   3.7200896e-09   9.7050724e-07   7.9827197e-07  -1.1532023e-06   7.6192788e-07  -4.0095748e-07
  -0.0000000e+00  -1.0811319e-04   3.1232394e-05   1.6909262e-05   1.0801084e-05   6.0273084e-07   2.0041184e-06   6.7686028e-06   3.3852359e-06   2.4306237e-06   1.3585147e-06   1.0874675e-06   9.0700570e-07   1.2192696e-07   5.4070676e-07   5.0497073e-07   2.7774138e-07  -8.4451193e-07  -1.2183853e-06   2.6650451e-07   1.2757145e-07   1.4171306e-07   9.8785313e-07
  -0.0000000e+00  -1.0516423e-04   3.1781630e-05   1.8097649e-05   9.5498872e-06   1.2520088e-06   4.7605699e-06   4.4957046e-06   3.3905380e-06   1.4394941e-06   7.7385153e-07   1.0553640e-06  -7.5393757e-07   6.8179503e-07   7.0166635e-07   6.8510076e-07  -5.1562932e-07   6.5389906e-07   8.0258354e-07   2.5078839e-07  -9.5203887e-07  -6.5500593e-08  -1.7462757e-07
  -0.0000000e+00  -1.0561635e-04   3.2185613e-05   1.5585583e-05   1.0014802e-05   1.8158564e-06   8.7085300e-07   4.9080550e-06   4.9393543e-06   1.5434048e-06   2.0130033e-06   1.7134206e-06  -7.9171895e-07  -8.4771642e-07   2.7082501e-07  -4.1942587e-07   8.9242484e-08   5.9512462e-07   5.5419463e-07  -6.9278866e-07   9.6750875e-07   9.3370113e-07  -4.2146678e-07
  -0.0000000e+00  -1.0836878e-04   3.2703050e-05   1.6318101e-05   1.0677167e-05   9.0941484e-07   2.5987026e-06   6.4427877e-06   4.1946491e-06   1.0357619e-06   2.7405960e-07   2.0057812e-06   3.2449168e-07   2.3001434e-07   8.8914544e-07   1.1945407e-06   7.0164185e-07   3.6246269e-07   4.2575738e-07   1.1733307e-07  -4.6799741e-07   7.4452930e-07  -8.3570120e-07
  -0.0000000e+00  -1.0471496e-04   3.0765968e-05   1.7551591e-05   9.4360912e-06   6.5007106e-07   3.4138968e-06   4.2067568e-06   4.1849239e-06   1.5429769e-06   9.5744474e-07   1.1231932e-06   7.9118996e-07   1.5089435e-07   8.1112194e-07  -9.4477450e-08  -3.3030597e-07   8.4040295e-07  -2.3602213e-07   1.0014287e-06   4.6597901e-07   6.6296911e-07   7.3169474e-07
  -0.0000000e+00  -1.0748990e-04   3.1485677e-05   1.7250914e-05   1.0200730e-05   8.3589278e-08   2.8248094e-06   5.3348963e-06   3.2463395e-06   2.3883131e-06   2.6343682e-07   1.0102098e-06   4.0807558e-07   4.3459838e-07   4.4256765e-07  -2.5391850e-07   2.6502283e-07   2.7010694e-07   1.4780915e-07  -1.8234520e-07  -1.0022826e-07   1.4139025e-07   9.6821520e-07
  -0.0000000e+00  -1.0807144e-04   3.2520198e-05   1.7372049e-05   9.5208979e-06   3.3302288e-06   1.1095129e-06   4.8254201e-06   4.4072553e-06   1.9647061e-06   1.7959439e-06   1.5004523e-06  -2.7956153e-07   5.6900245e-07   9.3016047e-07  -4.3400755e-07   8.3936504e-07   3.8631026e-07  -5.5266440e-07  -2.7124634e-07  -3.3289697e-07  -6.2664225e-07   2.5375402e-07
  -0.0000000e+00  -1.0562372e-04   3.0030156e-05   1.6354903e-05   1.2003240e-05  -5.4181464e-07   1.7572950e-06   5.2387932e-06   4.2355946e-06   9.6957024e-07   1.6255190e-06   2.5090156e-07  -1.0033827e-06  -4.7048410e-08   1.3168242e-06  -2.3699717e-07   1.6775572e-06  -1.1145907e-07   1.1828301e-07   5.5603874e-08   1.2238835e-06  -7.7302172e-07   5.9661409e-07
  -0.0000000e+00  -1.0513003e-04   3.1849162e-05   1.6350119e-05   9.1322781e-06   1.1566153e-06   3.8811982e-06   5.2849514e-06   2.2396655e-06   2.0644595e-06   2.3987875e-06  -1.0806771e-07   1.4066420e-06   4.1594575e-07   1.5235802e-06   3.5783838e-09   1.1009293e-07   1.0323242e-06   5.7792800e-08   7.2184235e-07   9.4530412e-07   8.6914167e-07  -1.1030099e-07
  -0.0000000e+00  -1.0570261e-04   3.1239462e-05   1.6993388e-05   7.7772893e-06   9.6019130e-07   2.8333627e-06   4.2443558e-06   4.0334016e-06   8.0470301e-07   1.1410409e-06   2.5832423e-07   1.4544411e-06   1.4368330e-06   1.4264331e-06   1.1935273e-06  -5.3215979e-07   7.6370128e-07  -2.1302314e-07  -1.3270179e-06   1.3045405e-06   9.8082262e-07  -7.5105277e-07
  -0.0000000e+00  -1.0717977e-04   3.1709187e-05   1.4574947e-05   1.1213759e-05   5.4636598e-07   2.7875296e-06   6.2374056e-06   3.8934850e-06   1.3843933e-06   8.6250225e-07   1.1365905e-06   6.2622576e-07   7.5787580e-07   1.7561613e-08  -4.9591938e-07  -2.3095036e-07   4.9965882e-07   2.1790601e-07  -4.3292215e-07  -8.7469994e-07  -3.5567243e-07  -6.5765795e-07
  -0.0000000e+00  -1.0605754e-04   3.3491255e-05   1.6471680e-05   1.0407519e-05   1.1645676e-06   3.7541295e-06   4.4976669e-06   2.7520048e-06   1.4215552e-06   2.4047329e-06  -2.9506223e-08  -4.5409729e-07   1.8031768e-07  -2.9099345e-08  -6.1649530e-07   2.5116455e-07   7.3042128e-07  -2.1932637e-07  -3.7251519e-07   1.3464140e-07   1.5480725e-06  -5.1834746e-07
  -0.0000000e+00  -1.0493395e-04   3.2219588e-05   1.6138532e-05   1.0281417e-05   5.6863922e-07   2.3950365e-06   4.0493360e-06   3.2001431e-06   3.7117532e-06   1.4404579e-06  -6.4748338e-07  -5.0480818e-08   9.7237421e-07   8.9835822e-07   1.5858428e-06  -7.3050302e-08  -5.0100590e-07   1.1713576e-06  -1.6798089e-07   8.2910574e-08   8.4175701e-07   4.6023609e-07
  -0.0000000e+00  -1.0608724e-04   3.2384942e-05   1.5358808e-05   1.1433663e-05   2.1136950e-06   2.6137234e-06   5.6695294e-06   4.0039299e-06   2.1634880e-06   2.2006595e-06   2.9041078e-07   3.6632363e-07   2.9720610e-07   4.7505882e-08  -1.0125208e-08  -1.4339295e-06  -2.2549982e-07  -6.2158745e-07  -5.6079436e-08  -5.7560504e-07  -1.6153865e-07   4.7919322e-08
  -0.0000000e+00  -1.0795400e-04   3.2072432e-05   1.6644910e-05   9.1917209e-06   1.1651140e-06   2.6472303e-06   3.9835932e-06   5.5596256e-06   9.5295292e-07   5.8785918e-07   2.1688031e-06   3.9430981e-07   3.5022538e-08   6.7503316e-07   1.2071647e-06  -2.4386992e-07   1.0958194e-06   6.4186713e-07   5.3302688e-07   1.0931540e-06  -7.1112532e-07   2.4137486e-07
  -0.0000000e+00  -1.0514957e-04   3.3859404e-05   1.5978130e-05   1.0342125e-05  -1.9857976e-07   4.2008633e-06   4.2276424e-06   2.9191642e-06   3.6187944e-06   1.9405074e-06   8.9541209e-07   7.9118917e-07   1.4137253e-06   1.0923382e-06  -1.3772257e-07   1.2166950e-06  -8.1422053e-07  -4.9091454e-07  -4.3747090e-07  -4.2611134e-07   4.6680944e-07   1.0764958e-06
  -0.0000000e+00  -1.0814924e-04   3.1301934e-05   1.5811949e-05   1.0503560e-05   6.8699927e-07   1.8816767e-06   5.3426029e-06   4.4975791e-06   1.6827903e-06   1.1115005e-06   1.1175231e-06   1.6986093e-06  -8.5617074e-08  -5.8703097e-07  -2.3797196e-07   6.8246283e-07  -3.8061206e-08   1.0089119e-06  -1.1778877e-07   7.0813348e-07  -2.0352802e-07  -6.7140724e-07
  -0.0000000e+00  -1.0460517e-04   3.0061759e-05   1.6474696e-05   1.0116858e-05   1.3505279e-06   2.5302415e-06   4.9615783e-06   3.8856961e-06   1.3367394e-06   7.2307745e-07   4.8995645e-07   3.3146964e-07   3.8099984e-07   3.3665685e-07   7.2088022e-07   6.8764774e-07   3.4917502e-07  -2.4485772e-07   9.1196694e-07   1.0001865e-07   5.6389137e-08  -1.3036470e-07
  -0.0000000e+00  -1.0753641e-04   3.4013123e-05   1.6795657e-05   9.5332507e-06   1.2484689e-06   1.2155372e-06   6.3909783e-06   3.9936740e-06   2.9528449e-06   1.7169201e-06   1.3719891e-06   5.6872210e-07   1.0967078e-07   8.4577073e-07   5.4190764e-07  -4.2514588e-07   2.9043071e-07  -2.3430701e-07   6.1232447e-07   9.4860536e-07  -5.4751735e-07   7.5971985e-07
  -0.0000000e+00  -1.0649663e-04   3.0920150e-05   1.7292150e-05   9.4473935e-06   8.2709312e-07   3.3310730e-06   5.1896768e-06   3.8557178e-06   1.8602758e-06  -2.7079182e-07   1.0833422e-06   7.7181068e-07  -1.0058825e-06   7.7747546e-07   6.3325194e-07  -3.6772997e-07  -9.8633643e-07  -1.0104275e-06  -2.6227232e-07  -7.0175747e-07   9.2390769e-07   5.6774110e-07
  -0.0000000e+00  -1.0538119e-04   2.9905368e-05   1.6827829e-05   1.0865483e-05  -3.1264995e-07   2.5233362e-06   6.3112107e-06   2.2619681e-06   6.2880594e-07   1.4852266e-06  -6.9849659e-07   1.3161140e-07   3.5321332e-08   1.3742759e-06   9.5703945e-07   9.7501868e-07   2.6273051e-07   6.1877415e-07  -4.2985597e-08  -8.1293501e-07   5.6077420e-07   1.1481243e-06
  -0.0000000e+00  -1.0811653e-04   3.4406454e-05   1.5985415e-05   8.7524340e-06   2.5049587e-06   3.2534820e-06   5.2185633e-06   4.0625569e-06   1.9630697e-06   7.7071650e-07   1.9996328e-06   3.0671518e-07   3.3746394e-07   2.3317568e-07   1.0998940e-06   1.0736723e-06   7.7267015e-07  -5.6491302e-07   1.1572718e-06  -9.6164726e-08  -8.0927043e-07   1.4897758e-07
  -0.0000000e+00  -1.0617582e-04   3.0804691e-05   1.6147089e-05   1.0613117e-05   1.5396233e-06   2.4154201e-06   5.6516860e-06   3.2460921e-06   2.0102539e-06   1.2520876e-06   6.4201117e-07   2.5270808e-07   7.2682479e-07  -8.8322645e-07   1.7836297e-07   5.6165408e-07  -5.4105300e-07   1.2199810e-06   4.2062578e-07   2.7469818e-07  -8.3038617e-07   5.2948502e-07
  -0.0000000e+00  -1.0671300e-04   3.0803250e-05   1.5986820e-05   9.5308469e-06   9.6952056e-07   1.7142371e-06   3.8793919e-06   4.9253863e-06   1.9522488e-06   1.0210786e-06  -2.4096138e-07   1.9441975e-06   1.4000686e-06   9.3765969e-08  -2.2933949e-07   4.2837414e-07   6.5439406e-07   2.2307515e-07  -2.2834659e-08   7.5473463e-07  -4.3582943e-07   6.3145467e-07
  -0.0000000e+00  -1.0581574e-04   3.1456824e-05   1.6871201e-05   9.6226813e-06   4.8023884e-07   2.0064460e-06   6.6554826e-06   3.0463691e-06   2.3594757e-06   7.8956674e-07  -1.9001665e-07   1.3683928e-06   5.0088528e-07   7.8068894e-07   1.0621518e-06   1.7057768e-06  -1.0701417e-07   2.3253145e-07   6.8991545e-07  -5.2636312e-07   8.0802033e-07  -5.6204124e-07
  -0.0000000e+00  -1.0415158e-04   3.4741937e-05   1.5049397e-05   8.0824748e-06   1.8375526e-06   3.1488746e-06   4.9789278e-06   4.7864582e-06   1.0924228e-06   3.3247022e-07   6.1040839e-07   1.8023950e-07   1.0678494e-06  -2.0754977e-07   3.6343215e-07  -4.4480109e-07  -1.0164310e-08  -9.5150043e-08   1.0303734e-06   4.7253272e-07  -2.1459304e-07  -3.3362406e-07
  -0.0000000e+00  -1.1051838e-04   3.2262633e-05   1.7596481e-05   1.0278148e-05  -2.9611675e-07   2.7803633e-06   6.4887340e-06   3.5550038e-06   3.2914272e-06   1.8288766e-06  -9.8170901e-08  -5.1259860e-07   2.6300082e-08   6.4500779e-07  -4.2308869e-07   2.1853795e-07   5.8452849e-07  -2.3814536e-07   3.1820369e-07  -5.8631701e-07   1.3272581e-06  -1.8859494e-07
  -0.0000000e+00  -1.0269875e-04   2.9675202e-05   1.7498629e-05   1.0221134e-05   1.4519928e-06   3.1663931e-06   3.6080794e-06   4.9237606e-06   2.7583210e-06  -6.4106452e-08   1.0654869e-06  -1.0544799e-07   1.0159289e-06   1.7419451e-06   7.7118881e-07  -4.4674792e-07  -6.5167973e-07   7.9058236e-07   4.4422501e-07  -2.3387680e-07  -6.7531079e-07  -3.6278945e-07
  -0.0000000e+00  -1.0766651e-04   3.4026314e-05   1.6491067e-05   8.4728563e-06  -1.5572820e-07   2.6968667e-06   4.4312660e-06   3.5199403e-06   1.8905224e-06   1.2136124e-06  -1.1715656e-06  -6.9318929e-08   1.3794019e-06   1.0410515e-06   3.5020724e-07   1.2514278e-06  -1.0489378e-07  -4.7695607e-07   6.6546858e-07  -8.4884897e-07  -1.0946241e-07   6.1283379e-07
  -0.0000000e+00  -1.0718051e-04   3.2292352e-05   1.5355876e-05   9.5506439e-06   4.0425261e-06   1.4046955e-06   6.3968669e-06   3.6184010e-06   1.1760856e-06   2.2534959e-06   1.3397962e-06  -3.6410063e-07   2.0365987e-06   1.4960878e-07   6.6392960e-07   9.1643102e-08  -9.3611123e-07   1.6061645e-06  -2.4710044e-07   1.0905851e-06  -7.2553792e-07   2.8095224e-07
  -0.0000000e+00  -1.0620825e-04   2.9562310e-05   1.8058103e-05   1.0578054e-05   6.9888677e-07   4.0413906e-06   6.1610949e-06   4.5903571e-06   3.0264098e-06  -1.5645631e-07   8.5157166e-07   1.1423792e-06  -2.1705156e-07   1.3528572e-06   7.7910272e-07   1.1012630e-06   1.7779713e-07   4.9404747e-07  -6.2039859e-08   5.1787163e-07   4.8395378e-07   9.4783132e-07
  -0.0000000e+00  -1.0681424e-04   3.3849101e-05   1.6204307e-05   9.3825465e-06   6.8899351e-07   2.9647035e-06   5.2738833e-06   2.7238430e-06   9.3958067e-07   5.7758780e-07   1.1709194e-06  -3.9591694e-07   1.2593947e-06   5.6164481e-07   4.4701684e-07  -9.0621006e-07  -8.5695467e-07  -5.8883734e-07   1.1106459e-06  -2.9763561e-07   6.1121449e-07  -2.2857563e-08
  -0.0000000e+00  -1.0601828e-04   3.0197056e-05   1.6730430e-05   1.1392731e-05   2.8861580e-06   3.3626986e-06   4.8217221e-06   3.0513347e-06   2.3249681e-06   2.0585971e-06  -6.1958934e-07   1.4504574e-06   7.0413336e-07   2.1829760e-06   9.4484966e-07  -3.9677541e-08   8.6454776e-07  -8.1223322e-07  -5.3754337e-07   3.6024949e-07  -2.8290913e-07  -9.8241105e-07
  -0.0000000e+00  -1.0784016e-04   3.1581978e-05   1.7296401e-05   7.5194721e-06   1.7649029e-06   2.8079469e-06   5.2778646e-06   2.5896829e-06   1.0955663e-06   1.4644828e-06   9.0792605e-07   5.1052228e-07  -3.2632380e-07   4.0706465e-07   1.9591170e-07  -3.5965975e-08   7.5929073e-08   1.1113096e-06   5.4585149e-07   1.9566416e-07   5.3133687e-07   7.1312547e-07
  -0.0000000e+00  -1.0429917e-04   3.2846750e-05   1.5148630e-05   9.7553802e-06   1.8063081e-06   1.0575584e-06   4.7259687e-06   4.5842617e-06   7.5797755e-07   7.8756824e-07   5.7851685e-07  -6.8749443e-07  -2.7502696e-07   1.2830407e-07  -5.5092664e-07  -1.4906526e-07  -8.3010275e-07   9.5888275e-08  -1.2130480e-06   3.2488325e-07  -7.5221118e-07  -8.2677821e-07
  -0.0000000e+00  -1.0490901e-04   2.9454543e-05   1.6940370e-05   1.0432695e-05   2.9395036e-07   4.6179325e-06   4.9714326e-06   4.1575654e-06   4.0098112e-06   4.2510229e-07   1.1434653e-06   1.6780954e-06   1.1617785e-06   3.8990592e-08   1.6529088e-06   8.9573030e-07  -6.4416064e-08   1.0107540e-07   1.0219161e-06   9.9076453e-07   8.5754795e-07  -6.7283821e-07
  -0.0000000e+00  -1.0952142e-04   3.5358014e-05   1.4891894e-05   9.0759222e-06   2.9268537e-07   2.0469774e-06   5.6389163e-06   4.6080131e-06   4.5132293e-07   1.3440944e-06   5.8023488e-07   6.7869649e-07   3.7451409e-07   6.1252126e-07   5.4988425e-07   1.5378291e-07  -3.4566676e-07   4.3380055e-07   7.0213417e-07   7.4937378e-07   3.0312663e-07  -4.9176714e-07
  -0.0000000e+00  -1.0566694e-04   3.0490181e-05   1.8432791e-05   9.9900362e-06  -1.0540127e-06   3.4631089e-06   5.9356844e-06   3.8253493e-06   2.0601510e-06   6.9493797e-07   8.7727761e-07  -6.6588007e-07   9.2097487e-08   5.0056622e-07  -4.2505525e-07  -7.9030521e-08  -4.3811230e-08   2.4236545e-08  -2.9952068e-07  -1.0653926e-06   1.0050143e-06   1.2493934e-06
  -0.0000000e+00  -1.0499148e-04   3.2089978e-05   1.6321685e-05   1.0841639e-05   1.3352682e-06   2.9568159e-06   2.7425115e-06   4.9517234e-06   2.2905324e-06   1.2438690e-06   1.3368781e-06   2.5115081e-09  -9.7183303e-08   8.9945495e-08   1.1235903e-06   2.8703388e-07   9.7969439e-07   1.1092936e-06  -2.7071144e-07  -9.8597070e-07   6.6629832e-07  -5.4778189e-07
  -0.0000000e+00  -1.0750860e-04   3.2568794e-05   1.5341820e-05   9.8639421e-06   5.9377680e-07   4.1580483e-06   4.2097636e-06   3.2494504e-06   3.8013707e-06   8.9830678e-07   6.2227451e-07   8.7778426e-07   3.5446627e-07   1.4414904e-06   6.4540023e-07  -1.4534402e-07   8.2464692e-07   3.5895883e-07   9.9443309e-07  -4.3267946e-07   2.4108323e-07   1.9371171e-07
  -0.0000000e+00  -1.0768395e-04   3.1794378e-05   1.6335347e-05   9.4154530e-06  -1.8799966e-06   3.1407067e-06   5.7965699e-06   4.5950610e-06   8.6370579e-07  -3.2250827e-07   4.0634666e-07   1.2964832e-06   9.5260242e-07   7.1851866e-07   8.5867487e-07  -4.7333802e-07  -5.1933415e-07  -2.3160092e-07   4.5483344e-07   8.8894240e-07  -9.2717329e-08  -3.6990772e-07
  -0.0000000e+00  -1.0431901e-04   3.1132928e-05   1.5949883e-05   1.1064151e-05   3.3691779e-06   5.9211652e-07   4.6553541e-06   3.9104834e-06   1.0078109e-06   3.0156878e-06   2.2154472e-06   4.8041528e-07  -3.1175386e-08   9.3634105e-07  -3.7720653e-07  -3.8352326e-07  -1.7923048e-07   8.1816131e-07  -4.9974960e-07  -2.6032575e-07   7.8163220e-07   5.6138640e-07
  -0.0000000e+00  -1.0595009e-04   3.1852494e-05   1.6587872e-05   1.0291948e-05  -2.0224944e-07   4.7656704e-06   3.6715896e-06   3.5994542e-06   2.3976838e-06   3.3350327e-07   1.1453094e-06   4.5793396e-07   9.0266752e-07   7.3241659e-07   4.1842501e-08   8.2687160e-07  -6.2555353e-07   3.7631659e-07   7.1908499e-07   3.1765191e-07  -6.2712172e-07   5.1560517e-07
  -0.0000000e+00  -1.0402261e-04   3.1329408e-05   1.9210715e-05   8.8214556e-06   1.2864718e-06   1.3995549e-06   4.4943813e-06   4.5854131e-06   1.7734620e-06   1.9873009e-06   9.8919543e-07   1.5396810e-07   8.5972107e-07   1.4183281e-06   1.9012894e-06  -2.0341291e-07  -8.5639607e-07   4.9692738e-07   1.0785031e-06  -7.9381846e-07   2.4526292e-07   1.1284835e-07
  -0.0000000e+00  -1.0933756e-04   3.4960227e-05   1.5990370e-05   1.2175942e-05  -3.1341060e-07   3.8628227e-06   4.1102185e-06   4.0090281e-06   1.2266880e-06   1.1182749e-06  -7.2664636e-07   4.2230391e-07   1.2771741e-06   5.8289129e-07  -9.6187580e-07   2.3257412e-07   2.6901805e-07  -7.9378299e-07  -1.0664945e-06   3.9626508e-07  -4.6335438e-07   1.4787845e-07
  -0.0000000e+00  -1.0281924e-04   2.9291576e-05   1.5635753e-05   8.4749308e-06   1.8967712e-06   2.5453289e-06   5.6708832e-06   3.3619833e-06   1.9459073e-06  -7.2537625e-07   8.4333647e-07  -7.8260562e-08   8.2721357e-07   3.2065205e-07   5.0038682e-07   9.0858043e-07   1.2519756e-06  -1.2766805e-07   1.1120354e-06  -2.7549024e-07   5.5351444e-07   5.2973149e-07
  -0.0000000e+00  -1.0962957e-04   3.3462642e-05   1.7900291e-05   8.8809411e-06   1.3775609e-06   2.5422535e-06   5.1726361e-06   2.6648806e-06   2.4655244e-06   2.5133281e-06   8.1903488e-07   9.1739685e-07   1.1208725e-06  -3.5189166e-07   1.2375398e-06   2.7483571e-07  -1.4001990e-06   1.5249188e-06   2.6698231e-07   3.6873760e-07  -5.9054219e-07   4.2782059e-07
  -0.0000000e+00  -1.0543194e-04   3.2362910e-05   1.6904052e-05   9.7898055e-06  -2.3461916e-07   3.7720331e-06   5.5762121e-06   3.6419933e-06   2.1752414e-06   1.0958670e-06   2.0506825e-06   4.9938700e-07   1.1298030e-06  -3.4286746e-08   5.6258494e-07  -3.7556146e-07  -2.4658021e-07   9.2317247e-09  -2.4750631e-07   4.7451078e-07   7.5817007e-07   3.3307413e-07
  -0.0000000e+00  -1.0587637e-04   3.2185315e-05   1.2904904e-05   1.2342566e-05   1.6514298e-06   8.9176018e-07   3.8604740e-06   5.1001284e-06   1.5707836e-06   8.4008548e-07   1.6290926e-06   1.4183854e-06   1.0388860e-06  -1.0535161e-06  -3.5257401e-07  -2.1701237e-07   5.7403747e-07   9.5153530e-07   2.0965913e-07   3.6210844e-07   8.7361104e-07  -2.4873177e-07
  -0.0000000e+00  -1.0569927e-04   3.1780131e-05   1.8599327e-05   6.9139628e-06   1.1857818e-06   1.4131967e-06   5.7259140e-06   3.8011874e-06   1.2482039e-06   1.9415841e-06  -1.2935746e-07   1.6848295e-06   1.0989852e-06  -5.5779083e-07   3.1178556e-07   1.1467955e-06   2.5597419e-07  -5.8731913e-09  -5.0500660e-07  -3.6698577e-07  -3.6094815e-07  -4.5798458e-07
  -0.0000000e+00  -1.0731024e-04   3.2372689e-05   1.5482683e-05   1.0270818e-05   1.9688473e-07   5.5368919e-06   4.0096706e-06   3.6677268e-06   1.5595944e-06   1.9580070e-06   1.6024466e-06  -1.0645463e-07   1.0589998e-08   7.8162111e-07   1.2815192e-06  -2.5622845e-07  -6.8633875e-07   3.4330373e-07   3.4524536e-08  -7.4985815e-07   5.8123777e-07  -5.0581633e-07
  -0.0000000e+00  -1.0527176e-04   3.0767602e-05   1.7020147e-05   8.8600073e-06   1.4473115e-06   4.4365413e-07   6.0870611e-06   2.3059977e-06   2.7765975e-06   1.8108244e-06   5.4834004e-07   9.0190082e-07   3.2247868e-07  -5.7695837e-07  -2.1407159e-07  -6.9865777e-08   9.1978558e-07   2.0584643e-07   9.1716920e-08   1.2380208e-06   7.1204431e-07   5.1295825e-07
  -0.0000000e+00  -1.0583596e-04   3.4574630e-05   1.3526572e-05   1.2264255e-05  -1.8306442e-07   3.2386804e-06   5.5197056e-06   4.0657283e-06   2.7638559e-06   1.1905311e-06   6.8399652e-07   6.7363948e-07  -5.8250595e-07   9.1580830e-07   4.9816407e-07  -1.6981301e-07   1.0881940e-06  -8.3853661e-07  -4.2583790e-07  -5.9753700e-07   4.5415808e-07  -6.7431409e-07
  -0.0000000e+00  -1.0514862e-04   2.9189825e-05   1.9365145e-05   8.2189035e-06   1.5393904e-06   2.3399431e-07   5.0765457e-06   2.9423891e-06   2.0913035e-06   1.5680737e-06  -8.6301446e-07   1.6752316e-06   1.0198345e-06   3.2996320e-07  -2.6583693e-08  -5.9706196e-07  -3.0129956e-07   1.8574374e-07   9.9358931e-07   6.3009367e-07   1.3545610e-07   2.8294849e-07
  -0.0000000e+00  -1.0793011e-04   3.3713182e-05   1.5869084e-05   9.5178411e-06  -7.4664030e-07   4.7662584e-06   5.1539091e-06   4.2403990e-06   2.2983429e-06   8.5203868e-07   1.6826228e-06   3.8201816e-07  -6.1145562e-07   1.6970129e-06   1.8428300e-07   9.6014276e-07   2.4134800e-07   4.7177116e-07   1.2391884e-07  -2.9112746e-07  -6.4309154e-07   1.0340992e-07
  -0.0000000e+00  -1.0350612e-04   3.1997337e-05   1.6299431e-05   1.2654753e-05   7.4448013e-07   2.2323188e-06   4.8861516e-06   3.1074230e-06   2.6624064e-06  -7.9806476e-08   2.8141571e-07   1.5437330e-06   6.1865825e-07   2.0589094e-07   4.6654355e-07  -6.9421338e-07   5.6954531e-07   1.1205317e-06  -1.0300059e-06   5.0467645e-07   2.3251211e-08  -2.2883890e-07
  -0.0000000e+00  -1.0838139e-04   3.4425884e-05   1.4205296e-05   9.3525932e-06   2.2339616e-06   1.9338227e-06   4.6104419e-06   5.2940750e-06   1.0891562e-06   1.3745276e-06   5.7981157e-07   8.6417532e-07   1.4322336e-07  -7.0000723e-08   2.3696284e-08   1.0132381e-06   5.2349833e-07  -1.7488078e-07   1.0289190e-07   3.7191634e-07   1.2553734e-07  -9.4864783e-09
  -0.0000000e+00  -1.0590171e-04   3.0008701e-05   1.7444265e-05   8.8503512e-06   1.0513739e-06   2.0370046e-06   6.7810151e-06   1.9834054e-06   1.8843208e-06   9.2672593e-07   1.3339570e-07   4.6001878e-07  -4.2561599e-08   1.7080576e-07   8.6902998e-07  -1.7158074e-07   1.3581503e-06   2.6157994e-07   7.2360825e-07   5.6557832e-07  -3.5481861e-07   3.4897010e-07
  -0.0000000e+00  -1.0540210e-04   3.3071407e-05   1.6366272e-05   1.0188737e-05   1.6334485e-06   3.2864823e-06   3.6239892e-06   4.3475384e-06   2.2227018e-06   2.9227040e-06   4.3619676e-07  -1.5596125e-07   7.5814376e-07   1.2198896e-06   1.0721858e-06   4.8414125e-07  -1.4679088e-06  -3.6306636e-07   1.0629972e-06   2.1811995e-07  -3.7241992e-07  -6.2978444e-07
  -0.0000000e+00  -1.0666476e-04   3.0804258e-05   1.5760850e-05   8.9251707e-06   7.8652698e-07   1.3336359e-06   6.4286737e-06   2.2709216e-06   2.8270522e-06   3.2920116e-07   2.2113350e-06   2.5218577e-07   1.3702345e-06  -6.7368001e-07   1.6299767e-07   7.2210332e-07  -2.1324465e-07   6.0012678e-07   6.1357736e-07   9.5389260e-07  -3.3312330e-07  -1.8546480e-07
  -0.0000000e+00  -1.0766029e-04   3.3127522e-05   1.4787413e-05   1.1222583e-05   1.1125319e-06   4.4927137e-06   6.4298447e-06   4.2370448e-06   2.5255581e-06   1.7879513e-06  -1.3543688e-07   9.4168615e-07   9.4994624e-07   6.2422475e-07   6.9924226e-07   1.6386166e-06   3.9520916e-08   2.7943565e-07   1.0242354e-06   8.8306581e-07   3.8726064e-08  -5.7612368e-08
  -0.0000000e+00  -1.0604973e-04   3.1694741e-05   1.9599553e-05   6.9482976e-06   1.9557729e-06   3.4076306e-06   4.7106746e-06   3.4388906e-06   1.9588365e-06  -1.6593626e-07   1.9678371e-06  -2.4333684e-07   9.6848174e-09  -1.0281079e-06  -5.3580601e-07   3.1074933e-08   8.1794110e-07   1.4667887e-07  -3.5733231e-07  -7.7615759e-08  -2.8275619e-07   2.3440742e-07
  -0.0000000e+00  -1.0560318e-04   3.1713895e-05   1.3392951e-05   1.2196659e-05  -5.7934238e-07   2.5332338e-06   6.0472639e-06   4.2733673e-06   3.2585532e-07   1.1797389e-06   1.0363181e-06  -2.3828032e-07   7.5822413e-07   8.9043442e-07   3.6948529e-07   1.4752098e-07   9.1804287e-07   1.0474401e-07  -9.2074976e-07  -6.8213660e-07   3.7349426e-07  -5.7303697e-07
  -0.0000000e+00  -1.0531944e-04   3.2066830e-05   1.6426407e-05   7.5000139e-06   4.5094643e-07   3.0836318e-06   4.3979485e-06   2.5211805e-06   1.5914349e-06   1.1758469e-06   9.6099154e-07   2.3623075e-07   1.8949876e-06  -4.0096992e-07   5.0874479e-07   5.1604638e-07   1.2247089e-06  -7.9075880e-07   9.6590860e-08   6.4195626e-07  -3.6893047e-07   1.1938480e-06
  -0.0000000e+00  -1.0958575e-04   3.2844560e-05   1.6264825e-05   1.1168415e-05   1.5656482e-07   4.2497331e-06   3.4431600e-06   3.7757475e-06   3.0813292e-06   1.6809944e-06  -4.2722601e-07   1.8519142e-06   3.6922773e-07   5.5382708e-07   1.2840718e-06  -6.1323254e-07  -1.2316366e-06   8.6729307e-07  -4.3734963e-07   8.8436917e-07   8.0746292e-07  -7.6169476e-07
  -0.0000000e+00  -1.0342579e-04   3.1373271e-05   1.5182981e-05   7.3525257e-06   1.2361767e-06   2.5587183e-06   6.4994297e-06   2.8673117e-06   3.2895039e-06   1.0904567e-07   1.5111104e-06  -4.1006111e-08   8.1712165e-07  -7.1005155e-07   8.7087426e-07   4.2323600e-07   5.1155439e-07   7.5480705e-07   6.2511265e-07  -1.2433740e-07  -7.4131117e-07  -4.1996583e-07
  -0.0000000e+00  -1.0866157e-04   3.1456915e-05   1.8143986e-05   1.1018580e-05  -9.6009626e-07   3.9454685e-06   5.1738084e-06   3.8430358e-06   1.3005007e-06   2.6843616e-06   1.0124443e-06   5.9411201e-07  -6.9436845e-07   1.5509877e-07   1.2141405e-06  -1.3694800e-07  -8.5540000e-07   3.2017985e-07   6.0011962e-07  -5.8319209e-08   7.0336347e-07   6.1223417e-08
  -0.0000000e+00  -1.0405457e-04   3.2634813e-05   1.4803821e-05   1.0254975e-05   3.4058746e-06   1.4367045e-06   6.4308242e-06   3.5242886e-06   1.3665318e-06   1.6061192e-06   6.0339408e-07   4.9448448e-07   1.8227871e-06  -2.1105869e-07  -3.5272328e-07  -8.0698692e-07   1.2201008e-06   7.7566125e-07   5.1836315e-07   8.5940621e-07  -1.0200798e-06  -3.0416487e-07
  -0.0000000e+00  -1.0970869e-04   3.1079660e-05   1.5916537e-05   1.0968739e-05  -8.4434367e-07   5.1730458e-06   3.3811091e-06   4.4088129e-06   1.8585629e-06   2.7361980e-06   1.9473771e-07   9.3094565e-07   1.6138703e-06   1.2223924e-06   8.1973531e-07   3.6228886e-07   1.6143333e-07   3.6147847e-07  -3.1810404e-07   2.7249712e-07   9.3544281e-07   7.7427268e-07
  -0.0000000e+00  -1.0315821e-04   3.0556435e-05   1.6425349e-05   9.1124621e-06   3.6209806e-06   6.7164092e-07   6.5871118e-06   3.6065139e-06   1.9412348e-06   4.3321316e-07   9.4632230e-07  -7.8728391e-07  -8.8280238e-08   7.3574000e-07   4.1138145e-07   6.1606914e-07   1.2672738e-06  -4.2071665e-07  -7.0912074e-07  -6.8468341e-07  -6.8747948e-07   1.9069465e-07
  -0.0000000e+00  -1.0836795e-04   3.3955541e-05   1.5297759e-05   1.1233612e-05  -1.1383991e-06   1.7917647e-06   5.2821711e-06   3.8224407e-06   1.9398205e-06   1.3775954e-06   2.8669794e-07   6.0745151e-07   2.3432275e-07   2.6933327e-07   1.1312567e-06   6.1058427e-07   1.2514930e-07   6.3407946e-08   3.8701396e-07  -7.9202664e-07   6.8698949e-07  -2.8268390e-08
  -0.0000000e+00  -1.0491777e-04   3.1784904e-05   1.5902744e-05   7.9453466e-06   1.4445945e-06   3.0304600e-06   4.2323018e-06   3.4284731e-06   2.6315643e-06  -1.6259783e-07   1.1846250e-06  -4.4907427e-08   1.1822902e-06   9.5492544e-07   1.0412724e-06  -5.5987545e-08  -2.0689076e-07  -6.8371878e-07  -8.5361143e-07   9.6344593e-07   6.0588781e-07   8.7295763e-07
  -0.0000000e+00  -1.0549623e-04   3.2698332e-05   1.5030518e-05   1.1552435e-05  -3.2177925e-07   3.0440017e-06   5.7363422e-06   5.5072219e-06   9.0481154e-07   1.0979661e-06   7.1769874e-09   1.9688696e-06  -3.5080444e-07   1.4854372e-06  -3.7281043e-07  -6.8913391e-07   7.2893801e-07  -4.9072992e-07   4.0174399e-07   5.4302518e-07  -2.6089924e-07   1.0309627e-06
  -0.0000000e+00  -1.0557949e-04   3.0857635e-05   1.8670577e-05   8.4099893e-06   2.5008519e-06   1.5309395e-06   4.8637457e-06   3.3104707e-06   2.4529238e-06   1.0273510e-07   2.4268238e-06   1.0891655e-07   9.0710950e-07   2.3201142e-07   3.6827996e-07   1.3559567e-06   6.9133158e-08   2.4398520e-07  -9.0021899e-08  -3.8275044e-07   2.3092497e-07   3.0313993e-07
  -0.0000000e+00  -1.0820424e-04   3.2501404e-05   1.4601811e-05   1.1711362e-05   1.0481589e-06   4.2622260e-06   6.1570986e-06   4.4578856e-06   1.8954896e-06   1.2662726e-06   4.5133632e-07  -7.0181983e-07  -4.3899050e-07  -2.2963867e-07   1.8814379e-07  -1.2199270e-07   1.3592240e-06  -3.0004196e-07  -8.0641576e-07  -6.2395424e-07   7.6261779e-07  -9.4435148e-07
  -0.0000000e+00  -1.0532783e-04   3.1061554e-05   1.7888327e-05   8.1396311e-06   1.4423327e-06   2.9764817e-06   5.5965543e-06   3.8940057e-06   1.4160477e-06   5.0198190e-07   2.5953156e-07   1.0017898e-07   2.8693711e-07   1.3232392e-06  -7.0937239e-07  -2.1234156e-07   9.6038127e-07   4.2276488e-07  -9.9318378e-08   3.1697439e-07   1.9745924e-07   5.0095713e-07
  -0.0000000e+00  -1.0674905e-04   3.1813386e-05   1.5371492e-05   8.6379596e-06   7.0686991e-07   2.6166831e-06   3.6713509e-06   4.6390846e-06   2.2125080e-06   2.6743223e-06  -1.1713161e-07   2.1723493e-07   1.5165560e-07   6.7465851e-07   1.6220949e-06   8.5654548e-08  -2.1198645e-07   1.1384669e-06   5.0720035e-07  -2.0346752e-07  -3.1832349e-07   9.4429538e-08
  -0.0000000e+00  -1.0488066e-04   2.9264098e-05   1.7106293e-05   9.0584135e-06   2.2847114e-06   1.9247104e-06   6.5650820e-06   2.9944099e-06   2.4314809e-06   2.4808744e-06   8.8963128e-07   1.9620213e-06   1.5755921e-06   4.7062099e-07  -1.0197721e-06   6.2823557e-07  -2.1598112e-07  -7.1819392e-07   9.5722157e-07   7.9895221e-07   1.5441088e-07  -1.3959306e-07
  -0.0000000e+00  -1.0729544e-04   3.3911692e-05   1.5572501e-05   1.0995891e-05   1.3039275e-06   5.6243749e-07   5.1909246e-06   4.7422213e-06   1.4932243e-06   3.8050166e-07  -1.1579260e-07   5.8801490e-08   8.6672549e-07   3.4997075e-07   3.9028961e-07  -2.0278289e-07   6.4476336e-07   1.1349166e-06  -1.0662739e-06  -3.3581719e-07   8.7781945e-07  -2.4717776e-08
  -0.0000000e+00  -1.0434404e-04   3.2191914e-05   1.7221655e-05   8.5675683e-06   1.0655643e-06   3.0958886e-06   7.8311487e-06   2.7753538e-06   2.7426750e-06   8.6223849e-07  -3.3323502e-08   5.3013110e-07   9.2292953e-07   7.7513221e-07   1.6331920e-06  -7.8327666e-08  -1.0254059e-07  -1.0757321e-07  -9.9506485e-07  -3.2751936e-07   1.1578938e-06   1.8009426e-07
  -0.0000000e+00  -1.0666845e-04   3.2680822e-05   1.6090575e-05   1.0287056e-05   1.7362918e-06   3.1159027e-06   4.0733989e-06   4.4656622e-06   2.5034526e-06   2.4373705e-06   1.1137940e-06  -4.1739713e-07  -2.1121299e-07   1.0931187e-06  -3.2861180e-07   3.4976068e-07  -2.1492801e-07  -4.2133348e-07   7.3421973e-07   2.6683020e-07  -4.3496362e-07   8.1175659e-07
  -0.0000000e+00  -1.0569701e-04   3.0235955e-05   1.6337168e-05   1.0364427e-05   1.3900782e-06   2.0348991e-06   6.3374446e-06   3.0108724e-06   3.9550216e-07   1.1333369e-06   1.7958012e-06   7.7436550e-07   5.9986314e-07   4.5605901e-07   1.4944227e-06  -1.0882964e-07   8.5840441e-07   9.7869554e-07  -3.1143685e-07  -7.0579034e-07   3.6724305e-07  -3.8898543e-07
  -0.0000000e+00  -1.0633317e-04   3.4238583e-05   1.6365762e-05   9.1036763e-06   1.6436376e-06   3.0662620e-06   4.0906648e-06   4.5050356e-06   2.9753444e-06   9.9632075e-07   5.4296504e-07   1.2684079e-06   4.5488108e-07   5.2285560e-07   1.5456776e-07   7.6243441e-07  -1.4927754e-07  -7.1909324e-07   3.6783652e-07   8.0709236e-07   6.6759821e-07   8.0979407e-07
  -0.0000000e+00  -1.0638959e-04   2.9997989e-05   1.7325385e-05   9.1116062e-06   1.3105114e-06   1.5290892e-06   6.2549316e-06   2.9445252e-06   1.4163481e-06   1.3936663e-06   4.3158335e-07   2.6431360e-07   1.0383338e-06  -5.7367566e-07   7.7711530e-07  -3.8021940e-07  -9.9183546e-07   4.0104942e-07   3.8243431e-07   5.3397851e-08  -9.2465490e-07  -6.9450886e-07
  -0.0000000e+00  -1.0619558e-04   3.2747786e-05   1.5454636e-05   1.0250935e-05   7.6721045e-07   2.2030490e-06   4.1343801e-06   3.6532645e-06   3.3100703e-06   1.3350007e-06  -5.4514811e-07   1.3951424e-06   1.1832055e-06   1.8541256e-06   2.1788917e-07   4.4583987e-07   5.6099793e-07  -6.3979837e-07  -6.4049658e-08   6.3410772e-07   1.3551744e-07  -5.3279120e-07
