  -0.0000000e+00  -6.5360400e-05   2.4119399e-05   1.0981798e-05   4.9030723e-06   6.9303496e-07   1.3178724e-06   2.3340197e-06   2.0490461e-06   1.2769959e-06   6.8431126e-07   1.1330819e-06   1.9463891e-07  -3.9277364e-07  -6.9849295e-07   3.4587924e-07   9.8380113e-08   6.1818650e-07   1.4293393e-07   7.6367792e-07  -4.9050476e-07  -3.7516622e-07  -5.7523319e-08
  -0.0000000e+00  -6.4770458e-05   2.4307905e-05   8.7477138e-06   5.1083703e-06   6.6892221e-07   1.8417454e-06   2.1520939e-06   1.9516881e-06   7.3503537e-07   5.7054996e-07   1.8838271e-07  -3.4312040e-07   1.4642436e-07   4.3098117e-07  -5.9005135e-08   8.9097671e-07   1.1496051e-07   2.0000780e-07   2.6898544e-08  -3.6772155e-07   3.0474524e-07   2.6549728e-07
  -0.0000000e+00  -6.4553948e-05   2.3981866e-05   1.0663512e-05   5.7265520e-06   9.7698728e-07   1.7834310e-06   2.0476020e-06   1.1948060e-06   1.0062217e-06   6.8199455e-07   9.1374162e-08   7.0551846e-07   3.1592288e-07   3.2334091e-07   6.1904683e-07  -6.1892325e-07  -4.9365553e-07  -5.2669310e-07   5.5860062e-07  -6.9644798e-08   4.6565444e-07  -1.9539067e-07
  -0.0000000e+00  -6.5029068e-05   2.4845742e-05   8.8609540e-06   5.9211038e-06   2.5140352e-07   7.3310093e-07   2.5318736e-06   1.5974318e-06   1.1313417e-06   3.2266354e-07   3.8690038e-07   5.8200584e-07   3.5135503e-07   5.6773990e-07   4.7635106e-07   1.6969119e-07   5.5890325e-07   9.9693909e-07  -1.1976769e-07   4.5287877e-07  -3.1190339e-07   9.4385783e-08
  -0.0000000e+00  -6.5197724e-05   2.3456101e-05   9.3210283e-06   4.8799325e-06   8.7245229e-07   1.0160412e-06   3.0693984e-06   2.6169378e-06   7.1217215e-07   6.4490445e-07   8.0839965e-07   4.7463251e-07   2.1639704e-07  -1.8161488e-07   6.7097272e-07  -3.7869484e-07  -1.1142518e-07  -7.2386007e-07   1.1362350e-07   5.1195038e-08   4.6321387e-07  -5.6119114e-07
  -0.0000000e+00  -6.4172200e-05   2.4343899e-05   1.0444905e-05   5.4036850e-06   1.4453985e-06   1.3349362e-06   2.4463948e-06   2.2817260e-06   5.5485424e-07   4.2282375e-07   7.9109348e-08   1.0445781e-06  -2.0071944e-08  -4.9384965e-07   5.3672608e-07   6.9790372e-07   1.5766068e-07  -1.4803518e-07   2.5170650e-07   5.5127708e-07  -1.0939880e-07   2.5059867e-07
  -0.0000000e+00  -6.4115527e-05   2.2958440e-05   1.0178985e-05   4.7378007e-06   5.2516455e-08   2.0251632e-06   2.6442422e-06   1.9097663e-06   1.2976025e-06   1.2721219e-07   3.3766375e-07   3.7142129e-07  -2.0284407e-08   6.5898433e-07   8.1435826e-07  -4.1035111e-07  -1.2471925e-07   1.6600252e-07   6.7952520e-08  -1.6330522e-07   4.6308054e-07   3.6185773e-07
  -0.0000000e+00  -6.6161912e-05   2.3751361e-05   9.4870384e-06   5.1204715e-06   3.3525913e-07   5.1592792e-07   2.4277533e-06   1.5409208e-06   1.0954074e-06   2.7129619e-07  -6.6866754e-08   6.9714224e-07   5.8148032e-07   6.0487065e-07   8.0092320e-08   4.9412563e-07  -2.2650172e-08  -1.8295515e-07   7.0868680e-07   1.5071184e-07   1.6965824e-07  -5.7437961e-07
  -0.0000000e+00  -6.4448570e-05   2.4532746e-05   1.0421546e-05   4.7659942e-06   1.4588853e-06   1.2519300e-06   3.2990856e-06   2.4044748e-06   4.4689173e-07   1.2848490e-06   2.1768143e-07  -4.3003533e-07  -1.9485698e-08  -2.5683369e-07   3.1626323e-07   1.0029893e-07  -1.8870354e-07  -1.1897093e-07  -7.5984974e-07   2.1178478e-07  -1.9397258e-07  -2.9547240e-07
  -0.0000000e+00  -6.5300272e-05   2.3331180e-05   9.4678935e-06   5.1343218e-06  -3.4923023e-08   1.2854409e-06   2.6387852e-06   1.4015974e-06   1.1781455e-06   9.4328709e-07   6.6992163e-07   9.0409122e-07  -8.0529958e-08   5.3080652e-07   5.7522027e-07   4.2527350e-07  -5.3134482e-07  -2.4958749e-07   4.1652208e-07   6.5620031e-07  -6.2150531e-07  -3.6035979e-07
  -0.0000000e+00  -6.4078682e-05   2.3798206e-05   8.7875105e-06   5.7432558e-06   3.4597733e-07   4.8640146e-07   3.1041932e-06   1.8180900e-06   4.7017591e-07   1.0003829e-06   8.2884100e-08  -7.2417890e-07  -3.0508866e-07   1.2043873e-07  -9.1790852e-08  -2.9643698e-07   4.3496993e-07   4.6648236e-07   4.9861256e-07   9.9411281e-08   2.3877311e-07   2.1586956e-07
  -0.0000000e+00  -6.5080771e-05   2.3811072e-05   9.2518130e-06   5.2125988e-06   4.3732780e-07   1.1362333e-06   3.7031477e-06   1.9071713e-06   1.5788662e-06   1.2952562e-06   4.0991162e-07   6.8118084e-07   9.0607602e-07  -6.2380643e-08  -1.2446125e-07  -1.1339306e-07   3.8001835e-07   6.8417506e-07   6.0373630e-08   2.1763546e-07   5.5734580e-07   5.2854745e-07
  -0.0000000e+00  -6.5166845e-05   2.4578079e-05   9.7006778e-06   5.3339359e-06   1.4544336e-06   8.4428046e-07   2.0277782e-06   1.7458714e-06   8.7138051e-07   8.7526331e-07  -1.5362110e-07   4.1611827e-07   7.3667394e-07   6.4667387e-07   5.3542067e-07  -2.9587133e-07  -2.8108307e-08  -7.0972646e-07   6.0270628e-07  -7.0447231e-07  -2.0757305e-08  -4.4727588e-07
  -0.0000000e+00  -6.5874694e-05   2.3122531e-05   1.0311495e-05   4.9691771e-06   1.3936057e-06   1.9008156e-06   2.3805621e-06   2.2188292e-06   9.6155816e-07  -1.2294716e-07   6.3088908e-07   8.3212348e-07   7.0357135e-07   8.1194521e-08   1.4761643e-07   6.7362677e-08   2.3285691e-07   8.9232412e-07  -2.0097586e-07   5.4959048e-07   4.8431894e-09   1.7443807e-07
  -0.0000000e+00  -6.3555788e-05   2.3732515e-05   9.4663883e-06   5.3464851e-06   6.2866525e-07   1.4096381e-06   2.0088769e-06   1.7294000e-06   4.4380405e-07   9.7840018e-07   4.1059286e-07  -3.7865982e-07   9.4630259e-08   9.2353361e-08  -8.1316365e-08   2.2980126e-07  -2.1539936e-08  -7.2279556e-07  -4.1762721e-07  -7.6845930e-07   3.9151615e-07   1.7980059e-07
  -0.0000000e+00  -6.5661130e-05   2.4589513e-05   9.8955061e-06   5.9793138e-06  -5.1914458e-07   1.3736400e-06   3.7617904e-06   2.5292063e-06   1.0967067e-06   1.1810965e-06   7.7600629e-07  -4.6518369e-07  -3.8477150e-09   6.5350144e-07   9.9599174e-07   5.9193826e-07  -4.8038731e-07   8.3961254e-08   1.7460097e-07   1.0787128e-06  -5.6026170e-07   1.5439628e-08
  -0.0000000e+00  -6.4417334e-05   2.3053562e-05   9.8352921e-06   5.4589855e-06   1.2405103e-06   1.6861478e-06   2.7956712e-06   3.9928642e-07   7.4848526e-07   7.8435306e-07   1.2689111e-06   1.0001473e-08   1.1186036e-07   4.4226718e-07  -4.4568559e-08  -5.1828039e-07   3.3471193e-07   5.3720578e-07   3.5191223e-07  -5.9422359e-08  -4.1423607e-07   5.6670274e-07
  -0.0000000e+00  -6.4150263e-05   2.3434006e-05   9.8349183e-06   6.0729012e-06   6.7662023e-07   1.3890320e-06   3.4821003e-06   1.1284386e-06   1.0093873e-06   6.9046371e-07  -1.3931454e-07   2.8742720e-08   2.4554473e-07   8.2830655e-07  -2.9384867e-07  -2.6846507e-07  -1.8732133e-07   7.6467131e-07   7.6103717e-08   3.2656018e-08  -6.8358207e-07   2.1006845e-07
  -0.0000000e+00  -6.4119624e-05   2.3373033e-05   1.0722751e-05   5.6150579e-06  -1.5664328e-07   2.1569540e-06   2.8573315e-06   1.3878239e-06   4.0521147e-07   8.5109832e-07   4.6502660e-07   2.1049843e-07  -9.3744752e-08   7.2266590e-07   8.5870546e-08  -1.6511605e-07   2.8880498e-07  -4.2374344e-07   7.3559352e-07  -1.5266897e-07  -2.4281089e-08   4.0067505e-07
  -0.0000000e+00  -6.6025139e-05   2.5447776e-05   9.0677786e-06   6.1441642e-06   2.2991560e-07   1.3308227e-06   1.3462629e-06   2.5270051e-06   1.1203814e-06   8.7410558e-07   5.9991231e-07  -7.0348528e-07   7.3099363e-07   6.6175815e-08  -2.2407498e-07  -7.0093414e-08   3.4118432e-07   2.7456727e-07  -1.0833613e-07   5.0785701e-07  -1.9600419e-07  -3.3526405e-07
  -0.0000000e+00  -6.5196597e-05   2.3177114e-05   1.0537231e-05   5.3504414e-06   6.5130206e-07   2.1151457e-06   2.5521308e-06   2.1272849e-06   6.1137030e-07   3.0683796e-07  -6.3536766e-07   3.2499995e-07   4.2487085e-07   8.3071154e-07  -2.3759831e-07  -5.7613681e-07  -5.0906220e-07  -2.4365113e-07  -2.5682013e-07   4.0938076e-07   1.3626900e-08   6.2180527e-07
  -0.0000000e+00  -6.3981657e-05   2.3136678e-05   9.6395188e-06   5.1574480e-06   5.7355095e-07   1.8413946e-06   3.1901570e-06   2.5142670e-06   5.4602668e-07   5.6772586e-07   1.1434396e-06   7.4327670e-07  -9.1398860e-08   9.2662742e-07   4.3068374e-07   9.2022083e-07   3.1994412e-07  -3.3071018e-07  -2.4307349e-07   1.7893244e-08   3.4405195e-07   7.6667185e-08
  -0.0000000e+00  -6.5513028e-05   2.4669240e-05   9.8514693e-06   5.0321100e-06   8.5598657e-07   1.5085425e-06   1.8081549e-06   1.4133548e-06   6.9546860e-07   9.7457280e-07   1.2748478e-07   2.9277498e-07  -8.8934605e-08   1.5775628e-08  -1.4156062e-07  -1.2482114e-07   4.5512905e-08  -2.0400881e-07  -2.5640873e-07   3.0070197e-07   2.3385823e-07   1.5768784e-07
  -0.0000000e+00  -6.4468208e-05   2.4523131e-05   9.4594143e-06   5.1632096e-06  -3.3682835e-07   1.8396491e-06   3.3259953e-06   1.9274030e-06   6.9797699e-07   6.8525799e-07  -2.4131401e-07   2.6358305e-07   7.2225288e-07   2.5410569e-07   1.8721968e-08  -1.3699440e-07  -1.0731111e-07   3.2255522e-07   3.7212871e-07   8.6532327e-07   4.0258811e-07  -1.5964166e-07
  -0.0000000e+00  -6.3226893e-05   2.3298851e-05   9.3173103e-06   4.6847576e-06   1.1780925e-06   1.3236904e-06   1.9095432e-06   1.9528688e-06   1.3498616e-06   1.1942373e-06  -3.2168063e-07  -2.8546793e-07   3.3846328e-07   4.9627874e-07   1.0980776e-07   3.7163652e-08   4.4065149e-07   5.2430696e-08   2.9987450e-07  -3.4822762e-08  -3.0484799e-07  -2.0479018e-07
  -0.0000000e+00  -6.5831686e-05   2.3037903e-05   1.0493997e-05   5.6427662e-06   5.7806182e-07   1.8343985e-06   2.1152150e-06   1.9375116e-06   6.5441606e-07   9.2007042e-07   1.2722292e-06   6.5965219e-07   7.1059969e-07   7.6418587e-07   7.1545560e-07  -1.5759956e-07  -3.2574010e-07  -4.3896603e-07   7.2828789e-07  -2.3662194e-07   3.5365227e-07   4.7984111e-07
  -0.0000000e+00  -6.4846310e-05   2.4200877e-05   9.5680871e-06   5.4159364e-06   1.2190500e-06   1.0774297e-06   2.2008844e-06   2.0907703e-06   7.8165914e-07   5.5990137e-07   4.4652054e-07  -2.1436740e-07   5.3591049e-07   4.9000812e-07  -7.8179731e-08   7.5968721e-08   5.8620316e-07   3.3847854e-07   3.1464708e-07  -4.3804397e-07  -6.8857354e-08  -6.6073312e-07
  -0.0000000e+00  -6.5229848e-05   2.3854469e-05   9.7966040e-06   5.8866658e-06  -8.1233660e-09   1.6062843e-06   3.0112990e-06   1.9727172e-06   1.1045663e-06   4.1409788e-07   3.0530578e-07  -1.9799641e-08  -4.7337917e-07   1.6686242e-07  -2.4868231e-07   6.3411665e-07   1.5649996e-07  -1.7359059e-07   3.8848017e-07  -3.1227876e-07   6.5804846e-07  -2.1731810e-07
  -0.0000000e+00  -6.3745232e-05   2.3356222e-05   1.0289111e-05   5.1898724e-06   5.5841355e-07   7.9544856e-07   2.5733536e-06   2.2396141e-06   5.0759132e-07   6.1025622e-07  -2.4375760e-07  -1.4877850e-07   1.1571021e-06  -6.9474048e-08  -1.6840421e-07  -4.7530710e-07  -4.1603147e-07   7.4268291e-07   1.2416147e-07   5.9532266e-07  -7.4256059e-07   3.5057809e-07
  -0.0000000e+00  -6.5715038e-05   2.3255599e-05   1.0053522e-05   6.0006200e-06   8.9964146e-08   1.7553693e-06   2.3069895e-06   1.5914098e-06   1.6547476e-06   1.3402773e-06   5.0414479e-07   1.3082791e-07   6.3564016e-08   5.9898622e-07   1.0867763e-06  -2.7740586e-07  -1.6926722e-07   4.7714065e-07  -3.0485137e-07   2.9366052e-07   2.8257529e-07   2.6973680e-07
  -0.0000000e+00  -6.4947009e-05   2.5192916e-05   8.9163777e-06   4.9024902e-06   6.9499430e-07   1.7064791e-06   2.3811090e-06   1.2351122e-06   8.8058823e-07   8.0804864e-07   6.2944360e-07   4.0675602e-08  -4.7557100e-07  -1.2323791e-07   2.1295838e-08   4.8633058e-07  -2.5187271e-08  -3.2523948e-07  -3.3144158e-07  -4.1190364e-07  -4.7633205e-07   6.6036961e-07
  -0.0000000e+00  -6.3891421e-05   2.3015724e-05   9.5965415e-06   5.0787507e-06   7.3229984e-07   2.4307622e-06   2.5555330e-06   1.5135320e-06   1.0342480e-06   4.8465142e-07  -4.5964023e-07  -4.7028240e-07  -8.2201275e-08   6.1150160e-08   8.4240617e-07   2.5920758e-07  -3.8114277e-07   3.6505170e-07  -1.1530954e-07   4.2913328e-07   4.1781033e-07  -5.8639495e-07
  -0.0000000e+00  -6.4937740e-05   2.3487477e-05   9.8621213e-06   4.9952459e-06   3.1877087e-07   1.6584175e-06   2.0593800e-06   2.5068832e-06   6.9404450e-07   8.3126548e-07   1.0256167e-06  -2.8495700e-07   1.2580990e-06   3.6374081e-07   5.2722913e-07  -1.1730711e-07   3.8158464e-07  -4.1458355e-07   2.2573771e-07  -4.1820564e-07  -8.0989032e-08   5.6505326e-07
  -0.0000000e+00  -6.4322841e-05   2.3614013e-05   1.0080237e-05   5.3246608e-06   1.1461574e-06   1.4495743e-06   2.8092786e-06   2.1063190e-06   9.8438818e-07   4.7459656e-07   5.7710605e-07   9.6295105e-09   9.8014516e-07   4.8694574e-07  -3.3086121e-07   2.6237623e-07  -2.3441841e-07   6.7817359e-07   3.3828485e-07  -5.2928197e-08   4.3055118e-07   2.3101092e-07
  -0.0000000e+00  -6.5135137e-05   2.3497587e-05   8.8723418e-06   5.1560687e-06   1.1588357e-06   1.4003467e-06   2.3662949e-06   1.4943655e-06   1.9725225e-07   8.8315608e-07   1.1606514e-06  -2.2997270e-07   3.0210370e-07   4.2188745e-08   7.5836738e-07   6.3298694e-07  -1.1175728e-07   5.6082507e-07   5.5864734e-07  -7.6959458e-07   4.7421437e-07  -3.0159495e-07
  -0.0000000e+00  -6.5799119e-05   2.3276916e-05   1.0215679e-05   5.7285883e-06   4.8238400e-07   9.5005771e-07   3.3816905e-06   1.7448972e-06   1.1071616e-06   7.0334789e-07   6.2192800e-07   4.2181358e-07   2.0572287e-07   1.8768216e-07   3.0195298e-07   1.7990182e-08  -4.5836151e-07  -7.9149078e-07   1.9887436e-07  -2.8620461e-08   1.1334777e-07   6.3006405e-07
  -0.0000000e+00  -6.4070671e-05   2.3797371e-05   1.0641274e-05   5.2870355e-06   7.7412608e-07   2.4968003e-06   2.2350484e-06   1.8169887e-06   6.3384653e-07   3.9016885e-07   6.1385612e-07  -5.3648108e-07   2.6665074e-07   4.0780020e-07   4.8316923e-07  -3.5511002e-07   3.8951464e-07   4.4398266e-07   1.7954072e-07  -6.3740498e-07   8.3117392e-08  -2.3504970e-07
  -0.0000000e+00  -6.4321641e-05   2.3932218e-05   9.4456291e-06   5.4811758e-06   1.0018607e-06   2.5940346e-07   2.5961972e-06   2.5227710e-06   7.9226243e-07   1.0135373e-06   9.6920917e-07  -4.8414370e-07  -5.3350260e-07   9.2137888e-08  -3.3617320e-07  -4.2416758e-08   3.8557380e-07   3.8961190e-07  -5.1703631e-07   5.6297785e-07   5.8950013e-07  -2.3378313e-07
  -0.0000000e+00  -6.5894317e-05   2.4313151e-05   9.7963766e-06   5.5489613e-06   4.8906281e-07   1.4386542e-06   3.1977188e-06   2.0660007e-06   5.7030263e-07   2.3786967e-08   1.2017123e-06   8.0219891e-08   3.5986986e-08   5.9711078e-07   6.8449742e-07   4.8382799e-07   1.3944400e-07   1.5030466e-07   1.6856940e-07  -3.7832481e-07   4.9292709e-07  -5.8866812e-07
  -0.0000000e+00  -6.3955165e-05   2.3051683e-05   1.0514354e-05   5.1218494e-06   5.9237033e-07   1.7515883e-06   2.1651315e-06   2.2938932e-06   6.5562352e-07   3.5250645e-07   6.5424473e-07   5.2792274e-07  -3.7645119e-08   5.3701473e-07  -2.3182105e-07  -2.1271472e-07   5.5988784e-07  -2.3218092e-07   6.2150684e-07   2.3523087e-07   4.1555631e-07   3.9613118e-07
  -0.0000000e+00  -6.5501932e-05   2.3411962e-05   1.0405935e-05   5.5350729e-06   4.4454929e-09   1.2999968e-06   2.5938220e-06   1.7320779e-06   1.1574242e-06   3.4096303e-08   5.7942924e-07   1.2652350e-07   2.2062821e-07   2.9705950e-07  -2.3506594e-07   1.2848405e-07   1.3225232e-07   1.1422346e-07  -1.3250198e-07  -1.0969467e-07   8.1885489e-08   5.7144490e-07
  -0.0000000e+00  -6.5737440e-05   2.4082787e-05   1.0444814e-05   5.1149400e-06   1.8503503e-06   5.2908746e-07   2.4379558e-06   2.1157916e-06   1.1374855e-06   1.0682564e-06   8.2875766e-07  -2.5887934e-07   3.5761917e-07   4.4322800e-07  -2.4845204e-07   4.6098404e-07   2.2281419e-07  -3.3318273e-07  -2.2957573e-07  -1.7512255e-07  -4.0707528e-07   1.3871204e-07
  -0.0000000e+00  -6.4305925e-05   2.2717562e-05   9.9049075e-06   6.5545692e-06  -6.6389454e-08   8.2784675e-07   2.7656854e-06   2.2550128e-06   3.6062102e-07   7.6054681e-07   2.9152748e-08  -6.5687146e-07  -6.7970149e-08   7.3794439e-07  -2.0678904e-07   1.0042597e-06  -9.2834064e-08   2.6129314e-08   3.0263166e-08   7.5425845e-07  -5.2142991e-07   3.5550872e-07
  -0.0000000e+00  -6.4101958e-05   2.3577386e-05   9.8224427e-06   4.8873853e-06   5.9319575e-07   1.9363299e-06   2.4959270e-06   1.0642179e-06   1.0393281e-06   1.4273681e-06   2.7396432e-08   6.7077428e-07   1.6549716e-07   8.9143549e-07  -2.6306420e-08   2.7587321e-09   6.0877926e-07   1.9608725e-08   3.9516715e-07   5.9315158e-07   4.8604784e-07  -7.7866623e-08
  -0.0000000e+00  -6.4399959e-05   2.3377357e-05   1.0067972e-05   4.0657601e-06   5.6441132e-07   1.5758807e-06   2.1555484e-06   2.0986452e-06   2.4636597e-07   4.9140908e-07  -3.4463806e-08   9.1151696e-07   8.3981126e-07   8.7187016e-07   6.4974853e-07  -4.3379688e-07   5.8660919e-07  -2.3324878e-07  -8.4637469e-07   8.4201656e-07   5.5479961e-07  -4.3332827e-07
  -0.0000000e+00  -6.5106156e-05   2.3636509e-05   8.8059833e-06   6.0354705e-06   2.7068182e-07   1.6167896e-06   3.2111720e-06   1.9332924e-06   6.6957199e-07   5.8293688e-07   4.4846109e-07   4.7642092e-07   4.1188420e-07  -1.1828369e-07  -3.7219127e-07  -6.3861613e-08   2.2493023e-07   1.3387873e-07  -2.1880220e-07  -5.7978599e-07  -2.0793539e-07  -4.1869842e-07
  -0.0000000e+00  -6.4589047e-05   2.4682922e-05   9.8472201e-06   5.7581160e-06   6.1936146e-07   1.9309903e-06   2.2525755e-06   1.2886042e-06   6.2488670e-07   1.4058999e-06  -1.2660158e-07  -3.6812446e-07  -1.0544188e-08   2.1859657e-08  -4.1933379e-07   1.0701634e-07   4.1175377e-07  -7.9017909e-08  -2.4625390e-07   2.7772050e-08   9.6294536e-07  -3.0282027e-07
  -0.0000000e+00  -6.4191161e-05   2.4051596e-05   9.5528758e-06   5.6462436e-06   5.4300773e-07   1.0612339e-06   1.9258343e-06   1.6038333e-06   1.9580966e-06   7.6398618e-07  -4.3428557e-07  -4.1877747e-08   4.9706534e-07   5.4113394e-07   9.7910140e-07  -3.2720635e-08  -3.5454366e-07   7.8836121e-07  -1.9080785e-07   6.0206389e-08   5.8241534e-07   1.8783491e-07
  -0.0000000e+00  -6.4600419e-05   2.4105753e-05   9.2553591e-06   6.1845499e-06   1.1929657e-06   1.4713963e-06   2.7603692e-06   2.1305480e-06   1.2196368e-06   1.1824773e-06   1.0913845e-07   1.4907574e-08   3.5358994e-07  -1.0650071e-07  -1.0914756e-07  -8.3963596e-07  -2.2937913e-07  -3.6497372e-07  -3.4568632e-08  -3.9280116e-07  -9.3448350e-08   7.4633828e-09
  -0.0000000e+00  -6.5626504e-05   2.3994397e-05   9.8483742e-06   4.9592013e-06   6.2325677e-07   1.3507174e-06   1.9175861e-06   2.9778146e-06   3.9459593e-07   1.6899588e-07   1.1742036e-06   2.4846682e-07  -7.5506193e-08   3.0754396e-07   7.9057969e-07  -1.8098439e-07   6.4654694e-07   4.3784664e-07   3.3836110e-07   6.4756040e-07  -4.9085958e-07   1.6779455e-07
  -0.0000000e+00  -6.4189793e-05   2.4782157e-05   9.5864025e-06   5.6478857e-06  -3.4811187e-08   2.2732447e-06   2.0741261e-06   1.3443292e-06   1.9048429e-06   1.1024016e-06   5.1078149e-07   4.0524102e-07   8.2469353e-07   5.9624210e-07  -9.9824078e-08   7.4529953e-07  -5.5765577e-07  -3.2057369e-07  -3.4264448e-07  -2.2123857e-07   2.6797468e-07   6.4168978e-07
  -0.0000000e+00  -6.5805674e-05   2.3452752e-05   9.4321049e-06   5.7221182e-06   2.6613930e-07   9.7380325e-07   2.5527931e-06   2.4226631e-06   8.7269910e-07   5.3051065e-07   5.5719147e-07   1.0353571e-06  -2.2510241e-07  -2.6927057e-07  -2.6221230e-07   2.7318220e-07   9.1443376e-08   5.9446683e-07  -1.3796320e-07   4.8443002e-07  -1.6268045e-07  -4.2717156e-07
  -0.0000000e+00  -6.3941116e-05   2.2719005e-05   9.8925475e-06   5.4705779e-06   8.6692728e-07   1.2350948e-06   2.5475656e-06   1.9965125e-06   5.1755455e-07   3.0626293e-07   1.7281977e-07   1.1784832e-07   2.0167705e-07   1.1078308e-07   4.6116409e-07   3.9714533e-07   2.5108187e-07  -2.8075937e-07   5.9733588e-07   6.8000375e-08  -7.2760614e-08  -3.1733087e-08
  -0.0000000e+00  -6.5307941e-05   2.4883420e-05   1.0192647e-05   5.0631943e-06   8.2435724e-07   4.5691192e-07   3.3746576e-06   2.0912796e-06   1.6536475e-06   8.8227807e-07   7.8624936e-07   4.0821445e-07   2.3054592e-09   4.5006587e-07   2.6368750e-07  -2.5775094e-07   1.9763361e-07  -2.3333617e-07   4.7175476e-07   5.6659110e-07  -4.5563513e-07   4.9318436e-07
  -0.0000000e+00  -6.4788765e-05   2.3172004e-05   1.0300242e-05   5.1447178e-06   4.9252372e-07   1.5057420e-06   2.7012845e-06   1.8560294e-06   1.0074519e-06  -2.9410694e-07   6.6694059e-07   2.8066023e-07  -6.1541004e-07   4.1554762e-07   4.2053222e-07  -3.5399984e-07  -6.0157913e-07  -6.2759602e-07  -1.9053884e-07  -4.3470342e-07   5.7118268e-07   2.9304786e-07
  -0.0000000e+00  -6.4372733e-05   2.2766511e-05   1.0171027e-05   5.6428185e-06  -7.5785515e-08   1.4777065e-06   3.2719420e-06   9.7805219e-07   1.7594414e-07   6.8746539e-07  -4.6883639e-07   4.9628174e-08  -1.4176965e-07   8.7333206e-07   5.5422538e-07   5.4969331e-07   1.4063376e-07   4.7150391e-07  -1.6388881e-07  -4.9222984e-07   4.1928203e-07   6.1775205e-07
  -0.0000000e+00  -6.5765431e-05   2.4906030e-05   9.6710082e-06   4.9064133e-06   1.2365724e-06   1.8311921e-06   2.6865919e-06   2.1158642e-06   9.9527779e-07   3.8628099e-07   1.1685349e-06   1.3690023e-07   2.9950672e-07  -5.8706682e-08   6.6681702e-07   6.4177300e-07   3.8795218e-07  -3.4719449e-07   7.1575857e-07  -9.1597045e-08  -4.9206739e-07   5.7812077e-08
  -0.0000000e+00  -6.4805950e-05   2.3290047e-05   9.6325011e-06   5.7828024e-06   1.0451479e-06   1.0589971e-06   2.7840974e-06   1.5867789e-06   1.0819919e-06   6.8620443e-07   2.4246503e-07   1.2333271e-07   3.2272612e-07  -5.3426652e-07  -8.9470937e-09   3.8340499e-07  -4.7184150e-07   7.4509990e-07   3.4440245e-07   3.8102520e-08  -5.4687007e-07   3.8164802e-07
  -0.0000000e+00  -6.4835338e-05   2.3144765e-05   9.5187497e-06   5.0242402e-06   7.8789060e-07   7.0378798e-07   1.9589347e-06   2.6705595e-06   8.4112423e-07   5.6672445e-07  -2.5034421e-07   1.1605974e-06   8.1497478e-07  -1.4314254e-08  -2.7472444e-07   3.7377043e-07   3.0629101e-07   5.9926620e-08  -4.3198106e-08   5.0625175e-07  -2.9413960e-07   3.6532944e-07
  -0.0000000e+00  -6.4462227e-05   2.3537285e-05   1.0002726e-05   5.0182980e-06   3.7242776e-07   9.3617217e-07   3.3728847e-06   1.5286317e-06   1.3503342e-06   2.7333564e-07  -2.0463146e-07   8.8878920e-07   1.5060112e-07   5.6659974e-07   5.2762329e-07   9.5915880e-07   4.3381572e-08   2.4909298e-08   4.3544085e-07  -3.5625226e-07   5.0248502e-07  -3.5507807e-07
  -0.0000000e+00  -6.3709958e-05   2.5284133e-05   9.2850205e-06   4.3837777e-06   9.0657591e-07   1.6436363e-06   2.5607717e-06   2.4285339e-06   4.5740103e-07   9.8218919e-08   2.5867288e-07   1.5265719e-08   6.7096499e-07  -2.7550016e-07   3.2056798e-07  -4.0380334e-07  -6.2346899e-08  -1.3853471e-08   5.8869563e-07   2.4663260e-07  -9.5278779e-08  -2.3757573e-07
  -0.0000000e+00  -6.6825378e-05   2.4082789e-05   1.0544381e-05   5.5194014e-06  -1.9462371e-07   1.5870013e-06   3.4236130e-06   1.8843515e-06   1.6966313e-06   1.0309803e-06  -9.6455658e-08  -3.7223896e-07   1.5128894e-09   2.4644640e-07  -3.1916187e-07   1.6650530e-07   3.6696034e-07  -2.1867763e-07   2.4960374e-07  -4.4712650e-07   8.1681941e-07  -7.6201410e-08
  -0.0000000e+00  -6.3039508e-05   2.2560702e-05   1.0452028e-05   5.4393963e-06   9.8791566e-07   1.5313519e-06   1.6065427e-06   2.6054624e-06   1.5788260e-06  -3.8033434e-08   5.4093994e-07  -2.0460057e-07   6.8572365e-07   9.6667713e-07   5.1589694e-07  -3.5918686e-07  -4.8443849e-07   5.1085107e-07   2.7501554e-07  -1.1040035e-07  -4.2383192e-07  -2.5579996e-07
  -0.0000000e+00  -6.5403023e-05   2.4957471e-05   9.7754864e-06   4.5511210e-06   2.4829129e-08   1.2926522e-06   2.0307930e-06   1.7197274e-06   8.8514690e-07   4.5909633e-07  -7.0460629e-07  -1.6744897e-07   8.1235061e-07   6.2702924e-07   4.4769461e-08   8.1946308e-07  -5.2122967e-08  -3.2677329e-07   3.7366408e-07  -5.8374337e-07   1.9561956e-09   3.4832331e-07
  -0.0000000e+00  -6.5257540e-05   2.3832239e-05   9.4443731e-06   5.0283625e-06   2.1925209e-06   8.1281456e-07   3.3761485e-06   1.8934677e-06   6.2275342e-07   1.1839761e-06   7.5587377e-07  -1.4905982e-07   1.0296434e-06   6.2337818e-08   3.5482691e-07  -3.5370160e-09  -6.3557019e-07   9.9070610e-07  -1.6541208e-07   7.0027460e-07  -5.4502038e-07   1.7859425e-07
  -0.0000000e+00  -6.4791420e-05   2.2583228e-05   1.0708151e-05   5.6630643e-06   5.8220030e-07   1.9498138e-06   3.2495968e-06   2.3497955e-06   1.6700126e-06  -1.2682125e-07   4.0274932e-07   6.3828645e-07  -1.6246022e-07   7.5629094e-07   4.1340473e-07   7.2149311e-07   1.0488978e-08   3.6585749e-07  -9.7371547e-08   2.9313418e-07   2.5475109e-07   5.8523625e-07
  -0.0000000e+00  -6.5073749e-05   2.4721683e-05   9.8367982e-06   5.0591088e-06   5.3327631e-07   1.6031439e-06   2.7477772e-06   1.2227014e-06   3.2958101e-07   2.3851709e-07   5.7386092e-07  -3.7526374e-07   7.1695524e-07   3.4914240e-07   1.1105636e-07  -5.5226150e-07  -5.5471043e-07  -4.0066854e-07   7.2343676e-07  -2.5567240e-07   4.4623846e-07  -7.2538420e-08
  -0.0000000e+00  -6.4611850e-05   2.2765198e-05   1.0085363e-05   6.1242499e-06   1.6498958e-06   1.6200700e-06   2.4437243e-06   1.5273399e-06   1.0596526e-06   1.2563462e-06  -3.8889655e-07   8.5684360e-07   3.7254580e-07   1.2448559e-06   6.5465701e-07  -1.3106470e-07   5.9686988e-07  -5.1582873e-07  -4.3751243e-07   3.3359748e-07  -2.5265589e-07  -5.8552268e-07
  -0.0000000e+00  -6.5463442e-05   2.3631192e-05   1.0250931e-05   3.9452048e-06   1.0777794e-06   1.6125337e-06   2.5126806e-06   1.2069621e-06   7.1029336e-07   5.9929670e-07   5.6393480e-07   2.6295626e-07  -2.8904549e-07   2.2899120e-07   4.6706138e-08  -1.3839475e-08  -1.7689192e-08   7.4832764e-07   3.5377019e-07   3.6323076e-08   3.8428675e-07   4.3380817e-07
  -0.0000000e+00  -6.3703839e-05   2.4118004e-05   9.2436576e-06   5.2614746e-06   1.1837287e-06   4.3232174e-07   2.2192323e-06   2.3564148e-06   3.3185285e-07   2.6588742e-07   1.4389141e-07  -4.7882264e-07  -1.7003049e-07  -1.1700235e-08  -3.9745274e-07  -8.7063675e-08  -5.4021126e-07   2.4959654e-08  -7.7141368e-07   2.2544859e-07  -5.1039012e-07  -4.8270635e-07
  -0.0000000e+00  -6.4016422e-05   2.2623779e-05   9.9572298e-06   5.5488213e-06   1.8050608e-07   2.2564104e-06   2.6851746e-06   2.2718591e-06   1.9880463e-06   4.1836330e-07   7.1322302e-07   1.0106495e-06   6.3114845e-07  -1.5312812e-08   9.9559782e-07   5.7177380e-07  -4.0590169e-08  -2.2589646e-08   6.4095900e-07   6.0138041e-07   5.4591038e-07  -4.4689082e-07
  -0.0000000e+00  -6.6329281e-05   2.5446992e-05   9.1623842e-06   4.8400675e-06   6.4132365e-08   1.2521087e-06   2.9330120e-06   2.3706802e-06   1.7539435e-07   5.0087749e-07   2.7898139e-07   3.3055488e-07   1.5683430e-07   4.1252193e-07   2.8538534e-07   6.4613728e-09  -2.5729724e-07   3.1773357e-07   4.5007511e-07   3.2478678e-07   2.2506404e-07  -3.3700181e-07
  -0.0000000e+00  -6.4540269e-05   2.3121727e-05   1.0876894e-05   5.4638654e-06  -5.7776492e-07   1.8235471e-06   2.7928004e-06   2.0046507e-06   1.0221572e-06   3.7049810e-07   3.4683558e-07  -3.5413061e-07  -1.4485233e-08   2.0322631e-07  -2.8023086e-07  -6.9752154e-08  -3.4526398e-08  -3.4351512e-08  -2.3912935e-07  -6.6006584e-07   6.4411671e-07   7.1523698e-07
  -0.0000000e+00  -6.4246415e-05   2.4014602e-05   9.9287745e-06   6.0177495e-06   6.4367333e-07   1.5797433e-06   1.2058946e-06   2.6687833e-06   1.2653920e-06   5.2911031e-07   8.5944782e-07  -1.7188111e-07  -2.7045848e-09  -6.5481672e-08   6.7518249e-07   1.2844210e-07   5.9299782e-07   6.3528842e-07  -1.2099284e-07  -6.7432200e-07   4.4604397e-07  -3.7799498e-07
  -0.0000000e+00  -6.5378801e-05   2.4151530e-05   9.1348275e-06   5.3033041e-06   4.2000718e-07   2.2055488e-06   2.1071996e-06   1.5357474e-06   2.0577700e-06   4.9093546e-07   3.8223482e-07   4.0505026e-07   1.4073616e-07   8.7754046e-07   2.8897270e-07  -9.5910131e-08   4.9166204e-07   2.0066540e-07   6.5232706e-07  -4.1308405e-07   2.0667471e-07   1.2636630e-07
  -0.0000000e+00  -6.5452623e-05   2.3565215e-05   9.6341264e-06   4.9450491e-06  -9.7836130e-07   1.6582072e-06   2.8761015e-06   2.4823460e-06   3.0824938e-07  -3.6245399e-07   1.8662469e-08   7.8816589e-07   5.2886691e-07   3.5373935e-07   6.0273027e-07  -3.7306501e-07  -3.2297808e-07  -2.6926767e-07   2.9881292e-07   6.0637768e-07  -6.3368375e-08  -3.1262556e-07
  -0.0000000e+00  -6.3671672e-05   2.3181052e-05   9.6851281e-06   6.0984871e-06   1.6692563e-06   4.9576875e-07   2.2015022e-06   1.9821164e-06   5.8186436e-07   1.5696506e-06   1.2799625e-06   3.8577156e-07  -1.8290774e-07   5.7283444e-07  -3.7640518e-07  -2.9943780e-07  -8.6676160e-08   6.1622836e-07  -3.9703940e-07  -2.5309913e-07   4.9505167e-07   3.5588914e-07
  -0.0000000e+00  -6.4441883e-05   2.3814142e-05   1.0024008e-05   5.6738486e-06   1.5069965e-08   2.3034340e-06   1.7613728e-06   1.8975036e-06   1.0711041e-06   1.9837367e-07   7.1884324e-07   6.1396300e-08   4.0263029e-07   4.4946776e-07  -5.5484985e-11   5.7151243e-07  -4.6335765e-07   1.4460169e-07   5.3148744e-07   1.4562910e-07  -3.7739269e-07   2.7071204e-07
  -0.0000000e+00  -6.3513078e-05   2.3431889e-05   1.1317948e-05   4.8465563e-06   8.1303250e-07   6.8866774e-07   2.1557128e-06   2.4200726e-06   8.4725781e-07   1.1893984e-06   3.8964149e-07   7.4503916e-08   5.8049420e-07   7.9491070e-07   1.0876889e-06  -1.6430361e-07  -5.2432836e-07   3.2172073e-07   6.6095902e-07  -5.1766011e-07   1.3181383e-07   8.5599069e-08
  -0.0000000e+00  -6.6261353e-05   2.5422218e-05   9.7824259e-06   6.2711306e-06  -4.7730300e-08   2.0488537e-06   1.9630124e-06   2.1475705e-06   6.6698118e-07   4.0387283e-07  -4.2939823e-07   1.0162952e-07   7.7783454e-07   2.5569707e-07  -6.7933820e-07   1.7161534e-07   1.0812023e-07  -5.4315478e-07  -6.5401798e-07   2.8891770e-07  -3.3851620e-07   8.1182996e-08
  -0.0000000e+00  -6.3142477e-05   2.2401473e-05   9.5372316e-06   4.6098849e-06   8.9965295e-07   1.4459310e-06   2.8874424e-06   1.5762191e-06   9.1921839e-07  -5.1227539e-07   3.9145633e-07  -4.2309914e-08   4.1170071e-07   6.1469727e-08   3.9315324e-07   4.6570312e-07   7.7336534e-07  -2.4463954e-08   6.1576986e-07  -2.5675550e-07   4.3685813e-07   2.6149291e-07
  -0.0000000e+00  -6.6545821e-05   2.4447583e-05   1.0541029e-05   4.8802522e-06   9.2641534e-07   1.2728561e-06   2.6579098e-06   1.2024389e-06   1.4308455e-06   1.3508516e-06   3.9410136e-07   4.7865717e-07   6.3397226e-07  -1.9802737e-07   6.5418425e-07   1.2798610e-07  -8.7074324e-07   8.8466311e-07   1.9515220e-07   2.2255959e-07  -4.7670983e-07   2.8650771e-07
  -0.0000000e+00  -6.4305576e-05   2.4164257e-05   9.9785320e-06   5.1393677e-06  -6.6984931e-08   1.9148613e-06   2.8293496e-06   1.9909403e-06   9.3618820e-07   7.0437051e-07   1.1090955e-06   2.1436830e-07   7.2063875e-07  -1.6584062e-07   3.3890160e-07  -1.4649419e-07  -2.8075056e-07   3.1421507e-08  -2.5350249e-07   3.4205848e-07   4.4540513e-07   1.4943352e-07
  -0.0000000e+00  -6.4568456e-05   2.4014525e-05   8.0720110e-06   6.7682131e-06   1.0466325e-06   3.9872072e-07   1.7918256e-06   2.6960568e-06   8.1038530e-07   2.2442691e-07   9.4941100e-07   8.4431935e-07   4.9610878e-07  -6.4410710e-07  -2.9891362e-07  -1.7276905e-07   3.8392128e-07   5.2666707e-07   2.4408513e-07   5.1124761e-08   5.8034402e-07  -1.3227904e-07
  -0.0000000e+00  -6.4384796e-05   2.3727778e-05   1.0901666e-05   3.6769452e-06   5.4467029e-07   6.4648839e-07   2.8263732e-06   2.0474129e-06   5.1939077e-07   1.1068569e-06  -2.3973399e-07   9.8174883e-07   6.3769068e-07  -4.4057703e-07   2.0872616e-07   7.0556467e-07   9.8976976e-08   2.8653295e-08  -3.6868025e-07  -1.8915536e-07  -2.3025378e-07  -2.8221896e-07
  -0.0000000e+00  -6.5308763e-05   2.3852608e-05   9.2403989e-06   5.4502002e-06   3.2951914e-07   2.9089908e-06   2.1031001e-06   1.6947226e-06   7.2220058e-07   1.0441952e-06   9.0265667e-07  -1.8020123e-07   5.9717124e-08   3.7807416e-07   8.4143960e-07  -2.7896806e-07  -4.0870827e-07   2.4858926e-07  -6.5379517e-08  -4.6114911e-07   4.3607227e-07  -3.8385153e-07
  -0.0000000e+00  -6.4142696e-05   2.3247143e-05   1.0272546e-05   4.8922097e-06   8.6994680e-07   2.4701470e-07   3.0453778e-06   1.1942074e-06   1.4986947e-06   1.0158981e-06   2.6467461e-07   4.7168101e-07   5.3796903e-08  -3.6899266e-07  -1.5312156e-07  -6.9302956e-08   5.8886872e-07   1.7049556e-08   1.4210526e-07   7.6470633e-07   3.4293274e-07   3.5890218e-07
  -0.0000000e+00  -6.4536180e-05   2.5046678e-05   8.3905134e-06   6.3972611e-06  -8.3243307e-08   1.5000237e-06   2.9706673e-06   1.8758274e-06   1.4580235e-06   6.2061110e-07   2.5368902e-07   3.9081297e-07  -2.1445337e-07   3.1530269e-07   3.8193093e-07  -1.9243269e-07   7.2738544e-07  -5.2359843e-07  -3.1174699e-07  -4.4529901e-07   3.4757761e-07  -4.6552108e-07
  -0.0000000e+00  -6.4093489e-05   2.2456274e-05   1.1202427e-05   4.6250625e-06   7.9431152e-07   6.0582899e-08   2.4479284e-06   1.5191769e-06   1.2086479e-06   7.4984041e-07  -5.9671083e-07   1.0129585e-06   3.6582895e-07   3.7229563e-07  -1.7500429e-07  -3.4605773e-07  -1.7102828e-07  -5.2460123e-08   6.9068881e-07   4.9985834e-07  -9.7318740e-08   2.4775579e-07
  -0.0000000e+00  -6.5504988e-05   2.4720195e-05   9.6383519e-06   5.2968658e-06  -4.3130237e-07   2.5718987e-06   2.7394344e-06   2.0341402e-06   1.1306398e-06   4.3132411e-07   8.8201284e-07   2.0331170e-07  -4.0746011e-07   1.0599947e-06   2.3350614e-08   5.0906124e-07   1.4255694e-07   4.1943457e-07  -4.3924281e-08  -2.6733142e-07  -2.7309440e-07   9.4355883e-09
  -0.0000000e+00  -6.3495798e-05   2.3866518e-05   9.8070468e-06   6.7524547e-06   4.8202946e-07   1.0405116e-06   2.2930867e-06   1.7589613e-06   1.4607967e-06  -1.6394698e-07   1.5872094e-07   9.0993677e-07   1.9335667e-07   6.6303059e-08   3.3402983e-07  -4.1871601e-07   2.2926412e-07   6.4335575e-07  -6.3120348e-07   3.9270347e-07  -9.8514398e-08  -9.5881710e-08
  -0.0000000e+00  -6.5777887e-05   2.5148835e-05   8.5714364e-06   5.0212157e-06   1.3453080e-06   1.0479168e-06   2.3461096e-06   2.7038191e-06   4.1885588e-07   5.4629999e-07   2.4819181e-07   5.6811416e-07   1.7091126e-07  -1.4229302e-07  -1.5036888e-07   6.3664550e-07   2.6908359e-07   5.4450905e-10  -7.8479950e-08   1.9354849e-07   1.0792680e-07  -4.7863900e-09
  -0.0000000e+00  -6.4485081e-05   2.2880333e-05   1.0237403e-05   4.8622114e-06   7.4662847e-07   8.7354130e-07   3.4812106e-06   1.0174999e-06   9.0900267e-07   6.8277808e-07   3.1515082e-09   7.7656892e-08  -1.4262022e-07   7.6236375e-08   5.1917885e-07  -5.8157312e-08   7.4369751e-07   9.4749169e-08   4.2207898e-07   4.2952294e-07  -2.6014047e-07   1.7798607e-07
  -0.0000000e+00  -6.4350970e-05   2.4339190e-05   9.8831133e-06   5.3373456e-06   9.9298757e-07   1.6805238e-06   1.7835125e-06   1.9897800e-06   1.2997189e-06   1.3790783e-06   2.2253377e-07  -1.0079866e-07   4.7216545e-07   7.1608139e-07   6.2440040e-07   1.2459991e-07  -8.3563179e-07  -2.3025409e-07   5.5923545e-07   1.4766995e-07  -2.8525798e-07  -3.3100130e-07
  -0.0000000e+00  -6.5100656e-05   2.3167720e-05   9.4036241e-06   4.8765514e-06   3.8279492e-07   5.5569552e-07   3.4249365e-06   1.0406565e-06   1.5116963e-06   2.9318429e-07   1.2312764e-06   4.5732108e-08   7.4463293e-07  -4.9694228e-07   4.6106265e-08   5.2931284e-07  -3.3375252e-07   4.3657124e-07   3.0626816e-07   6.1666867e-07  -2.5741937e-07  -1.1794177e-07
  -0.0000000e+00  -6.5390246e-05   2.4311696e-05   9.1465254e-06   5.9456856e-06   8.2365642e-07   2.4562769e-06   3.2498194e-06   2.1205451e-06   1.3073665e-06   8.4302269e-07  -1.9952704e-07   6.0460536e-07   6.1253331e-07   2.8131430e-07   4.1561947e-07   9.5526889e-07   5.3136834e-08   7.5063411e-08   6.1866365e-07   5.7424154e-07  -8.8101537e-08   2.5065395e-08
  -0.0000000e+00  -6.4586704e-05   2.3847568e-05   1.1338119e-05   3.9011511e-06   9.9853810e-07   1.8805044e-06   2.5433258e-06   1.9372342e-06   9.7874715e-07  -1.9026855e-07   1.1752034e-06  -2.9249330e-07  -9.7042893e-08  -6.2754123e-07  -4.3824596e-07   2.8517189e-09   4.8515068e-07   6.7688916e-08  -2.7870053e-07   1.5194768e-08  -2.1658437e-07   1.4205399e-07
  -0.0000000e+00  -6.4416607e-05   2.3676625e-05   8.3867644e-06   6.3709699e-06  -1.8681004e-07   1.2223514e-06   2.8604059e-06   2.0816431e-06  -3.0053260e-09   4.3206933e-07   6.9676202e-07  -2.1203982e-07   4.1376688e-07   5.0512597e-07   2.3649866e-07   1.3426887e-08   5.3160107e-07   1.1075812e-07  -5.9441612e-07  -4.4176429e-07   2.2345127e-07  -3.3937118e-07
  -0.0000000e+00  -6.4297550e-05   2.3747252e-05   9.8006967e-06   4.0255850e-06   2.2758114e-07   1.6997033e-06   2.2559432e-06   1.1110820e-06   8.6817664e-07   7.3160720e-07   3.6199728e-07   1.2518626e-07   1.1229275e-06  -3.1798183e-07   2.2737115e-07   3.2735815e-07   7.8894544e-07  -5.5961260e-07   2.5152040e-08   4.8204015e-07  -3.3615322e-07   7.6757311e-07
  -0.0000000e+00  -6.6372268e-05   2.4313931e-05   9.6608328e-06   6.0814059e-06   7.7179166e-08   2.2918300e-06   1.5448195e-06   1.9351876e-06   1.7194004e-06   7.6773313e-07  -3.4598696e-07   1.0211999e-06   3.4095120e-07   1.9791064e-07   8.1934877e-07  -4.9806306e-07  -8.0152142e-07   6.0841074e-07  -3.7724627e-07   5.5504319e-07   5.3016134e-07  -4.9037703e-07
  -0.0000000e+00  -6.3351719e-05   2.3654544e-05   9.1274387e-06   3.9710085e-06   5.3627076e-07   1.4651889e-06   3.3322926e-06   1.4617336e-06   1.5354855e-06   2.1731856e-07   8.4726861e-07  -1.0343188e-07   3.2711011e-07  -5.0118484e-07   5.3575820e-07   3.2328870e-07   2.2278286e-07   4.4731493e-07   3.7748737e-07  -4.7743377e-08  -5.0097691e-07  -2.6869620e-07
  -0.0000000e+00  -6.5941698e-05   2.3488581e-05   1.0834493e-05   5.9212675e-06  -4.4050947e-07   2.0195439e-06   2.6817008e-06   1.8841527e-06   7.6871163e-07   1.2814251e-06   5.2656191e-07   3.1528094e-07  -3.9896725e-07   8.9793932e-09   7.7121820e-07  -2.1423756e-07  -5.0466639e-07   1.6471682e-07   3.5788298e-07  -9.1634391e-08   3.9566805e-07   9.9902834e-08
  -0.0000000e+00  -6.3726788e-05   2.4015853e-05   9.0418853e-06   5.5233568e-06   1.9771826e-06   7.1745109e-07   3.2617199e-06   1.7380429e-06   6.6235651e-07   9.2553506e-07   2.0681206e-07   2.4846807e-07   1.0761711e-06  -2.4769818e-07  -2.5228780e-07  -5.2353897e-07   7.4217934e-07   4.2319724e-07   3.1030754e-07   5.6654170e-07  -7.1039113e-07  -1.9839619e-07
  -0.0000000e+00  -6.6365043e-05   2.3381484e-05   9.5203377e-06   5.9792328e-06  -2.2842305e-07   2.7364536e-06   1.6528707e-06   2.2661850e-06   8.2282355e-07   1.5337395e-06   1.1106063e-07   5.1257462e-07   9.3465877e-07   7.4791194e-07   4.5954917e-07   1.1790735e-07   1.4037622e-07   1.5404530e-07  -2.0708917e-07   1.5858494e-07   5.4697551e-07   4.9018382e-07
  -0.0000000e+00  -6.3268199e-05   2.2957192e-05   9.7285738e-06   5.0294493e-06   1.8674417e-06   2.5236173e-07   3.4217471e-06   1.8801163e-06   9.9985800e-07   1.9339262e-07   4.0802962e-07  -5.7864679e-07  -9.9334457e-08   3.5318772e-07   2.3904605e-07   2.9050594e-07   7.8312735e-07  -2.6860070e-07  -4.4544990e-07  -4.0527655e-07  -4.7899135e-07   1.3392405e-07
  -0.0000000e+00  -6.5764951e-05   2.4927209e-05   9.1450247e-06   6.1198571e-06  -5.4632284e-07   7.5696295e-07   2.5340107e-06   2.0104703e-06   8.6456794e-07   7.5859964e-07   1.7479340e-07   3.0752585e-07   1.0341190e-07  -7.0200650e-09   6.8051781e-07   4.1286631e-07   3.6669711e-08  -2.9577071e-08   3.0201136e-07  -5.1162266e-07   4.4712553e-07  -7.3823060e-08
  -0.0000000e+00  -6.3953805e-05   2.3849905e-05   9.4839606e-06   4.3284690e-06   7.4929403e-07   1.6243209e-06   2.3237174e-06   1.6160437e-06   1.5050405e-06  -2.2266006e-07   4.6291990e-07  -1.0409195e-08   6.7090315e-07   6.2498685e-07   5.7657775e-07  -1.7764596e-07  -8.6944134e-08  -3.6144792e-07  -5.9592531e-07   5.4501749e-07   4.0044139e-07   4.8345817e-07
  -0.0000000e+00  -6.4227446e-05   2.4246854e-05   9.0258227e-06   5.9799827e-06   2.8463303e-08   1.3766964e-06   2.7120698e-06   2.9376993e-06   4.7321728e-07   3.6878075e-07   1.7223759e-07   1.0700022e-06  -3.3252792e-07   9.2716601e-07  -3.4138162e-07  -4.4481922e-07   4.8360243e-07  -3.7769451e-07   2.5864622e-07   3.6152608e-07  -2.0059774e-07   5.7920363e-07
  -0.0000000e+00  -6.4451408e-05   2.3215822e-05   1.1132530e-05   4.6964929e-06   1.4384784e-06   8.5988643e-07   2.4817180e-06   1.7391008e-06   1.1938012e-06  -1.0356053e-07   1.4305148e-06   5.5306458e-08   5.1555463e-07   7.9408856e-08   2.0112476e-07   8.6980288e-07  -4.9954739e-08   1.8492082e-07  -4.5566903e-08  -2.8659645e-07   1.5621391e-07   1.8293039e-07
  -0.0000000e+00  -6.5797562e-05   2.3933311e-05   9.1068841e-06   6.3175480e-06   5.5857930e-07   2.2680679e-06   3.1820709e-06   2.3076325e-06   9.8005160e-07   6.9402620e-07   2.1281843e-07  -4.9262223e-07  -3.4901149e-07  -2.0622325e-07   9.8464838e-08  -1.2687413e-07   8.6903611e-07  -2.8942006e-07  -4.1403308e-07  -4.6116159e-07   5.2372854e-07  -6.0838028e-07
  -0.0000000e+00  -6.4156098e-05   2.3214829e-05   1.0523406e-05   4.3019586e-06   9.4117092e-07   1.6565081e-06   2.7721931e-06   2.0991240e-06   5.2152689e-07   2.3382067e-07   3.0414615e-08  -5.5966780e-08   2.6811207e-07   7.6256771e-07  -5.0019122e-07  -2.1288356e-07   6.3557928e-07   2.4350203e-07  -1.3601951e-07   2.2445094e-07   1.1343204e-07   2.9967686e-07
  -0.0000000e+00  -6.5086722e-05   2.3623263e-05   9.2372447e-06   4.5000502e-06   5.4262620e-07   1.1317792e-06   1.7981014e-06   2.2161362e-06   1.2629605e-06   1.5110835e-06  -2.5417154e-07   2.0696365e-07  -1.2091415e-07   4.2992366e-07   1.0096777e-06  -8.7135902e-08  -5.9598147e-08   6.5334086e-07   2.9989212e-07  -1.6380318e-07  -1.9414910e-07   3.9695713e-08
  -0.0000000e+00  -6.3961066e-05   2.2430377e-05   1.0261872e-05   4.7613362e-06   1.3337634e-06   8.8904392e-07   3.4090881e-06   1.5725343e-06   1.2937153e-06   1.4122882e-06   5.8108185e-07   1.0867537e-06   9.3492531e-07   2.4444907e-07  -6.6947320e-07   4.0130328e-07  -2.0408895e-07  -5.3712660e-07   6.5926662e-07   4.7124132e-07   7.4230741e-08  -1.0715911e-07
  -0.0000000e+00  -6.5181353e-05   2.4700565e-05   9.4874658e-06   5.9887707e-06   8.6588176e-07   7.8061859e-08   2.7080323e-06   2.3434850e-06   6.2281634e-07   1.5652285e-08  -2.3282016e-07  -3.3049417e-08   6.0386287e-07   4.4152753e-09   1.9641418e-07  -1.7014619e-07   4.2069468e-07   7.3525331e-07  -6.6953629e-07  -2.9283422e-07   5.7420158e-07  -4.5328203e-08
  -0.0000000e+00  -6.3651911e-05   2.3967146e-05   1.0236594e-05   4.4721814e-06   6.9328382e-07   1.5730880e-06   4.0884170e-06   1.5174317e-06   1.4461269e-06   4.8870976e-07  -1.6409534e-07   2.9460622e-07   4.5704854e-07   4.8648968e-07   9.4844449e-07   2.1958128e-08  -1.4655521e-07  -1.1443618e-07  -5.9183878e-07  -2.1573648e-07   7.2442077e-07   6.6408077e-08
  -0.0000000e+00  -6.4872802e-05   2.4206827e-05   9.7536886e-06   5.6369563e-06   1.0619253e-06   1.4802247e-06   2.0474213e-06   2.2799295e-06   1.3013571e-06   1.3450100e-06   6.4304004e-07  -3.7067903e-07  -1.7273904e-07   6.2387960e-07  -2.6839049e-07   1.2384820e-07  -1.9469910e-07  -1.4560426e-07   4.4742256e-07   3.6451112e-08  -1.8118989e-07   4.5719088e-07
  -0.0000000e+00  -6.4583175e-05   2.2960226e-05   9.6506028e-06   5.5912856e-06   8.3657949e-07   1.1560606e-06   3.3133779e-06   1.3413855e-06   5.3554203e-08   5.8458625e-07   1.0201278e-06   4.7563782e-07   1.4333621e-07   2.8067041e-07   9.2477319e-07  -1.2173051e-07   5.4860459e-07   5.4679828e-07  -2.0125114e-07  -4.3120207e-07   2.4467266e-07  -3.0281782e-07
  -0.0000000e+00  -6.4745960e-05   2.4971367e-05   9.8408618e-06   4.7338985e-06   1.0339520e-06   1.5250648e-06   1.9183790e-06   2.3432926e-06   1.6367226e-06   4.2101217e-07   1.8893229e-07   7.7712861e-07   3.2910816e-07   2.5377594e-07  -8.6932680e-08   5.7200862e-07  -1.3323462e-07  -4.7766537e-07   2.2443317e-07   4.4259622e-07   4.6782804e-07   4.7547380e-07
  -0.0000000e+00  -6.4761647e-05   2.2716356e-05   1.0364299e-05   5.0123494e-06   8.0153700e-07   6.0266655e-07   3.3376659e-06   1.5307155e-06   5.8667109e-07   7.7939075e-07   1.8824394e-07  -1.7684735e-08   5.8255654e-07  -4.7518898e-07   4.9606479e-07  -3.1106606e-07  -6.4525915e-07   2.3242504e-07   3.1277148e-07  -1.4223231e-08  -5.8112948e-07  -4.1433961e-07
  -0.0000000e+00  -6.4734224e-05   2.4017359e-05   9.4829838e-06   5.4233042e-06   5.2765796e-07   9.9499744e-07   1.9296854e-06   1.8654972e-06   1.7555627e-06   7.0534333e-07  -4.4396273e-07   8.2287596e-07   7.2644332e-07   1.1044829e-06   1.4473707e-07   2.3589435e-07   3.6868295e-07  -4.9178635e-07  -1.8935317e-08   3.4680718e-07   1.6623719e-07  -3.3959535e-07
