   0.0000000e+00  -2.0686048e-05  -3.1155832e-05  -1.8228158e-05  -1.1521251e-05  -9.0322255e-06  -8.2013239e-06  -6.1823944e-06  -4.1162916e-06  -2.3511559e-06  -1.7542993e-06  -1.8781511e-06  -6.6169554e-07   9.7894430e-09   1.8895030e-07  -4.6403153e-07  -5.7507151e-07  -6.1774767e-07  -6.9251740e-07  -4.7288637e-07   2.7921678e-07   6.0427666e-08  -4.4975300e-07
   0.0000000e+00  -2.1104417e-05  -3.0935342e-05  -1.7225642e-05  -1.1735695e-05  -9.1567808e-06  -8.2228471e-06  -6.0307302e-06  -3.7948496e-06  -2.1696915e-06  -1.5655329e-06  -8.9524440e-07  -7.4640883e-07  -1.1400672e-06  -1.2792584e-06  -6.9940245e-07  -6.4864321e-07  -1.3215415e-08  -9.8234139e-08   1.7885452e-07  -2.2857279e-07  -7.8475603e-07  -6.9794879e-07
   0.0000000e+00  -2.0940053e-05  -3.0771862e-05  -1.8215820e-05  -1.2028821e-05  -9.1042421e-06  -7.8604171e-06  -6.0104494e-06  -3.7172003e-06  -2.6204521e-06  -1.8551349e-06  -1.4777354e-06  -1.8087439e-06  -1.3655563e-06  -1.0143233e-06  -7.0067705e-07   4.1630642e-07   2.9311258e-07   2.2507960e-08  -3.9570108e-07  -4.9084508e-07  -3.2119019e-07   9.7000836e-08
   0.0000000e+00  -2.0672267e-05  -3.0749226e-05  -1.7255032e-05  -1.1572352e-05  -8.6574510e-06  -7.5266398e-06  -6.5298786e-06  -4.4306480e-06  -2.7864630e-06  -1.8414037e-06  -1.8189237e-06  -1.4064053e-06  -1.0825638e-06  -8.7034914e-07  -5.3059227e-07  -6.9006529e-07  -1.0107494e-06  -9.9306021e-07  -1.6465732e-07  -2.6687638e-07   2.3411739e-07   4.5062274e-09
   0.0000000e+00  -2.0654801e-05  -3.0148485e-05  -1.7818664e-05  -1.1232539e-05  -9.1730790e-06  -8.2766210e-06  -6.7678534e-06  -4.6945065e-06  -2.5447798e-06  -2.1157177e-06  -1.7829107e-06  -1.1618564e-06  -6.3321392e-07  -2.8074635e-07  -3.4898440e-07   3.1596144e-08   2.7027832e-07   6.5108935e-07  -2.2489498e-08   9.4456301e-09  -1.4056639e-07   2.3788672e-07
   0.0000000e+00  -2.0984260e-05  -3.0647625e-05  -1.8254486e-05  -1.1641255e-05  -9.2268047e-06  -8.3371078e-06  -6.2113918e-06  -3.9006800e-06  -2.4613630e-06  -1.7424402e-06  -1.2290399e-06  -1.1692549e-06  -5.7099356e-07  -5.6692437e-07  -5.5490324e-07  -6.3422164e-07  -3.2546876e-07  -4.7601236e-07  -4.6534271e-07  -3.2448247e-07   2.8285523e-08  -4.5282843e-07
   0.0000000e+00  -2.0401194e-05  -3.0145990e-05  -1.7638971e-05  -1.1222554e-05  -8.4677749e-06  -8.2687402e-06  -6.2668787e-06  -3.8244530e-06  -2.7811373e-06  -1.7616703e-06  -1.4545611e-06  -8.1340664e-07  -8.7480379e-07  -1.3224815e-06  -5.2557249e-07   3.0463343e-07   9.0522484e-08  -2.6731547e-07  -4.3808519e-08   2.6299517e-07  -1.8005345e-08   1.7407596e-07
   0.0000000e+00  -1.9887622e-05  -3.0787396e-05  -1.7549510e-05  -1.1574409e-05  -9.0857066e-06  -7.5794619e-06  -6.2111958e-06  -3.8773974e-06  -2.5499771e-06  -1.9904626e-06  -1.3816143e-06  -1.1311170e-06  -1.0653330e-06  -5.8601620e-07   3.5285433e-10  -3.1332311e-07  -1.1520948e-07  -3.7721076e-08  -2.0326648e-07   1.1919092e-07   6.6417249e-07   1.1319048e-06
   0.0000000e+00  -2.0959948e-05  -3.0993102e-05  -1.7949737e-05  -1.1662797e-05  -9.5036485e-06  -8.5158736e-06  -6.8006252e-06  -4.3958303e-06  -2.5989268e-06  -2.4942578e-06  -1.5561460e-06  -5.7188919e-07  -3.0869620e-07  -8.2825700e-08  -2.4629139e-07   8.4308340e-08   1.4159107e-07   5.5723916e-08   5.4155106e-07   2.3940188e-07   4.8681574e-07   9.9938795e-08
   0.0000000e+00  -2.0642765e-05  -3.0323581e-05  -1.7444492e-05  -1.1892002e-05  -8.7330391e-06  -8.2325705e-06  -6.2114673e-06  -3.7367295e-06  -3.0470935e-06  -2.0437687e-06  -1.6519679e-06  -1.4703448e-06  -8.6596839e-07  -9.6859242e-07  -5.7744904e-07  -2.7268533e-07  -2.1250459e-07  -5.7609969e-07  -1.0633610e-06  -5.2653729e-07  -5.3831190e-08  -3.8937267e-07
   0.0000000e+00  -2.1061340e-05  -3.0861724e-05  -1.7713512e-05  -1.2218209e-05  -9.3469898e-06  -8.1806666e-06  -6.6302496e-06  -4.2654397e-06  -2.6724235e-06  -1.9305382e-06  -9.7787722e-07  -4.2234461e-07  -7.5627543e-07  -4.6549837e-07  -2.4385582e-08  -1.3357388e-07  -1.0420684e-06  -1.1616747e-06  -7.2178142e-07  -2.8750088e-07  -8.5460960e-07  -1.0720851e-06
   0.0000000e+00  -2.0564279e-05  -3.0980955e-05  -1.8448962e-05  -1.2046337e-05  -9.6639951e-06  -8.7568405e-06  -6.6636208e-06  -4.2123734e-06  -3.2344412e-06  -2.0429295e-06  -1.5821604e-06  -1.9836039e-06  -1.7716964e-06  -7.9042343e-07  -5.2151620e-07  -5.7693291e-07  -5.8524131e-07  -3.6655189e-07   1.9059510e-08  -1.0323957e-07  -3.2257503e-07  -2.0383253e-07
   0.0000000e+00  -2.0756343e-05  -3.1290285e-05  -1.8716233e-05  -1.2355864e-05  -9.9898125e-06  -8.4092471e-06  -5.5972787e-06  -3.8470357e-06  -2.2549743e-06  -1.3904447e-06  -1.1501706e-06  -1.3210474e-06  -1.0520860e-06  -1.0134335e-06  -7.6654027e-07  -3.1550874e-07   7.4819731e-08   5.5571672e-07   2.3885173e-07   7.0436050e-07   7.6072098e-07   1.0301007e-06
   0.0000000e+00  -2.0993444e-05  -3.0782030e-05  -1.8718683e-05  -1.2176971e-05  -9.5043124e-06  -8.6538284e-06  -6.3090802e-06  -4.0853088e-06  -2.3449543e-06  -1.3187055e-06  -1.6596252e-06  -1.1942436e-06  -6.0880865e-07  -1.7699747e-07  -1.7123836e-07  -4.4502400e-07  -4.4602399e-07  -6.0696055e-07   1.8397007e-07  -3.6657556e-07  -1.5018067e-07  -3.3172495e-07
   0.0000000e+00  -2.1865122e-05  -3.1464289e-05  -1.8278522e-05  -1.2333872e-05  -8.8932447e-06  -8.0570871e-06  -6.1825608e-06  -3.7609068e-06  -2.3289615e-06  -2.2532972e-06  -1.1732498e-06  -1.8456011e-07  -1.4502308e-07  -3.5620343e-07  -2.9840183e-07  -2.8094499e-07   2.0957626e-07   7.7458355e-07   3.8668699e-07   3.7521988e-07  -1.2278966e-07  -5.5186561e-08
   0.0000000e+00  -2.0909580e-05  -3.1451415e-05  -1.8643790e-05  -1.2325110e-05  -8.8705465e-06  -8.2974320e-06  -6.9207731e-06  -4.0310333e-06  -2.8282475e-06  -2.0288376e-06  -1.2801811e-06  -6.8773585e-07  -7.7695586e-07  -9.8158819e-07  -9.1578204e-07  -3.4782570e-07  -1.2430354e-07  -7.6506871e-07  -9.5666326e-07  -1.0268363e-06   8.5141643e-08   4.3136094e-08
   0.0000000e+00  -2.1533011e-05  -3.0777399e-05  -1.8456836e-05  -1.2027805e-05  -9.8208257e-06  -8.3781797e-06  -5.5833248e-06  -2.6547884e-06  -2.2030797e-06  -1.5554843e-06  -1.1653543e-06  -1.0391545e-06  -9.3515388e-07  -4.5141329e-07   3.9495657e-07   3.8074785e-07  -6.8054339e-07  -8.3382446e-07  -4.1378510e-07   3.3371546e-07  -7.3482603e-08  -4.9718881e-07
   0.0000000e+00  -2.1353178e-05  -3.1226493e-05  -1.8536466e-05  -1.2092673e-05  -8.9708092e-06  -7.9950360e-06  -5.9292188e-06  -3.7752482e-06  -2.5510451e-06  -1.4620394e-06  -4.1431315e-07  -8.0798287e-07  -9.3791334e-07  -5.8169530e-07   1.9595408e-08  -2.6665126e-07  -3.4283107e-07  -3.5095394e-07   3.0324845e-08   1.3042488e-07  -7.0497372e-09  -2.2673833e-08
   0.0000000e+00  -2.0881962e-05  -3.1361167e-05  -1.8502446e-05  -1.1575550e-05  -8.5912889e-06  -8.1454782e-06  -5.4122897e-06  -3.9274400e-06  -2.3699722e-06  -1.7388919e-06  -1.2789799e-06  -1.0161338e-06  -8.0320797e-07  -4.6187503e-07  -3.4655190e-07  -4.8386875e-07  -5.3401391e-07   1.0086367e-07  -2.8597012e-07  -1.4164159e-07  -5.9618668e-07  -4.7247076e-07
   0.0000000e+00  -2.0337053e-05  -3.1564290e-05  -1.7644370e-05  -1.1581669e-05  -9.0283693e-06  -7.5984758e-06  -5.3122203e-06  -4.4048443e-06  -2.8542393e-06  -1.7203224e-06  -1.1471427e-06  -8.0609664e-07  -1.2643195e-06  -3.1580876e-07  -1.6949710e-07  -4.0883234e-07  -4.0079411e-07  -4.2660199e-07  -8.8577146e-09  -3.8644976e-07  -1.9119341e-07   7.5983735e-08
   0.0000000e+00  -2.1061272e-05  -3.0286801e-05  -1.8146269e-05  -1.1174542e-05  -9.1648280e-06  -8.2905481e-06  -6.5153281e-06  -3.9201818e-06  -2.1902490e-06  -1.4044469e-06  -9.6176200e-07  -1.7573319e-06  -1.1585372e-06  -9.9277065e-07  -4.6366156e-07  -2.3608369e-07   6.9320180e-08   4.1839982e-08  -2.0980325e-07  -3.8817447e-07  -5.9970216e-07  -9.5331620e-07
   0.0000000e+00  -2.1353957e-05  -3.0757212e-05  -1.7536135e-05  -1.1189444e-05  -8.9989135e-06  -7.8942949e-06  -6.2831400e-06  -3.8394960e-06  -2.4347669e-06  -2.1491903e-06  -2.3801226e-06  -1.6670219e-06  -9.3690659e-07  -8.5796859e-07  -1.0161831e-06  -1.3200276e-06  -9.2615977e-07  -4.8428166e-07  -5.4089594e-07  -3.7759236e-07  -3.9722738e-07   1.1074095e-07
   0.0000000e+00  -2.0682586e-05  -3.1316787e-05  -1.7686760e-05  -1.1358447e-05  -8.9276000e-06  -7.6579709e-06  -5.3513941e-06  -3.2577520e-06  -2.5682464e-06  -2.1305143e-06  -1.1041243e-06  -9.1171324e-07  -8.2440152e-07  -2.3614368e-07  -1.1547124e-07   1.2472971e-08  -2.4687071e-07  -6.0609841e-07  -7.6763064e-07  -7.2020748e-07  -2.0544375e-07   4.9666692e-08
   0.0000000e+00  -2.1268130e-05  -3.0612446e-05  -1.7555574e-05  -1.1470825e-05  -8.6599202e-06  -7.9466099e-06  -6.3725747e-06  -4.0422829e-06  -2.7592598e-06  -1.8069579e-06  -1.1821777e-06  -1.2151246e-06  -1.4163747e-06  -8.9654878e-07  -6.4596935e-07  -5.1330790e-07  -6.3367361e-07  -9.9856243e-07  -1.0865666e-06  -6.5134788e-07   4.1629164e-08   4.4512504e-07
   0.0000000e+00  -2.0941459e-05  -3.0071062e-05  -1.7788110e-05  -1.1679035e-05  -9.5722808e-06  -7.7214672e-06  -5.4051256e-06  -3.9838606e-06  -2.9904379e-06  -2.1549704e-06  -1.5228094e-06  -1.2457111e-06  -1.1054551e-06  -1.0060968e-06  -7.6168379e-07  -7.3587069e-07  -7.6508996e-07  -3.8134721e-07  -1.1051294e-07   6.2661462e-07   7.8040279e-07   4.5075646e-07
   0.0000000e+00  -1.9736975e-05  -3.0453788e-05  -1.8431363e-05  -1.2199194e-05  -9.0748872e-06  -7.9343808e-06  -6.0199632e-06  -3.9723936e-06  -2.4021901e-06  -1.8669390e-06  -2.2265606e-06  -1.8116166e-06  -1.3744426e-06  -9.5585074e-07  -7.1946704e-07  -3.0272582e-07  -3.5636138e-08  -8.4453987e-08  -1.6838752e-07   2.3746520e-07  -1.5675094e-07  -2.1632319e-07
   0.0000000e+00  -2.0609861e-05  -3.1119376e-05  -1.7847500e-05  -1.1825743e-05  -9.0720587e-06  -7.6451061e-06  -6.2106228e-06  -4.0831674e-06  -2.5162960e-06  -1.5270210e-06  -8.1393858e-07  -5.2309855e-07  -5.2218837e-07  -1.9350789e-07   9.8304156e-08  -4.9054768e-07  -8.1703217e-07  -6.7023643e-07   1.2640518e-07   3.7185455e-07   5.1783496e-07   9.1098843e-07
   0.0000000e+00  -2.0673544e-05  -3.0685980e-05  -1.8102794e-05  -1.1755832e-05  -8.4779576e-06  -8.0617783e-06  -6.5534873e-06  -3.9764923e-06  -2.5809288e-06  -1.5308818e-06  -8.8562905e-07  -7.1943970e-07  -2.3743060e-07  -9.8097985e-08  -1.7776871e-07  -4.7731771e-07  -7.2161484e-08  -1.3895532e-08  -6.6871507e-08  -2.3821913e-07  -4.9228277e-07  -5.1080065e-07
   0.0000000e+00  -2.0995645e-05  -3.0610514e-05  -1.8075323e-05  -1.1402337e-05  -8.9738051e-06  -7.8474150e-06  -5.9855124e-06  -3.9237680e-06  -2.3547041e-06  -1.8079703e-06  -1.0056569e-06  -1.1100908e-06  -1.4690739e-06  -5.9878658e-07  -4.1925639e-07   1.8956990e-07   7.6040543e-09  -5.7895556e-07  -1.4935105e-07  -4.0745115e-07   1.9116115e-07  -5.0864156e-07
   0.0000000e+00  -2.0194946e-05  -3.0764058e-05  -1.7750830e-05  -1.1696889e-05  -9.0345757e-06  -8.4932099e-06  -5.9850286e-06  -3.6654810e-06  -3.0933365e-06  -2.2252320e-06  -1.6722976e-06  -1.2418272e-06  -6.3272171e-07  -1.0817491e-06  -1.1805579e-06  -5.8734412e-07  -5.3484399e-07  -6.6299783e-08   1.8687751e-07   9.8414334e-09  -5.3737398e-07  -3.5262505e-07
   0.0000000e+00  -2.0957646e-05  -3.1234667e-05  -1.7384955e-05  -1.1275446e-05  -9.4611814e-06  -8.3849554e-06  -6.0664065e-06  -3.7692646e-06  -2.3183143e-06  -1.4989109e-06  -1.1668224e-06  -8.9004675e-07  -6.3819658e-07  -5.7633093e-07  -3.3157565e-07  -7.0887256e-07  -3.6000660e-07   2.0227186e-07   1.0688970e-07   2.2738661e-07   1.1793323e-07  -1.4603056e-07
   0.0000000e+00  -2.1077560e-05  -3.0018566e-05  -1.8063256e-05  -1.1796977e-05  -9.4729203e-06  -8.4628964e-06  -6.2051145e-06  -4.2113024e-06  -2.6324576e-06  -1.5169661e-06  -8.7255603e-07  -1.0226181e-06  -1.5722242e-06  -1.3995127e-06  -1.2078061e-06  -4.4547616e-07  -3.3948126e-07  -6.7132225e-07  -6.7878943e-07  -8.3811608e-07  -6.1396105e-07   3.3347212e-07
   0.0000000e+00  -2.0381363e-05  -3.0691652e-05  -1.8229041e-05  -1.1977530e-05  -9.2746977e-06  -7.8019284e-06  -6.0077227e-06  -4.5169181e-06  -2.6146579e-06  -2.2074078e-06  -2.2714139e-06  -1.9790691e-06  -2.3109039e-06  -1.4646965e-06  -6.3526346e-07  -3.4001837e-07  -6.9789053e-07  -3.3449948e-07  -5.2865067e-07  -1.4191065e-07  -3.1372949e-07  -8.8750738e-07
   0.0000000e+00  -2.0646175e-05  -3.0805029e-05  -1.8267021e-05  -1.2199058e-05  -9.6903022e-06  -7.9392130e-06  -6.4172586e-06  -3.8606436e-06  -2.6607170e-06  -1.9914380e-06  -1.6264120e-06  -1.6696405e-06  -1.2717456e-06  -7.7029313e-07  -2.6875881e-07  -5.7193063e-07  -4.1843003e-07  -9.8940734e-07  -5.9913719e-07  -5.4077998e-07  -5.9455346e-07  -4.1941085e-08
   0.0000000e+00  -2.0285095e-05  -3.0841013e-05  -1.7970158e-05  -1.2118420e-05  -9.2649288e-06  -7.9502188e-06  -5.9858025e-06  -3.5562823e-06  -2.3384912e-06  -2.2474064e-06  -1.6964162e-06  -1.1018319e-06  -5.7303140e-07  -4.8972447e-07  -9.6971473e-07  -5.9843205e-07  -3.7793680e-07  -2.7652516e-07  -2.3000513e-08   1.9104222e-07  -1.7245756e-09   3.7045675e-07
   0.0000000e+00  -2.0618361e-05  -3.1066000e-05  -1.8927822e-05  -1.2246983e-05  -8.9268842e-06  -7.9448400e-06  -6.4628648e-06  -4.0337172e-06  -3.0081023e-06  -1.9203210e-06  -1.0954565e-06  -1.0520819e-06  -6.8878239e-07  -5.9622073e-07  -1.7983074e-07   2.8371551e-07   2.3193365e-07   4.8425454e-07   2.2127635e-07  -2.6342107e-07  -1.6428260e-07  -4.0806415e-07
   0.0000000e+00  -2.1456244e-05  -3.1462514e-05  -1.8569133e-05  -1.1824503e-05  -9.1742504e-06  -8.4288367e-06  -5.7182565e-06  -3.9742736e-06  -2.4244621e-06  -1.7077926e-06  -1.0353502e-06  -3.6610180e-07  -6.3835324e-07  -6.8027822e-07  -3.5945848e-07  -2.2997963e-07  -8.5572111e-07  -9.3665358e-07  -2.1070970e-07   6.0848890e-08   7.0262750e-08   6.0094050e-07
   0.0000000e+00  -2.0921198e-05  -3.1183943e-05  -1.7890754e-05  -1.1781764e-05  -8.9619962e-06  -7.1471668e-06  -6.1846890e-06  -4.2032057e-06  -2.6135335e-06  -2.0774476e-06  -1.3713608e-06  -7.8995174e-07  -5.4458445e-07  -5.3094510e-07  -2.3799994e-07  -6.9746147e-07  -6.6639728e-07  -3.3466438e-07  -1.2882471e-07  -8.6496510e-07  -5.1829028e-07  -7.7472315e-08
   0.0000000e+00  -2.0400272e-05  -3.1057858e-05  -1.8254190e-05  -1.1711757e-05  -8.6953105e-06  -8.3047325e-06  -6.3249777e-06  -3.6606239e-06  -2.2261563e-06  -1.4926222e-06  -1.3951890e-06  -1.3669363e-06  -1.4562031e-06  -1.3545684e-06  -1.2117758e-06  -9.3036459e-07  -4.1768607e-07  -2.1150902e-07  -4.7974146e-07  -6.8894032e-08  -4.5369744e-09   9.0130179e-08
   0.0000000e+00  -2.1176887e-05  -3.0563533e-05  -1.8443643e-05  -1.1491536e-05  -8.8693459e-06  -8.0012696e-06  -5.6376539e-06  -3.7020582e-06  -2.4515439e-06  -1.9295151e-06  -1.2267050e-06  -1.2519741e-06  -1.1290982e-06  -7.5346526e-07  -1.0808872e-07  -1.2516517e-07  -3.6351665e-07  -1.3759171e-07  -4.7499867e-07  -5.4201161e-07  -3.8629446e-07  -7.4420990e-07
   0.0000000e+00  -2.0359726e-05  -3.1037023e-05  -1.8151828e-05  -1.1700825e-05  -8.7357776e-06  -7.6033693e-06  -5.9942304e-06  -3.6408260e-06  -2.6595783e-06  -1.8824311e-06  -1.2898540e-06  -8.5670717e-07  -1.0408821e-06  -6.2296829e-07  -4.5026772e-07  -5.9766217e-07  -7.8467934e-08  -4.4214758e-08   3.7965947e-07   2.9750828e-07   2.5904978e-07   1.5367898e-07
   0.0000000e+00  -2.0890348e-05  -3.1134434e-05  -1.8019033e-05  -1.1565432e-05  -9.3820108e-06  -7.5190769e-06  -6.0335597e-06  -3.9901947e-06  -2.5980348e-06  -2.3253790e-06  -1.3679678e-06  -8.1770651e-07  -1.0942324e-06  -8.7679217e-07  -7.3108737e-07  -7.4959149e-07  -2.0238504e-07   2.0138387e-07   1.5497803e-07   2.0351116e-07   4.5793823e-07   6.2229310e-07
   0.0000000e+00  -2.1563392e-05  -3.0621373e-05  -1.7704637e-05  -1.1836039e-05  -8.2069482e-06  -8.0787531e-06  -6.2426034e-06  -3.7883146e-06  -2.1607761e-06  -1.6973172e-06  -8.1797180e-07  -9.8722921e-07  -1.0811787e-06  -1.0587463e-06  -8.1906876e-07  -7.4028537e-07  -1.4744015e-07  -3.7755237e-07  -5.3285521e-07  -5.6930423e-07  -8.2685041e-08  -3.2869281e-08
   0.0000000e+00  -2.1359303e-05  -3.1138738e-05  -1.7789331e-05  -1.0801320e-05  -9.0530393e-06  -8.5757792e-06  -5.9803333e-06  -3.3561266e-06  -2.7441408e-06  -2.0768566e-06  -1.5046294e-06  -2.0828468e-06  -1.6031681e-06  -9.7642669e-07  -5.3771157e-07   7.4200244e-08  -3.1426256e-07  -1.7271742e-07  -3.6621503e-07  -1.1037399e-07  -1.8313841e-07   4.2421701e-07
   0.0000000e+00  -2.0949874e-05  -3.1038002e-05  -1.7842665e-05  -1.1341233e-05  -9.1346064e-06  -8.1152839e-06  -6.0211519e-06  -4.2242064e-06  -2.3258583e-06  -1.4769536e-06  -1.4897130e-06  -1.6205527e-06  -1.3147935e-06  -5.0893829e-07  -2.5379859e-07   1.5428428e-07   1.9414347e-07   5.2038644e-07   6.8276796e-07   3.0339882e-07   6.2896675e-07   8.3006978e-07
   0.0000000e+00  -2.0851177e-05  -3.1206608e-05  -1.7776762e-05  -1.2589843e-05  -9.2742030e-06  -8.2184051e-06  -6.5155068e-06  -3.9796128e-06  -2.8922611e-06  -2.0206762e-06  -1.5595215e-06  -7.4321366e-07  -1.6780498e-07   5.3102104e-07   6.0415044e-07  -1.7278884e-08   1.8443832e-07   1.4906895e-07   7.6351782e-08   8.1752086e-07   8.1991408e-07   4.3164331e-07
   0.0000000e+00  -2.1233398e-05  -3.1509506e-05  -1.8505378e-05  -1.2147981e-05  -9.3723693e-06  -8.1427124e-06  -5.6795293e-06  -3.8363287e-06  -3.0592471e-06  -2.2736610e-06  -9.0389563e-07  -3.8053773e-07  -2.5268881e-07  -2.5728298e-07  -2.4278475e-07  -3.6041848e-07  -1.6115312e-07  -1.1666018e-08  -2.1797889e-07  -7.0778907e-07  -8.4781271e-07  -5.0959875e-07
   0.0000000e+00  -2.1151032e-05  -3.0827534e-05  -1.8116585e-05  -1.1923988e-05  -9.1826050e-06  -7.6673477e-06  -6.0439411e-06  -4.5838306e-06  -3.6167680e-06  -1.7103407e-06  -1.1332253e-06  -1.2737962e-06  -1.2320713e-06  -1.0243541e-06  -1.0375770e-06  -2.1658701e-07   5.1594435e-09  -4.7579459e-07  -3.7347382e-07  -4.7914642e-07  -2.0112439e-07  -3.4260472e-07
   0.0000000e+00  -2.0604493e-05  -3.0796946e-05  -1.7991018e-05  -1.1968312e-05  -9.2605678e-06  -8.2177412e-06  -6.6965654e-06  -4.8083139e-06  -2.6756450e-06  -1.9889067e-06  -1.8202529e-06  -1.4999979e-06  -9.5302698e-07  -3.6578476e-07   1.5844317e-07   1.8523443e-07  -2.7415516e-07   1.0707062e-07  -1.7857415e-07  -2.0663302e-08   2.6223069e-07   1.6777327e-07
   0.0000000e+00  -2.0405831e-05  -3.0724372e-05  -1.8161329e-05  -1.1262348e-05  -8.6906875e-06  -8.0097016e-06  -6.1456740e-06  -4.5122283e-06  -2.3895914e-06  -1.6627624e-06  -2.1072010e-06  -1.5348294e-06  -1.0183793e-06  -1.0681159e-06  -1.0454340e-06  -1.0908617e-06  -1.2024719e-06  -9.7824511e-07  -7.8810865e-07  -7.5162944e-07  -2.6314368e-07  -3.8828077e-07
   0.0000000e+00  -2.0951971e-05  -3.0848805e-05  -1.7867591e-05  -1.1781465e-05  -8.6886994e-06  -8.3038076e-06  -6.2929489e-06  -3.7025636e-06  -3.1660097e-06  -2.3196392e-06  -1.3798086e-06  -1.3839516e-06  -1.3325655e-06  -8.6494651e-07  -3.2910265e-07  -8.0716080e-07   3.1761900e-08   4.5038867e-08   6.3910342e-08  -2.0216526e-09  -6.0189853e-07  -5.5347238e-07
   0.0000000e+00  -2.0308687e-05  -3.0094016e-05  -1.7932505e-05  -1.1676894e-05  -9.0746389e-06  -7.5979883e-06  -6.5309155e-06  -4.3882669e-06  -2.1371970e-06  -1.4157018e-06  -1.2554705e-06  -1.0801396e-06  -2.0048581e-07  -7.5333595e-08  -4.1584846e-07  -4.0116049e-07  -7.7738326e-07  -9.1900512e-07  -7.1442406e-07  -6.1375346e-07   7.3272965e-08   5.8290840e-07
   0.0000000e+00  -2.1038370e-05  -3.0530649e-05  -1.8241350e-05  -1.1592078e-05  -9.2478704e-06  -8.1033941e-06  -6.4303122e-06  -3.8188691e-06  -2.1313365e-06  -1.4580237e-06  -9.6670067e-07  -4.3685813e-07  -7.2324855e-07  -9.5601069e-07  -1.0472381e-06  -6.1278359e-07  -4.4886656e-07  -1.7296149e-07  -6.7334412e-07  -2.3377194e-07  -2.7000300e-07  -5.6085844e-07
   0.0000000e+00  -2.0441032e-05  -3.1364751e-05  -1.8274970e-05  -1.1462946e-05  -9.0157355e-06  -7.9660285e-06  -6.6403313e-06  -3.8911630e-06  -2.7655005e-06  -1.8411204e-06  -1.4623603e-06  -9.2530178e-07  -7.5750950e-07  -9.7582495e-07  -5.2079105e-07   4.1904075e-10  -8.0000135e-08  -2.3576102e-07  -3.2904288e-07  -3.3856054e-07  -3.4818305e-07  -7.5458962e-07
   0.0000000e+00  -2.0722353e-05  -3.0364881e-05  -1.8010423e-05  -1.1674667e-05  -8.9420992e-06  -8.6246209e-06  -5.9856498e-06  -3.4155205e-06  -1.7672759e-06  -1.0287860e-06  -9.8990608e-07  -7.2292949e-07  -6.6140456e-07  -9.7911902e-07  -6.5180188e-07  -2.6982832e-07   1.1231046e-07  -2.8123607e-08   1.4761638e-07   1.7241096e-07  -6.5887588e-07  -2.8898435e-07
   0.0000000e+00  -2.0739659e-05  -3.0696214e-05  -1.7907691e-05  -1.1780990e-05  -9.0650701e-06  -8.3362365e-06  -6.1478058e-06  -3.2133269e-06  -1.9364936e-06  -1.9272084e-06  -9.6801136e-07  -9.8480405e-07  -1.4481312e-06  -1.3976556e-06  -1.0571787e-06  -1.1822578e-06  -1.1387598e-06  -1.1011397e-06  -5.0983482e-07  -3.3956729e-07  -2.5484206e-07  -4.3155271e-08
   0.0000000e+00  -2.0391759e-05  -3.1468560e-05  -1.7716706e-05  -1.1574391e-05  -9.6804097e-06  -8.2636770e-06  -5.8390688e-06  -4.2616166e-06  -2.9719836e-06  -2.1128155e-06  -2.2138065e-06  -1.5256394e-06  -1.4153361e-06  -6.5991719e-07  -7.6298011e-07  -6.9330173e-07  -5.7914002e-07  -3.4184680e-07  -6.4580956e-07  -2.5824085e-07   4.3089332e-07   6.3102942e-07
   0.0000000e+00  -2.1125123e-05  -3.0447623e-05  -1.7875836e-05  -1.1947170e-05  -9.0759695e-06  -7.5882790e-06  -5.9996792e-06  -3.9300626e-06  -2.7804708e-06  -2.0561304e-06  -1.2754070e-06  -1.3902636e-06  -1.1106442e-06  -5.2255422e-07  -3.1175824e-07  -1.7609399e-07  -5.3354995e-08  -7.1253453e-07  -9.6747463e-08   2.6019258e-08  -3.3779287e-08  -1.8113327e-07
   0.0000000e+00  -2.1114785e-05  -3.0888030e-05  -1.7971905e-05  -1.1434381e-05  -8.7505287e-06  -7.7683899e-06  -6.0479451e-06  -4.4474427e-06  -2.5481938e-06  -1.7270279e-06  -1.3609269e-06  -1.9284723e-06  -1.3379732e-06  -1.0986620e-06  -7.2861337e-07  -5.6576272e-07  -5.5156437e-07   2.5198542e-08   1.6126144e-07  -6.4772948e-08  -1.4188160e-07  -2.1480930e-09
   0.0000000e+00  -2.1345997e-05  -3.1390278e-05  -1.8274421e-05  -1.1580091e-05  -8.9324176e-06  -8.4132289e-06  -6.9671473e-06  -3.7844836e-06  -2.5923850e-06  -1.5576198e-06  -1.5290701e-06  -1.1560725e-06  -6.9785563e-07  -1.0633086e-06  -1.1405397e-06  -6.4534390e-07  -7.1191216e-08  -3.5855130e-08  -1.0131143e-07   4.0058967e-07   2.4165324e-08   5.9983216e-07
   0.0000000e+00  -2.1179909e-05  -3.1707408e-05  -1.8017952e-05  -1.1691309e-05  -9.4067036e-06  -8.7646440e-06  -6.3067037e-06  -4.2878546e-06  -2.2252641e-06  -1.6945824e-06  -1.5495337e-06  -7.4714171e-07  -8.2780508e-07  -2.7972609e-07  -1.1717528e-07   5.2272230e-07   1.7397960e-07  -3.7240859e-08  -2.8693515e-08   1.8194818e-08   3.9486065e-07   2.2534272e-07
   0.0000000e+00  -2.0188400e-05  -3.0592044e-05  -1.8617973e-05  -1.2318006e-05  -9.1237098e-06  -8.4077019e-06  -6.5012186e-06  -3.9635343e-06  -3.0625824e-06  -2.1110739e-06  -1.2708695e-06  -9.2522902e-07  -7.9785917e-07  -8.6666620e-07  -2.5222701e-07  -3.8285290e-07  -2.8947500e-07   5.8053624e-09   2.9951030e-07   4.2361802e-07  -1.2756863e-07  -3.4647876e-09
   0.0000000e+00  -2.1700096e-05  -3.0545165e-05  -1.8129487e-05  -1.1950699e-05  -9.7367165e-06  -8.1660437e-06  -5.4907387e-06  -4.1137841e-06  -2.3026410e-06  -1.2550993e-06  -1.5423825e-06  -1.6102166e-06  -1.8063922e-06  -1.4447937e-06  -8.9599195e-07  -1.8734904e-07   7.2438105e-08  -3.7552408e-07   6.0931860e-08   1.8428996e-07   6.4774423e-07   2.9938977e-07
   0.0000000e+00  -2.0325802e-05  -3.1469139e-05  -1.7822616e-05  -1.1597359e-05  -9.2972450e-06  -8.0557393e-06  -6.3497787e-06  -3.5479061e-06  -1.9331305e-06  -1.7190940e-06  -1.1475051e-06  -1.6380184e-06  -1.5485763e-06  -7.2112380e-07  -4.1634473e-07  -7.5798141e-07  -4.2679289e-07  -1.6782019e-08   1.0443537e-08   9.9227854e-08  -4.1543990e-07  -6.8135137e-07
   0.0000000e+00  -2.0621417e-05  -3.0548603e-05  -1.7993476e-05  -1.2332304e-05  -1.0217224e-05  -8.3325076e-06  -6.9228277e-06  -3.9679776e-06  -2.3554076e-06  -2.1799774e-06  -2.2467689e-06  -1.8049337e-06  -1.2646855e-06  -4.4697794e-07  -4.1469605e-07   1.0279457e-07  -7.7820928e-08  -7.9537148e-07  -1.9375025e-07  -6.9094386e-07  -2.2916070e-07  -2.5657508e-07
   0.0000000e+00  -2.0891956e-05  -3.0536215e-05  -1.8621176e-05  -1.2302670e-05  -8.9585174e-06  -8.6109412e-06  -6.2184663e-06  -3.8278431e-06  -2.6114462e-06  -1.2844906e-06  -1.4685409e-06  -1.5720008e-06  -6.5271718e-07  -8.2189928e-07  -4.1429988e-07  -3.1324981e-07  -3.8282204e-07   5.1476754e-08  -7.9159932e-08  -6.1645977e-08  -4.9955713e-07  -3.5597171e-07
   0.0000000e+00  -2.0845706e-05  -3.1471063e-05  -1.7940922e-05  -1.1760944e-05  -9.1246302e-06  -7.8943976e-06  -5.4130323e-06  -2.9221026e-06  -1.6887959e-06  -1.8265891e-06  -1.4213165e-06  -9.3125664e-07  -1.1996017e-06  -4.3531523e-07   1.8269523e-07   7.6665333e-07   4.5571815e-07   3.4760163e-07  -1.2987107e-07   3.1473149e-07   3.1606075e-07   8.4378939e-07
   0.0000000e+00  -2.1017895e-05  -3.0429130e-05  -1.8058508e-05  -1.1954673e-05  -9.4494662e-06  -7.7013829e-06  -5.4545458e-06  -3.5973612e-06  -2.7481544e-06  -2.2421405e-06  -1.1790321e-06  -1.5826437e-06  -8.7042679e-07  -7.8868430e-07  -3.2280761e-07  -2.9732573e-07  -6.1316945e-07  -9.7455079e-08   3.3735165e-07   9.5357201e-08   6.5566758e-07   7.0057320e-07
   0.0000000e+00  -2.0860800e-05  -3.1142914e-05  -1.7831411e-05  -1.0876594e-05  -8.6136515e-06  -7.5150215e-06  -5.7173434e-06  -3.7852851e-06  -2.4329281e-06  -1.5994711e-06  -1.5980548e-06  -7.0334983e-07  -1.6548837e-07   2.5439380e-07   3.5368362e-07  -1.0882960e-07  -1.4465874e-07  -8.0867028e-07  -5.9910673e-07  -2.0097814e-07  -3.5776839e-07  -6.2868457e-07
   0.0000000e+00  -2.1540847e-05  -3.1042393e-05  -1.7573393e-05  -1.1886149e-05  -8.6860337e-06  -7.3486781e-06  -6.0561156e-06  -4.5541979e-06  -2.6275504e-06  -1.6857188e-06  -1.2308735e-06  -6.9630801e-07  -7.5247715e-07  -3.0806467e-07  -1.4530183e-07  -2.0273360e-07  -2.6961519e-08   1.2582045e-07   2.5972906e-07  -2.6392911e-08   4.7519160e-07   6.2147404e-07
   0.0000000e+00  -2.0697604e-05  -3.0637366e-05  -1.8083585e-05  -1.1734627e-05  -8.4096782e-06  -8.6123819e-06  -6.6077937e-06  -4.3961163e-06  -3.2921484e-06  -2.1525484e-06  -1.9272229e-06  -1.9968681e-06  -1.5179390e-06  -1.1205294e-06  -1.4316727e-06  -9.9559043e-07  -8.4690708e-07  -8.3954808e-07  -1.3316902e-06  -9.0725649e-07  -7.5038088e-07  -4.8631699e-07
   0.0000000e+00  -2.0195999e-05  -3.1659882e-05  -1.7948589e-05  -1.1360536e-05  -8.6946447e-06  -7.8668563e-06  -6.3537304e-06  -3.9735637e-06  -1.9139156e-06  -1.8175484e-06  -1.3227991e-06  -8.2795668e-07  -7.3360371e-07  -9.2470231e-07  -3.4131730e-07  -1.2436190e-07  -4.2986272e-07  -7.1882226e-07  -4.0487527e-07  -9.2449135e-08  -7.1058203e-08  -3.7387355e-07
   0.0000000e+00  -2.1309392e-05  -3.0495199e-05  -1.8527951e-05  -1.1890418e-05  -8.8625002e-06  -8.2918323e-06  -5.9512327e-06  -3.8458666e-06  -2.8091970e-06  -1.9324466e-06  -1.4087858e-06  -7.3271275e-07  -7.7149912e-07  -6.3977285e-07  -3.0300635e-07  -4.3718737e-07  -5.8248810e-07  -1.8735609e-07   3.4595453e-07   3.3676756e-07  -3.7847263e-07  -6.8994024e-07
   0.0000000e+00  -2.1141866e-05  -3.1051921e-05  -1.7731330e-05  -1.1838266e-05  -9.5509404e-06  -8.0072332e-06  -5.4892116e-06  -4.2100569e-06  -2.8756774e-06  -2.0915752e-06  -1.7825424e-06  -1.3878770e-06  -1.2561836e-06  -1.0577022e-06  -1.2463884e-06  -9.2919282e-07  -1.0035162e-06  -6.4814554e-07  -1.6033350e-07  -1.0811746e-07   1.3279968e-07   8.3880320e-07
   0.0000000e+00  -2.0642810e-05  -3.0869578e-05  -1.7559894e-05  -1.1358930e-05  -8.9811456e-06  -8.2454144e-06  -6.4327901e-06  -3.8165249e-06  -2.7513574e-06  -1.8572302e-06  -1.4823748e-06  -1.7809450e-06  -1.5811589e-06  -1.5063558e-06  -5.8635965e-07  -3.2724157e-07  -2.5555312e-07  -6.9438975e-08  -3.9423142e-07  -3.9622731e-07  -1.1478802e-07  -1.4765114e-07
   0.0000000e+00  -2.1142745e-05  -3.0674913e-05  -1.8176070e-05  -1.1551726e-05  -8.7158469e-06  -7.7679797e-06  -6.4945934e-06  -4.2246197e-06  -1.7453619e-06  -1.5771117e-06  -1.6843428e-06  -1.6826103e-06  -1.3390239e-06  -6.3315230e-07  -2.7073023e-07   1.2443589e-07   3.1845653e-07   1.5189259e-07  -1.2809718e-08  -4.4145202e-07  -3.1124565e-09   1.6759495e-07
   0.0000000e+00  -2.1784561e-05  -3.0949181e-05  -1.8413695e-05  -1.2321878e-05  -9.9627714e-06  -7.6471979e-06  -5.8061451e-06  -3.7756643e-06  -2.7318697e-06  -3.0352587e-06  -2.3420569e-06  -1.1192509e-06  -6.3891355e-07  -5.2519238e-07   2.1927725e-07  -1.7512801e-07  -3.9596000e-07  -5.3540793e-07   1.6312926e-07   2.1122985e-07  -2.8177232e-07  -4.8071513e-07
   0.0000000e+00  -2.1167645e-05  -3.1309308e-05  -1.8598814e-05  -1.1601139e-05  -8.6550936e-06  -8.4353405e-06  -5.9876706e-06  -4.0356858e-06  -2.8679776e-06  -1.6119733e-06  -1.1394063e-06  -8.5746257e-07  -1.1855089e-06  -7.1352599e-07  -6.6152677e-07  -6.9369929e-07  -2.4449946e-07  -1.9665897e-07  -4.5261868e-07  -1.1534468e-07   3.2963399e-07   2.4726000e-07
   0.0000000e+00  -2.1051057e-05  -3.1173313e-05  -1.8493880e-05  -1.1318323e-05  -9.0483973e-06  -7.5839507e-06  -6.3479279e-06  -4.3399550e-06  -2.5819847e-06  -2.0675755e-06  -1.0300389e-06  -1.0791820e-06  -1.1618559e-06  -8.8689166e-07  -7.3822605e-07   4.9348237e-08  -1.7421452e-07  -3.0624665e-07   3.1467021e-08   3.4822224e-07  -7.6463252e-08   1.2728403e-07
   0.0000000e+00  -2.0128195e-05  -3.1280539e-05  -1.7364122e-05  -1.1682745e-05  -8.8128400e-06  -8.4812791e-06  -6.3745779e-06  -3.9107190e-06  -2.3764885e-06  -1.2737336e-06  -8.8118054e-07  -1.1371063e-06  -9.0223318e-07  -1.6169146e-08   5.3428789e-07  -2.1308571e-07  -4.5112358e-07   2.1946774e-07   4.5710976e-07  -2.0621121e-07  -2.3579787e-08  -8.0132921e-08
   0.0000000e+00  -2.1203798e-05  -2.9905252e-05  -1.7383791e-05  -1.0853259e-05  -9.2700584e-06  -8.0204245e-06  -6.5952636e-06  -3.8329581e-06  -2.7063606e-06  -1.7142942e-06  -1.9261645e-06  -1.3519333e-06  -6.7795935e-07  -3.2650942e-07  -8.1410269e-07  -6.9599650e-07  -6.8443143e-07  -7.5689178e-07  -9.2756221e-07  -3.4048603e-07  -6.0279353e-07  -3.9676632e-07
   0.0000000e+00  -1.9923602e-05  -3.1135951e-05  -1.7932103e-05  -1.1455426e-05  -9.0118829e-06  -7.9543743e-06  -6.2048193e-06  -4.0943610e-06  -3.2963464e-06  -3.1099348e-06  -2.1553089e-06  -1.6631917e-06  -8.9705287e-07  -3.3091601e-07  -3.9169319e-07   1.8106988e-07   4.6634815e-07  -4.9685383e-07  -8.4960980e-08  -1.7466712e-07   2.1034153e-07   1.0503960e-07
   0.0000000e+00  -2.1305998e-05  -3.0719151e-05  -1.7310946e-05  -1.1657408e-05  -8.6447772e-06  -8.1054668e-06  -6.2654208e-06  -4.6350196e-06  -2.8117604e-06  -2.1256969e-06  -2.0101190e-06  -1.2186541e-06  -5.9424809e-07  -1.9073396e-07   5.7150192e-08   1.7378491e-07  -2.8260467e-07   1.3802173e-07   2.1517373e-07  -9.0548696e-08  -2.8412543e-07   1.6942977e-07
   0.0000000e+00  -2.0949823e-05  -3.0438856e-05  -1.7121141e-05  -1.1922492e-05  -9.1919728e-06  -7.3712313e-06  -5.9262234e-06  -4.4628059e-06  -2.6519881e-06  -1.8939925e-06  -1.4463827e-06  -1.1585036e-06  -2.5577717e-07   1.0726941e-07   2.9047632e-08  -3.1159857e-07  -6.8482592e-07  -3.9176948e-07  -1.3340301e-07   2.2552486e-07   3.6857588e-07   7.1237315e-07
   0.0000000e+00  -2.0809237e-05  -3.0519157e-05  -1.8443010e-05  -1.0582857e-05  -8.7095004e-06  -8.2711904e-06  -6.7050146e-06  -3.8862331e-06  -2.5772579e-06  -2.2735485e-06  -9.0584928e-07  -7.5304587e-07  -3.1643657e-07  -5.3619374e-07  -8.7961018e-07  -7.8985414e-07  -7.5214750e-08   3.7647624e-07   6.2677123e-07   5.7320722e-07   8.2437276e-07   6.4249042e-07
   0.0000000e+00  -2.0618554e-05  -3.0603976e-05  -1.7489077e-05  -1.1995673e-05  -9.1497004e-06  -8.9612959e-06  -6.2075410e-06  -3.8366252e-06  -2.9388534e-06  -2.0323473e-06  -1.4911301e-06  -2.1042085e-07  -1.3902724e-07  -8.2840216e-07  -7.1125299e-07   1.8857732e-07   1.1715225e-07  -7.7964849e-08  -1.3066256e-07  -1.4459246e-07  -3.6465153e-07  -1.5952938e-07
   0.0000000e+00  -2.1170061e-05  -3.0687104e-05  -1.8061161e-05  -1.1764849e-05  -9.1224210e-06  -7.3169626e-06  -6.5217037e-06  -4.0496279e-06  -3.1924237e-06  -1.7879627e-06  -8.5496595e-07  -8.7584181e-07  -4.3787480e-07  -1.9085820e-07   4.8470586e-08  -3.6718055e-07  -7.6297721e-07  -2.9119599e-07  -5.2267887e-07  -9.3982067e-07  -4.6013332e-07  -5.8013347e-07
   0.0000000e+00  -2.0902375e-05  -3.1154403e-05  -1.7633798e-05  -1.2134709e-05  -8.7661401e-06  -8.3796540e-06  -6.4036399e-06  -4.4336275e-06  -2.7555366e-06  -1.4034680e-06  -1.0169952e-06  -8.9815484e-07  -7.0454394e-07  -1.0106851e-06  -7.5781753e-07  -4.8246733e-07  -3.2416466e-07   1.3122062e-07   6.6605800e-08   3.7558908e-07   2.8735315e-07   5.9936838e-07
   0.0000000e+00  -2.0787207e-05  -3.0223060e-05  -1.8766103e-05  -1.1269013e-05  -9.1769753e-06  -7.9335605e-06  -6.1132660e-06  -4.0527966e-06  -2.4335459e-06  -1.5084823e-06  -1.0345436e-06  -1.3707939e-06  -1.1772730e-06  -9.1873153e-07  -3.5083210e-07  -4.1149644e-07  -1.1122051e-07  -6.5771906e-07  -9.0400164e-07  -6.0632425e-07  -1.1270974e-08  -3.5332121e-07
   0.0000000e+00  -2.0450369e-05  -3.1348485e-05  -1.7623901e-05  -1.1902611e-05  -8.9955975e-06  -9.2291657e-06  -6.5558929e-06  -4.3364735e-06  -2.5045902e-06  -1.5557633e-06  -1.9562374e-06  -9.0544137e-07  -7.1819295e-07  -1.0691050e-06  -8.5923273e-07  -1.0986661e-06  -8.6663692e-07  -6.6808622e-07   1.3439239e-07   4.0227076e-07   2.2104673e-07   1.5225064e-07
   0.0000000e+00  -2.1069018e-05  -3.0651787e-05  -1.7733842e-05  -1.2268054e-05  -9.6373751e-06  -7.8987487e-06  -6.1295664e-06  -4.0769155e-06  -2.4860190e-06  -1.5035905e-06  -1.2939125e-06  -1.3765438e-06  -1.1135652e-06  -4.2213711e-07  -6.3741311e-07  -3.7962005e-07  -6.2522525e-07  -3.4899625e-07   5.5438651e-08  -3.9979903e-07  -2.4736855e-07  -1.5298522e-07
   0.0000000e+00  -2.0055611e-05  -3.0689782e-05  -1.7385228e-05  -1.1133032e-05  -9.5549040e-06  -8.1496801e-06  -6.5074914e-06  -4.3177151e-06  -2.2044737e-06  -2.1442718e-06  -1.5809883e-06  -9.8306623e-07  -8.0282882e-07  -6.4335586e-07  -6.9713917e-07  -1.1088349e-06  -6.3614527e-07  -9.5915190e-08  -5.0611624e-07  -3.2001714e-07  -2.6927725e-07  -2.6869779e-07
   0.0000000e+00  -2.0732987e-05  -2.9861361e-05  -1.8213817e-05  -1.1573475e-05  -9.0264457e-06  -8.2756414e-06  -6.7108867e-06  -3.5236185e-06  -2.9019502e-06  -2.2487523e-06  -1.4441592e-06  -9.2063124e-07  -9.0430035e-07  -1.1624104e-06  -1.1592614e-06  -4.9857857e-07  -5.1640734e-07  -4.1510216e-07  -6.2653021e-07  -2.5692296e-07   1.1699435e-07  -6.3970560e-08
   0.0000000e+00  -2.0558107e-05  -3.0739760e-05  -1.7807613e-05  -1.1845256e-05  -9.2866376e-06  -8.5253450e-06  -5.9449480e-06  -4.4494036e-06  -3.2827036e-06  -2.4245217e-06  -1.7587176e-06  -1.3348962e-06  -1.5750646e-06  -1.3353415e-06  -7.9351662e-07  -3.1345712e-07   4.1699326e-07  -1.0558903e-07  -2.6508627e-07   2.2178249e-07   3.0235557e-07   3.5803575e-07
   0.0000000e+00  -2.0158166e-05  -3.0281866e-05  -1.7609718e-05  -1.1672590e-05  -9.0345011e-06  -8.2251854e-06  -7.0001179e-06  -4.0847563e-06  -2.8930372e-06  -1.6256301e-06  -1.8554089e-06  -1.4690138e-06  -1.1433436e-06  -2.7367491e-07  -3.4517387e-07  -5.9675693e-07  -6.9249063e-07  -8.6722162e-07  -3.1152135e-07  -1.2869712e-07   4.0937664e-08  -2.1908863e-07
   0.0000000e+00  -2.0487936e-05  -3.0930234e-05  -1.7967814e-05  -1.2052180e-05  -9.5644909e-06  -9.1876964e-06  -6.4843766e-06  -4.4693074e-06  -2.5412380e-06  -1.7685726e-06  -9.3475393e-07  -1.2492352e-06  -7.9536500e-07  -8.7775112e-07  -8.5790629e-07  -6.8498110e-07  -5.9290426e-07  -2.6234292e-07  -1.4429966e-07   2.1816980e-07   1.1163912e-07  -1.3118516e-07
   0.0000000e+00  -2.0934296e-05  -3.0663661e-05  -1.8381083e-05  -1.1191875e-05  -9.1825495e-06  -8.0432283e-06  -5.7339171e-06  -3.7451387e-06  -2.0495618e-06  -1.3779894e-06  -1.7335157e-06  -6.3234700e-07  -2.8895280e-07  -1.1949768e-07  -7.4240646e-08   8.5930679e-08  -1.9611534e-07   2.1492676e-07   7.7200900e-07   7.6472691e-07   3.8903181e-07   7.9544030e-08
   0.0000000e+00  -2.0814743e-05  -3.0495225e-05  -1.6978756e-05  -1.2193350e-05  -8.6981254e-06  -7.7490386e-06  -5.9323233e-06  -3.6530341e-06  -2.0759892e-06  -2.1559376e-06  -1.3706799e-06  -1.2022286e-06  -1.3779015e-06  -1.3515634e-06  -1.0570567e-06  -5.3221498e-07  -1.6778351e-07   2.9767881e-07   4.1751943e-07   2.5260235e-07  -9.4671584e-08   1.1435475e-07
   0.0000000e+00  -2.0544983e-05  -3.0709118e-05  -1.8104723e-05  -1.1166870e-05  -9.2566834e-06  -8.3541863e-06  -5.7139305e-06  -3.6333199e-06  -3.2064922e-06  -2.3997200e-06  -1.4710714e-06  -1.6652144e-06  -1.4291838e-06  -6.0717684e-07  -7.1515848e-07  -5.5111622e-07  -1.2032473e-07   1.8898058e-07  -5.2231462e-07  -7.7827809e-07  -3.2698532e-07  -7.4103713e-07
   0.0000000e+00  -2.0186537e-05  -3.0869731e-05  -1.8078195e-05  -1.2391530e-05  -9.5309570e-06  -8.5571774e-06  -6.1317373e-06  -4.6693640e-06  -3.5514984e-06  -2.1760916e-06  -1.4669381e-06  -1.6637790e-06  -6.6442476e-07  -8.3496224e-07  -7.3727085e-07   1.5642142e-07   3.9332733e-07  -6.1344059e-07  -3.8433689e-07  -3.4072477e-07  -1.5424392e-07   7.2564711e-07
   0.0000000e+00  -2.1432232e-05  -3.0637846e-05  -1.8011056e-05  -1.1548452e-05  -9.6725007e-06  -8.3225432e-06  -7.1218619e-06  -4.3903638e-06  -2.8695117e-06  -1.9633417e-06  -1.9819897e-06  -7.7502068e-07  -5.3233703e-07  -3.9039347e-07  -4.6483402e-07  -6.9260892e-07  -9.4105303e-07  -6.0081459e-07  -5.1406238e-07   2.3976969e-07   6.0573967e-07   1.0040526e-07
   0.0000000e+00  -2.0312711e-05  -3.0792642e-05  -1.8795548e-05  -1.2832139e-05  -9.5795431e-06  -8.5838692e-06  -6.3571024e-06  -4.3388568e-06  -2.5615482e-06  -2.4256155e-06  -1.4665191e-06  -1.1613912e-06  -6.7796179e-07  -9.6331325e-07  -5.9785862e-07  -7.4439107e-08  -1.9402258e-07  -2.7507082e-07  -1.9239630e-07  -1.2828264e-07  -5.0031406e-07  -5.2902396e-07
   0.0000000e+00  -2.1278689e-05  -3.1046435e-05  -1.7780047e-05  -1.2309586e-05  -1.0305773e-05  -8.0746186e-06  -6.3825887e-06  -4.1012217e-06  -2.6508808e-06  -1.8578621e-06  -1.2064572e-06  -1.3188710e-06  -1.6557302e-06  -8.5267419e-07  -1.7062715e-07  -4.3440474e-07  -1.0979088e-06  -5.7378827e-07  -1.5695275e-07  -1.5787707e-07   3.5070431e-07   4.6004946e-08
   0.0000000e+00  -2.0460651e-05  -3.0745716e-05  -1.8340896e-05  -1.2168884e-05  -8.8297884e-06  -8.6071377e-06  -5.7718958e-06  -4.2090287e-06  -2.7906406e-06  -1.9319064e-06  -1.2313676e-06  -1.2556868e-06  -1.0754247e-06  -1.2702470e-06  -1.0733095e-06  -9.3043525e-07  -2.5014666e-07   2.2936327e-07   4.0437575e-07   1.6909713e-07  -6.3923136e-07  -7.2025301e-07
   0.0000000e+00  -2.1844151e-05  -3.1127438e-05  -1.8306811e-05  -1.1731289e-05  -9.5284058e-06  -7.2876646e-06  -6.7187234e-06  -3.9520892e-06  -2.4937485e-06  -1.0646605e-06  -1.0438139e-06  -4.7842826e-07  -3.0527588e-07  -4.6974935e-07  -4.8943804e-07  -5.3810459e-07  -2.3657050e-07   4.5801599e-07   4.4674164e-07   4.5930102e-07   4.5672388e-07   3.2034947e-07
   0.0000000e+00  -2.0829897e-05  -3.1732365e-05  -1.8133163e-05  -1.2016035e-05  -8.3127507e-06  -8.1660664e-06  -6.0849634e-06  -3.9555748e-06  -2.4438889e-06  -1.6874098e-06  -1.2396362e-06  -1.4152017e-06  -1.0605409e-06  -6.5058106e-07  -6.0269360e-07  -9.3498059e-08   4.5420475e-07   1.0884537e-07  -3.5406052e-07  -4.2521836e-07  -8.0513786e-07  -3.3606142e-07
   0.0000000e+00  -2.1673653e-05  -3.0911455e-05  -1.8255010e-05  -1.1467386e-05  -9.6021104e-06  -8.8230399e-06  -6.3562070e-06  -4.0435038e-06  -2.5883235e-06  -1.3519559e-06  -1.5033243e-06  -1.2869506e-06  -1.2649029e-06  -9.6567601e-07  -1.0410793e-07   4.2991823e-07   3.4094825e-07   2.3079548e-07  -2.7467607e-08  -9.4309604e-07  -6.4148315e-07  -6.1274551e-07
   0.0000000e+00  -2.1122414e-05  -3.0946936e-05  -1.8388781e-05  -1.2544110e-05  -9.4983434e-06  -8.5199590e-06  -6.7677506e-06  -4.5773322e-06  -2.1559158e-06  -1.9550091e-06  -1.6249893e-06  -1.4865921e-06  -5.1643190e-07  -4.0665489e-07   3.4631211e-07   1.2266342e-08  -3.4404968e-07  -2.8179795e-07  -7.0237883e-07  -2.1974142e-07   1.7583307e-07   1.8960615e-07
   0.0000000e+00  -2.0683066e-05  -3.0656010e-05  -1.8959350e-05  -1.1975723e-05  -1.0051370e-05  -8.5129104e-06  -6.5110976e-06  -3.7295729e-06  -2.6405510e-06  -1.8962156e-06  -1.8404991e-06  -5.2217558e-07  -7.5821248e-07  -1.0442869e-07  -5.4392410e-07  -9.4244774e-07  -2.3121952e-07  -3.4398914e-07   5.8751770e-08   3.5410977e-07   1.6202232e-07   6.2516250e-07
   0.0000000e+00  -2.0499105e-05  -3.0990759e-05  -1.7816299e-05  -1.2364028e-05  -9.4040524e-06  -9.0196681e-06  -6.7984752e-06  -4.2235906e-06  -2.5082907e-06  -2.0673065e-06  -6.8925385e-07  -3.3186882e-07  -2.9368121e-07  -3.4695034e-07  -3.5207225e-07  -7.7540975e-08  -4.8320851e-07   1.1404694e-07   1.9135386e-07   1.7746915e-08   1.2901689e-08   6.1991290e-07
   0.0000000e+00  -2.1355600e-05  -3.0821055e-05  -1.8395051e-05  -1.1239613e-05  -9.3770122e-06  -8.0660675e-06  -6.0416119e-06  -3.8859716e-06  -2.3967038e-06  -1.7874850e-06  -1.1626651e-06  -1.3788547e-06  -1.4402881e-06  -1.2678689e-06  -4.3646142e-07  -4.5825084e-07  -2.9113528e-07  -4.1101558e-07  -4.9751884e-07  -6.6946706e-07  -2.1090831e-07  -5.5842941e-07
   0.0000000e+00  -2.1026946e-05  -3.1039206e-05  -1.7859755e-05  -1.1856341e-05  -9.2380942e-06  -7.7424293e-06  -5.9215449e-06  -4.0926702e-06  -3.1545642e-06  -2.5762095e-06  -1.6007667e-06  -1.7020798e-06  -1.2930441e-06  -9.3962973e-07  -1.1505208e-06  -5.8963025e-07  -1.2571921e-07  -3.6281779e-07  -4.0639162e-07  -6.0579275e-08   5.9598793e-08   1.0812372e-07
   0.0000000e+00  -2.1457747e-05  -3.1033778e-05  -1.8574270e-05  -1.2381171e-05  -9.6218937e-06  -8.0694399e-06  -6.9630069e-06  -3.9953406e-06  -2.7363967e-06  -1.8735645e-06  -1.9001214e-06  -1.9744418e-06  -1.6089069e-06  -5.7903060e-07   1.9438029e-07  -3.4191481e-07  -4.1097078e-08   2.4845542e-07  -1.8848472e-07  -3.2159372e-07  -2.3842611e-07  -5.9587247e-08
   0.0000000e+00  -2.1134074e-05  -3.1994041e-05  -1.8334782e-05  -1.2544796e-05  -9.1865413e-06  -8.0531609e-06  -6.4382789e-06  -4.1967360e-06  -2.2028817e-06  -9.3797854e-07  -8.6739510e-07  -6.9717709e-07  -6.9837068e-07  -5.0176646e-07  -7.8739293e-07  -2.6460845e-07  -4.9901894e-07  -4.0586912e-07   5.9197862e-07   3.2318169e-07  -2.2584514e-07  -1.1544709e-07
   0.0000000e+00  -2.1588352e-05  -3.1188152e-05  -1.8437639e-05  -1.1682552e-05  -9.2536739e-06  -9.0358208e-06  -6.8422191e-06  -3.7479369e-06  -2.7799051e-06  -1.9512388e-06  -1.4783221e-06  -1.2601071e-06  -8.4132574e-07  -9.7592920e-07  -8.1859116e-07  -2.9166043e-07   1.8184979e-07   4.9273007e-07   1.1552579e-07  -2.8744765e-07  -2.1586952e-07  -3.4854207e-08
   0.0000000e+00  -2.0784248e-05  -3.0942112e-05  -1.8053315e-05  -1.2301240e-05  -9.4382285e-06  -8.2011084e-06  -5.4374250e-06  -3.9404013e-06  -2.5259687e-06  -2.2563470e-06  -1.8682442e-06  -9.5788403e-07  -6.5074494e-07  -5.8293017e-07   1.2585153e-07  -1.0145774e-07  -1.3688407e-07  -2.3308392e-07  -6.3980389e-07  -3.0112884e-07   2.6034110e-07   1.1455424e-07
   0.0000000e+00  -2.0851892e-05  -3.0603998e-05  -1.8021312e-05  -1.1833862e-05  -8.9913119e-06  -7.8707935e-06  -6.1796795e-06  -3.4130253e-06  -1.9481981e-06  -1.5589607e-06  -1.5897543e-06  -1.5558326e-06  -1.1435583e-06  -6.5103404e-07  -7.6194908e-07  -3.3682372e-07  -5.8223202e-07  -4.3833973e-07   1.4107536e-07   1.5429752e-07   2.7649399e-08   5.5464636e-07
   0.0000000e+00  -2.0820959e-05  -3.1329175e-05  -1.8142568e-05  -1.1362707e-05  -8.9502364e-06  -7.8026396e-06  -5.5613036e-06  -4.1680346e-06  -3.1105417e-06  -1.7218454e-06  -1.0375272e-06  -1.1764034e-06  -9.3523624e-07  -4.4256853e-07   5.8889068e-08  -1.8787681e-07   3.4645427e-07   3.9951237e-07  -2.5059600e-07  -4.9903099e-07  -1.8937973e-07  -1.6769282e-07
   0.0000000e+00  -2.0705544e-05  -3.0337027e-05  -1.8101102e-05  -1.1695396e-05  -8.6967948e-06  -7.4683689e-06  -6.3201555e-06  -3.6545885e-06  -2.2491204e-06  -1.8152067e-06  -1.1603763e-06  -7.8549618e-07  -7.7444753e-07  -2.8999762e-07  -3.9673105e-07   2.7985303e-07   1.6997141e-07  -3.8490614e-07  -9.0381150e-08   4.9314735e-07   1.0225019e-06   1.0727957e-06
   0.0000000e+00  -2.0776206e-05  -3.1234005e-05  -1.7839484e-05  -1.1722278e-05  -8.7648805e-06  -7.9135643e-06  -5.5880855e-06  -4.0765708e-06  -3.0479487e-06  -1.7307494e-06  -1.2092333e-06  -1.4109926e-06  -9.4934933e-07  -1.1544870e-06  -4.9260098e-07  -6.4702465e-07  -8.0994903e-07  -1.4523653e-07  -6.3131374e-08  -5.6822113e-08  -1.6655214e-07  -1.4254599e-07
