   0.0000000e+00  -8.7139351e-06  -1.5732243e-05  -1.3715970e-05  -9.9774970e-06  -8.3304185e-06  -7.4562636e-06  -5.8449523e-06  -3.8460685e-06  -2.1787221e-06  -1.7675849e-06  -1.5376038e-06  -8.4136116e-07  -6.5439974e-07  -3.6522491e-07  -6.1802649e-07  -4.9461937e-07  -3.4434464e-07  -3.2949191e-07  -2.6180865e-07   5.5052927e-09  -1.4749946e-07  -2.7978299e-07
   0.0000000e+00  -8.9877039e-06  -1.5770365e-05  -1.2850991e-05  -9.8707078e-06  -8.3729219e-06  -7.8065514e-06  -5.6824465e-06  -3.8194712e-06  -2.3418381e-06  -1.6567178e-06  -1.0826662e-06  -1.0418385e-06  -9.6863255e-07  -9.0009206e-07  -3.7264752e-07  -4.6120772e-07  -1.8884133e-07  -2.6841442e-07  -6.0928400e-08  -1.9911292e-07  -3.9227436e-07  -3.7844836e-07
   0.0000000e+00  -8.7356448e-06  -1.5804368e-05  -1.3720502e-05  -1.0076913e-05  -8.3392169e-06  -7.5822932e-06  -5.8247679e-06  -3.3889050e-06  -2.7564579e-06  -1.8668361e-06  -1.4680490e-06  -1.3073370e-06  -8.9782429e-07  -7.6736734e-07  -7.4399020e-07  -5.7549308e-08  -9.9880630e-08  -1.3190622e-07  -2.3864087e-07  -3.5393171e-07  -1.5399894e-07  -3.0219518e-08
   0.0000000e+00  -8.5279171e-06  -1.6032882e-05  -1.2806455e-05  -1.0057955e-05  -8.1780709e-06  -7.4127183e-06  -6.1131354e-06  -4.1126095e-06  -2.3254088e-06  -1.6348282e-06  -1.5224280e-06  -1.2813198e-06  -1.0457967e-06  -8.0702404e-07  -3.9820625e-07  -4.2365306e-07  -5.2317586e-07  -4.3977263e-07  -1.2996068e-07  -9.1992746e-08  -6.7642112e-08  -8.3229374e-08
   0.0000000e+00  -8.4962076e-06  -1.5330264e-05  -1.3257883e-05  -9.8785367e-06  -8.3097320e-06  -7.7269760e-06  -6.0529292e-06  -4.0704003e-06  -2.6889627e-06  -2.0750606e-06  -1.4756164e-06  -9.7884447e-07  -7.1768943e-07  -4.8586759e-07  -5.0748980e-07  -1.9055337e-07  -6.0234591e-08   1.2140278e-07  -1.8121986e-07  -1.5746022e-07   3.1428026e-08   7.5697535e-08
   0.0000000e+00  -8.9387750e-06  -1.5924947e-05  -1.3391642e-05  -1.0101084e-05  -8.5847378e-06  -7.7389168e-06  -5.5481596e-06  -3.6667388e-06  -2.2475647e-06  -1.7258377e-06  -1.3568972e-06  -1.1861147e-06  -1.0049449e-06  -4.9765049e-07  -3.9701132e-07  -4.1344018e-07  -2.4185678e-07  -2.7602766e-07  -1.6309801e-07  -6.5011612e-08  -8.5889020e-08  -2.7103769e-07
   0.0000000e+00  -8.7192266e-06  -1.5374215e-05  -1.3171791e-05  -9.7728262e-06  -7.9815509e-06  -7.9140837e-06  -6.3360731e-06  -4.0280979e-06  -2.9004491e-06  -1.7322052e-06  -1.3090350e-06  -8.2842428e-07  -7.1363411e-07  -8.1312965e-07  -5.7202936e-07  -1.3168545e-08  -1.4997906e-07  -4.4040053e-08  -1.4607153e-07   1.0195658e-08   8.5158490e-08   2.2032802e-07
   0.0000000e+00  -8.0929076e-06  -1.5867632e-05  -1.3064429e-05  -9.9796443e-06  -8.3888117e-06  -7.2118955e-06  -5.7596781e-06  -3.5071330e-06  -2.1995804e-06  -1.8933517e-06  -1.5009460e-06  -1.2103119e-06  -7.7994866e-07  -6.0648705e-07  -1.8770896e-07  -2.0960888e-07  -1.6601564e-07  -1.1661460e-07  -7.8548984e-10   1.2094770e-07   2.8658653e-07   4.7222184e-07
   0.0000000e+00  -8.8396018e-06  -1.5938193e-05  -1.3526941e-05  -1.0084354e-05  -8.8766656e-06  -8.0223081e-06  -6.1917212e-06  -4.2179140e-06  -2.7818062e-06  -1.9907632e-06  -1.2897497e-06  -7.5271981e-07  -7.4078594e-07  -5.3572217e-07  -3.0929885e-07  -1.2434953e-07  -5.4464273e-08  -1.0344467e-07   8.7679872e-08   1.1038032e-07   1.8031916e-07  -5.1533661e-08
   0.0000000e+00  -8.5366210e-06  -1.5557407e-05  -1.3153686e-05  -1.0155566e-05  -7.8787625e-06  -7.7983577e-06  -5.6770159e-06  -3.6922584e-06  -2.6429072e-06  -1.8823407e-06  -1.3566912e-06  -1.3615812e-06  -7.1078654e-07  -5.3513543e-07  -4.1766714e-07  -4.1853059e-07  -2.4250755e-07  -2.8992403e-07  -5.4445547e-07  -3.4392261e-07  -1.9080602e-07  -2.0373042e-07
   0.0000000e+00  -9.1201719e-06  -1.5894602e-05  -1.3191486e-05  -1.0414495e-05  -8.8302077e-06  -7.7638460e-06  -6.3033940e-06  -4.1744224e-06  -2.3209266e-06  -1.8776287e-06  -1.4778519e-06  -7.6834874e-07  -9.2701629e-07  -6.5757956e-07  -3.1615130e-07  -3.7863833e-07  -4.9865719e-07  -6.3521770e-07  -4.3267866e-07  -2.4633306e-07  -4.9207995e-07  -5.2814443e-07
   0.0000000e+00  -8.4893145e-06  -1.5985708e-05  -1.3757089e-05  -1.0339649e-05  -8.4411340e-06  -7.9995762e-06  -6.1633345e-06  -3.6318570e-06  -3.0049148e-06  -1.8597769e-06  -1.3109490e-06  -1.2434621e-06  -1.0835946e-06  -7.5840177e-07  -5.1772906e-07  -3.4489844e-07  -3.7588600e-07  -3.5327088e-07  -9.2581516e-08  -1.3524171e-07  -1.1762256e-07  -6.8297126e-08
   0.0000000e+00  -8.8095649e-06  -1.6167927e-05  -1.3703997e-05  -1.0107513e-05  -8.9229661e-06  -7.6188326e-06  -5.5626165e-06  -3.6807701e-06  -2.2811457e-06  -1.5573738e-06  -1.3412048e-06  -1.3644674e-06  -9.2624992e-07  -6.2798722e-07  -5.6052863e-07  -3.7779887e-07  -2.0437972e-07   1.7390656e-07   8.7422123e-08   2.2831028e-07   2.9688258e-07   4.7040288e-07
   0.0000000e+00  -8.8904253e-06  -1.5698759e-05  -1.3876052e-05  -1.0433269e-05  -8.7246035e-06  -8.3415334e-06  -6.1972241e-06  -4.1632720e-06  -2.5386128e-06  -1.7103931e-06  -1.2242803e-06  -8.8573393e-07  -7.1229988e-07  -5.5922033e-07  -4.4235836e-07  -1.9033247e-07  -1.9867275e-07  -2.5491966e-07  -9.4399937e-09  -6.4526141e-08  -4.6312798e-09  -9.9261314e-08
   0.0000000e+00  -9.5268333e-06  -1.6479033e-05  -1.3227728e-05  -1.0543555e-05  -8.3235973e-06  -7.2940206e-06  -5.4421530e-06  -3.4195000e-06  -1.9823935e-06  -1.8710136e-06  -1.3624150e-06  -7.6197779e-07  -5.8923757e-07  -4.4974041e-07  -2.3888583e-07  -2.8673932e-07  -1.6519002e-07   1.6240389e-07   7.1152904e-08   6.3228299e-08  -4.9637240e-08  -5.5315507e-08
   0.0000000e+00  -8.5438105e-06  -1.6292648e-05  -1.3757171e-05  -1.0453006e-05  -8.4355861e-06  -7.9094034e-06  -6.4864730e-06  -4.1604858e-06  -2.6251707e-06  -1.7014103e-06  -1.0982999e-06  -8.5259461e-07  -7.6624633e-07  -5.5521372e-07  -6.2034081e-07  -3.8692281e-07  -1.1576402e-07  -2.9573826e-07  -4.4975494e-07  -4.9104710e-07  -3.6911274e-08   5.4923220e-08
   0.0000000e+00  -9.1543743e-06  -1.5751666e-05  -1.3879560e-05  -1.0091654e-05  -8.7559893e-06  -7.7237246e-06  -5.3235167e-06  -2.8913164e-06  -2.3939974e-06  -1.4377759e-06  -1.2660611e-06  -1.0080601e-06  -6.9161746e-07  -5.9519175e-07  -4.7693824e-08  -4.0013653e-08  -3.9774795e-07  -5.7297598e-07  -3.1581294e-07   2.0719729e-07  -1.7933421e-07  -2.4912796e-07
   0.0000000e+00  -9.1222355e-06  -1.6162963e-05  -1.3556092e-05  -1.0309797e-05  -8.1910484e-06  -7.5685989e-06  -5.8587566e-06  -3.7582979e-06  -2.4969299e-06  -1.7971306e-06  -9.2537817e-07  -6.7587831e-07  -7.7642551e-07  -6.0411264e-07  -3.5032303e-07  -3.1090190e-07  -1.7611944e-07  -2.7756781e-07  -3.6588155e-08  -2.0442680e-07  -6.3018206e-08   4.3863260e-08
   0.0000000e+00  -8.9737086e-06  -1.6124808e-05  -1.3536783e-05  -9.9843555e-06  -8.2356983e-06  -7.7512595e-06  -5.5775108e-06  -3.7446355e-06  -1.8527109e-06  -1.4435835e-06  -1.2189892e-06  -1.2589919e-06  -8.5801230e-07  -4.6149472e-07  -2.0529224e-07  -3.4630753e-07  -5.0389536e-07  -1.5698478e-07  -1.4867385e-07  -1.3398051e-07  -3.4025658e-07  -2.0588364e-07
   0.0000000e+00  -8.6163227e-06  -1.6384771e-05  -1.2996264e-05  -1.0199757e-05  -8.4643689e-06  -7.2038620e-06  -5.4246707e-06  -3.9233596e-06  -2.7773922e-06  -1.9794588e-06  -1.2617307e-06  -7.1780170e-07  -8.5412029e-07  -5.3557432e-07  -5.9828358e-07  -4.1215588e-07  -1.5397866e-07  -2.2592339e-07  -2.6063171e-07  -3.0141464e-07  -1.5611558e-07  -6.1879767e-08
   0.0000000e+00  -9.0459416e-06  -1.5347585e-05  -1.3819612e-05  -9.7528391e-06  -8.3248033e-06  -7.7060995e-06  -6.0050020e-06  -3.4945188e-06  -2.2468735e-06  -1.3320439e-06  -1.1502574e-06  -1.5211408e-06  -1.0720310e-06  -7.6164463e-07  -4.2693907e-07  -2.6794089e-07  -3.1032920e-07  -2.7032607e-07  -2.0606197e-07  -2.6165290e-07  -3.3013026e-07  -5.1938349e-07
   0.0000000e+00  -9.0117856e-06  -1.5766715e-05  -1.3081403e-05  -9.8616983e-06  -8.1304661e-06  -7.5106750e-06  -5.9213453e-06  -3.6532583e-06  -2.5389547e-06  -1.9599827e-06  -1.7937660e-06  -1.1023022e-06  -8.4362551e-07  -7.9842914e-07  -7.4229229e-07  -7.1255221e-07  -5.6976859e-07  -2.9630675e-07  -3.7323926e-07  -4.7622618e-07  -1.9854011e-07   7.7584708e-08
   0.0000000e+00  -8.3091400e-06  -1.6287899e-05  -1.3083395e-05  -1.0032404e-05  -8.2695533e-06  -7.4403461e-06  -5.3149115e-06  -3.4600541e-06  -2.5105642e-06  -1.8229840e-06  -1.3466829e-06  -1.0414462e-06  -9.6263238e-07  -6.8810613e-07  -3.4811276e-07  -2.3457106e-07  -4.8350802e-07  -5.4570381e-07  -4.9466030e-07  -2.2548183e-07  -2.0765303e-07  -1.2168704e-07
   0.0000000e+00  -9.0755420e-06  -1.5781989e-05  -1.3187630e-05  -9.9298850e-06  -8.1302333e-06  -7.7387003e-06  -5.9445683e-06  -4.1174717e-06  -2.2745871e-06  -1.9011187e-06  -1.2253031e-06  -1.2782621e-06  -1.0268890e-06  -6.2036054e-07  -7.1555519e-07  -6.1892115e-07  -3.5454156e-07  -5.1722776e-07  -5.8205956e-07  -4.4435700e-07   5.4053626e-08   2.6688318e-07
   0.0000000e+00  -9.0249187e-06  -1.5328962e-05  -1.3318900e-05  -9.8790961e-06  -8.4794092e-06  -7.2226944e-06  -5.5162550e-06  -3.5603975e-06  -2.5870868e-06  -1.8571043e-06  -1.4364424e-06  -1.1937514e-06  -1.0689582e-06  -9.1175565e-07  -5.0998534e-07  -5.7936057e-07  -4.8790764e-07  -3.7988855e-07  -1.4843437e-07   2.3366677e-07   2.7467769e-07   1.7233531e-07
   0.0000000e+00  -7.9536221e-06  -1.5678033e-05  -1.3585697e-05  -1.0253389e-05  -8.3498617e-06  -7.5583944e-06  -5.8034680e-06  -3.6893052e-06  -2.6635589e-06  -1.8383324e-06  -1.6380120e-06  -1.1671649e-06  -9.4227545e-07  -8.1202910e-07  -5.9694077e-07  -3.0520681e-07  -2.5946531e-07  -2.3145984e-07  -8.0216417e-08   1.0597159e-07  -5.5507172e-08   1.0366634e-07
   0.0000000e+00  -8.8369779e-06  -1.6270118e-05  -1.2937675e-05  -9.9265799e-06  -8.4573312e-06  -7.5296166e-06  -5.9052422e-06  -3.8678204e-06  -2.2296267e-06  -1.4893528e-06  -1.2626703e-06  -9.5655105e-07  -7.4806701e-07  -4.8210472e-07  -1.9773826e-07  -4.8550072e-07  -4.6003345e-07  -2.4419748e-07   1.7650599e-08  -8.3666789e-09   2.5611999e-07   3.4131506e-07
   0.0000000e+00  -8.6769005e-06  -1.5679958e-05  -1.3376241e-05  -1.0145764e-05  -7.7861105e-06  -7.7490604e-06  -5.8674113e-06  -3.5973615e-06  -2.6144542e-06  -1.8015921e-06  -1.0007210e-06  -8.1923980e-07  -6.0707112e-07  -4.1845524e-07  -4.3297962e-07  -2.9394977e-07  -8.7128903e-08  -2.4124475e-07  -1.8067071e-07  -6.6552097e-08  -2.0999047e-07  -2.7938296e-07
   0.0000000e+00  -8.9370305e-06  -1.5312951e-05  -1.3559757e-05  -9.9767731e-06  -8.6469126e-06  -7.4146892e-06  -5.6118533e-06  -3.9520341e-06  -2.1286878e-06  -1.8319631e-06  -1.1753687e-06  -1.0399029e-06  -1.0526331e-06  -5.0969697e-07  -4.3989530e-07  -1.8696635e-07  -2.7058525e-07  -2.1288118e-07  -1.8153325e-07  -1.9157586e-07  -6.2886961e-08  -3.0404635e-07
   0.0000000e+00  -8.1132894e-06  -1.5850363e-05  -1.3308701e-05  -1.0066909e-05  -8.2379238e-06  -7.8055682e-06  -6.0035795e-06  -3.7394932e-06  -2.7752710e-06  -1.7583038e-06  -1.2844574e-06  -1.2462218e-06  -7.0172422e-07  -8.1852210e-07  -7.3170628e-07  -4.8844970e-07  -3.2109557e-07  -1.5913673e-07   4.0231467e-09  -1.7475600e-07  -2.4457847e-07  -8.4495937e-08
   0.0000000e+00  -8.9008136e-06  -1.6517688e-05  -1.2783152e-05  -9.8885130e-06  -8.6114469e-06  -7.5865369e-06  -5.7396132e-06  -3.4994475e-06  -2.3625907e-06  -1.4863209e-06  -1.5925986e-06  -9.0047126e-07  -8.6561442e-07  -8.7509903e-07  -4.9678567e-07  -3.8254191e-07  -3.9831016e-07  -1.2366189e-07  -1.0422500e-07  -1.3324343e-09   1.1092784e-08  -1.6923123e-07
   0.0000000e+00  -8.8353117e-06  -1.5160977e-05  -1.3656430e-05  -1.0245452e-05  -8.3415880e-06  -8.0402342e-06  -6.1082737e-06  -3.9427514e-06  -2.6832304e-06  -1.8923315e-06  -1.1392673e-06  -1.1159567e-06  -1.2339435e-06  -9.4396779e-07  -8.8023813e-07  -5.0715317e-07  -3.7084118e-07  -4.0379510e-07  -4.0634961e-07  -3.9982081e-07  -3.4398954e-07   5.1337675e-08
   0.0000000e+00  -8.4667308e-06  -1.5690062e-05  -1.3575279e-05  -1.0070306e-05  -8.4316262e-06  -7.4267673e-06  -5.4787965e-06  -3.8882454e-06  -2.2653076e-06  -1.8611233e-06  -1.7726104e-06  -1.5331718e-06  -1.5046157e-06  -9.5457438e-07  -5.3206355e-07  -6.2246795e-07  -4.6368939e-07  -3.3214849e-07  -4.1518280e-07  -2.7473334e-07  -2.5820361e-07  -4.4802042e-07
   0.0000000e+00  -8.8104871e-06  -1.6082799e-05  -1.3372452e-05  -1.0334561e-05  -8.8894203e-06  -7.7848272e-06  -6.2051240e-06  -3.9991505e-06  -2.6438579e-06  -2.1277983e-06  -1.3043059e-06  -1.2795733e-06  -1.0841817e-06  -8.8323804e-07  -6.7990754e-07  -3.5503524e-07  -3.4301689e-07  -6.4458152e-07  -3.3877330e-07  -3.6357901e-07  -2.9160034e-07  -3.1643541e-08
   0.0000000e+00  -8.6234559e-06  -1.5994929e-05  -1.3158457e-05  -1.0283590e-05  -8.3104633e-06  -7.4819473e-06  -5.5586806e-06  -3.5074395e-06  -2.3035316e-06  -1.7122527e-06  -1.6831718e-06  -1.2763128e-06  -7.4323924e-07  -6.5129791e-07  -5.2634573e-07  -4.0490943e-07  -4.7275637e-07  -1.9790966e-07  -1.0916539e-07   2.4326738e-10  -6.7639995e-08   6.7484073e-08
   0.0000000e+00  -8.5941938e-06  -1.5890491e-05  -1.3866131e-05  -1.0362988e-05  -8.1767994e-06  -7.6899851e-06  -6.2713229e-06  -3.7680657e-06  -2.9030525e-06  -1.8824197e-06  -1.1811700e-06  -1.0096128e-06  -6.3541438e-07  -6.7678826e-07  -3.6957900e-07  -3.2423279e-07   2.6163399e-08   8.6026695e-08  -8.6876334e-08  -2.3388509e-07  -1.7047057e-08  -7.0499276e-08
   0.0000000e+00  -9.0538069e-06  -1.5968193e-05  -1.3807497e-05  -9.8940363e-06  -8.5413922e-06  -7.9396777e-06  -5.4094976e-06  -3.6716035e-06  -2.2690183e-06  -1.6312138e-06  -1.1950420e-06  -7.2356374e-07  -1.0107284e-06  -5.7256932e-07  -3.6168558e-07  -2.1499592e-07  -5.2934587e-07  -5.1225476e-07  -2.1584577e-07   4.4466059e-08   3.8452114e-08  -9.1709857e-09
   0.0000000e+00  -8.7644867e-06  -1.6027370e-05  -1.3097011e-05  -1.0208281e-05  -8.4760541e-06  -7.0624733e-06  -5.7367342e-06  -4.0877126e-06  -2.3726222e-06  -1.9810793e-06  -1.3619796e-06  -8.7391140e-07  -6.2059058e-07  -6.3606711e-07  -5.6565437e-07  -5.8303385e-07  -4.0983358e-07  -2.2987312e-07  -2.6152460e-07  -4.2279657e-07  -3.2318249e-07   6.6603583e-08
   0.0000000e+00  -8.5526490e-06  -1.5964792e-05  -1.3541197e-05  -1.0350459e-05  -8.1301523e-06  -7.6159422e-06  -6.1758633e-06  -3.6131587e-06  -2.2291272e-06  -1.5611715e-06  -1.2872262e-06  -1.2721238e-06  -1.1536937e-06  -8.0505640e-07  -7.6239724e-07  -4.6739879e-07  -4.6121119e-07  -3.8361509e-07  -1.9770923e-07  -1.3129061e-07  -1.1892006e-07  -1.7725563e-07
   0.0000000e+00  -9.1954089e-06  -1.5862430e-05  -1.3571051e-05  -9.7203310e-06  -8.0213094e-06  -7.7430577e-06  -5.3282274e-06  -3.3938952e-06  -2.6134201e-06  -1.8945505e-06  -1.2341698e-06  -1.0422249e-06  -9.4175431e-07  -7.5363630e-07  -5.1835229e-07  -3.3251285e-07  -2.4917242e-07  -1.4392560e-07  -3.3465318e-07  -2.6771613e-07  -1.8471540e-07  -2.5597612e-07
   0.0000000e+00  -8.5067213e-06  -1.6029531e-05  -1.3354429e-05  -1.0039840e-05  -8.4262219e-06  -7.5435564e-06  -5.9154331e-06  -3.6372371e-06  -2.5208014e-06  -1.6071943e-06  -1.3281444e-06  -1.1472074e-06  -8.6480924e-07  -6.8998975e-07  -4.3255770e-07  -4.6195333e-07  -2.3706984e-07  -3.4554898e-08   5.6434320e-08   9.7152309e-08   1.1841816e-07   1.7075375e-07
   0.0000000e+00  -8.6655273e-06  -1.5962081e-05  -1.3348204e-05  -1.0037571e-05  -8.5799211e-06  -7.1132413e-06  -5.6202334e-06  -4.0074110e-06  -2.2234244e-06  -1.8482496e-06  -1.4230354e-06  -9.7301108e-07  -9.1950562e-07  -9.1282868e-07  -5.0099743e-07  -5.0297308e-07  -2.0201620e-07  -3.9140009e-08  -1.7024309e-08   1.5517125e-07   2.1892782e-07   3.2119362e-07
   0.0000000e+00  -9.1381844e-06  -1.5662814e-05  -1.3213490e-05  -1.0184301e-05  -7.6407068e-06  -7.6187075e-06  -5.8170549e-06  -3.4988916e-06  -2.4172909e-06  -1.9161898e-06  -1.1872132e-06  -1.0124839e-06  -1.0008630e-06  -7.9574170e-07  -6.5728875e-07  -4.7906019e-07  -1.9141642e-07  -2.6659242e-07  -1.7043007e-07  -1.9960743e-07  -2.1772761e-09   8.5323784e-08
   0.0000000e+00  -9.0826625e-06  -1.6184053e-05  -1.3406968e-05  -9.6839258e-06  -8.6367445e-06  -8.0671352e-06  -5.9767781e-06  -3.4769766e-06  -2.5543598e-06  -1.7106593e-06  -1.2156622e-06  -1.5727519e-06  -1.1610610e-06  -7.1962029e-07  -4.5794337e-07  -1.6060847e-07  -2.1184610e-07  -1.0302779e-07  -1.5886191e-07   8.9903178e-09  -6.6706313e-10   2.9674342e-07
   0.0000000e+00  -8.7704138e-06  -1.5859887e-05  -1.3457529e-05  -9.9153785e-06  -8.3645882e-06  -7.3330625e-06  -5.5216337e-06  -3.9612082e-06  -2.4352446e-06  -1.7637585e-06  -1.6724418e-06  -1.0531641e-06  -8.9586155e-07  -5.0998921e-07  -4.1213141e-07  -5.3681696e-08   1.1642043e-07   1.1142026e-07   3.1742209e-07   1.7808193e-07   3.2545174e-07   4.7805759e-07
   0.0000000e+00  -8.6336222e-06  -1.6025237e-05  -1.3124211e-05  -1.0533029e-05  -8.4253070e-06  -7.6151400e-06  -6.1438577e-06  -3.9085871e-06  -2.5102022e-06  -1.6431627e-06  -1.4479168e-06  -8.1074177e-07  -5.9472416e-07  -2.6598315e-07   6.3254127e-08   3.7444913e-08  -1.2557912e-07   1.1851270e-07   1.0808791e-07   2.6173026e-07   3.7037410e-07   1.4488249e-07
   0.0000000e+00  -9.1757092e-06  -1.6164153e-05  -1.3660078e-05  -1.0048749e-05  -8.4753501e-06  -7.9685624e-06  -5.6966451e-06  -3.7032924e-06  -2.7254112e-06  -2.0750499e-06  -1.0740409e-06  -9.3309762e-07  -6.7370172e-07  -2.7375793e-07  -2.4042620e-07  -3.5842706e-07  -1.3730565e-07   2.0072417e-08  -2.0748790e-07  -3.3306497e-07  -3.2689627e-07  -1.7421314e-07
   0.0000000e+00  -9.1666543e-06  -1.5763271e-05  -1.3457829e-05  -1.0145460e-05  -8.2164961e-06  -7.5718062e-06  -5.8799747e-06  -4.0234090e-06  -2.9765583e-06  -1.8224756e-06  -1.1727767e-06  -1.1032676e-06  -8.8340153e-07  -7.5739820e-07  -6.1811431e-07  -2.1686213e-07  -1.1071155e-07  -3.1991726e-07  -3.2625073e-07  -1.9522358e-07  -1.2020597e-07  -3.6000418e-07
   0.0000000e+00  -8.4986550e-06  -1.5824849e-05  -1.3299163e-05  -1.0330758e-05  -8.7258923e-06  -7.5506482e-06  -6.2156341e-06  -4.0944087e-06  -2.3604955e-06  -1.9304166e-06  -1.6327892e-06  -1.3458152e-06  -6.6541844e-07  -6.7867632e-07  -3.3909546e-07  -1.7184207e-07  -3.5834557e-07  -1.4986831e-07  -1.7288906e-07  -1.4795802e-07  -7.0155458e-08   4.7768172e-08
   0.0000000e+00  -8.4644435e-06  -1.5878992e-05  -1.3562709e-05  -9.8167729e-06  -8.2267597e-06  -7.7156419e-06  -5.7251127e-06  -4.1400599e-06  -2.5287095e-06  -1.8079736e-06  -1.7194033e-06  -1.0756756e-06  -1.1369904e-06  -8.5499033e-07  -5.5896788e-07  -7.0996811e-07  -5.9290693e-07  -5.1042258e-07  -4.5370271e-07  -4.2458191e-07  -2.3270351e-07  -1.6749216e-07
   0.0000000e+00  -9.0710819e-06  -1.6117403e-05  -1.3230877e-05  -1.0083181e-05  -8.1257685e-06  -7.7894165e-06  -5.9503141e-06  -3.7096872e-06  -2.8899174e-06  -1.8915208e-06  -1.2122537e-06  -1.2066982e-06  -1.0830001e-06  -6.9092715e-07  -4.9617381e-07  -6.3058917e-07  -2.3557641e-07  -2.9494953e-07  -2.6124414e-07  -7.8900030e-08  -3.2088789e-07  -3.2504570e-07
   0.0000000e+00  -8.4412277e-06  -1.5423773e-05  -1.3274211e-05  -1.0108305e-05  -8.5296451e-06  -7.4151299e-06  -6.1376950e-06  -3.8761427e-06  -2.1560375e-06  -1.6427094e-06  -1.3705325e-06  -1.0780286e-06  -6.7273407e-07  -3.2291948e-07  -6.3798814e-07  -5.3008466e-07  -3.7081858e-07  -5.8038017e-07  -4.0106289e-07  -3.7464849e-07  -1.3265193e-07   1.3754301e-07
   0.0000000e+00  -9.0153189e-06  -1.5681651e-05  -1.3380995e-05  -1.0031429e-05  -8.3164814e-06  -7.7433378e-06  -5.7582497e-06  -3.6897065e-06  -2.3853877e-06  -1.6245872e-06  -1.1744162e-06  -8.1720640e-07  -7.0675782e-07  -9.1313751e-07  -6.4196519e-07  -3.2987455e-07  -4.7043153e-07  -3.7294035e-07  -3.2213100e-07  -2.9452613e-07  -2.9976738e-07  -2.0639628e-07
   0.0000000e+00  -8.2661754e-06  -1.6233545e-05  -1.3381279e-05  -1.0002120e-05  -8.3063242e-06  -7.6218839e-06  -6.0075058e-06  -3.7317100e-06  -2.3978898e-06  -1.7351164e-06  -1.2006846e-06  -8.6811423e-07  -8.1927931e-07  -8.0835918e-07  -5.7497169e-07  -2.5513938e-07  -3.1808719e-07  -2.2695568e-07  -1.9280924e-07  -3.5278552e-07  -2.4338360e-07  -3.6843309e-07
   0.0000000e+00  -8.7889639e-06  -1.5487165e-05  -1.3471425e-05  -1.0023617e-05  -8.3925388e-06  -7.9975434e-06  -5.7399261e-06  -3.6721317e-06  -2.1069745e-06  -1.3668597e-06  -1.1558940e-06  -1.1786130e-06  -7.8515239e-07  -7.6405496e-07  -5.4478738e-07  -5.1237566e-07  -2.1875678e-07  -1.2981577e-07  -2.2608683e-07  -6.3207132e-08  -2.2889621e-07  -2.0844206e-07
   0.0000000e+00  -8.8857596e-06  -1.5711918e-05  -1.3232421e-05  -1.0312901e-05  -8.2612105e-06  -7.3175670e-06  -5.8752044e-06  -3.3994500e-06  -2.2671863e-06  -1.9092249e-06  -1.2122043e-06  -9.6623853e-07  -1.2064950e-06  -9.5179917e-07  -8.1236510e-07  -6.7957598e-07  -6.1721056e-07  -5.4248636e-07  -4.2275602e-07  -1.8120306e-07  -7.7993420e-08  -5.8587705e-08
   0.0000000e+00  -8.4797648e-06  -1.6469085e-05  -1.3234134e-05  -9.6381045e-06  -8.8734732e-06  -7.7907507e-06  -5.7138741e-06  -3.8380322e-06  -2.6027874e-06  -1.7072132e-06  -1.7156453e-06  -1.2207398e-06  -9.5393546e-07  -9.0113372e-07  -7.0975921e-07  -5.4892143e-07  -5.2673596e-07  -3.5030772e-07  -2.5948603e-07  -1.7939909e-07   7.0543543e-08   3.1668682e-07
   0.0000000e+00  -8.9240875e-06  -1.5334126e-05  -1.3440317e-05  -1.0370404e-05  -8.1038825e-06  -7.7269251e-06  -5.9508739e-06  -3.7592529e-06  -2.5016327e-06  -1.8767236e-06  -1.4245936e-06  -1.2437804e-06  -1.1910045e-06  -5.7114113e-07  -5.5241333e-07  -3.2819196e-07  -2.7536626e-07  -4.2045389e-07  -7.6446192e-08  -1.3210997e-07  -1.4102825e-08   9.2890744e-08
   0.0000000e+00  -8.6956379e-06  -1.5893347e-05  -1.3475890e-05  -1.0100781e-05  -8.1556846e-06  -7.5047469e-06  -5.5971682e-06  -3.9314928e-06  -2.6365447e-06  -1.7804761e-06  -1.3388387e-06  -1.4176787e-06  -1.0548749e-06  -9.1167260e-07  -6.0368546e-07  -3.7964367e-07  -3.7049571e-07  -1.4671099e-07  -8.9028099e-08   9.4651377e-08   1.4505660e-08  -4.6315620e-08
   0.0000000e+00  -9.0988187e-06  -1.6210108e-05  -1.3496136e-05  -1.0098225e-05  -8.4983267e-06  -7.8088597e-06  -6.3746402e-06  -3.7104346e-06  -2.3200078e-06  -1.8122910e-06  -1.4130198e-06  -1.0801132e-06  -8.5721587e-07  -7.2634418e-07  -7.1945999e-07  -6.0417841e-07  -9.2173469e-09  -8.2503888e-08  -3.2730181e-08   1.2583389e-07   5.6660440e-08   2.9077910e-07
   0.0000000e+00  -9.0732383e-06  -1.6373908e-05  -1.3078874e-05  -9.8729333e-06  -8.8227689e-06  -7.8949424e-06  -5.7570833e-06  -4.0443142e-06  -2.4384121e-06  -1.6689302e-06  -1.4721846e-06  -1.0884095e-06  -7.9929634e-07  -6.9340177e-07  -2.0006438e-07  -2.2923018e-08  -1.7419478e-07   4.4716295e-08  -4.8580802e-08   7.5945001e-09   2.2459525e-07   1.2373316e-07
   0.0000000e+00  -8.0728350e-06  -1.5545420e-05  -1.3846729e-05  -1.0561241e-05  -8.2194274e-06  -7.6516380e-06  -6.0368297e-06  -3.6405741e-06  -2.7338181e-06  -1.8400476e-06  -1.2417363e-06  -1.0262684e-06  -8.7376435e-07  -8.1881899e-07  -4.6193421e-07  -2.1899189e-07  -1.6774305e-07  -1.1222411e-07   1.5928123e-07   1.5797315e-07  -2.3384201e-08   1.2043138e-07
   0.0000000e+00  -9.7789516e-06  -1.5762445e-05  -1.3624790e-05  -1.0234230e-05  -8.5813681e-06  -7.9845158e-06  -5.7205866e-06  -3.9459651e-06  -2.1941296e-06  -1.4716957e-06  -1.5409561e-06  -1.3668281e-06  -1.1868440e-06  -8.9038321e-07  -5.6455451e-07  -3.6003894e-07  -1.7264496e-07  -1.4182861e-07  -2.4991508e-08   1.4868354e-07   2.3900728e-07  -1.4832405e-08
   0.0000000e+00  -8.2647784e-06  -1.6434265e-05  -1.3325531e-05  -9.9492463e-06  -8.4793810e-06  -7.6660435e-06  -6.0071188e-06  -3.6436381e-06  -2.3684065e-06  -2.0715593e-06  -1.2048527e-06  -1.2804761e-06  -1.2461654e-06  -6.7673125e-07  -6.0732839e-07  -3.9665292e-07  -1.9064197e-07  -1.2819564e-07  -1.4266574e-07  -7.9158696e-08  -1.4863089e-07  -2.7131460e-07
   0.0000000e+00  -8.7858289e-06  -1.5789139e-05  -1.3177743e-05  -1.0511117e-05  -9.1708653e-06  -7.5073408e-06  -5.9599884e-06  -3.5905434e-06  -2.2182401e-06  -1.8133787e-06  -1.7219717e-06  -1.2255583e-06  -1.2258130e-06  -6.1072450e-07  -3.8538531e-07  -2.1064183e-07  -2.3164434e-07  -3.7393718e-07  -9.3573831e-08  -2.7038089e-07  -2.5801884e-07  -1.0501711e-07
   0.0000000e+00  -8.9199011e-06  -1.5533644e-05  -1.3858009e-05  -1.0351092e-05  -7.9580386e-06  -8.1715498e-06  -5.8063843e-06  -3.8356757e-06  -2.5553625e-06  -1.3778468e-06  -1.4368295e-06  -1.4232900e-06  -6.0869615e-07  -7.0074231e-07  -3.9645397e-07  -2.0841182e-07  -2.6155757e-07   8.8033021e-09  -1.2906440e-07  -1.0332361e-07  -1.3629190e-07  -7.8274169e-08
   0.0000000e+00  -8.7501985e-06  -1.6411674e-05  -1.3229477e-05  -9.9541376e-06  -8.3639570e-06  -7.3577689e-06  -5.4816815e-06  -3.3484614e-06  -2.1792728e-06  -1.8396946e-06  -1.4313094e-06  -1.0483330e-06  -9.6350971e-07  -4.7302862e-07  -2.3297272e-07   1.2483150e-07   1.3145319e-07   1.6400206e-08  -5.0464930e-08   1.4472826e-07   2.4021745e-07   3.1491305e-07
   0.0000000e+00  -8.8010293e-06  -1.5533496e-05  -1.3451534e-05  -1.0318946e-05  -8.7393255e-06  -7.6236120e-06  -5.6209492e-06  -3.5522337e-06  -2.5436211e-06  -1.8332710e-06  -1.0454793e-06  -1.1277682e-06  -7.8762082e-07  -7.0130869e-07  -1.3993458e-07  -2.8673156e-07  -2.4214594e-07  -8.9318192e-08   2.3835133e-08   1.4523687e-07   1.8025516e-07   3.6375465e-07
   0.0000000e+00  -8.6150185e-06  -1.5985184e-05  -1.3432374e-05  -9.5525738e-06  -8.0463606e-06  -7.1549343e-06  -5.8440633e-06  -3.6328195e-06  -2.0475331e-06  -1.8798428e-06  -1.4842594e-06  -9.2723303e-07  -5.7668774e-07  -2.2117638e-07  -2.2726937e-07  -1.5406505e-07  -2.4438887e-07  -3.4021423e-07  -2.1193232e-07  -2.2773622e-07  -7.5740168e-08  -2.3804310e-07
   0.0000000e+00  -9.3623921e-06  -1.6099970e-05  -1.3011877e-05  -1.0173883e-05  -8.1370135e-06  -7.4336317e-06  -5.7177454e-06  -4.0112850e-06  -2.6521382e-06  -1.7131650e-06  -1.4444029e-06  -9.0947009e-07  -7.4208316e-07  -5.6596451e-07  -3.2183507e-07  -2.8949816e-07  -1.9725726e-07  -2.2147822e-07  -7.0772082e-08  -6.7933875e-08   1.9736472e-08   1.2876937e-07
   0.0000000e+00  -8.6409955e-06  -1.5468289e-05  -1.3601174e-05  -1.0204003e-05  -8.2062206e-06  -8.0816681e-06  -5.6844397e-06  -3.7826280e-06  -3.0313993e-06  -1.5394721e-06  -1.3118705e-06  -1.3665084e-06  -1.1651232e-06  -7.5134011e-07  -7.9707792e-07  -6.0481960e-07  -5.3685375e-07  -5.2274362e-07  -6.3074759e-07  -4.8661008e-07  -3.8284401e-07  -3.6665688e-07
   0.0000000e+00  -8.2133038e-06  -1.6614684e-05  -1.3070683e-05  -9.7776947e-06  -8.2251036e-06  -7.0833821e-06  -6.0304819e-06  -3.9482211e-06  -1.9719271e-06  -2.1879885e-06  -1.5223743e-06  -1.0974999e-06  -8.1809571e-07  -7.4844428e-07  -5.3550866e-07  -4.6524798e-07  -4.2673932e-07  -3.5115474e-07  -3.4211320e-07  -3.0881102e-07  -1.4114002e-07  -2.5877023e-07
   0.0000000e+00  -9.4263532e-06  -1.5334030e-05  -1.3795308e-05  -1.0025683e-05  -8.1464868e-06  -7.9419851e-06  -6.1133933e-06  -3.6816150e-06  -2.6661410e-06  -1.7020934e-06  -1.4665995e-06  -8.7948837e-07  -8.9218526e-07  -8.6105695e-07  -4.8405684e-07  -3.9229590e-07  -4.2129497e-07  -3.6142777e-07  -1.1562248e-07   1.3439309e-07  -2.0552937e-07  -3.3800055e-07
   0.0000000e+00  -9.0712856e-06  -1.5979647e-05  -1.3067963e-05  -1.0116072e-05  -8.7172111e-06  -7.6028755e-06  -5.2417377e-06  -3.8645462e-06  -2.5586555e-06  -2.0043415e-06  -1.3763434e-06  -1.4176065e-06  -9.9969532e-07  -8.8201318e-07  -8.2850124e-07  -6.3082865e-07  -5.7758479e-07  -3.8432503e-07  -7.5979095e-08  -1.4617106e-07   6.3668759e-09   3.1370726e-07
   0.0000000e+00  -8.4188987e-06  -1.6072780e-05  -1.3368445e-05  -1.0043542e-05  -8.1410953e-06  -7.7241666e-06  -5.9679196e-06  -3.8143808e-06  -2.7255544e-06  -1.7147717e-06  -1.4850325e-06  -1.4101931e-06  -1.2815723e-06  -9.6139297e-07  -6.0090088e-07  -3.3997551e-07  -2.8943705e-07  -1.2805296e-07  -2.7975372e-07  -2.6272994e-07  -2.6265456e-08  -2.3367521e-08
   0.0000000e+00  -8.8351771e-06  -1.5997084e-05  -1.3528876e-05  -1.0056326e-05  -8.1069875e-06  -7.4164195e-06  -6.1691717e-06  -3.8636176e-06  -2.1202168e-06  -1.8656506e-06  -1.7549804e-06  -1.2485200e-06  -1.0702408e-06  -6.9107705e-07  -2.9844077e-07  -2.5315211e-07  -7.5431920e-08  -1.5134914e-07  -8.2146116e-08  -5.2442857e-08  -8.4269850e-08  -9.9346657e-08
   0.0000000e+00  -9.4074076e-06  -1.5873187e-05  -1.3266065e-05  -1.0193553e-05  -9.1201855e-06  -7.2252965e-06  -5.7128332e-06  -3.6939703e-06  -2.4691872e-06  -2.3839609e-06  -1.6030128e-06  -1.0160796e-06  -9.0926665e-07  -6.0683368e-07  -4.1200587e-07  -2.5392575e-07  -2.0176226e-07  -1.0372511e-07  -9.6378450e-08  -1.0235745e-07  -1.2060471e-07  -3.5898264e-08
   0.0000000e+00  -8.8055003e-06  -1.5888008e-05  -1.3542938e-05  -9.9042254e-06  -7.7938148e-06  -8.3704617e-06  -5.6927929e-06  -3.7743757e-06  -2.9056155e-06  -1.4338702e-06  -1.1925144e-06  -1.3372327e-06  -1.0030157e-06  -6.0295957e-07  -3.8257085e-07  -3.1662546e-07  -3.1114692e-07  -3.1245602e-07  -1.1655693e-07  -1.6182387e-08   1.3835043e-07   4.1677563e-08
   0.0000000e+00  -9.0289695e-06  -1.6030344e-05  -1.3758786e-05  -9.9437202e-06  -8.3727691e-06  -7.1426680e-06  -5.9566878e-06  -4.0103573e-06  -2.3794730e-06  -1.9439412e-06  -1.4759773e-06  -9.1232613e-07  -6.8804860e-07  -7.6892678e-07  -6.4056417e-07  -2.3071136e-07  -1.4536779e-07  -1.2005715e-07  -1.1674969e-07   1.1183387e-07  -4.7268244e-08   1.4331420e-07
   0.0000000e+00  -8.2797715e-06  -1.6185140e-05  -1.2801132e-05  -1.0519612e-05  -8.2141587e-06  -7.8687217e-06  -5.9006529e-06  -3.7260509e-06  -2.3102568e-06  -1.8227548e-06  -1.0439425e-06  -1.1568269e-06  -9.2939507e-07  -4.8023145e-07  -1.1878414e-08  -2.2341931e-07  -3.7691899e-07  -7.6222662e-08   9.7820383e-08  -1.0215918e-07  -4.8812609e-08  -7.4579091e-08
   0.0000000e+00  -9.5125633e-06  -1.5194662e-05  -1.3099858e-05  -9.2828232e-06  -8.6750260e-06  -7.4727254e-06  -6.1013079e-06  -3.9360430e-06  -2.7420508e-06  -1.6217098e-06  -1.6648318e-06  -1.0405629e-06  -8.4722410e-07  -4.7017585e-07  -3.9426823e-07  -4.9863684e-07  -3.1094797e-07  -2.7594092e-07  -5.1859877e-07  -2.6236177e-07  -1.6376366e-07  -1.8462946e-07
   0.0000000e+00  -7.9900583e-06  -1.6255577e-05  -1.3651395e-05  -9.8840019e-06  -8.0685713e-06  -7.7194272e-06  -5.8548835e-06  -3.7753211e-06  -2.6745502e-06  -2.3985042e-06  -1.6616561e-06  -1.3309262e-06  -7.6335454e-07  -3.2574002e-07  -5.2445756e-07  -8.5688320e-08   5.3274572e-08  -3.8444054e-07  -1.8551146e-08  -5.2335661e-08  -7.2659070e-08   1.1231872e-07
   0.0000000e+00  -9.1083748e-06  -1.5547244e-05  -1.2994955e-05  -1.0196192e-05  -8.1494773e-06  -7.7990644e-06  -5.9816261e-06  -3.9640718e-06  -2.8401741e-06  -1.7803601e-06  -1.6251145e-06  -1.0524858e-06  -6.4237611e-07  -5.2776022e-07  -1.1053767e-07   4.0589430e-08  -3.1741797e-07   2.4173952e-08  -3.0444411e-08   8.3119458e-09   1.2054232e-09   1.1051422e-07
   0.0000000e+00  -8.7729786e-06  -1.5616301e-05  -1.2583024e-05  -1.0107713e-05  -8.4621106e-06  -7.1911850e-06  -5.7663929e-06  -4.1756548e-06  -2.4417091e-06  -2.0789087e-06  -1.3102639e-06  -1.0104490e-06  -6.8307855e-07  -1.9633173e-07  -2.2422134e-07  -3.4823540e-07  -2.2324893e-07  -1.7687012e-07   8.4431065e-08  -3.0990808e-08   2.9018889e-07   4.9243909e-07
   0.0000000e+00  -8.6765440e-06  -1.5786678e-05  -1.3974208e-05  -9.4006373e-06  -8.3360082e-06  -7.8170760e-06  -6.1832607e-06  -3.7179193e-06  -2.5621564e-06  -1.8357090e-06  -1.1840159e-06  -9.1132131e-07  -4.8710024e-07  -5.3763790e-07  -4.3474543e-07  -4.3342189e-07  -1.6586445e-07   1.4892136e-07   8.3846224e-08   3.8367708e-07   3.5998431e-07   2.2680048e-07
   0.0000000e+00  -8.6012269e-06  -1.5936403e-05  -1.2965518e-05  -1.0297421e-05  -8.1183480e-06  -8.1929984e-06  -5.6495019e-06  -3.9512083e-06  -2.6426553e-06  -1.8650744e-06  -1.3179031e-06  -6.7692071e-07  -4.0977375e-07  -6.2854025e-07  -4.8272778e-07  -1.9772007e-07  -4.9939173e-09  -1.3939983e-07  -1.3316659e-07  -4.8051884e-08  -1.1874571e-07  -1.5123412e-07
   0.0000000e+00  -8.9722853e-06  -1.5560789e-05  -1.3185510e-05  -9.9028366e-06  -8.5209049e-06  -7.0139381e-06  -6.2011918e-06  -3.6225088e-06  -2.6626210e-06  -1.6652614e-06  -1.0900769e-06  -9.2490524e-07  -7.9015479e-07  -3.7926227e-07  -2.8737190e-07  -2.6566610e-07  -4.3145954e-07  -3.2677130e-07  -1.2703305e-07  -4.3095704e-07  -3.4528210e-07  -1.3353171e-07
   0.0000000e+00  -8.8231864e-06  -1.6201460e-05  -1.3054956e-05  -1.0632492e-05  -8.3315517e-06  -8.1375101e-06  -5.8973210e-06  -4.3151217e-06  -2.5797663e-06  -1.6519211e-06  -1.2569894e-06  -8.3593784e-07  -5.4017539e-07  -9.0670852e-07  -5.4720380e-07  -4.3454096e-07  -2.6988718e-07  -5.5852130e-08  -2.0452303e-07  -2.1075653e-08   1.3336580e-07   1.1490192e-07
   0.0000000e+00  -8.6955361e-06  -1.5147666e-05  -1.4156434e-05  -9.3661365e-06  -8.5146667e-06  -7.3322185e-06  -5.9927597e-06  -3.5731819e-06  -2.2721413e-06  -1.7470238e-06  -1.1171808e-06  -1.1886748e-06  -1.2849920e-06  -4.4077731e-07  -6.1635768e-07  -3.5972650e-07  -3.1923250e-07  -5.2343518e-07  -3.2179415e-07  -1.7598919e-07  -1.9956815e-07  -5.5357365e-08
   0.0000000e+00  -8.4445373e-06  -1.6332275e-05  -1.2819739e-05  -1.0184603e-05  -8.2323822e-06  -8.3513487e-06  -5.9426861e-06  -4.1366329e-06  -2.6563810e-06  -1.6160542e-06  -1.6170607e-06  -9.9647593e-07  -6.2740003e-07  -9.4592735e-07  -6.8265877e-07  -7.6590158e-07  -5.4681260e-07  -2.0949616e-07  -2.4013445e-07  -1.1662891e-07   2.1140416e-07  -7.2881953e-08
   0.0000000e+00  -9.2765240e-06  -1.5704783e-05  -1.3262809e-05  -1.0723813e-05  -8.6523860e-06  -7.5903095e-06  -6.0294283e-06  -3.5303026e-06  -2.4015389e-06  -1.6693517e-06  -1.1927908e-06  -1.2237219e-06  -1.1309838e-06  -7.0899176e-07  -5.2008392e-07  -3.5289034e-07  -6.0347236e-07  -4.7181953e-07  -4.1231143e-08  -1.2480442e-07  -3.1949813e-07  -5.0647674e-08
   0.0000000e+00  -8.0122263e-06  -1.5841679e-05  -1.3113131e-05  -9.6580588e-06  -8.5510701e-06  -7.5853800e-06  -5.9256258e-06  -4.2980873e-06  -2.5070035e-06  -2.1096814e-06  -1.5252061e-06  -1.0157307e-06  -6.6453157e-07  -7.8043706e-07  -8.1885582e-07  -7.4389425e-07  -3.8981941e-07  -1.0629203e-07  -4.7266218e-07  -3.0792825e-07  -8.4258161e-08  -1.9268700e-07
   0.0000000e+00  -8.7994094e-06  -1.5182736e-05  -1.3669178e-05  -9.8927785e-06  -8.3055093e-06  -7.9881866e-06  -6.2857166e-06  -3.4406366e-06  -2.5612346e-06  -1.6263466e-06  -1.4119211e-06  -1.3168408e-06  -1.1213614e-06  -8.6167279e-07  -6.4544577e-07  -4.3147796e-07  -4.9588112e-07  -4.8741970e-07  -2.6444738e-07  -3.8501565e-08  -8.5157460e-08  -1.5860469e-07
   0.0000000e+00  -8.7913077e-06  -1.6057676e-05  -1.3110952e-05  -1.0365455e-05  -8.6583150e-06  -7.9090996e-06  -5.6401127e-06  -4.4131161e-06  -2.7351509e-06  -2.4679746e-06  -1.5573203e-06  -1.0289887e-06  -1.0381747e-06  -9.6097142e-07  -7.1138652e-07  -6.1642220e-07   5.7904355e-08  -1.5430155e-07  -2.5647350e-07  -5.9401344e-08   3.9576975e-08   2.3456018e-07
   0.0000000e+00  -8.3955092e-06  -1.5513877e-05  -1.3128159e-05  -9.8922146e-06  -8.4321546e-06  -7.6208830e-06  -6.3027946e-06  -3.6238200e-06  -2.6926211e-06  -1.3590577e-06  -1.6239728e-06  -1.3287494e-06  -1.1193650e-06  -6.1886999e-07  -4.6972590e-07  -3.0288271e-07  -6.2499902e-07  -4.3153634e-07  -1.5103655e-07  -7.2833920e-08  -2.5654767e-08  -1.4627204e-07
   0.0000000e+00  -8.3146979e-06  -1.5946909e-05  -1.3169213e-05  -1.0397849e-05  -8.4517178e-06  -8.1686712e-06  -6.1469823e-06  -4.0830350e-06  -2.5901079e-06  -2.1165013e-06  -1.1996385e-06  -1.0407583e-06  -7.5086047e-07  -7.8341100e-07  -6.1923470e-07  -5.7144467e-07  -2.1651152e-07  -2.8747942e-07  -5.5029037e-08   5.1676018e-08   1.0984777e-08   6.3896856e-08
   0.0000000e+00  -8.8352144e-06  -1.5523419e-05  -1.3952830e-05  -9.5706446e-06  -8.6511154e-06  -7.5862072e-06  -5.4588099e-06  -3.4853142e-06  -2.2944005e-06  -1.5090712e-06  -1.4544224e-06  -1.0809609e-06  -8.0097601e-07  -4.1191356e-07  -4.1305890e-07  -1.5953908e-07  -2.3969355e-07   5.3056514e-08   2.5815947e-07   2.9467520e-07   2.0758198e-07   1.1162293e-08
   0.0000000e+00  -8.8369334e-06  -1.5787626e-05  -1.2458298e-05  -1.0776535e-05  -8.0550608e-06  -7.6995366e-06  -6.3127795e-06  -4.1255798e-06  -2.3594775e-06  -2.0833754e-06  -1.3090252e-06  -1.0834215e-06  -1.0036606e-06  -9.5587063e-07  -6.1930569e-07  -4.3088815e-07  -1.8162001e-07   9.4865172e-08   1.4123528e-07   1.1812103e-08  -2.1448297e-08   8.9483322e-08
   0.0000000e+00  -8.6209056e-06  -1.5917361e-05  -1.3693920e-05  -9.5871064e-06  -8.6241653e-06  -7.7343748e-06  -5.4548550e-06  -3.5509017e-06  -2.6315658e-06  -1.8190809e-06  -1.6664433e-06  -1.3148210e-06  -1.0724021e-06  -6.8237262e-07  -6.4471249e-07  -3.5468514e-07  -1.4849030e-07  -1.2552790e-07  -2.7508960e-07  -2.6650881e-07  -2.0111740e-07  -2.8412973e-07
   0.0000000e+00  -8.1363596e-06  -1.5810270e-05  -1.3499058e-05  -1.0499597e-05  -8.6668024e-06  -7.9829588e-06  -5.9462841e-06  -4.0705468e-06  -3.0430931e-06  -2.1758372e-06  -1.3591978e-06  -1.3806646e-06  -7.0183540e-07  -8.2393632e-07  -5.1811043e-07  -2.7636347e-07  -8.4147011e-08  -3.0674664e-07  -2.6552900e-07  -2.3306573e-07  -2.9909735e-08   2.0145119e-07
   0.0000000e+00  -9.4615680e-06  -1.5663014e-05  -1.3320507e-05  -9.8962564e-06  -8.7955332e-06  -7.6814467e-06  -6.4154960e-06  -3.9980860e-06  -2.8700247e-06  -1.5603531e-06  -1.6228745e-06  -9.8454086e-07  -1.0533685e-06  -5.4125741e-07  -4.5041918e-07  -3.7872536e-07  -5.7937353e-07  -4.1992703e-07  -2.2045087e-07   2.1037041e-08   8.8275314e-08  -1.6970592e-08
   0.0000000e+00  -8.3079240e-06  -1.6050364e-05  -1.3798061e-05  -1.0835965e-05  -8.3654004e-06  -8.1293001e-06  -5.9295826e-06  -4.1231865e-06  -2.1935498e-06  -2.4941460e-06  -1.5082259e-06  -1.0832948e-06  -6.1934833e-07  -7.7630722e-07  -5.8161083e-07  -4.6650032e-07  -1.7876459e-07  -2.5723932e-07  -1.9810815e-07  -2.2597062e-07  -2.3736401e-07  -1.1883327e-07
   0.0000000e+00  -9.2974524e-06  -1.6154003e-05  -1.3180513e-05  -1.0347334e-05  -9.0645808e-06  -7.6060278e-06  -6.1689793e-06  -3.8788198e-06  -2.6417313e-06  -1.6322434e-06  -1.3064243e-06  -1.1595407e-06  -1.2619353e-06  -7.8621019e-07  -4.5046886e-07  -3.3531035e-07  -6.0315961e-07  -3.6971826e-07  -1.2832103e-07  -8.1871981e-08   4.5921698e-08  -1.1637309e-07
   0.0000000e+00  -8.2070474e-06  -1.5697997e-05  -1.3722876e-05  -1.0279538e-05  -8.1085282e-06  -8.1756443e-06  -5.5598475e-06  -3.9359134e-06  -2.7304391e-06  -1.8735631e-06  -1.1774887e-06  -1.1379360e-06  -9.4001655e-07  -8.0976901e-07  -7.2542775e-07  -6.1905973e-07  -1.9578877e-07  -3.6216363e-08   8.9996455e-08  -2.5650415e-08  -2.1914197e-07  -2.0025159e-07
   0.0000000e+00  -9.7375669e-06  -1.6125987e-05  -1.3714040e-05  -1.0060068e-05  -9.1883576e-06  -7.2561179e-06  -6.3088660e-06  -3.7169721e-06  -2.3632304e-06  -1.3907293e-06  -1.3759762e-06  -8.8812044e-07  -6.7166053e-07  -6.7250494e-07  -4.5175412e-07  -3.4185101e-07  -2.2559524e-07   1.4987734e-07   1.3849709e-07   1.2932804e-07   1.2807644e-07   9.2109325e-08
   0.0000000e+00  -8.4636904e-06  -1.6368391e-05  -1.3446044e-05  -1.0461436e-05  -7.8517887e-06  -7.8924340e-06  -5.9209815e-06  -3.8281514e-06  -2.5008164e-06  -1.7505830e-06  -1.1632084e-06  -1.1324421e-06  -9.1262274e-07  -6.6129280e-07  -4.5868762e-07  -9.1683042e-08   5.7549109e-08  -6.2258479e-08  -1.3523406e-07  -2.2757800e-07  -3.0062714e-07  -2.3543589e-07
   0.0000000e+00  -9.3260296e-06  -1.5822803e-05  -1.3557374e-05  -9.9947083e-06  -8.8377956e-06  -7.9804531e-06  -5.6838871e-06  -3.9259312e-06  -2.3222372e-06  -1.6544227e-06  -1.5570320e-06  -1.0245968e-06  -9.3577711e-07  -5.1237441e-07  -3.4176520e-07  -1.3681893e-07   9.6094766e-08   1.0750204e-07  -1.8442881e-07  -4.6012602e-07  -2.8335737e-07  -2.4389684e-07
   0.0000000e+00  -9.0022440e-06  -1.6125119e-05  -1.3574163e-05  -1.0888923e-05  -8.4216081e-06  -8.0893578e-06  -6.5660606e-06  -4.0759610e-06  -2.3102662e-06  -1.9595907e-06  -1.0097660e-06  -1.2977939e-06  -7.1914275e-07  -5.5238331e-07  -1.5057017e-07  -1.5705192e-08  -2.2863534e-07  -2.9914565e-07  -2.6707727e-07  -4.3233864e-08   6.1169936e-09   8.3788414e-08
   0.0000000e+00  -8.9631521e-06  -1.5915686e-05  -1.3877393e-05  -9.8569244e-06  -9.0457279e-06  -7.5734133e-06  -5.7963953e-06  -3.5411535e-06  -2.7572071e-06  -1.6643697e-06  -1.6555542e-06  -7.5042902e-07  -7.3574415e-07  -4.4376415e-07  -3.6714493e-07  -4.5627851e-07  -2.8421613e-07  -1.4523249e-07  -2.0183787e-08   5.4918178e-08   1.1931526e-07   3.8184706e-07
   0.0000000e+00  -8.6188265e-06  -1.6289130e-05  -1.3108772e-05  -1.0709832e-05  -8.6115770e-06  -8.2835613e-06  -6.2606091e-06  -4.0531550e-06  -2.4027061e-06  -1.7645071e-06  -1.1187030e-06  -8.5170632e-07  -6.3440876e-07  -5.2929465e-07  -4.1191083e-07  -2.9033720e-07  -2.6543205e-07  -1.4426736e-07   3.3369922e-08  -4.5187498e-08   4.0963659e-08   2.3576510e-07
   0.0000000e+00  -9.2484415e-06  -1.5928081e-05  -1.4081732e-05  -9.9327408e-06  -8.4754183e-06  -7.6891647e-06  -5.9338968e-06  -3.7768266e-06  -2.5346249e-06  -1.7604419e-06  -1.3977112e-06  -1.2075075e-06  -9.2653994e-07  -8.5831368e-07  -5.0807989e-07  -4.2810882e-07  -2.3723639e-07  -2.3034808e-07  -3.8311714e-07  -2.4096443e-07  -1.3779218e-07  -2.3076366e-07
   0.0000000e+00  -9.0113062e-06  -1.6035759e-05  -1.3279510e-05  -1.0312245e-05  -8.5106312e-06  -7.8630319e-06  -5.6981135e-06  -4.1160429e-06  -2.5243305e-06  -2.1462690e-06  -1.4529294e-06  -1.1802364e-06  -1.2513459e-06  -7.3429578e-07  -7.1752783e-07  -4.6143421e-07  -1.8308565e-07  -3.0899059e-07  -1.9062000e-07  -1.1865807e-07  -4.5921798e-08  -3.0392943e-08
   0.0000000e+00  -9.1447273e-06  -1.5772694e-05  -1.3685298e-05  -1.0446804e-05  -8.8217648e-06  -7.6146102e-06  -6.3176617e-06  -3.5512523e-06  -2.6128050e-06  -1.8119711e-06  -1.4120967e-06  -1.5548578e-06  -1.0462829e-06  -6.8490539e-07  -2.6306509e-07  -2.3579443e-07  -3.0028465e-07  -3.9600042e-08  -6.1210720e-08  -1.6345713e-07  -1.4700062e-07  -4.7559073e-08
   0.0000000e+00  -8.8021143e-06  -1.6802727e-05  -1.3471496e-05  -1.0447133e-05  -8.3618352e-06  -7.6262895e-06  -5.8999130e-06  -4.1178332e-06  -2.5216279e-06  -1.6025009e-06  -1.3742032e-06  -9.0829496e-07  -7.3049392e-07  -7.7394651e-07  -6.2000532e-07  -2.8329845e-07  -2.1350257e-07  -1.1580472e-07   1.0161384e-07   3.7083865e-09  -6.2959138e-08  -3.6373756e-08
   0.0000000e+00  -9.3819035e-06  -1.5940319e-05  -1.3785058e-05  -1.0068215e-05  -8.5044458e-06  -8.1676917e-06  -6.3077277e-06  -3.4001866e-06  -2.4798671e-06  -1.6572112e-06  -1.3564447e-06  -1.1231184e-06  -9.9790941e-07  -5.7415718e-07  -5.1127648e-07  -2.0169121e-07  -1.6279910e-07   5.4198114e-08  -7.3687656e-09  -7.0626847e-08  -7.2000397e-08  -8.7149568e-09
   0.0000000e+00  -8.8015613e-06  -1.5932144e-05  -1.3344998e-05  -1.0306324e-05  -8.5933289e-06  -7.7546474e-06  -5.3331696e-06  -4.0115674e-06  -2.4644637e-06  -2.0038033e-06  -1.4427225e-06  -1.0549717e-06  -7.4100075e-07  -6.4331101e-07  -2.3964725e-07  -3.9058324e-07  -1.2095884e-07   1.9724716e-08  -3.2851679e-07  -1.9957440e-07   1.8750517e-07   6.1538927e-08
   0.0000000e+00  -9.0692311e-06  -1.5722406e-05  -1.3600740e-05  -1.0239192e-05  -8.3552841e-06  -7.2814714e-06  -5.9688705e-06  -3.6422450e-06  -2.1584085e-06  -1.6183942e-06  -1.4432064e-06  -1.1661760e-06  -1.0587189e-06  -5.5982088e-07  -4.9998187e-07  -2.0109580e-07  -2.3398952e-07  -3.8162651e-07  -1.6306812e-08   1.9767070e-07  -1.7086725e-08   1.9346497e-07
   0.0000000e+00  -8.7565304e-06  -1.6432288e-05  -1.3383966e-05  -9.9551207e-06  -8.2964571e-06  -7.7567729e-06  -5.6159256e-06  -3.7565317e-06  -2.6832270e-06  -1.8087301e-06  -1.2437245e-06  -1.0599722e-06  -5.9811953e-07  -6.0059642e-07  -3.5639781e-07  -1.2773242e-07  -2.1550907e-08   8.3258008e-08  -1.0714177e-07  -1.9723447e-07   1.0200263e-08   5.6398690e-08
   0.0000000e+00  -8.7588714e-06  -1.5528716e-05  -1.3348214e-05  -9.8834034e-06  -8.2301531e-06  -7.3958313e-06  -5.8290757e-06  -3.4349803e-06  -2.3512737e-06  -1.6585795e-06  -1.2256023e-06  -1.0758783e-06  -9.0210807e-07  -5.1883251e-07  -2.5385842e-07  -1.9140208e-07  -8.8447059e-08  -1.8119097e-07   1.3076423e-08   1.8473069e-07   3.4775246e-07   4.3195092e-07
   0.0000000e+00  -8.8570987e-06  -1.6211623e-05  -1.3129476e-05  -1.0290905e-05  -8.1783410e-06  -7.5384983e-06  -5.6342005e-06  -3.9034680e-06  -2.6433522e-06  -1.7318248e-06  -1.2391014e-06  -1.0190666e-06  -7.7060474e-07  -7.2366470e-07  -3.9909406e-07  -4.1877155e-07  -3.9886436e-07  -2.0305738e-07  -1.4630358e-07  -7.0430332e-08  -7.1847550e-09  -9.5928627e-08
