   0.0000000e+00  -3.8623443e-06  -8.1141852e-06  -9.1574884e-06  -7.6596698e-06  -7.0590031e-06  -6.5264571e-06  -5.1863581e-06  -3.4373936e-06  -1.9746599e-06  -1.6229814e-06  -1.3677745e-06  -8.5083695e-07  -7.7620325e-07  -4.6427289e-07  -5.8882574e-07  -4.0917683e-07  -2.2084913e-07  -2.0047045e-07  -1.9761373e-07  -6.0067038e-08  -1.6337744e-07  -1.8174704e-07
   0.0000000e+00  -4.0409764e-06  -8.2116567e-06  -8.4510739e-06  -7.5307271e-06  -7.0715028e-06  -6.8596150e-06  -5.0398885e-06  -3.4383797e-06  -2.1907013e-06  -1.5652823e-06  -1.0661413e-06  -1.0169455e-06  -8.4431508e-07  -7.4310952e-07  -2.6677262e-07  -3.9033938e-07  -2.1647479e-07  -2.9510858e-07  -1.1368530e-07  -1.5701252e-07  -2.2891494e-07  -2.1573770e-07
   0.0000000e+00  -3.8580120e-06  -8.2156148e-06  -9.1933407e-06  -7.7000541e-06  -7.0590622e-06  -6.6856583e-06  -5.1845441e-06  -3.0309427e-06  -2.5102142e-06  -1.7239753e-06  -1.3138045e-06  -1.0765292e-06  -7.1101817e-07  -6.0748619e-07  -6.7822708e-07  -1.7185030e-07  -2.0861313e-07  -1.6027674e-07  -1.7093676e-07  -2.7066505e-07  -9.6741118e-08  -3.4425053e-08
   0.0000000e+00  -3.6557410e-06  -8.5022348e-06  -8.3992727e-06  -7.7511459e-06  -6.9558059e-06  -6.5573513e-06  -5.3651784e-06  -3.6028980e-06  -2.0524412e-06  -1.4422130e-06  -1.3157893e-06  -1.1049069e-06  -9.1878860e-07  -7.0809944e-07  -3.4682120e-07  -3.2658036e-07  -3.5087626e-07  -2.7459353e-07  -8.5704130e-08  -5.2392618e-08  -1.2089818e-07  -1.2054326e-07
   0.0000000e+00  -3.6714259e-06  -7.8784251e-06  -8.8284005e-06  -7.6059314e-06  -7.0237284e-06  -6.7772007e-06  -5.2455171e-06  -3.5331418e-06  -2.4284807e-06  -1.8726242e-06  -1.2773390e-06  -8.6968163e-07  -6.9719653e-07  -5.1344114e-07  -5.1015877e-07  -2.4262525e-07  -1.5872840e-07  -1.3999888e-08  -2.1931612e-07  -1.7440935e-07   4.3783924e-08   4.0218776e-08
   0.0000000e+00  -4.0518498e-06  -8.4064268e-06  -8.8599081e-06  -7.8070698e-06  -7.2942648e-06  -6.7437641e-06  -4.8637826e-06  -3.2558642e-06  -2.0409973e-06  -1.5738030e-06  -1.2658955e-06  -1.1022134e-06  -1.0151210e-06  -4.6231690e-07  -3.2813267e-07  -3.5181804e-07  -2.1267321e-07  -2.0354614e-07  -6.1938827e-08   3.5251546e-09  -7.4482919e-08  -1.8223838e-07
   0.0000000e+00  -3.9053789e-06  -7.9478305e-06  -8.7397875e-06  -7.5342873e-06  -6.7940168e-06  -6.9575203e-06  -5.6331337e-06  -3.6498129e-06  -2.6373586e-06  -1.5999352e-06  -1.1931728e-06  -7.8907277e-07  -6.2349574e-07  -6.3620917e-07  -5.4020751e-07  -1.0896538e-07  -1.9622914e-07  -9.6155990e-09  -1.5185051e-07  -5.0711371e-08   6.3879703e-08   1.7893335e-07
   0.0000000e+00  -3.4051855e-06  -8.3246441e-06  -8.6639666e-06  -7.6755787e-06  -7.1216523e-06  -6.3642119e-06  -5.0859112e-06  -3.1211453e-06  -1.9626477e-06  -1.6964101e-06  -1.3772016e-06  -1.1433606e-06  -6.9065402e-07  -5.7664533e-07  -2.4308031e-07  -2.1747957e-07  -1.9385591e-07  -1.3951710e-07   1.7713409e-08   5.8813168e-08   9.0918874e-08   1.8745973e-07
   0.0000000e+00  -3.9388792e-06  -8.3982386e-06  -9.0380117e-06  -7.7650411e-06  -7.5226149e-06  -7.0077540e-06  -5.3901258e-06  -3.7511793e-06  -2.5163185e-06  -1.7060318e-06  -1.1504351e-06  -7.4672084e-07  -8.0117280e-07  -6.0756145e-07  -3.4358911e-07  -2.0631950e-07  -1.2735890e-07  -1.6034946e-07  -3.4562103e-08   1.7143895e-08   4.8974378e-08  -1.1439803e-07
   0.0000000e+00  -3.7371974e-06  -8.0570153e-06  -8.7332246e-06  -7.7949207e-06  -6.6412385e-06  -6.8236091e-06  -5.0045292e-06  -3.2875753e-06  -2.3100151e-06  -1.6575955e-06  -1.1935115e-06  -1.2440685e-06  -6.4606530e-07  -4.3461642e-07  -3.7461240e-07  -4.1525419e-07  -2.1858017e-07  -1.4871735e-07  -3.3835835e-07  -2.3658299e-07  -1.6669659e-07  -8.3683140e-08
   0.0000000e+00  -4.1921921e-06  -8.3419391e-06  -8.7181124e-06  -7.9587735e-06  -7.4569416e-06  -6.7834540e-06  -5.5122123e-06  -3.7185607e-06  -2.0397124e-06  -1.7009187e-06  -1.4389698e-06  -7.7489523e-07  -8.7718939e-07  -6.5180569e-07  -3.6902244e-07  -3.7477830e-07  -2.9326409e-07  -3.8208498e-07  -2.5965218e-07  -1.4859003e-07  -2.9062875e-07  -2.5927997e-07
   0.0000000e+00  -3.6357005e-06  -8.3784935e-06  -9.1478632e-06  -7.8942821e-06  -7.0238589e-06  -6.9243479e-06  -5.4155403e-06  -3.1609916e-06  -2.6614498e-06  -1.6599461e-06  -1.1524054e-06  -9.8260148e-07  -8.2152894e-07  -6.4779056e-07  -4.6579530e-07  -2.6648013e-07  -2.6955504e-07  -2.9551015e-07  -1.0363947e-07  -1.3750795e-07  -5.2403770e-08  -2.8279286e-08
   0.0000000e+00  -3.9451388e-06  -8.4964104e-06  -9.0308049e-06  -7.6125671e-06  -7.4399809e-06  -6.6085772e-06  -4.9519349e-06  -3.3223932e-06  -2.0874240e-06  -1.4975096e-06  -1.2510548e-06  -1.2147505e-06  -7.8518923e-07  -5.0674026e-07  -4.6576224e-07  -3.4726244e-07  -2.5701635e-07   3.5807275e-08  -2.6834392e-08   5.0587385e-08   8.2855898e-08   2.2172847e-07
   0.0000000e+00  -3.9229958e-06  -8.1106000e-06  -9.1852644e-06  -7.9490801e-06  -7.3309916e-06  -7.2816065e-06  -5.5012310e-06  -3.7461400e-06  -2.3726593e-06  -1.6401176e-06  -1.0859482e-06  -7.7932049e-07  -7.1789844e-07  -6.0544988e-07  -4.6399359e-07  -1.4521059e-07  -1.3433019e-07  -1.9219503e-07  -5.5854009e-08  -2.6192291e-08   3.2871316e-08  -2.1620217e-08
   0.0000000e+00  -4.4806952e-06  -8.7405406e-06  -8.6243135e-06  -8.0517775e-06  -7.0253495e-06  -6.3600455e-06  -4.7740969e-06  -3.0613933e-06  -1.7815631e-06  -1.6420598e-06  -1.2938600e-06  -8.6906772e-07  -6.7808406e-07  -4.7791679e-07  -2.3076369e-07  -2.8479010e-07  -2.6144025e-07  -1.9206322e-08  -4.4761027e-08  -1.3324669e-08  -3.4297589e-08  -4.9950746e-08
   0.0000000e+00  -3.5723028e-06  -8.5926586e-06  -9.0818512e-06  -7.9722422e-06  -7.1533377e-06  -6.9067564e-06  -5.6985791e-06  -3.7638576e-06  -2.3475845e-06  -1.5124298e-06  -1.0178488e-06  -8.5518099e-07  -7.2526080e-07  -4.3453093e-07  -5.1719070e-07  -3.7036213e-07  -9.1315073e-08  -1.4287261e-07  -2.3951060e-07  -2.9925764e-07  -2.9314352e-08   5.2705587e-08
   0.0000000e+00  -4.1595190e-06  -8.1262724e-06  -9.2280288e-06  -7.6662409e-06  -7.3432670e-06  -6.7512392e-06  -4.7728963e-06  -2.7281221e-06  -2.2384693e-06  -1.3297230e-06  -1.2063442e-06  -9.5565281e-07  -6.0450134e-07  -5.9303699e-07  -1.8793145e-07  -1.4753505e-07  -3.0163909e-07  -4.0842514e-07  -2.3223556e-07   1.6003024e-07  -1.8076594e-07  -1.6121565e-07
   0.0000000e+00  -4.0924710e-06  -8.4943140e-06  -8.9191963e-06  -7.8781613e-06  -6.9189196e-06  -6.6599305e-06  -5.2610853e-06  -3.4332954e-06  -2.2762956e-06  -1.7340609e-06  -1.0043514e-06  -6.4210275e-07  -6.9903922e-07  -5.8612045e-07  -4.4106150e-07  -3.2272189e-07  -1.1887179e-07  -2.2755147e-07  -5.8141616e-08  -2.7671507e-07  -7.4240326e-08   4.8912980e-08
   0.0000000e+00  -4.0527207e-06  -8.4390740e-06  -8.9317318e-06  -7.6684655e-06  -7.0256033e-06  -6.8310710e-06  -5.0654426e-06  -3.3543552e-06  -1.6552051e-06  -1.3086762e-06  -1.1519794e-06  -1.2071791e-06  -7.9612448e-07  -4.4933995e-07  -2.1391800e-07  -2.8803322e-07  -4.4155158e-07  -1.8804522e-07  -1.2827451e-07  -1.0844695e-07  -2.2411163e-07  -1.1124641e-07
   0.0000000e+00  -3.7856603e-06  -8.7033268e-06  -8.5353076e-06  -7.8885778e-06  -7.2060557e-06  -6.3664047e-06  -4.9030950e-06  -3.4570628e-06  -2.4910316e-06  -1.8503991e-06  -1.2158260e-06  -6.4691102e-07  -7.2024596e-07  -5.5422032e-07  -6.3220432e-07  -3.9516195e-07  -1.0446357e-07  -1.7742175e-07  -2.8171871e-07  -2.4506090e-07  -1.2088915e-07  -6.1418028e-08
   0.0000000e+00  -4.1086078e-06  -7.8370358e-06  -9.2872515e-06  -7.5225066e-06  -7.0350743e-06  -6.7547016e-06  -5.2888213e-06  -3.0990841e-06  -2.0626842e-06  -1.2571368e-06  -1.0705523e-06  -1.3184728e-06  -9.1343679e-07  -6.5180700e-07  -3.9750819e-07  -2.5569585e-07  -3.6045927e-07  -3.2146031e-07  -1.8482112e-07  -1.8002913e-07  -1.8175847e-07  -3.1558022e-07
   0.0000000e+00  -4.0462037e-06  -8.2300558e-06  -8.6607324e-06  -7.6374063e-06  -6.8810923e-06  -6.6202069e-06  -5.2512892e-06  -3.2873147e-06  -2.3380560e-06  -1.7245327e-06  -1.5055224e-06  -8.7503327e-07  -7.4136102e-07  -7.0938688e-07  -5.9510234e-07  -4.9619928e-07  -4.1257402e-07  -2.0765521e-07  -2.6507766e-07  -3.9259919e-07  -1.1509915e-07   7.0451215e-08
   0.0000000e+00  -3.4622103e-06  -8.6405998e-06  -8.6673244e-06  -7.7573595e-06  -7.0177880e-06  -6.5837708e-06  -4.7911908e-06  -3.1807631e-06  -2.2651232e-06  -1.6238553e-06  -1.2564044e-06  -9.8680073e-07  -9.0827575e-07  -7.3203944e-07  -3.9858514e-07  -2.7503489e-07  -4.6614852e-07  -4.1882765e-07  -3.1788670e-07  -5.4061161e-08  -1.6381971e-07  -1.5792121e-07
   0.0000000e+00  -4.1150865e-06  -8.2675051e-06  -8.7416547e-06  -7.6497799e-06  -6.9115190e-06  -6.8526792e-06  -5.2922869e-06  -3.7128229e-06  -2.0022503e-06  -1.7190783e-06  -1.1500655e-06  -1.1551411e-06  -8.7320370e-07  -5.2028184e-07  -6.5549966e-07  -5.6442855e-07  -2.3111683e-07  -3.0148840e-07  -3.4472984e-07  -3.1151339e-07   3.4514041e-08   1.6631871e-07
   0.0000000e+00  -4.1251456e-06  -7.8800767e-06  -8.8453444e-06  -7.5230137e-06  -7.1209679e-06  -6.3721463e-06  -4.9643836e-06  -3.1583756e-06  -2.2626084e-06  -1.6302546e-06  -1.2804471e-06  -1.0502312e-06  -9.1943122e-07  -7.7622980e-07  -4.0907523e-07  -4.6375379e-07  -3.5853105e-07  -3.0863075e-07  -1.5199339e-07   8.4364586e-08   7.5747096e-08   4.0412935e-08
   0.0000000e+00  -3.2442447e-06  -8.1808357e-06  -8.9922823e-06  -7.8290259e-06  -7.0458027e-06  -6.6645384e-06  -5.1781913e-06  -3.2792775e-06  -2.4398094e-06  -1.6556387e-06  -1.3653843e-06  -9.4095122e-07  -7.6383805e-07  -6.9809994e-07  -5.1935785e-07  -2.8384463e-07  -2.7405156e-07  -2.3504788e-07  -7.6659241e-08   2.9398679e-08  -5.7942092e-08   1.5509599e-07
   0.0000000e+00  -4.0151626e-06  -8.6508580e-06  -8.4427211e-06  -7.5378780e-06  -7.1848776e-06  -6.6707762e-06  -5.2219502e-06  -3.4489849e-06  -2.0011885e-06  -1.4183022e-06  -1.2647675e-06  -9.8124337e-07  -7.7442837e-07  -5.6679266e-07  -2.8285422e-07  -4.3373802e-07  -3.2688988e-07  -1.3545873e-07  -2.6060812e-08  -1.2916169e-07   1.1583236e-07   1.2218878e-07
   0.0000000e+00  -3.8202143e-06  -8.1309645e-06  -8.8347097e-06  -7.8050871e-06  -6.5959666e-06  -6.8260597e-06  -5.1470734e-06  -3.1748834e-06  -2.3889665e-06  -1.7173747e-06  -1.0196792e-06  -8.5757915e-07  -6.8555477e-07  -4.9939780e-07  -4.9004421e-07  -2.7610889e-07  -9.0353232e-08  -2.5718938e-07  -1.9406033e-07  -2.4006866e-08  -1.1183595e-07  -1.4813645e-07
   0.0000000e+00  -4.0361933e-06  -7.8085677e-06  -9.0304811e-06  -7.6712886e-06  -7.3771503e-06  -6.5209306e-06  -4.9640535e-06  -3.5787916e-06  -1.9358272e-06  -1.6812488e-06  -1.1405962e-06  -9.5281052e-07  -9.0252240e-07  -4.8220818e-07  -4.2206881e-07  -2.6358970e-07  -3.1190700e-07  -1.4180146e-07  -1.6094306e-07  -1.2824799e-07  -7.2412121e-08  -1.9963407e-07
   0.0000000e+00  -3.3578356e-06  -8.2835504e-06  -8.8390434e-06  -7.7521054e-06  -6.9527973e-06  -6.8029399e-06  -5.3663648e-06  -3.3645410e-06  -2.4506708e-06  -1.5462083e-06  -1.1436966e-06  -1.1452747e-06  -6.5827311e-07  -6.7828364e-07  -5.6657456e-07  -4.1045476e-07  -2.5166557e-07  -1.7880767e-07  -6.1698074e-08  -2.0380278e-07  -1.4865567e-07   1.7092370e-08
   0.0000000e+00  -3.9663023e-06  -8.8924771e-06  -8.3832310e-06  -7.5994194e-06  -7.2451016e-06  -6.5915619e-06  -5.0953067e-06  -3.1660536e-06  -2.1647011e-06  -1.3989747e-06  -1.5348512e-06  -8.7546937e-07  -8.4833027e-07  -8.3305213e-07  -4.6256741e-07  -2.7920575e-07  -3.7775874e-07  -2.0174809e-07  -1.7203958e-07  -7.0731772e-08  -1.6575402e-08  -1.8696305e-07
   0.0000000e+00  -3.9622582e-06  -7.7217401e-06  -9.1288948e-06  -7.8703133e-06  -6.9594985e-06  -7.0249703e-06  -5.4194884e-06  -3.4752725e-06  -2.4514868e-06  -1.8094614e-06  -1.1267914e-06  -1.0182322e-06  -1.0002907e-06  -7.1072924e-07  -7.0159660e-07  -4.5692886e-07  -3.2233800e-07  -2.9252826e-07  -2.7331677e-07  -2.2699530e-07  -2.3239488e-07   1.3834922e-09
   0.0000000e+00  -3.6384265e-06  -8.1679627e-06  -9.0072181e-06  -7.6600081e-06  -7.0890233e-06  -6.5441409e-06  -4.8302409e-06  -3.4133727e-06  -2.0050379e-06  -1.6239575e-06  -1.4858213e-06  -1.2329422e-06  -1.1138154e-06  -7.1551437e-07  -4.3734195e-07  -5.9833502e-07  -3.7237928e-07  -2.5673859e-07  -3.1892463e-07  -2.2959985e-07  -1.7374211e-07  -2.5243460e-07
   0.0000000e+00  -3.9711485e-06  -8.4895828e-06  -8.7882381e-06  -7.8747144e-06  -7.4680352e-06  -6.8376048e-06  -5.5158507e-06  -3.5983740e-06  -2.3999171e-06  -1.9151616e-06  -1.1099218e-06  -1.0431269e-06  -9.1375148e-07  -8.0531572e-07  -6.8511036e-07  -2.9300514e-07  -2.6268154e-07  -4.6996598e-07  -2.1196679e-07  -2.5695203e-07  -1.7061727e-07  -1.0617782e-08
   0.0000000e+00  -3.8110081e-06  -8.4050180e-06  -8.6091140e-06  -7.8270159e-06  -6.9728312e-06  -6.6082089e-06  -4.9147206e-06  -3.1879626e-06  -2.0844477e-06  -1.4841202e-06  -1.5100245e-06  -1.1971730e-06  -7.3285798e-07  -6.3831703e-07  -4.2423633e-07  -3.3856239e-07  -4.5017759e-07  -1.7327069e-07  -1.4274893e-07  -4.5594021e-08  -9.1002555e-08  -2.9228778e-08
   0.0000000e+00  -3.7409311e-06  -8.2467441e-06  -9.1549846e-06  -7.8770690e-06  -6.9118582e-06  -6.7620663e-06  -5.5822470e-06  -3.3507081e-06  -2.6068558e-06  -1.7064500e-06  -1.1242341e-06  -9.7382394e-07  -6.2953632e-07  -6.6934592e-07  -4.1375390e-07  -4.5991138e-07  -7.7247975e-08  -4.7863519e-08  -1.7087393e-07  -2.2330403e-07   1.9070409e-08   1.2916041e-08
   0.0000000e+00  -4.0699629e-06  -8.2773895e-06  -9.1378124e-06  -7.5340799e-06  -7.2122234e-06  -6.9906628e-06  -4.7867543e-06  -3.2818079e-06  -2.0485959e-06  -1.4912430e-06  -1.1809249e-06  -7.9643138e-07  -1.0304442e-06  -5.4797016e-07  -3.6952898e-07  -2.0364705e-07  -3.9419868e-07  -3.6077122e-07  -1.8508645e-07   3.3953217e-08   7.0453793e-10  -1.7380479e-07
   0.0000000e+00  -3.8649700e-06  -8.3544337e-06  -8.5718602e-06  -7.8232652e-06  -7.2428943e-06  -6.2704812e-06  -5.1040442e-06  -3.6428848e-06  -2.1300677e-06  -1.7964794e-06  -1.2766709e-06  -8.6939116e-07  -6.1453653e-07  -6.1025457e-07  -5.6554870e-07  -4.8367673e-07  -2.8589619e-07  -1.5574794e-07  -2.2777247e-07  -2.5766198e-07  -2.1334054e-07   1.1707971e-07
   0.0000000e+00  -3.6848121e-06  -8.3471659e-06  -8.9404894e-06  -7.9984493e-06  -6.9025914e-06  -6.6866701e-06  -5.4795596e-06  -3.2707198e-06  -2.0668788e-06  -1.4660856e-06  -1.1741239e-06  -1.1307210e-06  -9.6814063e-07  -5.9538723e-07  -5.6732688e-07  -3.1325715e-07  -3.8595013e-07  -3.6378927e-07  -1.1684917e-07  -9.7881681e-08  -1.1664185e-07  -1.9359881e-07
   0.0000000e+00  -4.2788970e-06  -8.2801771e-06  -8.9891892e-06  -7.4145396e-06  -6.8219883e-06  -6.8472737e-06  -4.7666867e-06  -3.0657081e-06  -2.4009119e-06  -1.7256550e-06  -1.1445028e-06  -9.3156308e-07  -8.0358643e-07  -6.7430875e-07  -5.4986526e-07  -3.3769186e-07  -2.1572987e-07  -1.3314879e-07  -2.4361009e-07  -1.5959408e-07  -7.0401327e-08  -6.0970052e-08
   0.0000000e+00  -3.6650408e-06  -8.4221574e-06  -8.7931467e-06  -7.7324867e-06  -7.1787749e-06  -6.7221636e-06  -5.2939181e-06  -3.2960590e-06  -2.2752236e-06  -1.4340824e-06  -1.2416183e-06  -1.1070530e-06  -7.5430717e-07  -6.5184440e-07  -3.9660893e-07  -3.9080814e-07  -2.5618667e-07  -7.3058565e-08  -4.1236255e-08   1.6134107e-08   5.2987136e-08   1.3746786e-07
   0.0000000e+00  -3.7686241e-06  -8.3366722e-06  -8.8376828e-06  -7.7028908e-06  -7.3057977e-06  -6.2817412e-06  -4.9902515e-06  -3.6119698e-06  -1.9861391e-06  -1.6069333e-06  -1.3304709e-06  -9.4380528e-07  -8.1135556e-07  -7.9650579e-07  -3.8788130e-07  -3.8528341e-07  -1.8829594e-07  -1.0084789e-07  -8.1061387e-08   9.9166726e-08   1.1429195e-07   1.6075482e-07
   0.0000000e+00  -4.1226499e-06  -8.1032895e-06  -8.7513690e-06  -7.8788908e-06  -6.5102486e-06  -6.7020401e-06  -5.1581578e-06  -3.1506133e-06  -2.2464642e-06  -1.7871218e-06  -1.1729037e-06  -9.2624595e-07  -8.6171474e-07  -6.3417991e-07  -5.2393722e-07  -3.6402685e-07  -1.6562620e-07  -1.9908170e-07  -3.7627668e-08  -6.7313522e-08   4.3412960e-08   1.0017805e-07
   0.0000000e+00  -4.0767013e-06  -8.5512429e-06  -8.9307159e-06  -7.4873437e-06  -7.3528877e-06  -7.0510318e-06  -5.3348599e-06  -3.1704526e-06  -2.3097593e-06  -1.5207028e-06  -1.0675844e-06  -1.2745544e-06  -8.9806304e-07  -5.7996135e-07  -4.0527564e-07  -1.9037032e-07  -1.9240254e-07  -7.3953409e-08  -8.3788038e-08   5.9843572e-08   3.0468698e-08   2.2134800e-07
   0.0000000e+00  -3.8234634e-06  -8.2262086e-06  -8.9702980e-06  -7.6251540e-06  -7.0638680e-06  -6.4137380e-06  -4.8690254e-06  -3.5556534e-06  -2.2290508e-06  -1.6563406e-06  -1.5177271e-06  -8.3825080e-07  -7.3516662e-07  -4.9709155e-07  -4.5006766e-07  -1.5031513e-07   2.7208156e-08  -4.1287535e-08   1.5942761e-07   6.8273870e-08   1.5516744e-07   2.8461329e-07
   0.0000000e+00  -3.6938286e-06  -8.3752975e-06  -8.6170567e-06  -8.0515265e-06  -7.0917031e-06  -6.6275225e-06  -5.4305065e-06  -3.4746124e-06  -2.2161910e-06  -1.4401963e-06  -1.3234575e-06  -8.0731115e-07  -6.9078317e-07  -4.9017495e-07  -1.4952508e-07  -3.6561392e-08  -2.1235195e-07   4.8512074e-08   3.6687069e-08   6.9231291e-08   1.7831751e-07   2.4374046e-08
   0.0000000e+00  -4.1866292e-06  -8.4707890e-06  -9.0485973e-06  -7.5971730e-06  -7.1241293e-06  -7.0324959e-06  -5.1166744e-06  -3.3094805e-06  -2.3530479e-06  -1.8436897e-06  -1.0587408e-06  -1.0029564e-06  -7.6801058e-07  -3.2851355e-07  -2.6506137e-07  -3.3837046e-07  -1.4250541e-07   1.2132186e-08  -1.6083101e-07  -1.7447294e-07  -1.3711063e-07  -6.8350818e-09
   0.0000000e+00  -4.2140005e-06  -8.1553935e-06  -8.8915403e-06  -7.7493160e-06  -6.9027046e-06  -6.7071583e-06  -5.2111550e-06  -3.4631255e-06  -2.5382378e-06  -1.6646758e-06  -1.1095319e-06  -9.8674172e-07  -7.4444074e-07  -6.4207774e-07  -4.8542478e-07  -2.1678447e-07  -1.3683557e-07  -2.5339523e-07  -2.5111447e-07  -9.3306788e-08  -5.4043550e-08  -2.9973097e-07
   0.0000000e+00  -3.6387012e-06  -8.2712068e-06  -8.7681428e-06  -7.9363826e-06  -7.4120112e-06  -6.6155321e-06  -5.4364141e-06  -3.5270489e-06  -2.0644895e-06  -1.7275651e-06  -1.4170923e-06  -1.1720414e-06  -5.5562356e-07  -6.7785572e-07  -4.2697408e-07  -2.5007222e-07  -3.4698471e-07  -1.8235205e-07  -1.5681265e-07  -1.5545173e-07  -1.4504471e-07  -7.4071291e-09
   0.0000000e+00  -3.6530480e-06  -8.3238874e-06  -9.0360900e-06  -7.5370826e-06  -7.0201281e-06  -6.7951482e-06  -5.0414155e-06  -3.6137815e-06  -2.2802537e-06  -1.6603653e-06  -1.4681376e-06  -8.6196076e-07  -1.0210101e-06  -7.1903054e-07  -3.9982291e-07  -5.2039559e-07  -3.5985855e-07  -3.1553517e-07  -2.9481453e-07  -2.8210286e-07  -1.6466208e-07  -8.2763009e-08
   0.0000000e+00  -4.2178176e-06  -8.5578904e-06  -8.7327971e-06  -7.7628820e-06  -6.9121756e-06  -6.8258746e-06  -5.2562709e-06  -3.3125034e-06  -2.5718900e-06  -1.6566464e-06  -1.0660285e-06  -1.0529460e-06  -9.4021698e-07  -6.0754434e-07  -4.7011875e-07  -5.2425571e-07  -2.5239882e-07  -3.3568412e-07  -2.9343457e-07  -7.4277850e-08  -2.1733783e-07  -2.2334574e-07
   0.0000000e+00  -3.6212043e-06  -7.9811498e-06  -8.7783783e-06  -7.7709074e-06  -7.2632342e-06  -6.5700788e-06  -5.3816138e-06  -3.4190221e-06  -1.9968943e-06  -1.5676757e-06  -1.3021145e-06  -1.0377596e-06  -7.5274107e-07  -3.8537644e-07  -6.3782443e-07  -4.8873909e-07  -2.4395297e-07  -4.1831788e-07  -2.5889392e-07  -2.7541509e-07  -1.7126855e-07  -2.0795714e-09
   0.0000000e+00  -4.1673597e-06  -8.1600683e-06  -8.8256420e-06  -7.7159539e-06  -7.0083929e-06  -6.8022541e-06  -5.0310241e-06  -3.3036113e-06  -2.2424263e-06  -1.5639727e-06  -1.1834201e-06  -8.7897132e-07  -6.8990232e-07  -8.3175780e-07  -5.0255238e-07  -2.4523624e-07  -4.1524478e-07  -3.5417403e-07  -2.0467348e-07  -2.4536487e-07  -2.4880075e-07  -7.0253066e-08
   0.0000000e+00  -3.4361931e-06  -8.6078635e-06  -8.8311481e-06  -7.6942597e-06  -7.0413430e-06  -6.6751745e-06  -5.2649120e-06  -3.3651008e-06  -2.1740841e-06  -1.6285090e-06  -1.1029645e-06  -8.4468599e-07  -7.9969459e-07  -7.0240463e-07  -5.2817057e-07  -3.1275763e-07  -3.7870518e-07  -2.1875798e-07  -1.4808259e-07  -3.0836961e-07  -1.4750520e-07  -1.9906348e-07
   0.0000000e+00  -3.9667952e-06  -7.9652455e-06  -8.9474133e-06  -7.6914957e-06  -7.1050677e-06  -6.9762186e-06  -5.0921722e-06  -3.3930330e-06  -2.0583545e-06  -1.3755199e-06  -1.1547993e-06  -1.2013652e-06  -7.4977589e-07  -6.3406571e-07  -4.7814092e-07  -5.1830210e-07  -2.8674285e-07  -1.6135044e-07  -2.9273735e-07  -9.6943324e-08  -1.0170569e-07  -1.3306496e-07
   0.0000000e+00  -3.9870902e-06  -8.1779372e-06  -8.7380195e-06  -7.9477832e-06  -6.9620032e-06  -6.3314924e-06  -5.2325800e-06  -3.1545494e-06  -2.1689818e-06  -1.7718211e-06  -1.1788294e-06  -8.9340926e-07  -1.0161763e-06  -7.4235123e-07  -6.3019098e-07  -4.5954374e-07  -3.8789901e-07  -3.3407073e-07  -3.1541401e-07  -1.0475983e-07  -2.0084169e-08  -7.3457045e-08
   0.0000000e+00  -3.6706672e-06  -8.8016996e-06  -8.7511253e-06  -7.3381002e-06  -7.4768486e-06  -6.8476161e-06  -5.0902254e-06  -3.4172790e-06  -2.3023526e-06  -1.4802675e-06  -1.4519616e-06  -1.0291976e-06  -7.6663628e-07  -8.2331150e-07  -6.0937390e-07  -4.5008025e-07  -4.2812988e-07  -2.5839796e-07  -1.3044661e-07  -1.4816938e-07  -3.5723986e-08   1.6871573e-07
   0.0000000e+00  -3.9922315e-06  -7.7971717e-06  -8.9648720e-06  -7.9902320e-06  -6.8399604e-06  -6.8606114e-06  -5.3344675e-06  -3.3410577e-06  -2.2163488e-06  -1.6761211e-06  -1.3028845e-06  -1.0644743e-06  -1.0691906e-06  -5.5078669e-07  -5.5289445e-07  -3.4066855e-07  -2.8319403e-07  -3.1999377e-07  -6.0167736e-08  -1.4627493e-07  -8.5096348e-09   1.3461154e-07
   0.0000000e+00  -3.7327161e-06  -8.3092746e-06  -8.9411515e-06  -7.8018611e-06  -6.9403177e-06  -6.6337375e-06  -4.9226724e-06  -3.4596133e-06  -2.3985299e-06  -1.6471607e-06  -1.2104871e-06  -1.1816710e-06  -8.7677046e-07  -7.6000003e-07  -5.0763367e-07  -2.9155183e-07  -3.1103642e-07  -1.6622855e-07  -1.4262781e-07   9.4390757e-08   4.3846789e-08  -6.1527480e-08
   0.0000000e+00  -4.1139765e-06  -8.5110842e-06  -8.9455652e-06  -7.7860095e-06  -7.2223002e-06  -6.7987435e-06  -5.5770238e-06  -3.3004162e-06  -2.1097983e-06  -1.7109255e-06  -1.2863386e-06  -9.7442603e-07  -8.0649426e-07  -5.9283281e-07  -5.5119409e-07  -5.3439851e-07  -1.2189756e-08  -1.0631591e-07  -4.6236984e-08   4.2581174e-08   1.3858102e-08   1.6385913e-07
   0.0000000e+00  -4.0866794e-06  -8.6493228e-06  -8.5463889e-06  -7.5208250e-06  -7.4616109e-06  -6.8498821e-06  -5.0030949e-06  -3.6020590e-06  -2.2429831e-06  -1.5607167e-06  -1.3561662e-06  -1.0723285e-06  -7.7147581e-07  -7.2622316e-07  -2.5137925e-07  -1.7383054e-07  -2.7422487e-07   2.6194092e-08  -6.8973279e-08  -3.3387352e-08   1.4407755e-07   7.0433394e-08
   0.0000000e+00  -3.2620198e-06  -7.9929259e-06  -9.2085866e-06  -8.1178641e-06  -6.8834220e-06  -6.6206480e-06  -5.3263261e-06  -3.2165174e-06  -2.4446854e-06  -1.6532989e-06  -1.1540393e-06  -9.7377028e-07  -8.0312367e-07  -7.3382620e-07  -4.6920076e-07  -2.0812270e-07  -1.5408895e-07  -1.4370049e-07   7.4885733e-08   5.6952612e-08  -3.0019162e-08   1.4072265e-07
   0.0000000e+00  -4.7596236e-06  -8.2082570e-06  -9.0812600e-06  -7.7929071e-06  -7.1792979e-06  -7.0173073e-06  -5.1266920e-06  -3.5612277e-06  -2.0256725e-06  -1.4256752e-06  -1.4080608e-06  -1.1561492e-06  -9.0136183e-07  -6.5558089e-07  -4.3501191e-07  -3.5412580e-07  -2.0247549e-07  -1.0280952e-07  -6.5337311e-08   7.6944218e-08   1.0187252e-07  -1.1612702e-07
   0.0000000e+00  -3.4591478e-06  -8.7763774e-06  -8.7928493e-06  -7.6070701e-06  -7.0916058e-06  -6.7084111e-06  -5.3242129e-06  -3.3044946e-06  -2.2737386e-06  -1.9686224e-06  -1.0963895e-06  -1.0511363e-06  -9.9823683e-07  -5.7895238e-07  -5.6391815e-07  -2.9760696e-07  -1.3014288e-07  -1.2834276e-07  -1.6282952e-07  -1.0221179e-07  -5.3255416e-08  -9.2359592e-08
   0.0000000e+00  -3.9452761e-06  -8.2480319e-06  -8.6712553e-06  -8.0111440e-06  -7.6619144e-06  -6.5019221e-06  -5.1573111e-06  -3.2229025e-06  -2.0350637e-06  -1.6020330e-06  -1.4449274e-06  -9.4076267e-07  -1.0684616e-06  -5.9087631e-07  -3.6776038e-07  -2.6875404e-07  -2.2674821e-07  -2.4486928e-07  -2.6568303e-08  -1.2363815e-07  -1.8339398e-07  -1.5156534e-08
   0.0000000e+00  -4.0410514e-06  -8.0079317e-06  -9.2119380e-06  -7.8920875e-06  -6.6426028e-06  -7.1315758e-06  -5.1390639e-06  -3.4862958e-06  -2.3612640e-06  -1.3056990e-06  -1.2757531e-06  -1.2454498e-06  -5.3256895e-07  -6.2221631e-07  -3.9953702e-07  -2.1065750e-07  -2.3869322e-07  -2.5981219e-09  -1.2664329e-07  -7.8537077e-08  -1.3963997e-08  -4.1051464e-09
   0.0000000e+00  -3.8419021e-06  -8.7419985e-06  -8.7149283e-06  -7.5682478e-06  -7.0578794e-06  -6.4761816e-06  -4.9722821e-06  -3.1780671e-06  -2.1160470e-06  -1.7010785e-06  -1.3121487e-06  -9.5026132e-07  -8.4515159e-07  -4.6852574e-07  -3.5435903e-07  -9.2432025e-08  -1.1694205e-08  -9.4132993e-08  -6.6591973e-08   6.4343908e-08   1.3574517e-07   9.3780351e-08
   0.0000000e+00  -3.9203919e-06  -7.9987049e-06  -8.9258774e-06  -7.9420561e-06  -7.4067207e-06  -6.7852352e-06  -5.1467414e-06  -3.2520893e-06  -2.3106486e-06  -1.6194256e-06  -9.3538983e-07  -9.6141628e-07  -7.1631479e-07  -6.6089041e-07  -1.5856490e-07  -2.8844960e-07  -1.7388795e-07  -8.4094353e-08  -5.2454624e-08   8.8668536e-08   1.2864118e-08   1.9744711e-07
   0.0000000e+00  -3.6752469e-06  -8.3752857e-06  -8.9389059e-06  -7.3585670e-06  -6.8587647e-06  -6.3888224e-06  -5.2663754e-06  -3.2795429e-06  -1.8290903e-06  -1.7465624e-06  -1.3629649e-06  -9.2961346e-07  -6.6448291e-07  -3.8257360e-07  -3.9642035e-07  -1.9668173e-07  -2.3149551e-07  -1.9635171e-07  -1.0106839e-07  -1.8528439e-07  -7.6090494e-09  -1.1185388e-07
   0.0000000e+00  -4.3690288e-06  -8.4733520e-06  -8.5768625e-06  -7.8192452e-06  -6.9796047e-06  -6.6098892e-06  -5.0718509e-06  -3.5088397e-06  -2.3844195e-06  -1.5749255e-06  -1.3492032e-06  -8.8653752e-07  -7.2299889e-07  -6.0983660e-07  -3.5837823e-07  -3.0733653e-07  -2.2653768e-07  -2.7040343e-07  -1.2878358e-07  -9.4483759e-08  -1.0806867e-07  -3.8077705e-08
   0.0000000e+00  -3.7516952e-06  -7.9222564e-06  -9.0720532e-06  -7.8997509e-06  -7.0205369e-06  -7.1018821e-06  -4.9376645e-06  -3.2585162e-06  -2.6679313e-06  -1.3158869e-06  -1.0756540e-06  -1.1116319e-06  -9.6417307e-07  -5.8106991e-07  -5.6362660e-07  -4.3588500e-07  -3.7287487e-07  -3.3388255e-07  -3.5547376e-07  -2.8051741e-07  -2.3032409e-07  -2.4031726e-07
   0.0000000e+00  -3.4016357e-06  -8.8986144e-06  -8.5638758e-06  -7.4844233e-06  -7.0348888e-06  -6.1788714e-06  -5.3182030e-06  -3.5494049e-06  -1.8142258e-06  -2.0315706e-06  -1.4321184e-06  -1.0603669e-06  -7.6623962e-07  -6.5189749e-07  -5.2649870e-07  -4.7360749e-07  -3.5831158e-07  -2.1999452e-07  -2.6997685e-07  -3.0421390e-07  -1.2009262e-07  -1.5851271e-07
   0.0000000e+00  -4.4546036e-06  -7.8025596e-06  -9.1913262e-06  -7.6734759e-06  -6.8815225e-06  -6.9855378e-06  -5.4716356e-06  -3.2865885e-06  -2.4225578e-06  -1.5233369e-06  -1.3559961e-06  -8.7348940e-07  -8.5626527e-07  -8.2954841e-07  -4.8072991e-07  -3.4287649e-07  -3.4204027e-07  -3.5216155e-07  -2.2644132e-07   4.9445699e-08  -1.4819545e-07  -1.9759507e-07
   0.0000000e+00  -4.1131143e-06  -8.3873128e-06  -8.6065802e-06  -7.7516743e-06  -7.3748806e-06  -6.6871194e-06  -4.6831365e-06  -3.4392810e-06  -2.2491167e-06  -1.8053316e-06  -1.1962253e-06  -1.2555812e-06  -8.4762382e-07  -7.2163073e-07  -6.3151197e-07  -4.6606476e-07  -3.8795724e-07  -2.7136653e-07  -5.8331423e-08  -1.5503710e-07  -5.1853416e-08   1.2026170e-07
   0.0000000e+00  -3.5640285e-06  -8.4607836e-06  -8.8839706e-06  -7.7494178e-06  -6.8633358e-06  -6.7515721e-06  -5.2826367e-06  -3.4285522e-06  -2.4802264e-06  -1.5594869e-06  -1.3177391e-06  -1.1774482e-06  -1.0392938e-06  -7.2674533e-07  -5.2647835e-07  -3.1588050e-07  -2.7344717e-07  -1.3193744e-07  -2.2554198e-07  -1.8724909e-07   8.3859000e-09  -1.3653193e-09
   0.0000000e+00  -3.8541689e-06  -8.4263247e-06  -8.9791311e-06  -7.7203467e-06  -6.8595677e-06  -6.5638087e-06  -5.4411894e-06  -3.4444993e-06  -2.0315724e-06  -1.7238616e-06  -1.5692647e-06  -1.0286503e-06  -8.9590270e-07  -6.3764656e-07  -3.2825577e-07  -3.6208650e-07  -1.9743095e-07  -2.2251066e-07  -9.0766527e-08   2.8072018e-08  -8.7502102e-08  -1.2779911e-07
   0.0000000e+00  -4.3602272e-06  -8.2371271e-06  -8.6655582e-06  -7.7535342e-06  -7.7107597e-06  -6.3537059e-06  -5.1202314e-06  -3.3252945e-06  -2.1968244e-06  -2.0341574e-06  -1.3057626e-06  -9.0312557e-07  -8.6981436e-07  -6.2352154e-07  -5.3398060e-07  -2.7691434e-07  -1.5390516e-07  -3.0248373e-08  -1.3494643e-07  -1.4937100e-07  -6.0504355e-08   9.5283035e-08
   0.0000000e+00  -3.7942416e-06  -8.2287688e-06  -8.9071045e-06  -7.5683593e-06  -6.5516988e-06  -7.4066629e-06  -5.0593808e-06  -3.3545527e-06  -2.6250441e-06  -1.2831169e-06  -1.1143617e-06  -1.3029444e-06  -8.9784965e-07  -5.1998012e-07  -3.0457491e-07  -2.3209937e-07  -2.7726429e-07  -2.7632754e-07  -4.1616964e-08  -1.3949209e-08   7.3526017e-08  -3.6165723e-08
   0.0000000e+00  -4.1201702e-06  -8.3620744e-06  -9.1508546e-06  -7.6580855e-06  -7.1287786e-06  -6.2770059e-06  -5.2498981e-06  -3.5616515e-06  -2.1444976e-06  -1.7809506e-06  -1.4558902e-06  -8.2975163e-07  -5.5347545e-07  -6.8382388e-07  -5.8109401e-07  -2.7437071e-07  -1.3491871e-07  -8.6390656e-08  -1.5666799e-07   4.0648853e-08  -5.5221463e-08   1.1564431e-07
   0.0000000e+00  -3.4364239e-06  -8.5700722e-06  -8.3983359e-06  -8.2009701e-06  -6.9556527e-06  -6.8897648e-06  -5.1920442e-06  -3.3208416e-06  -2.1166852e-06  -1.7824657e-06  -1.0329234e-06  -1.0795134e-06  -8.6524130e-07  -5.7490047e-07  -1.7269677e-07  -2.2643569e-07  -3.3632469e-07  -1.3588478e-07   1.4389415e-08  -9.1388493e-08  -3.2336793e-08  -4.7502972e-08
   0.0000000e+00  -4.6076198e-06  -7.7541608e-06  -8.7199132e-06  -7.1159625e-06  -7.3750584e-06  -6.5478798e-06  -5.3545568e-06  -3.5486362e-06  -2.4812261e-06  -1.4517964e-06  -1.4399168e-06  -8.7848656e-07  -8.1909053e-07  -4.9312422e-07  -3.0540153e-07  -3.9219228e-07  -1.7953751e-07  -9.6640811e-08  -3.3921657e-07  -1.5474014e-07  -9.6047170e-09  -7.7938644e-08
   0.0000000e+00  -3.2409218e-06  -8.6719829e-06  -9.1696857e-06  -7.6225442e-06  -6.8261570e-06  -6.7996630e-06  -5.1720067e-06  -3.3088809e-06  -2.2747679e-06  -1.9862753e-06  -1.3411228e-06  -1.1026021e-06  -6.9259698e-07  -3.4263635e-07  -5.3033062e-07  -1.7742326e-07  -3.7981053e-08  -3.2099976e-07   1.7044131e-08  -1.1799591e-08  -1.0616134e-07   9.5894720e-08
   0.0000000e+00  -4.1880958e-06  -8.0368909e-06  -8.6438386e-06  -7.8807961e-06  -6.9407106e-06  -6.8912159e-06  -5.2889500e-06  -3.4364734e-06  -2.5066108e-06  -1.5057782e-06  -1.3562155e-06  -9.2019013e-07  -6.3386568e-07  -6.1632915e-07  -1.9671101e-07  -3.8911619e-08  -3.1626624e-07  -5.1521010e-09  -8.3369976e-08   3.0761502e-08   5.3394007e-08   7.6489975e-08
   0.0000000e+00  -3.8692233e-06  -8.1343242e-06  -8.2291099e-06  -7.7880086e-06  -7.1869936e-06  -6.3778593e-06  -5.1149445e-06  -3.6782515e-06  -2.1694441e-06  -1.8779535e-06  -1.1768942e-06  -9.2741072e-07  -7.7183017e-07  -3.1631242e-07  -2.9046075e-07  -3.1783142e-07  -9.3116562e-08  -1.1543372e-07   1.0100531e-07  -1.0382328e-07   1.8900242e-07   3.3287131e-07
   0.0000000e+00  -3.8065189e-06  -8.2610413e-06  -9.4349707e-06  -7.2298499e-06  -7.1197605e-06  -6.8551776e-06  -5.4187362e-06  -3.3068500e-06  -2.3059577e-06  -1.6055392e-06  -1.1461696e-06  -9.3394033e-07  -5.5538436e-07  -5.1797139e-07  -3.0353851e-07  -3.1845875e-07  -1.7146145e-07   5.2906177e-08  -9.1102180e-08   2.2198509e-07   1.5575142e-07   4.8256297e-08
   0.0000000e+00  -3.7291425e-06  -8.4233052e-06  -8.5152442e-06  -7.9437723e-06  -6.8140976e-06  -7.1302088e-06  -4.9662899e-06  -3.5492064e-06  -2.3215377e-06  -1.6577649e-06  -1.2312323e-06  -7.7378292e-07  -5.1559260e-07  -5.6507923e-07  -4.1319984e-07  -2.4812800e-07  -5.5599081e-08  -1.5746188e-07  -1.3218897e-07   1.1939974e-10  -4.2312667e-08  -9.7568268e-08
   0.0000000e+00  -4.0373175e-06  -8.0003520e-06  -8.7141989e-06  -7.5240478e-06  -7.2590005e-06  -6.1662208e-06  -5.4579300e-06  -3.1760655e-06  -2.2962042e-06  -1.5325702e-06  -1.0905521e-06  -9.3575778e-07  -8.3927023e-07  -4.2131501e-07  -3.4556905e-07  -2.3333310e-07  -3.1613607e-07  -2.7880782e-07   8.1922780e-09  -2.4429414e-07  -2.2417258e-07   2.8050577e-08
   0.0000000e+00  -3.8910612e-06  -8.5959045e-06  -8.5435158e-06  -8.2498100e-06  -7.0671408e-06  -7.1756240e-06  -5.1623956e-06  -3.8329167e-06  -2.3276148e-06  -1.5695323e-06  -1.2430825e-06  -8.0326515e-07  -4.9863161e-07  -8.0728978e-07  -4.4967081e-07  -3.7886343e-07  -2.4005362e-07  -9.2994583e-08  -2.5250517e-07  -1.0748860e-07   4.5257025e-08  -5.3122644e-08
   0.0000000e+00  -3.8432013e-06  -7.6482056e-06  -9.5369905e-06  -7.0728806e-06  -7.2071230e-06  -6.3915904e-06  -5.3266945e-06  -3.1263785e-06  -2.0397208e-06  -1.7034104e-06  -1.0802021e-06  -1.0610092e-06  -1.1687808e-06  -3.1065758e-07  -5.9814334e-07  -3.1358653e-07  -2.9942336e-07  -4.1390086e-07  -1.4346568e-07  -6.8423766e-08  -2.1104354e-07   1.8314536e-08
   0.0000000e+00  -3.5783885e-06  -8.7139124e-06  -8.3662180e-06  -7.8105186e-06  -6.9434168e-06  -7.2367152e-06  -5.1846710e-06  -3.6772290e-06  -2.4735996e-06  -1.5043618e-06  -1.4310473e-06  -9.3415213e-07  -5.6528552e-07  -8.3369878e-07  -5.4925783e-07  -5.8390810e-07  -3.8486490e-07  -9.0163752e-08  -2.9200018e-07  -2.3673108e-07   1.4050677e-07  -1.4672376e-07
   0.0000000e+00  -4.3891937e-06  -8.1516746e-06  -8.8010884e-06  -8.2832657e-06  -7.2636176e-06  -6.6389234e-06  -5.3412873e-06  -3.1043303e-06  -2.1854978e-06  -1.6017243e-06  -1.0855726e-06  -1.1039450e-06  -1.0456723e-06  -6.9378206e-07  -4.6091719e-07  -2.8577855e-07  -5.0748451e-07  -4.4063381e-07  -6.3962922e-08  -7.5196155e-08  -2.9425308e-07  -6.5841861e-09
   0.0000000e+00  -3.2651253e-06  -8.3542000e-06  -8.7066037e-06  -7.4020109e-06  -7.1690342e-06  -6.6480293e-06  -5.1885822e-06  -3.8575090e-06  -2.3355722e-06  -1.9010573e-06  -1.3900718e-06  -9.5702171e-07  -6.2194323e-07  -7.3840812e-07  -7.2655286e-07  -5.7022777e-07  -2.8145664e-07  -9.1067356e-08  -4.0654970e-07  -2.5024366e-07  -2.2353085e-08  -1.5479145e-07
   0.0000000e+00  -3.9864585e-06  -7.7834211e-06  -9.1420952e-06  -7.5953008e-06  -7.0151473e-06  -6.9790490e-06  -5.5341015e-06  -3.0745721e-06  -2.2637023e-06  -1.3853396e-06  -1.2833958e-06  -1.2694752e-06  -1.0381582e-06  -7.0514182e-07  -4.6250639e-07  -3.4373855e-07  -4.4464386e-07  -4.3120332e-07  -1.4619498e-07   3.7626249e-09  -1.2886569e-07  -1.8467506e-07
   0.0000000e+00  -3.9652318e-06  -8.5322627e-06  -8.6757072e-06  -7.9830088e-06  -7.3295655e-06  -6.9057473e-06  -4.9618698e-06  -3.9379429e-06  -2.3479042e-06  -2.1873318e-06  -1.3653481e-06  -8.7696850e-07  -8.2783964e-07  -7.6886130e-07  -6.0268673e-07  -6.2963153e-07  -4.6092701e-08  -1.5712457e-07  -2.3520332e-07  -1.3437506e-07  -6.6696209e-08   1.5490505e-07
   0.0000000e+00  -3.6602876e-06  -8.0628661e-06  -8.6763130e-06  -7.5675248e-06  -7.1210734e-06  -6.6068301e-06  -5.4891939e-06  -3.1506038e-06  -2.4040271e-06  -1.2229747e-06  -1.4282383e-06  -1.1721444e-06  -9.9850843e-07  -6.2418957e-07  -4.5965967e-07  -2.1571243e-07  -5.1241892e-07  -2.7334991e-07  -8.6534342e-08  -6.4600968e-08  -4.7554291e-08  -1.1146979e-07
   0.0000000e+00  -3.5166784e-06  -8.3875684e-06  -8.6790933e-06  -8.0100563e-06  -7.0782103e-06  -7.0569649e-06  -5.4048946e-06  -3.6285974e-06  -2.3669404e-06  -2.0107464e-06  -1.1714382e-06  -9.4376378e-07  -7.2032753e-07  -7.1978246e-07  -5.1492685e-07  -4.7564424e-07  -1.0728530e-07  -2.5018801e-07  -5.3657153e-08  -2.2306972e-08  -3.7815880e-08   1.0784989e-07
   0.0000000e+00  -3.9615848e-06  -8.0141390e-06  -9.4023599e-06  -7.3140695e-06  -7.3437568e-06  -6.6615748e-06  -4.8746128e-06  -3.1568961e-06  -2.1974904e-06  -1.4507971e-06  -1.3268555e-06  -1.1020800e-06  -8.6361848e-07  -4.7325346e-07  -4.6275710e-07  -2.1299481e-07  -2.5904879e-07  -4.2716859e-08   4.2822496e-08   7.4738729e-08   9.8117532e-08  -3.3091911e-08
   0.0000000e+00  -3.9581432e-06  -8.2844126e-06  -8.1234257e-06  -8.3674495e-06  -6.8343056e-06  -6.8242243e-06  -5.7415059e-06  -3.8277940e-06  -2.2217989e-06  -1.8964499e-06  -1.1930396e-06  -9.7048894e-07  -8.3075116e-07  -7.8284290e-07  -4.5923940e-07  -3.5817928e-07  -1.9769764e-07  -1.8998078e-08   5.9519349e-09  -6.3486489e-08  -1.6888917e-08   7.4879139e-08
   0.0000000e+00  -3.8213998e-06  -8.3720997e-06  -9.1837501e-06  -7.3318843e-06  -7.3147439e-06  -6.7932733e-06  -4.8878460e-06  -3.2029700e-06  -2.2866957e-06  -1.5392142e-06  -1.5196683e-06  -1.1134164e-06  -8.9265120e-07  -5.9250198e-07  -5.5528039e-07  -3.0168366e-07  -1.6877347e-07  -1.8267265e-07  -1.8240969e-07  -1.0113577e-07  -1.0241600e-07  -1.2147916e-07
   0.0000000e+00  -3.3327456e-06  -8.2665592e-06  -8.9559881e-06  -8.0605032e-06  -7.2738753e-06  -6.9492257e-06  -5.2651912e-06  -3.5389455e-06  -2.6088542e-06  -1.9345700e-06  -1.2005094e-06  -1.1887818e-06  -6.6110454e-07  -7.6929621e-07  -4.3707573e-07  -3.5195163e-07  -1.8477580e-07  -2.2169259e-07  -1.7856513e-07  -1.6179813e-07  -3.0183074e-08   2.3323642e-08
   0.0000000e+00  -4.5300894e-06  -8.1364997e-06  -8.8095658e-06  -7.5136181e-06  -7.3755346e-06  -6.6808111e-06  -5.5742121e-06  -3.4939073e-06  -2.5436930e-06  -1.3359821e-06  -1.4198015e-06  -9.6085193e-07  -1.0806159e-06  -5.4509889e-07  -4.2574212e-07  -2.8057337e-07  -4.3159366e-07  -2.9623158e-07  -1.2243613e-07  -5.1202637e-08  -6.0456429e-08  -5.9726887e-08
   0.0000000e+00  -3.4799318e-06  -8.4725207e-06  -9.1362854e-06  -8.2849583e-06  -6.9284947e-06  -7.0910223e-06  -5.1983088e-06  -3.6410390e-06  -1.9344873e-06  -2.2471022e-06  -1.3734690e-06  -9.9198144e-07  -5.8309058e-07  -6.8176433e-07  -5.2703581e-07  -5.0678477e-07  -1.3934722e-07  -2.0601108e-07  -1.7762883e-07  -2.1561807e-07  -1.4798900e-07   1.9036021e-08
   0.0000000e+00  -4.3649920e-06  -8.5347347e-06  -8.6766031e-06  -7.8479379e-06  -7.5934640e-06  -6.6209172e-06  -5.4834895e-06  -3.4395187e-06  -2.3967787e-06  -1.4750012e-06  -1.2177120e-06  -1.0278339e-06  -1.0470673e-06  -6.7902988e-07  -4.5722427e-07  -2.5841697e-07  -4.1888418e-07  -2.6702489e-07  -1.1535245e-07  -8.1060740e-08  -1.8566068e-08  -1.3757467e-07
   0.0000000e+00  -3.3501965e-06  -8.1465205e-06  -9.1281754e-06  -7.8670446e-06  -6.7962028e-06  -7.2230960e-06  -4.9382434e-06  -3.5087739e-06  -2.4632584e-06  -1.7206880e-06  -1.1302952e-06  -1.0257863e-06  -8.1755849e-07  -6.2363068e-07  -5.5600583e-07  -4.5996185e-07  -1.5437762e-07  -1.2400845e-07  -3.1451648e-08  -8.2133177e-08  -9.9622000e-08  -1.4252558e-08
   0.0000000e+00  -4.6717355e-06  -8.4841577e-06  -9.1380007e-06  -7.6781234e-06  -7.8798939e-06  -6.4338433e-06  -5.5786591e-06  -3.3379270e-06  -2.1765159e-06  -1.3925600e-06  -1.3565033e-06  -9.3014302e-07  -7.1494031e-07  -6.5314049e-07  -3.8794030e-07  -2.6725459e-07  -2.3936022e-07   7.3152999e-09  -8.6345127e-09   4.9683635e-10   2.5310140e-08   3.9140162e-09
   0.0000000e+00  -3.5560859e-06  -8.6506943e-06  -8.8970992e-06  -8.1113503e-06  -6.6721213e-06  -6.9698503e-06  -5.2621476e-06  -3.4259551e-06  -2.2957945e-06  -1.6780737e-06  -1.0906215e-06  -1.0043038e-06  -7.9842346e-07  -5.9205007e-07  -4.1186448e-07  -1.3808662e-07  -7.8632887e-08  -1.3634691e-07  -8.7482910e-08  -1.1544870e-07  -1.0802079e-07  -1.3313374e-07
   0.0000000e+00  -4.2832098e-06  -8.2245624e-06  -9.0003405e-06  -7.6465667e-06  -7.4755540e-06  -6.9245211e-06  -4.9844566e-06  -3.5126836e-06  -2.1285057e-06  -1.5706809e-06  -1.4286446e-06  -8.6046424e-07  -7.7530478e-07  -4.1608536e-07  -3.9770873e-07  -2.9703605e-07  -3.9790216e-08   3.1303092e-08  -1.5960002e-07  -2.4359494e-07  -9.8755500e-08  -7.2349245e-08
   0.0000000e+00  -4.0570603e-06  -8.5429174e-06  -8.9624400e-06  -8.4000139e-06  -7.0316910e-06  -7.0274209e-06  -5.7500683e-06  -3.5756334e-06  -2.1326227e-06  -1.8089288e-06  -8.1651723e-07  -1.1544499e-06  -7.0599322e-07  -5.6909937e-07  -2.9069938e-07  -7.0347653e-08  -2.0218687e-07  -2.4740959e-07  -1.2690293e-07   1.9513287e-08  -2.2105009e-08   2.8554048e-08
   0.0000000e+00  -4.1032204e-06  -8.3455425e-06  -9.2335549e-06  -7.4545133e-06  -7.5644675e-06  -6.5487034e-06  -5.0397039e-06  -3.1661828e-06  -2.5392414e-06  -1.4707500e-06  -1.5004896e-06  -7.6401699e-07  -7.4171442e-07  -5.1545817e-07  -3.2561883e-07  -3.1973428e-07  -2.3845737e-07  -1.0059051e-07  -4.5315698e-08  -2.5311598e-08   5.2694265e-08   2.1682857e-07
   0.0000000e+00  -3.7674195e-06  -8.7234703e-06  -8.6028895e-06  -8.2509168e-06  -7.2213793e-06  -7.1446443e-06  -5.4781576e-06  -3.6138845e-06  -2.1660203e-06  -1.6084724e-06  -1.1386725e-06  -9.4396694e-07  -6.8631249e-07  -5.4407036e-07  -4.1262808e-07  -2.9393809e-07  -2.0956162e-07  -1.8701553e-07  -1.6534020e-08  -7.1039970e-08   1.2858793e-08   1.0718593e-07
   0.0000000e+00  -4.3352197e-06  -8.3431842e-06  -9.5184332e-06  -7.6266729e-06  -7.1481099e-06  -6.7820465e-06  -5.2853670e-06  -3.3918293e-06  -2.3353928e-06  -1.5951061e-06  -1.3254889e-06  -1.0725819e-06  -7.3201159e-07  -6.8545768e-07  -4.4775169e-07  -3.7071985e-07  -1.9514536e-07  -1.5972704e-07  -2.8310697e-07  -9.6276615e-08  -6.6977279e-08  -1.0092424e-07
   0.0000000e+00  -4.0308278e-06  -8.4674457e-06  -8.7430817e-06  -7.9574656e-06  -7.1903032e-06  -6.9654220e-06  -5.0553576e-06  -3.6894987e-06  -2.1854578e-06  -1.8543600e-06  -1.2800775e-06  -9.2966815e-07  -1.0521094e-06  -5.8828317e-07  -5.5781862e-07  -3.7734671e-07  -1.7276996e-07  -2.5258146e-07  -1.1865470e-07  -9.6060532e-08  -5.4838974e-08  -7.1972593e-08
   0.0000000e+00  -4.1975904e-06  -8.1110811e-06  -9.1018192e-06  -7.9662532e-06  -7.4272070e-06  -6.6882671e-06  -5.5365144e-06  -3.1428922e-06  -2.3419743e-06  -1.6475733e-06  -1.1888168e-06  -1.2876455e-06  -8.1958723e-07  -6.4096645e-07  -3.2868869e-07  -2.2537104e-07  -3.3914154e-07  -1.0773663e-07  -3.6695635e-08  -1.1263340e-07  -1.0325322e-07  -1.1545850e-08
   0.0000000e+00  -3.7958898e-06  -9.0483973e-06  -8.8525967e-06  -7.9542506e-06  -7.0419142e-06  -6.6806779e-06  -5.1501861e-06  -3.6745616e-06  -2.3686364e-06  -1.6176859e-06  -1.3746866e-06  -8.7236594e-07  -6.9006796e-07  -7.5456313e-07  -5.4227286e-07  -2.5735983e-07  -1.4498258e-07  -9.1983104e-08  -3.8710727e-08  -7.1510115e-08  -1.6744115e-08   5.2360503e-09
   0.0000000e+00  -4.3720115e-06  -8.2797224e-06  -9.1748379e-06  -7.6801080e-06  -7.1622708e-06  -7.0487226e-06  -5.5309524e-06  -3.0384817e-06  -2.2298009e-06  -1.5015042e-06  -1.2193541e-06  -1.0275742e-06  -9.3969044e-07  -4.4932622e-07  -4.1235685e-07  -1.8819969e-07  -2.4429391e-07  -7.0489349e-08  -5.2816524e-08  -1.6531963e-08  -1.9891326e-08   2.1451370e-08
   0.0000000e+00  -3.8941484e-06  -8.3314917e-06  -8.8065553e-06  -7.8611283e-06  -7.2204193e-06  -6.8238346e-06  -4.7740236e-06  -3.6438503e-06  -2.2455699e-06  -1.7670469e-06  -1.2433729e-06  -9.6929284e-07  -6.9574304e-07  -6.2755441e-07  -3.0184853e-07  -4.2788727e-07  -1.2316316e-07   7.0450326e-08  -2.1336405e-07  -1.3708491e-07   1.6160662e-07   8.2476816e-09
   0.0000000e+00  -4.1642147e-06  -8.1897024e-06  -9.0623262e-06  -7.8848980e-06  -7.1040427e-06  -6.3815110e-06  -5.3393887e-06  -3.3460842e-06  -2.0278335e-06  -1.5069662e-06  -1.2830728e-06  -9.8020575e-07  -9.4267187e-07  -4.9930685e-07  -4.2266919e-07  -1.6291462e-07  -1.4374885e-07  -3.1920359e-07  -3.7527109e-08   1.8867671e-07  -4.5549520e-08   6.7303162e-08
   0.0000000e+00  -3.9005927e-06  -8.7734034e-06  -8.8694696e-06  -7.6419483e-06  -7.0470528e-06  -6.9193338e-06  -5.0595245e-06  -3.3626889e-06  -2.3849361e-06  -1.6697256e-06  -1.1862679e-06  -9.6515237e-07  -5.0795489e-07  -5.9619907e-07  -4.3553518e-07  -1.6221614e-07  -1.3017349e-07  -1.0251899e-08  -6.6348633e-08  -1.0358099e-07   4.9183829e-08   8.8507925e-08
   0.0000000e+00  -3.9002957e-06  -8.0445297e-06  -8.8069546e-06  -7.5903999e-06  -7.0396563e-06  -6.5831236e-06  -5.1894567e-06  -3.0673871e-06  -2.1440562e-06  -1.5287517e-06  -1.1687911e-06  -1.0366671e-06  -8.6902543e-07  -5.3675393e-07  -2.6180297e-07  -2.9433082e-07  -1.5774373e-07  -1.4795275e-07   1.5733871e-08   5.0671204e-08   8.6290598e-08   1.4757276e-07
   0.0000000e+00  -3.9837560e-06  -8.5658621e-06  -8.6626997e-06  -7.9466481e-06  -6.9586094e-06  -6.6618873e-06  -5.0514723e-06  -3.4859113e-06  -2.3410569e-06  -1.5896289e-06  -1.1464351e-06  -8.9435184e-07  -6.8762768e-07  -6.0972621e-07  -3.3521906e-07  -3.2270390e-07  -2.6463482e-07  -1.6232661e-07  -1.4846663e-07  -9.1938190e-08  -5.0405404e-09  -6.1228761e-08
