   0.0000000e+00  -2.7331978e-06  -6.0086286e-06  -7.4160725e-06  -6.5774698e-06  -6.3326361e-06  -5.9478257e-06  -4.7623212e-06  -3.1731224e-06  -1.8432647e-06  -1.5154113e-06  -1.2753825e-06  -8.1091713e-07  -7.5797158e-07  -4.5298401e-07  -5.4683153e-07  -3.7011256e-07  -1.8778158e-07  -1.7247271e-07  -1.7413127e-07  -6.7161388e-08  -1.4837165e-07  -1.4861396e-07
   0.0000000e+00  -2.8614827e-06  -6.1186665e-06  -6.7820242e-06  -6.4622291e-06  -6.3423445e-06  -6.2587146e-06  -4.6221580e-06  -3.1728721e-06  -2.0457294e-06  -1.4676385e-06  -1.0135677e-06  -9.6156271e-07  -7.7761189e-07  -6.8124410e-07  -2.4372537e-07  -3.6055980e-07  -2.0791703e-07  -2.7882015e-07  -1.1603749e-07  -1.3593865e-07  -1.8457061e-07  -1.7004004e-07
   0.0000000e+00  -2.7314925e-06  -6.1013657e-06  -7.4638497e-06  -6.6046664e-06  -6.3325606e-06  -6.0941966e-06  -4.7562089e-06  -2.8044587e-06  -2.3230873e-06  -1.6114304e-06  -1.2151836e-06  -9.8425778e-07  -6.4977360e-07  -5.5013663e-07  -6.2583683e-07  -1.7802320e-07  -2.1613310e-07  -1.5664671e-07  -1.4824556e-07  -2.3937665e-07  -8.2860282e-08  -2.4897089e-08
   0.0000000e+00  -2.5172217e-06  -6.3930693e-06  -6.7308388e-06  -6.6706025e-06  -6.2397112e-06  -5.9831382e-06  -4.9063219e-06  -3.3036883e-06  -1.9033459e-06  -1.3350490e-06  -1.2154076e-06  -1.0144801e-06  -8.4730300e-07  -6.4959636e-07  -3.2455367e-07  -2.9888784e-07  -3.0637690e-07  -2.3806652e-07  -7.3162212e-08  -4.6112870e-08  -1.1613250e-07  -1.2197140e-07
   0.0000000e+00  -2.5657148e-06  -5.8059754e-06  -7.1443751e-06  -6.5318832e-06  -6.3001889e-06  -6.1755682e-06  -4.7897620e-06  -3.2392954e-06  -2.2437528e-06  -1.7352314e-06  -1.1797114e-06  -8.1304302e-07  -6.5788305e-07  -4.9504001e-07  -4.8301672e-07  -2.4001477e-07  -1.6704774e-07  -3.2454587e-08  -2.1346122e-07  -1.6231427e-07   3.6928526e-08   3.7900978e-08
   0.0000000e+00  -2.8931745e-06  -6.3075049e-06  -7.1490426e-06  -6.7215378e-06  -6.5458785e-06  -6.1388632e-06  -4.4520007e-06  -3.0003564e-06  -1.8996872e-06  -1.4653363e-06  -1.1836648e-06  -1.0317210e-06  -9.5768507e-07  -4.3932681e-07  -3.0509929e-07  -3.2796410e-07  -2.0128698e-07  -1.8433556e-07  -4.3362210e-08   1.0056572e-08  -6.2201728e-08  -1.5649815e-07
   0.0000000e+00  -2.7656276e-06  -5.8843893e-06  -7.0574729e-06  -6.4732412e-06  -6.1010101e-06  -6.3388447e-06  -5.1586858e-06  -3.3629487e-06  -2.4389331e-06  -1.4953629e-06  -1.1195244e-06  -7.4755758e-07  -5.8560107e-07  -5.8131957e-07  -5.0701243e-07  -1.2553491e-07  -1.9267014e-07  -1.1286358e-08  -1.4407610e-07  -6.0479657e-08   4.8318160e-08   1.5202278e-07
   0.0000000e+00  -2.3330772e-06  -6.2187937e-06  -6.9875009e-06  -6.6005855e-06  -6.3859752e-06  -5.8078258e-06  -4.6587106e-06  -2.8806744e-06  -1.8222891e-06  -1.5756583e-06  -1.2787874e-06  -1.0771181e-06  -6.4933641e-07  -5.4840643e-07  -2.4846014e-07  -2.1483405e-07  -1.9594835e-07  -1.4065405e-07   7.1424711e-09   3.6588503e-08   3.8696935e-08   1.2030189e-07
   0.0000000e+00  -2.7873905e-06  -6.2937493e-06  -7.3195256e-06  -6.6706193e-06  -6.7510864e-06  -6.3773659e-06  -4.9233190e-06  -3.4480825e-06  -2.3254481e-06  -1.5663061e-06  -1.0789853e-06  -7.1162862e-07  -7.7204066e-07  -5.8649499e-07  -3.3915296e-07  -2.1812571e-07  -1.3517388e-07  -1.6520671e-07  -4.9053348e-08  -1.0655333e-08   2.2331900e-08  -1.2063659e-07
   0.0000000e+00  -2.6176915e-06  -5.9732879e-06  -7.0381366e-06  -6.7004180e-06  -5.9423151e-06  -6.2106419e-06  -4.5831539e-06  -3.0223086e-06  -2.1268995e-06  -1.5355520e-06  -1.1066436e-06  -1.1621730e-06  -6.1026600e-07  -4.1131392e-07  -3.5618237e-07  -3.8824643e-07  -2.0257730e-07  -1.1115285e-07  -2.8555544e-07  -1.9506642e-07  -1.4399852e-07  -4.5311502e-08
   0.0000000e+00  -3.0206429e-06  -6.2266549e-06  -7.0262477e-06  -6.8231857e-06  -6.6795969e-06  -6.1682667e-06  -5.0324925e-06  -3.4204786e-06  -1.8829904e-06  -1.5763482e-06  -1.3494182e-06  -7.3327385e-07  -8.2166804e-07  -6.1460975e-07  -3.5594525e-07  -3.4840699e-07  -2.4128929e-07  -3.1210624e-07  -2.0464978e-07  -1.1287500e-07  -2.2587851e-07  -1.8781162e-07
   0.0000000e+00  -2.5055990e-06  -6.2566723e-06  -7.3861956e-06  -6.7729470e-06  -6.2674067e-06  -6.2893928e-06  -4.9517103e-06  -2.9001346e-06  -2.4569576e-06  -1.5407703e-06  -1.0677524e-06  -8.9932212e-07  -7.4090235e-07  -5.9029566e-07  -4.3313301e-07  -2.4100586e-07  -2.3560837e-07  -2.6557785e-07  -9.6295516e-08  -1.3031099e-07  -3.8652921e-08  -2.3428459e-08
   0.0000000e+00  -2.7980657e-06  -6.3433276e-06  -7.2840767e-06  -6.4970823e-06  -6.6480911e-06  -6.0080329e-06  -4.5394154e-06  -3.0740161e-06  -1.9401343e-06  -1.4091921e-06  -1.1686493e-06  -1.1225943e-06  -7.1795176e-07  -4.7023235e-07  -4.2505954e-07  -3.2298885e-07  -2.5129816e-07   7.0448909e-09  -5.4433478e-08   1.3765488e-08   3.1988080e-08   1.6054793e-07
   0.0000000e+00  -2.7431413e-06  -6.0096472e-06  -7.4108152e-06  -6.8101253e-06  -6.5527274e-06  -6.6171806e-06  -5.0351596e-06  -3.4510376e-06  -2.2121835e-06  -1.5391646e-06  -1.0228922e-06  -7.2904430e-07  -6.9080841e-07  -5.7665130e-07  -4.4278124e-07  -1.4020200e-07  -1.2335677e-07  -1.8360187e-07  -6.3009381e-08  -2.9795016e-08   3.2355455e-08  -1.0895047e-08
   0.0000000e+00  -3.2726603e-06  -6.5529130e-06  -6.9091102e-06  -6.9015150e-06  -6.2863983e-06  -5.7892335e-06  -4.3806763e-06  -2.8319889e-06  -1.6681211e-06  -1.5239123e-06  -1.2136120e-06  -8.4927495e-07  -6.5893227e-07  -4.6745012e-07  -2.2363923e-07  -2.7530049e-07  -2.6326435e-07  -4.5666447e-08  -6.4424803e-08  -2.2588866e-08  -3.1740250e-08  -4.6323361e-08
   0.0000000e+00  -2.4205103e-06  -6.4346154e-06  -7.3202195e-06  -6.8366166e-06  -6.4042933e-06  -6.2854956e-06  -5.2102423e-06  -3.4758013e-06  -2.1720746e-06  -1.4141565e-06  -9.6698363e-07  -8.1776716e-07  -6.8944320e-07  -4.0430717e-07  -4.8268555e-07  -3.4715904e-07  -8.3432802e-08  -1.1283965e-07  -1.8958806e-07  -2.5018048e-07  -2.1140703e-08   4.9930581e-08
   0.0000000e+00  -2.9700680e-06  -6.0075831e-06  -7.4573163e-06  -6.5589743e-06  -6.5734603e-06  -6.1496921e-06  -4.3957598e-06  -2.5472593e-06  -2.0978928e-06  -1.2504947e-06  -1.1386603e-06  -9.0669965e-07  -5.7184428e-07  -5.6683490e-07  -2.0418841e-07  -1.5805364e-07  -2.7258275e-07  -3.5234743e-07  -1.9925849e-07   1.4283215e-07  -1.6606025e-07  -1.3832738e-07
   0.0000000e+00  -2.9039882e-06  -6.3433790e-06  -7.1811187e-06  -6.7603687e-06  -6.1994356e-06  -6.0773909e-06  -4.8341499e-06  -3.1885622e-06  -2.1132182e-06  -1.6337804e-06  -9.7172426e-07  -6.1739308e-07  -6.6087102e-07  -5.5711149e-07  -4.3699814e-07  -3.1229504e-07  -1.0586809e-07  -2.0731751e-07  -5.8646634e-08  -2.6833692e-07  -7.1013339e-08   4.4660140e-08
   0.0000000e+00  -2.8748261e-06  -6.2969534e-06  -7.2003668e-06  -6.5820627e-06  -6.3075022e-06  -6.2306767e-06  -4.6702421e-06  -3.0921333e-06  -1.5585223e-06  -1.2332246e-06  -1.0867916e-06  -1.1353919e-06  -7.4652780e-07  -4.3221431e-07  -2.1694557e-07  -2.6637480e-07  -4.0800325e-07  -1.7874252e-07  -1.2165813e-07  -9.7265350e-08  -1.8790924e-07  -9.1169248e-08
   0.0000000e+00  -2.6463908e-06  -6.5452055e-06  -6.8540330e-06  -6.7875735e-06  -6.4670444e-06  -5.8195205e-06  -4.5087836e-06  -3.1921772e-06  -2.3041093e-06  -1.7221220e-06  -1.1517760e-06  -6.0767877e-07  -6.7150330e-07  -5.3060472e-07  -5.9586876e-07  -3.7578093e-07  -9.8258461e-08  -1.6393076e-07  -2.6588324e-07  -2.1567109e-07  -1.0684818e-07  -4.8182379e-08
   0.0000000e+00  -2.9304824e-06  -5.7633451e-06  -7.5413850e-06  -6.4642559e-06  -6.3147281e-06  -6.1562082e-06  -4.8517654e-06  -2.8587988e-06  -1.9211120e-06  -1.1911508e-06  -9.9624640e-07  -1.2171851e-06  -8.3378643e-07  -6.0156782e-07  -3.7495306e-07  -2.4208794e-07  -3.4299171e-07  -3.0760106e-07  -1.6670855e-07  -1.5346828e-07  -1.3724934e-07  -2.5813065e-07
   0.0000000e+00  -2.8796217e-06  -6.1321621e-06  -6.9769198e-06  -6.5720046e-06  -6.1730307e-06  -6.0464113e-06  -4.8157299e-06  -3.0420683e-06  -2.1743674e-06  -1.5896532e-06  -1.3849259e-06  -7.9520498e-07  -6.8886635e-07  -6.5621515e-07  -5.3906462e-07  -4.3516499e-07  -3.6206373e-07  -1.7912213e-07  -2.2733703e-07  -3.3925966e-07  -9.3675375e-08   6.8522858e-08
   0.0000000e+00  -2.3544953e-06  -6.4912360e-06  -6.9924195e-06  -6.6720545e-06  -6.3018492e-06  -6.0088946e-06  -4.4145554e-06  -2.9487931e-06  -2.0974078e-06  -1.5106618e-06  -1.1674133e-06  -9.2889996e-07  -8.4741094e-07  -6.9246033e-07  -3.8625603e-07  -2.6443459e-07  -4.2755684e-07  -3.5881448e-07  -2.5956248e-07  -2.4168489e-08  -1.3994698e-07  -1.5324574e-07
   0.0000000e+00  -2.9378864e-06  -6.1730880e-06  -7.0432206e-06  -6.5795825e-06  -6.2002846e-06  -6.2596005e-06  -4.8586944e-06  -3.4231325e-06  -1.8585027e-06  -1.5923594e-06  -1.0793965e-06  -1.0648527e-06  -8.0697538e-07  -4.8481741e-07  -6.0425168e-07  -5.1578974e-07  -1.9391008e-07  -2.4509205e-07  -2.8044295e-07  -2.6322755e-07   2.4039528e-08   1.3446940e-07
   0.0000000e+00  -2.9653402e-06  -5.8080500e-06  -7.1467221e-06  -6.4420387e-06  -6.3845655e-06  -5.8208739e-06  -4.5667011e-06  -2.9154071e-06  -2.0891400e-06  -1.5039689e-06  -1.1867788e-06  -9.7250665e-07  -8.4008008e-07  -7.0652209e-07  -3.7326299e-07  -4.1727765e-07  -3.1471407e-07  -2.7268865e-07  -1.4367400e-07   5.0435794e-08   3.4607634e-08   8.8486871e-09
   0.0000000e+00  -2.1623139e-06  -6.0949924e-06  -7.2577773e-06  -6.7254609e-06  -6.3119783e-06  -6.0783464e-06  -4.7532976e-06  -3.0249951e-06  -2.2582715e-06  -1.5409663e-06  -1.2524209e-06  -8.6332250e-07  -7.0444037e-07  -6.4364940e-07  -4.7961129e-07  -2.6404382e-07  -2.5800625e-07  -2.2139359e-07  -7.6235153e-08   7.6980635e-09  -6.5027784e-08   1.4507209e-07
   0.0000000e+00  -2.8696995e-06  -6.5012250e-06  -6.7705951e-06  -6.4523797e-06  -6.4507158e-06  -6.0925022e-06  -4.7872172e-06  -3.1803754e-06  -1.8627392e-06  -1.3377540e-06  -1.2007184e-06  -9.3509232e-07  -7.4327744e-07  -5.5565681e-07  -2.8811431e-07  -4.0246474e-07  -2.8961003e-07  -1.1796456e-07  -3.5851947e-08  -1.4522608e-07   8.1661994e-08   7.2466797e-08
   0.0000000e+00  -2.6833454e-06  -6.0404732e-06  -7.1198510e-06  -6.7095170e-06  -5.9078911e-06  -6.2216504e-06  -4.7150634e-06  -2.9261000e-06  -2.2204549e-06  -1.6130925e-06  -9.7909708e-07  -8.3541102e-07  -6.6983603e-07  -4.9452518e-07  -4.7696841e-07  -2.6823386e-07  -9.2224290e-08  -2.4007022e-07  -1.8638114e-07  -1.6198742e-08  -9.3036945e-08  -1.0784427e-07
   0.0000000e+00  -2.8800034e-06  -5.7457146e-06  -7.3062442e-06  -6.5847153e-06  -6.6268944e-06  -5.9485856e-06  -4.5540319e-06  -3.3047493e-06  -1.8080879e-06  -1.5691937e-06  -1.0846345e-06  -8.9626792e-07  -8.4063794e-07  -4.6463589e-07  -4.0013379e-07  -2.6241165e-07  -2.9856972e-07  -1.3312153e-07  -1.4695715e-07  -1.1302886e-07  -5.8618067e-08  -1.6709970e-07
   0.0000000e+00  -2.2676718e-06  -6.1742808e-06  -7.1312816e-06  -6.6633488e-06  -6.2265594e-06  -6.1915398e-06  -4.9212777e-06  -3.1041577e-06  -2.2639163e-06  -1.4419819e-06  -1.0726757e-06  -1.0723751e-06  -6.2293384e-07  -6.1852944e-07  -5.1438826e-07  -3.7626293e-07  -2.3258339e-07  -1.7345808e-07  -7.3558773e-08  -1.9280087e-07  -1.2802103e-07   3.6184705e-08
   0.0000000e+00  -2.8111156e-06  -6.7287324e-06  -6.7265987e-06  -6.5182508e-06  -6.4887604e-06  -6.0007733e-06  -4.6743389e-06  -2.9333464e-06  -2.0153302e-06  -1.3182917e-06  -1.4379256e-06  -8.2979716e-07  -7.9686430e-07  -7.7390007e-07  -4.2540060e-07  -2.5006528e-07  -3.5344854e-07  -2.0361755e-07  -1.7242927e-07  -8.1116852e-08  -1.8054957e-08  -1.8463226e-07
   0.0000000e+00  -2.8125842e-06  -5.6723525e-06  -7.3866795e-06  -6.7620463e-06  -6.2191025e-06  -6.3911116e-06  -4.9624964e-06  -3.1948150e-06  -2.2759109e-06  -1.6909181e-06  -1.0646623e-06  -9.4517361e-07  -9.0421554e-07  -6.2803002e-07  -6.3156892e-07  -4.1874119e-07  -2.8963038e-07  -2.5841203e-07  -2.3323661e-07  -1.8267014e-07  -2.0036494e-07   2.4347164e-09
   0.0000000e+00  -2.5197621e-06  -6.0643229e-06  -7.2792964e-06  -6.5554145e-06  -6.3469133e-06  -5.9651165e-06  -4.4284147e-06  -3.1444777e-06  -1.8580906e-06  -1.5013570e-06  -1.3580711e-06  -1.1127643e-06  -9.8304361e-07  -6.3824689e-07  -3.9312681e-07  -5.4903677e-07  -3.3854462e-07  -2.2042654e-07  -2.7714734e-07  -1.9814041e-07  -1.3952099e-07  -1.9997348e-07
   0.0000000e+00  -2.8155976e-06  -6.3666134e-06  -7.0629007e-06  -6.7533979e-06  -6.6814450e-06  -6.2263375e-06  -5.0584326e-06  -3.3121582e-06  -2.2241384e-06  -1.7680828e-06  -1.0222402e-06  -9.4705564e-07  -8.3358378e-07  -7.4106578e-07  -6.3831612e-07  -2.7146936e-07  -2.3063811e-07  -4.1106952e-07  -1.7574199e-07  -2.1869293e-07  -1.3936877e-07  -4.3440158e-09
   0.0000000e+00  -2.6822343e-06  -6.2641575e-06  -6.9081270e-06  -6.7020005e-06  -6.2367662e-06  -6.0304733e-06  -4.5040247e-06  -2.9546109e-06  -1.9353183e-06  -1.3756029e-06  -1.3973183e-06  -1.1177059e-06  -6.9639685e-07  -6.0173278e-07  -3.9663797e-07  -3.1560381e-07  -4.2104406e-07  -1.6263017e-07  -1.4249201e-07  -5.0645628e-08  -9.0030497e-08  -4.5324558e-08
   0.0000000e+00  -2.5967281e-06  -6.1320293e-06  -7.3863280e-06  -6.7513756e-06  -6.1964570e-06  -6.1626315e-06  -5.1227562e-06  -3.0868277e-06  -2.4091514e-06  -1.5887019e-06  -1.0625740e-06  -9.2670467e-07  -6.0752433e-07  -6.4021509e-07  -4.0611883e-07  -4.5306422e-07  -9.7429869e-08  -7.1788428e-08  -1.7579909e-07  -2.0949203e-07   1.6613626e-08   2.0518536e-08
   0.0000000e+00  -2.9029281e-06  -6.1438959e-06  -7.3777524e-06  -6.4479323e-06  -6.4561891e-06  -6.3773141e-06  -4.3888908e-06  -3.0315559e-06  -1.9092388e-06  -1.3946733e-06  -1.1228686e-06  -7.7608257e-07  -9.8190776e-07  -5.2552491e-07  -3.5604421e-07  -1.9810669e-07  -3.5205861e-07  -3.1848273e-07  -1.6593816e-07   2.6511870e-08  -9.4663690e-09  -1.8404803e-07
   0.0000000e+00  -2.7081921e-06  -6.2221466e-06  -6.8722893e-06  -6.7155552e-06  -6.5118970e-06  -5.7263032e-06  -4.6925393e-06  -3.3567485e-06  -1.9755050e-06  -1.6747518e-06  -1.2015505e-06  -8.3355280e-07  -5.8655013e-07  -5.7619025e-07  -5.3083897e-07  -4.3501257e-07  -2.4903107e-07  -1.2919493e-07  -2.0242445e-07  -2.1312880e-07  -1.7625391e-07   1.2014418e-07
   0.0000000e+00  -2.5530123e-06  -6.2156755e-06  -7.2063940e-06  -6.8819172e-06  -6.1890000e-06  -6.1046467e-06  -5.0226390e-06  -3.0232072e-06  -1.9355155e-06  -1.3761562e-06  -1.1017935e-06  -1.0474211e-06  -8.9052111e-07  -5.3368763e-07  -5.0249679e-07  -2.7677760e-07  -3.4246958e-07  -3.3218251e-07  -9.6272117e-08  -8.0140410e-08  -1.0159159e-07  -1.7109578e-07
   0.0000000e+00  -3.0915144e-06  -6.1648652e-06  -7.2575563e-06  -6.3507987e-06  -6.1283558e-06  -6.2543309e-06  -4.3844502e-06  -2.8482334e-06  -2.2295603e-06  -1.6068298e-06  -1.0735370e-06  -8.7202233e-07  -7.4015406e-07  -6.2214275e-07  -5.1876339e-07  -3.1442238e-07  -2.0138711e-07  -1.2504302e-07  -2.1060657e-07  -1.3132454e-07  -4.0550947e-08  -2.2232882e-08
   0.0000000e+00  -2.5352961e-06  -6.2890317e-06  -7.0804831e-06  -6.6504053e-06  -6.4486694e-06  -6.1419055e-06  -4.8689685e-06  -3.0466674e-06  -2.1123217e-06  -1.3399492e-06  -1.1669907e-06  -1.0376237e-06  -6.9745994e-07  -6.1142578e-07  -3.6786420e-07  -3.6086919e-07  -2.4355279e-07  -8.3286189e-08  -5.4937530e-08  -1.0568220e-09   3.4510482e-08   1.1944243e-07
   0.0000000e+00  -2.6238097e-06  -6.2158215e-06  -7.1274580e-06  -6.6143657e-06  -6.5627532e-06  -5.7418674e-06  -4.5806346e-06  -3.3371350e-06  -1.8501223e-06  -1.4906971e-06  -1.2424867e-06  -8.9209544e-07  -7.5447241e-07  -7.2419323e-07  -3.5013153e-07  -3.4322056e-07  -1.7873265e-07  -1.0205641e-07  -9.2770549e-08   7.9813923e-08   8.6046342e-08   1.1581750e-07
   0.0000000e+00  -2.9437076e-06  -5.9999529e-06  -7.0568717e-06  -6.7859078e-06  -5.8455621e-06  -6.1147712e-06  -4.7377694e-06  -2.9169721e-06  -2.0917080e-06  -1.6665662e-06  -1.1086580e-06  -8.6108611e-07  -7.8740254e-07  -5.7197974e-07  -4.6933215e-07  -3.2468952e-07  -1.4830917e-07  -1.7797484e-07  -1.0367447e-08  -4.5025004e-08   5.0776560e-08   9.3423708e-08
   0.0000000e+00  -2.8870268e-06  -6.4127107e-06  -7.2127527e-06  -6.4307401e-06  -6.5997338e-06  -6.4219225e-06  -4.8941515e-06  -2.9350911e-06  -2.1469950e-06  -1.4149758e-06  -9.9272427e-07  -1.1565365e-06  -8.0601723e-07  -5.2602053e-07  -3.7619810e-07  -1.8526254e-07  -1.8456490e-07  -6.4428299e-08  -7.2250181e-08   6.6870236e-08   2.7574051e-08   1.9261033e-07
   0.0000000e+00  -2.6678479e-06  -6.1029568e-06  -7.2545045e-06  -6.5432146e-06  -6.3332054e-06  -5.8461710e-06  -4.4642870e-06  -3.2858259e-06  -2.0683342e-06  -1.5454715e-06  -1.4059596e-06  -7.6733750e-07  -6.7889624e-07  -4.7824790e-07  -4.3656738e-07  -1.6938581e-07  -1.9496543e-10  -7.3816125e-08   1.1883622e-07   3.2825298e-08   1.0913889e-07   2.2441111e-07
   0.0000000e+00  -2.5469867e-06  -6.2447903e-06  -6.9152879e-06  -6.9222510e-06  -6.3465104e-06  -6.0338493e-06  -4.9766963e-06  -3.1903969e-06  -2.0507198e-06  -1.3392690e-06  -1.2337367e-06  -7.7869606e-07  -6.7637416e-07  -5.0361291e-07  -1.8998784e-07  -6.4681402e-08  -2.2234931e-07   2.3697329e-08   9.0311003e-09   2.9618207e-08   1.3033839e-07   1.4682461e-09
   0.0000000e+00  -2.9904631e-06  -6.3257789e-06  -7.3117617e-06  -6.4939068e-06  -6.3826924e-06  -6.4087626e-06  -4.6937002e-06  -3.0506899e-06  -2.1583692e-06  -1.7059372e-06  -1.0062805e-06  -9.6128724e-07  -7.5007898e-07  -3.3548417e-07  -2.7031115e-07  -3.2185264e-07  -1.4216199e-07   3.7155792e-09  -1.4216785e-07  -1.3516085e-07  -9.5495395e-08   2.7697485e-08
   0.0000000e+00  -3.0280517e-06  -6.0439693e-06  -7.1625195e-06  -6.6504031e-06  -6.1777077e-06  -6.1172695e-06  -4.7722347e-06  -3.1667598e-06  -2.3229629e-06  -1.5407343e-06  -1.0482240e-06  -9.2000744e-07  -6.9174843e-07  -5.9987792e-07  -4.4293796e-07  -2.1188742e-07  -1.3822131e-07  -2.2605558e-07  -2.1834964e-07  -7.2074485e-08  -3.4026787e-08  -2.6331134e-07
   0.0000000e+00  -2.5083127e-06  -6.1643150e-06  -7.0585684e-06  -6.8168238e-06  -6.6494176e-06  -6.0285597e-06  -4.9687669e-06  -3.2237688e-06  -1.9021591e-06  -1.5986108e-06  -1.2989585e-06  -1.0817107e-06  -5.1616968e-07  -6.3665436e-07  -4.1338879e-07  -2.4928954e-07  -3.1991794e-07  -1.7430517e-07  -1.4411590e-07  -1.4182309e-07  -1.4496104e-07  -1.6974917e-08
   0.0000000e+00  -2.5341249e-06  -6.2049257e-06  -7.3113483e-06  -6.4691935e-06  -6.3004086e-06  -6.1997016e-06  -4.6098221e-06  -3.3133094e-06  -2.1043948e-06  -1.5386912e-06  -1.3485743e-06  -7.8683087e-07  -9.4098823e-07  -6.5519828e-07  -3.6072393e-07  -4.5482966e-07  -3.0328383e-07  -2.6319881e-07  -2.4764614e-07  -2.3920489e-07  -1.3806674e-07  -6.3026633e-08
   0.0000000e+00  -3.0483786e-06  -6.4321880e-06  -7.0307142e-06  -6.6709417e-06  -6.2067993e-06  -6.2111471e-06  -4.8185980e-06  -3.0476040e-06  -2.3736072e-06  -1.5360332e-06  -9.9160627e-07  -9.7374993e-07  -8.6977514e-07  -5.6717016e-07  -4.3393243e-07  -4.7690605e-07  -2.3370659e-07  -3.1487738e-07  -2.7141098e-07  -6.6666921e-08  -1.8725252e-07  -1.9208287e-07
   0.0000000e+00  -2.5022307e-06  -5.9097856e-06  -7.0791334e-06  -6.6805455e-06  -6.5181657e-06  -6.0029879e-06  -4.9171267e-06  -3.1508910e-06  -1.8656284e-06  -1.4747319e-06  -1.2270170e-06  -9.8328417e-07  -7.2899212e-07  -3.7972322e-07  -6.0241672e-07  -4.4717541e-07  -2.1568314e-07  -3.6269088e-07  -2.1991494e-07  -2.4158456e-07  -1.6356510e-07  -2.3054682e-08
   0.0000000e+00  -3.0173521e-06  -6.0626162e-06  -7.1146405e-06  -6.6268290e-06  -6.2830413e-06  -6.1957999e-06  -4.6061668e-06  -3.0468059e-06  -2.1017518e-06  -1.4770493e-06  -1.1312891e-06  -8.5477461e-07  -6.5922615e-07  -7.7744517e-07  -4.5720756e-07  -2.2838022e-07  -3.7569745e-07  -3.2638746e-07  -1.7408958e-07  -2.1463326e-07  -2.1848342e-07  -3.9458314e-08
   0.0000000e+00  -2.3225373e-06  -6.4739856e-06  -7.1193849e-06  -6.6120119e-06  -6.3113644e-06  -6.0801740e-06  -4.8216002e-06  -3.1179827e-06  -2.0283098e-06  -1.5380630e-06  -1.0494804e-06  -8.0833854e-07  -7.6303348e-07  -6.5063131e-07  -4.9276343e-07  -3.0444110e-07  -3.7012970e-07  -2.0689221e-07  -1.3423670e-07  -2.7789665e-07  -1.1453166e-07  -1.5522693e-07
   0.0000000e+00  -2.8356612e-06  -5.8821688e-06  -7.2281405e-06  -6.5991967e-06  -6.3730186e-06  -6.3493567e-06  -4.6708656e-06  -3.1465668e-06  -1.9472450e-06  -1.3150417e-06  -1.1026137e-06  -1.1403147e-06  -7.0635730e-07  -5.8140250e-07  -4.4117127e-07  -4.8574714e-07  -2.7959155e-07  -1.5871703e-07  -2.8063306e-07  -9.2300688e-08  -7.7102776e-08  -1.0839973e-07
   0.0000000e+00  -2.8238312e-06  -6.0829143e-06  -7.0387928e-06  -6.8375762e-06  -6.2322520e-06  -5.7646321e-06  -4.8045022e-06  -2.9377661e-06  -2.0353793e-06  -1.6576292e-06  -1.1137363e-06  -8.4061719e-07  -9.2942190e-07  -6.6534295e-07  -5.6095718e-07  -3.9456063e-07  -3.2460355e-07  -2.7960422e-07  -2.7367881e-07  -8.3602444e-08  -1.1708634e-08  -7.6779585e-08
   0.0000000e+00  -2.5510979e-06  -6.6389575e-06  -7.0505034e-06  -6.2837025e-06  -6.7018332e-06  -6.2433160e-06  -4.6719797e-06  -3.1511661e-06  -2.1343481e-06  -1.3736021e-06  -1.3360107e-06  -9.4559357e-07  -6.9611127e-07  -7.5793088e-07  -5.5215571e-07  -4.0393289e-07  -3.7964622e-07  -2.1921188e-07  -1.0153037e-07  -1.3522472e-07  -5.1849469e-08   1.2946886e-07
   0.0000000e+00  -2.8307204e-06  -5.7234411e-06  -7.2492780e-06  -6.8740446e-06  -6.1313913e-06  -6.2600143e-06  -4.8957590e-06  -3.0820624e-06  -2.0494667e-06  -1.5544025e-06  -1.2099420e-06  -9.7239536e-07  -9.8773739e-07  -5.1661465e-07  -5.1673743e-07  -3.2254925e-07  -2.6324281e-07  -2.8572714e-07  -5.4190942e-08  -1.3623219e-07  -1.0749726e-08   1.2807511e-07
   0.0000000e+00  -2.5816380e-06  -6.1983824e-06  -7.2164171e-06  -6.7057422e-06  -6.2311819e-06  -6.0485049e-06  -4.5098964e-06  -3.1822128e-06  -2.2219633e-06  -1.5393230e-06  -1.1238193e-06  -1.0866723e-06  -7.9753460e-07  -6.9086218e-07  -4.6669822e-07  -2.6202503e-07  -2.8661773e-07  -1.5918916e-07  -1.4267644e-07   8.0973535e-08   4.4012399e-08  -6.5921569e-08
   0.0000000e+00  -2.9374448e-06  -6.3531688e-06  -7.2220059e-06  -6.6954340e-06  -6.4708056e-06  -6.1856194e-06  -5.0995768e-06  -3.0366677e-06  -1.9691047e-06  -1.5966286e-06  -1.2040471e-06  -9.0745601e-07  -7.5585547e-07  -5.4426749e-07  -4.9677601e-07  -4.9395487e-07  -1.9457449e-08  -1.1015494e-07  -5.3023058e-08   2.5785996e-08  -5.5042491e-09   1.3414936e-07
   0.0000000e+00  -2.8999730e-06  -6.4950636e-06  -6.8559593e-06  -6.4343949e-06  -6.6872362e-06  -6.2327681e-06  -4.5643283e-06  -3.3188976e-06  -2.0834689e-06  -1.4671019e-06  -1.2698209e-06  -1.0126554e-06  -7.3052053e-07  -6.8970741e-07  -2.5437396e-07  -1.9004521e-07  -2.7939200e-07   1.0970186e-08  -7.2003871e-08  -4.9989083e-08   1.2187749e-07   5.1028824e-08
   0.0000000e+00  -2.1676817e-06  -5.8996084e-06  -7.4437467e-06  -6.9857178e-06  -6.1518945e-06  -6.0111793e-06  -4.8817728e-06  -2.9624530e-06  -2.2654287e-06  -1.5436334e-06  -1.0830403e-06  -9.1606313e-07  -7.4773664e-07  -6.7880768e-07  -4.4421330e-07  -2.0711268e-07  -1.5024474e-07  -1.4498110e-07   4.5681336e-08   3.6076219e-08  -3.9314514e-08   1.3436180e-07
   0.0000000e+00  -3.5233163e-06  -6.0955817e-06  -7.3485444e-06  -6.6661637e-06  -6.4226683e-06  -6.3881489e-06  -4.6979376e-06  -3.2924493e-06  -1.8971876e-06  -1.3443336e-06  -1.3114226e-06  -1.0553564e-06  -8.0762157e-07  -5.8329641e-07  -3.9257827e-07  -3.3080170e-07  -1.9557754e-07  -9.9397859e-08  -7.1018185e-08   5.0127245e-08   7.5763147e-08  -1.2730108e-07
   0.0000000e+00  -2.3519356e-06  -6.6180824e-06  -7.0705510e-06  -6.5233071e-06  -6.3312136e-06  -6.1055907e-06  -4.8827756e-06  -3.0524341e-06  -2.1316023e-06  -1.8391157e-06  -1.0192163e-06  -9.5715586e-07  -8.9427823e-07  -5.2699352e-07  -5.2057203e-07  -2.6879601e-07  -1.1933892e-07  -1.1768817e-07  -1.5626600e-07  -9.2276998e-08  -3.5974050e-08  -4.8007436e-08
   0.0000000e+00  -2.7971023e-06  -6.1358219e-06  -6.9742118e-06  -6.8616746e-06  -6.8521340e-06  -5.9083445e-06  -4.7137564e-06  -2.9910741e-06  -1.9024254e-06  -1.4871457e-06  -1.3246467e-06  -8.4372738e-07  -9.7863472e-07  -5.5319435e-07  -3.4587123e-07  -2.6487174e-07  -2.0929836e-07  -2.1589858e-07  -8.4513294e-09  -9.1743175e-08  -1.4858142e-07   8.3047338e-09
   0.0000000e+00  -2.8807679e-06  -5.9249282e-06  -7.4480408e-06  -6.7733436e-06  -5.9337667e-06  -6.4917749e-06  -4.7184712e-06  -3.2248809e-06  -2.2027220e-06  -1.2346380e-06  -1.1768446e-06  -1.1485723e-06  -4.9186042e-07  -5.8038353e-07  -3.8881734e-07  -2.0815386e-07  -2.3084652e-07  -5.2181259e-09  -1.2040532e-07  -6.6067741e-08   8.1003551e-09   1.0797869e-09
   0.0000000e+00  -2.6954281e-06  -6.5785475e-06  -7.0177921e-06  -6.4751389e-06  -6.3231091e-06  -5.9104041e-06  -4.5806173e-06  -2.9717808e-06  -1.9926097e-06  -1.5868557e-06  -1.2257484e-06  -8.7803750e-07  -7.9119366e-07  -4.5069825e-07  -3.5941835e-07  -1.3271965e-07  -4.1385142e-08  -1.1462718e-07  -7.0802614e-08   3.9445709e-08   9.6901509e-08   4.6068688e-08
   0.0000000e+00  -2.7704782e-06  -5.9165641e-06  -7.1999866e-06  -6.8331101e-06  -6.6491011e-06  -6.2012709e-06  -4.7546964e-06  -3.0188753e-06  -2.1528947e-06  -1.5071503e-06  -8.7653791e-07  -8.9781832e-07  -6.7351635e-07  -6.2805663e-07  -1.7515315e-07  -2.7938518e-07  -1.6707855e-07  -8.3049137e-08  -6.4200954e-08   6.3624100e-08  -1.8609049e-08   1.4904249e-07
   0.0000000e+00  -2.5371728e-06  -6.2467047e-06  -7.2279990e-06  -6.3141051e-06  -6.1582268e-06  -5.8542691e-06  -4.8430666e-06  -3.0352653e-06  -1.7069173e-06  -1.6260210e-06  -1.2758014e-06  -8.8552224e-07  -6.5021766e-07  -4.0152432e-07  -4.0459264e-07  -2.0380786e-07  -2.1807732e-07  -1.6567802e-07  -8.2083702e-08  -1.6546399e-07  -1.9426230e-09  -8.6173060e-08
   0.0000000e+00  -3.1657971e-06  -6.3456623e-06  -6.8938748e-06  -6.7241858e-06  -6.2835943e-06  -6.0343382e-06  -4.6536029e-06  -3.2306798e-06  -2.2017377e-06  -1.4699901e-06  -1.2572615e-06  -8.4064015e-07  -6.9121819e-07  -5.8720474e-07  -3.5132831e-07  -2.9609384e-07  -2.1799686e-07  -2.5480117e-07  -1.2651459e-07  -9.2542358e-08  -1.1838393e-07  -6.2364322e-08
   0.0000000e+00  -2.6150490e-06  -5.8321998e-06  -7.3446727e-06  -6.8061286e-06  -6.3037937e-06  -6.4814317e-06  -4.5220709e-06  -2.9801645e-06  -2.4568419e-06  -1.2226890e-06  -9.9199372e-07  -1.0180277e-06  -8.8285344e-07  -5.2678678e-07  -4.9877474e-07  -3.8447934e-07  -3.1941101e-07  -2.7702569e-07  -2.8540524e-07  -2.2348591e-07  -1.8747591e-07  -1.9068342e-07
   0.0000000e+00  -2.2874531e-06  -6.7306355e-06  -6.8767940e-06  -6.4177252e-06  -6.3235848e-06  -5.6307717e-06  -4.8642119e-06  -3.2786827e-06  -1.6911898e-06  -1.8806492e-06  -1.3399143e-06  -9.9550630e-07  -7.1742284e-07  -6.0413430e-07  -4.9187565e-07  -4.3860771e-07  -3.2005795e-07  -1.8648956e-07  -2.3663503e-07  -2.7570806e-07  -1.0218802e-07  -1.2232447e-07
   0.0000000e+00  -3.2554901e-06  -5.7215639e-06  -7.4447426e-06  -6.5901286e-06  -6.1696473e-06  -6.3685279e-06  -5.0248468e-06  -3.0217361e-06  -2.2496367e-06  -1.4203509e-06  -1.2623793e-06  -8.3144005e-07  -8.0468152e-07  -7.7316707e-07  -4.5053179e-07  -3.1381086e-07  -3.0998842e-07  -3.2421525e-07  -2.2681769e-07   2.8897890e-08  -1.3071252e-07  -1.6381844e-07
   0.0000000e+00  -2.9235027e-06  -6.2728745e-06  -6.9162852e-06  -6.6561383e-06  -6.6116572e-06  -6.1016117e-06  -4.2980873e-06  -3.1785441e-06  -2.0744944e-06  -1.6750017e-06  -1.1113217e-06  -1.1536092e-06  -7.7756653e-07  -6.5186532e-07  -5.6346016e-07  -4.1058846e-07  -3.3330193e-07  -2.3842648e-07  -5.5489672e-08  -1.4918932e-07  -6.3089459e-08   7.9234496e-08
   0.0000000e+00  -2.4509040e-06  -6.3158909e-06  -7.1722666e-06  -6.6554435e-06  -6.1570508e-06  -6.1455207e-06  -4.8503030e-06  -3.1618329e-06  -2.3017656e-06  -1.4504616e-06  -1.2148461e-06  -1.0756108e-06  -9.3731961e-07  -6.5069719e-07  -4.8148900e-07  -2.9639443e-07  -2.5592902e-07  -1.2483845e-07  -2.0370861e-07  -1.6438018e-07   1.3925342e-08  -1.2985636e-09
   0.0000000e+00  -2.6781577e-06  -6.3019747e-06  -7.2463909e-06  -6.6306552e-06  -6.1410406e-06  -6.0000652e-06  -4.9793666e-06  -3.1779116e-06  -1.9028731e-06  -1.6016056e-06  -1.4471881e-06  -9.3676385e-07  -8.1960150e-07  -5.9491936e-07  -3.2324328e-07  -3.6157005e-07  -2.0970272e-07  -2.2175766e-07  -8.8375586e-08   3.6040749e-08  -8.2709327e-08  -1.1415923e-07
   0.0000000e+00  -3.1616605e-06  -6.1108126e-06  -6.9576313e-06  -6.6454054e-06  -6.9220669e-06  -5.7892148e-06  -4.7093413e-06  -3.0738872e-06  -2.0352911e-06  -1.8677443e-06  -1.1917401e-06  -8.4295561e-07  -8.1236300e-07  -5.9583886e-07  -5.2175483e-07  -2.7250888e-07  -1.4444541e-07  -2.8909048e-08  -1.2904199e-07  -1.4436007e-07  -4.5349367e-08   1.0872764e-07
   0.0000000e+00  -2.6187929e-06  -6.1112651e-06  -7.1763725e-06  -6.4935575e-06  -5.8608944e-06  -6.7612959e-06  -4.6391015e-06  -3.0895712e-06  -2.4269655e-06  -1.2004563e-06  -1.0486920e-06  -1.2174436e-06  -8.3584081e-07  -4.8492916e-07  -2.8533810e-07  -2.1369351e-07  -2.5694999e-07  -2.4949955e-07  -3.4250473e-08  -1.7365306e-08   5.7874026e-08  -5.0891753e-08
   0.0000000e+00  -2.9547323e-06  -6.2243998e-06  -7.4048303e-06  -6.5695658e-06  -6.4080227e-06  -5.7190291e-06  -4.8111629e-06  -3.2853161e-06  -1.9936472e-06  -1.6590088e-06  -1.3716074e-06  -7.8033014e-07  -5.1944431e-07  -6.3837524e-07  -5.4045239e-07  -2.6815880e-07  -1.2861230e-07  -8.2366675e-08  -1.5422090e-07   2.5644136e-08  -5.7482740e-08   1.0187968e-07
   0.0000000e+00  -2.3126011e-06  -6.4383144e-06  -6.7360525e-06  -7.0851820e-06  -6.2296267e-06  -6.2835129e-06  -4.7535145e-06  -3.0574424e-06  -1.9700801e-06  -1.6760882e-06  -9.7944053e-07  -1.0155137e-06  -8.1085494e-07  -5.5859090e-07  -1.9633009e-07  -2.1852701e-07  -3.0952080e-07  -1.3673466e-07   4.5815471e-09  -8.5923986e-08  -2.3402368e-08  -3.7837712e-08
   0.0000000e+00  -3.4063194e-06  -5.6941208e-06  -7.0415635e-06  -6.0927769e-06  -6.6279849e-06  -5.9653125e-06  -4.9009659e-06  -3.2687151e-06  -2.2973384e-06  -1.3417149e-06  -1.3268030e-06  -8.0977185e-07  -7.7397635e-07  -4.7862551e-07  -2.8658690e-07  -3.5394973e-07  -1.5298357e-07  -5.9016603e-08  -2.8606118e-07  -1.1792061e-07   1.8346460e-08  -4.9733195e-08
   0.0000000e+00  -2.1540959e-06  -6.5397062e-06  -7.4403974e-06  -6.5609806e-06  -6.1220676e-06  -6.2013310e-06  -4.7332796e-06  -3.0401252e-06  -2.0772768e-06  -1.8111232e-06  -1.2117447e-06  -1.0095659e-06  -6.5080388e-07  -3.3927213e-07  -5.0695246e-07  -1.8716509e-07  -4.7719851e-08  -2.9186310e-07   2.5333541e-08  -3.4048753e-09  -9.8455260e-08   8.8444096e-08
   0.0000000e+00  -3.0211229e-06  -5.9570330e-06  -6.9831526e-06  -6.7826627e-06  -6.2377671e-06  -6.2855602e-06  -4.8467127e-06  -3.1455172e-06  -2.3021510e-06  -1.3748977e-06  -1.2391897e-06  -8.5258506e-07  -6.0786334e-07  -6.0591839e-07  -2.1046604e-07  -5.9936340e-08  -3.0068023e-07  -9.6748467e-09  -8.7909321e-08   3.0888060e-08   5.3503154e-08   5.9928865e-08
   0.0000000e+00  -2.7220906e-06  -6.0542457e-06  -6.5813679e-06  -6.7113137e-06  -6.4467745e-06  -5.8278433e-06  -4.6812120e-06  -3.3786118e-06  -2.0015564e-06  -1.7316224e-06  -1.0948103e-06  -8.7418414e-07  -7.5354745e-07  -3.2886510e-07  -2.9272812e-07  -2.9761796e-07  -7.4268726e-08  -1.0568939e-07   8.9509463e-08  -1.1277682e-07   1.4704432e-07   2.7657009e-07
   0.0000000e+00  -2.6701946e-06  -6.1542419e-06  -7.6961041e-06  -6.1913588e-06  -6.4006454e-06  -6.2413706e-06  -4.9618070e-06  -3.0373540e-06  -2.1321587e-06  -1.4877473e-06  -1.0842917e-06  -8.9849891e-07  -5.4892149e-07  -4.9785069e-07  -2.7730121e-07  -2.8780880e-07  -1.6429983e-07   2.7990678e-08  -1.1555875e-07   1.6728194e-07   1.0636445e-07   8.8478034e-09
   0.0000000e+00  -2.5911606e-06  -6.3177899e-06  -6.8279082e-06  -6.8464947e-06  -6.0980315e-06  -6.4955948e-06  -4.5392098e-06  -3.2736652e-06  -2.1384415e-06  -1.5384667e-06  -1.1613553e-06  -7.6100542e-07  -5.2142889e-07  -5.3546432e-07  -3.8702470e-07  -2.3855588e-07  -6.6528237e-08  -1.5113751e-07  -1.2829054e-07   9.8237720e-09  -2.9552574e-08  -7.4882436e-08
   0.0000000e+00  -2.8770507e-06  -5.9035915e-06  -7.0339975e-06  -6.4371234e-06  -6.5243439e-06  -5.6126414e-06  -5.0011058e-06  -2.9131018e-06  -2.1132587e-06  -1.4383205e-06  -1.0430907e-06  -9.0159034e-07  -8.0770059e-07  -4.1223268e-07  -3.3788166e-07  -2.2071511e-07  -2.8011587e-07  -2.5302640e-07   3.1231199e-08  -2.0113325e-07  -1.8042790e-07   5.4319543e-08
   0.0000000e+00  -2.7269846e-06  -6.4693609e-06  -6.8474437e-06  -7.1219765e-06  -6.3242296e-06  -6.5478775e-06  -4.7119879e-06  -3.5242222e-06  -2.1626829e-06  -1.4721595e-06  -1.1806263e-06  -7.6907287e-07  -4.7899158e-07  -7.5239484e-07  -4.0905786e-07  -3.4934644e-07  -2.2384513e-07  -8.9588930e-08  -2.4409002e-07  -1.0947446e-07   2.4480551e-08  -7.9484913e-08
   0.0000000e+00  -2.7129608e-06  -5.5837036e-06  -7.7678615e-06  -6.0288139e-06  -6.4703963e-06  -5.8095229e-06  -4.8839288e-06  -2.8764005e-06  -1.8935423e-06  -1.6071239e-06  -1.0288211e-06  -9.9023339e-07  -1.0837094e-06  -2.7932438e-07  -5.5997378e-07  -2.8522498e-07  -2.7095260e-07  -3.6960608e-07  -1.0855724e-07  -5.5253764e-08  -1.9881161e-07   2.5935162e-08
   0.0000000e+00  -2.4420742e-06  -6.5774711e-06  -6.6947105e-06  -6.7129531e-06  -6.2093372e-06  -6.5837330e-06  -4.7359736e-06  -3.3827494e-06  -2.3056914e-06  -1.4126794e-06  -1.3303812e-06  -8.7896899e-07  -5.3059830e-07  -7.7315832e-07  -4.9019712e-07  -5.1809860e-07  -3.3329565e-07  -6.9392328e-08  -2.7989117e-07  -2.3628341e-07   1.1229981e-07  -1.5420946e-07
   0.0000000e+00  -3.2193311e-06  -6.0472562e-06  -7.1082986e-06  -7.1332570e-06  -6.5075124e-06  -6.0355842e-06  -4.8944648e-06  -2.8606505e-06  -2.0319383e-06  -1.5093642e-06  -1.0178646e-06  -1.0329694e-06  -9.7701513e-07  -6.4490064e-07  -4.2856303e-07  -2.5475805e-07  -4.5664652e-07  -4.0323985e-07  -6.2442567e-08  -7.1290735e-08  -2.7020081e-07   3.6436345e-09
   0.0000000e+00  -2.1722497e-06  -6.2614231e-06  -7.0160863e-06  -6.3428761e-06  -6.4110041e-06  -6.0614479e-06  -4.7368112e-06  -3.5545738e-06  -2.1728824e-06  -1.7600922e-06  -1.2998619e-06  -8.9874703e-07  -5.8895642e-07  -6.9165259e-07  -6.5948802e-07  -5.0950422e-07  -2.4458708e-07  -8.3344297e-08  -3.6975027e-07  -2.2049868e-07  -1.1621511e-08  -1.4056502e-07
   0.0000000e+00  -2.8609636e-06  -5.7306693e-06  -7.4157865e-06  -6.5210738e-06  -6.2905183e-06  -6.3387638e-06  -5.0697895e-06  -2.8296201e-06  -2.0947643e-06  -1.2827547e-06  -1.1932071e-06  -1.1881184e-06  -9.6160340e-07  -6.4076784e-07  -4.1343171e-07  -3.0486689e-07  -4.1000987e-07  -3.9173329e-07  -1.1824761e-07   1.9583846e-09  -1.2611052e-07  -1.7819259e-07
   0.0000000e+00  -2.8117111e-06  -6.4224400e-06  -6.9903040e-06  -6.8693889e-06  -6.5591307e-06  -6.2895742e-06  -4.5325237e-06  -3.6227091e-06  -2.1518513e-06  -2.0133950e-06  -1.2610624e-06  -8.1002253e-07  -7.5810431e-07  -6.9567221e-07  -5.4646819e-07  -5.9111812e-07  -5.9318111e-08  -1.4789042e-07  -2.2164807e-07  -1.3647652e-07  -8.4041289e-08   1.2886530e-07
   0.0000000e+00  -2.5711843e-06  -5.9804447e-06  -6.9950584e-06  -6.4851174e-06  -6.3858906e-06  -5.9986164e-06  -5.0194685e-06  -2.8873637e-06  -2.2279673e-06  -1.1440569e-06  -1.3218801e-06  -1.0869035e-06  -9.2135735e-07  -5.8682554e-07  -4.3365864e-07  -1.9236992e-07  -4.6000531e-07  -2.3493521e-07  -7.3113185e-08  -6.3559547e-08  -4.7842832e-08  -1.0105290e-07
   0.0000000e+00  -2.4015669e-06  -6.2875233e-06  -6.9866946e-06  -6.8994118e-06  -6.3303596e-06  -6.4197839e-06  -4.9378018e-06  -3.3498450e-06  -2.1962046e-06  -1.8798241e-06  -1.1082249e-06  -8.8842580e-07  -6.8535832e-07  -6.7533597e-07  -4.7394971e-07  -4.3251958e-07  -9.0441240e-08  -2.3016543e-07  -5.7821655e-08  -3.7055003e-08  -5.0507616e-08   1.0787668e-07
   0.0000000e+00  -2.8338820e-06  -5.9321487e-06  -7.6530860e-06  -6.2603121e-06  -6.5870800e-06  -6.0696852e-06  -4.4863491e-06  -2.9245850e-06  -2.0655098e-06  -1.3715370e-06  -1.2473814e-06  -1.0430804e-06  -8.2799033e-07  -4.6159320e-07  -4.4411334e-07  -2.1387744e-07  -2.5275554e-07  -6.5871120e-08  -4.7621747e-09   2.1559213e-08   6.8588506e-08  -4.6069204e-08
   0.0000000e+00  -2.7953893e-06  -6.1927408e-06  -6.4861665e-06  -7.2261041e-06  -6.1329665e-06  -6.2279896e-06  -5.2791706e-06  -3.5486582e-06  -2.0753700e-06  -1.7654446e-06  -1.1121757e-06  -9.0898698e-07  -7.6285426e-07  -7.1606678e-07  -4.1388100e-07  -3.2918976e-07  -1.9618116e-07  -4.7322811e-08  -2.5991161e-08  -7.3605413e-08  -2.1219485e-08   6.7507209e-08
   0.0000000e+00  -2.7112421e-06  -6.2524523e-06  -7.4589866e-06  -6.2719159e-06  -6.5567729e-06  -6.1976834e-06  -4.4949179e-06  -2.9587327e-06  -2.1139549e-06  -1.4153736e-06  -1.4091352e-06  -1.0229393e-06  -8.1879085e-07  -5.4149359e-07  -5.1110857e-07  -2.8205130e-07  -1.6842768e-07  -1.7871454e-07  -1.5822643e-07  -7.2429863e-08  -7.5577084e-08  -8.7359901e-08
   0.0000000e+00  -2.2222871e-06  -6.1748183e-06  -7.2241355e-06  -6.9374601e-06  -6.5114659e-06  -6.3183988e-06  -4.8212173e-06  -3.2501662e-06  -2.3840412e-06  -1.7840962e-06  -1.1100066e-06  -1.0950753e-06  -6.2268060e-07  -7.2230506e-07  -4.0227377e-07  -3.4300089e-07  -1.8677142e-07  -1.9825072e-07  -1.5235474e-07  -1.3778435e-07  -3.3857340e-08  -7.2728268e-09
   0.0000000e+00  -3.3484673e-06  -6.0311836e-06  -7.1055952e-06  -6.4189035e-06  -6.5961340e-06  -6.0740094e-06  -5.0885224e-06  -3.1982352e-06  -2.3409082e-06  -1.2340198e-06  -1.3135059e-06  -9.0723620e-07  -1.0210906e-06  -5.1641723e-07  -4.0697702e-07  -2.5085725e-07  -3.8472947e-07  -2.5547047e-07  -9.9879081e-08  -6.1687807e-08  -7.6414850e-08  -6.4429841e-08
   0.0000000e+00  -2.3533273e-06  -6.3553880e-06  -7.3768133e-06  -7.1247168e-06  -6.1753130e-06  -6.4514716e-06  -4.7481908e-06  -3.3466747e-06  -1.7911273e-06  -2.0706982e-06  -1.2752042e-06  -9.3113880e-07  -5.5447020e-07  -6.3486129e-07  -4.8620001e-07  -4.8015227e-07  -1.2183780e-07  -1.8274891e-07  -1.6296809e-07  -1.9539121e-07  -1.2793235e-07   4.3835268e-08
   0.0000000e+00  -3.1865436e-06  -6.3843077e-06  -6.9820380e-06  -6.7069950e-06  -6.8081813e-06  -6.0125544e-06  -5.0276758e-06  -3.1616974e-06  -2.2199399e-06  -1.3795621e-06  -1.1442889e-06  -9.5358604e-07  -9.5549626e-07  -6.2466091e-07  -4.2803202e-07  -2.2810296e-07  -3.6820555e-07  -2.3435872e-07  -1.0843843e-07  -8.1245041e-08  -2.0171282e-08  -1.3139594e-07
   0.0000000e+00  -2.2346751e-06  -6.0535640e-06  -7.3699844e-06  -6.7685733e-06  -6.0621314e-06  -6.5956219e-06  -4.5273550e-06  -3.2371120e-06  -2.2855702e-06  -1.6065712e-06  -1.0720164e-06  -9.5913572e-07  -7.5904512e-07  -5.5887000e-07  -4.9681563e-07  -4.0884916e-07  -1.4002926e-07  -1.3523844e-07  -5.4291196e-08  -8.6795517e-08  -8.1477808e-08   2.0363807e-08
   0.0000000e+00  -3.4426766e-06  -6.3391726e-06  -7.4002246e-06  -6.5668432e-06  -7.0924812e-06  -5.8663877e-06  -5.1130864e-06  -3.0838094e-06  -2.0346740e-06  -1.3286121e-06  -1.2819262e-06  -8.9203417e-07  -6.8044574e-07  -6.1432462e-07  -3.5806607e-07  -2.4329981e-07  -2.3681949e-07  -2.4642407e-08  -4.0299547e-08  -2.5600526e-08   9.8030490e-09  -1.3339712e-08
   0.0000000e+00  -2.4234157e-06  -6.4947394e-06  -7.1711038e-06  -6.9959333e-06  -5.9732342e-06  -6.3603779e-06  -4.8239503e-06  -3.1649427e-06  -2.1343355e-06  -1.5838647e-06  -1.0317200e-06  -9.3858637e-07  -7.4285839e-07  -5.5058257e-07  -3.8855387e-07  -1.5065361e-07  -1.0341391e-07  -1.4607163e-07  -8.0292736e-08  -8.5616456e-08  -6.7021197e-08  -9.7476430e-08
   0.0000000e+00  -3.0821013e-06  -6.1069973e-06  -7.2705552e-06  -6.5466120e-06  -6.7038332e-06  -6.2959343e-06  -4.5644260e-06  -3.2349271e-06  -1.9971947e-06  -1.4679889e-06  -1.3355477e-06  -7.9315254e-07  -7.1554439e-07  -3.9405967e-07  -3.9003953e-07  -3.1185158e-07  -6.8167516e-08   9.6476924e-09  -1.3886334e-07  -1.8636300e-07  -5.3734901e-08  -3.3475651e-08
   0.0000000e+00  -2.8829104e-06  -6.4106202e-06  -7.2224002e-06  -7.2388448e-06  -6.2830568e-06  -6.3806233e-06  -5.2509986e-06  -3.2877456e-06  -1.9776455e-06  -1.6955504e-06  -7.5618726e-07  -1.0779955e-06  -6.7041935e-07  -5.4545114e-07  -3.0421057e-07  -8.6035008e-08  -1.9394186e-07  -2.2102417e-07  -9.9119788e-08   2.8975794e-08  -2.3909010e-08   1.5697275e-08
   0.0000000e+00  -2.9381597e-06  -6.2182648e-06  -7.4838422e-06  -6.3666944e-06  -6.7629844e-06  -5.9530230e-06  -4.6005548e-06  -2.9197938e-06  -2.3660007e-06  -1.3629063e-06  -1.4043595e-06  -7.2975502e-07  -7.1528808e-07  -5.0786866e-07  -3.0938230e-07  -2.8877719e-07  -2.1535384e-07  -9.3325603e-08  -4.6890108e-08  -3.8237264e-08   3.1084991e-08   1.6379833e-07
   0.0000000e+00  -2.6199814e-06  -6.5841600e-06  -6.8996715e-06  -7.1025961e-06  -6.4578708e-06  -6.4840756e-06  -5.0048461e-06  -3.3316819e-06  -2.0042796e-06  -1.5087055e-06  -1.0798454e-06  -9.1758227e-07  -6.6041639e-07  -5.1824901e-07  -3.9641165e-07  -2.7463983e-07  -1.9362875e-07  -1.7803089e-07  -2.5278638e-08  -7.3539333e-08   1.7258369e-09   7.9335543e-08
   0.0000000e+00  -3.1599454e-06  -6.2108229e-06  -7.7545883e-06  -6.5355771e-06  -6.4004807e-06  -6.1794103e-06  -4.8488869e-06  -3.1227964e-06  -2.1736043e-06  -1.4846330e-06  -1.2429208e-06  -9.9060912e-07  -6.7113223e-07  -6.2560719e-07  -4.0619378e-07  -3.4216748e-07  -1.7448835e-07  -1.4037037e-07  -2.4466081e-07  -6.6584469e-08  -4.6377156e-08  -7.2035057e-08
   0.0000000e+00  -2.8393824e-06  -6.3539028e-06  -7.0214619e-06  -6.8457002e-06  -6.4424894e-06  -6.3517191e-06  -4.6306814e-06  -3.4002862e-06  -2.0176947e-06  -1.7044528e-06  -1.1830817e-06  -8.4454473e-07  -9.5398650e-07  -5.2704036e-07  -5.0624584e-07  -3.4037768e-07  -1.6295823e-07  -2.2501968e-07  -1.0013419e-07  -8.1900964e-08  -4.9344628e-08  -7.0413705e-08
   0.0000000e+00  -3.0275505e-06  -5.9826580e-06  -7.3700330e-06  -6.8272830e-06  -6.6522916e-06  -6.0905977e-06  -5.0652975e-06  -2.8968643e-06  -2.1674246e-06  -1.5352765e-06  -1.0956094e-06  -1.1739578e-06  -7.3792199e-07  -5.9907950e-07  -3.1668972e-07  -2.1631543e-07  -3.2439789e-07  -1.1366027e-07  -3.4048373e-08  -9.8688552e-08  -8.7801467e-08   7.4286188e-10
   0.0000000e+00  -2.6220007e-06  -6.8637505e-06  -7.1140316e-06  -6.8331174e-06  -6.2983299e-06  -6.0888342e-06  -4.7070694e-06  -3.3868491e-06  -2.2081629e-06  -1.5263666e-06  -1.2942546e-06  -8.1948031e-07  -6.5283399e-07  -7.0333653e-07  -5.0102250e-07  -2.4381569e-07  -1.3428402e-07  -9.3127653e-08  -6.0103474e-08  -7.6730657e-08  -7.8397209e-09   1.2527738e-08
   0.0000000e+00  -3.1733261e-06  -6.1438068e-06  -7.4251911e-06  -6.5690874e-06  -6.4177175e-06  -6.3941634e-06  -5.0654189e-06  -2.8037543e-06  -2.0718824e-06  -1.4092744e-06  -1.1371607e-06  -9.6264739e-07  -8.7580270e-07  -4.1515423e-07  -3.8215904e-07  -1.8178318e-07  -2.4404605e-07  -8.8707303e-08  -5.7507922e-08  -1.0502958e-08  -1.2491914e-08   2.9529053e-08
   0.0000000e+00  -2.7287108e-06  -6.2127865e-06  -7.0894348e-06  -6.7512938e-06  -6.4580736e-06  -6.2343624e-06  -4.3813234e-06  -3.3751357e-06  -2.0914727e-06  -1.6296723e-06  -1.1546842e-06  -9.0517545e-07  -6.5297490e-07  -5.9490492e-07  -2.9479256e-07  -4.0876577e-07  -1.2095479e-07   6.8496746e-08  -1.8399568e-07  -1.1772833e-07   1.4778769e-07  -8.1408764e-09
   0.0000000e+00  -2.9908631e-06  -6.0862262e-06  -7.3275505e-06  -6.7740552e-06  -6.3835969e-06  -5.8093469e-06  -4.9120649e-06  -3.0963122e-06  -1.8963124e-06  -1.4168975e-06  -1.1898038e-06  -9.0184869e-07  -8.7842960e-07  -4.6627571e-07  -3.9536874e-07  -1.5476446e-07  -1.2884578e-07  -2.8878517e-07  -3.6101170e-08   1.7211197e-07  -5.0462692e-08   4.1311594e-08
   0.0000000e+00  -2.7502285e-06  -6.6100847e-06  -7.1608483e-06  -6.5630256e-06  -6.3176872e-06  -6.3388693e-06  -4.6530754e-06  -3.1128839e-06  -2.2112140e-06  -1.5560390e-06  -1.1148849e-06  -9.0822755e-07  -4.7509670e-07  -5.6863644e-07  -4.2627983e-07  -1.6914311e-07  -1.4360056e-07  -2.5080226e-08  -6.1759287e-08  -8.5058844e-08   4.4211696e-08   8.0417315e-08
   0.0000000e+00  -2.7580502e-06  -5.9622776e-06  -7.0934734e-06  -6.5194399e-06  -6.3350249e-06  -6.0071648e-06  -4.7714575e-06  -2.8368593e-06  -1.9947736e-06  -1.4328076e-06  -1.1038519e-06  -9.7216946e-07  -8.2378062e-07  -5.1262492e-07  -2.6051029e-07  -2.9508325e-07  -1.6127098e-07  -1.4427218e-07   1.1499921e-08   1.6038424e-08   3.3033064e-08   8.1836056e-08
   0.0000000e+00  -2.8207000e-06  -6.4274604e-06  -6.9787379e-06  -6.8388099e-06  -6.2456184e-06  -6.0942434e-06  -4.6416667e-06  -3.2148155e-06  -2.1660990e-06  -1.4861395e-06  -1.0765830e-06  -8.4403956e-07  -6.4351150e-07  -5.7125976e-07  -3.1073847e-07  -2.9235744e-07  -2.3147022e-07  -1.4133487e-07  -1.4434319e-07  -9.1071421e-08  -1.4258936e-08  -4.9510877e-08
