   0.0000000e+00  -1.4885845e-06  -3.4447371e-06  -4.8483398e-06  -4.6962496e-06  -4.8342490e-06  -4.6669984e-06  -3.7957623e-06  -2.5549007e-06  -1.5136947e-06  -1.2484528e-06  -1.0546447e-06  -6.7985826e-07  -6.5578661e-07  -3.8449684e-07  -4.4735398e-07  -2.9153196e-07  -1.4162367e-07  -1.3503760e-07  -1.3100059e-07  -6.3102462e-08  -1.1155399e-07  -1.0048058e-07
   0.0000000e+00  -1.5391133e-06  -3.5471237e-06  -4.3633818e-06  -4.6051523e-06  -4.8349671e-06  -4.9125579e-06  -3.6720537e-06  -2.5573540e-06  -1.6738436e-06  -1.2092476e-06  -8.5234075e-07  -8.0712988e-07  -6.2916371e-07  -5.5452580e-07  -2.0062397e-07  -2.9541459e-07  -1.7551412e-07  -2.2508618e-07  -1.0179703e-07  -1.0084615e-07  -1.2438164e-07  -1.0840683e-07
   0.0000000e+00  -1.4901541e-06  -3.5143555e-06  -4.9037703e-06  -4.7110225e-06  -4.8322790e-06  -4.7794970e-06  -3.7821708e-06  -2.2654106e-06  -1.8793251e-06  -1.3258509e-06  -9.9042848e-07  -7.9549335e-07  -5.3181219e-07  -4.4107784e-07  -5.0679944e-07  -1.5744165e-07  -1.9248112e-07  -1.3519150e-07  -1.1334377e-07  -1.8076305e-07  -6.1573679e-08  -1.0506461e-08
   0.0000000e+00  -1.2785615e-06  -3.7746795e-06  -4.3185710e-06  -4.7733843e-06  -4.7517105e-06  -4.6946889e-06  -3.8874191e-06  -2.6394337e-06  -1.5534670e-06  -1.0878315e-06  -9.9280464e-07  -8.2397526e-07  -6.8721198e-07  -5.2555259e-07  -2.6805020e-07  -2.4756511e-07  -2.3948894e-07  -1.8277319e-07  -5.4480562e-08  -4.0679456e-08  -9.1122317e-08  -1.0706934e-07
   0.0000000e+00  -1.3582264e-06  -3.2893806e-06  -4.6628584e-06  -4.6628065e-06  -4.8065690e-06  -4.8379457e-06  -3.7936838e-06  -2.5918662e-06  -1.8098827e-06  -1.4125421e-06  -9.6409383e-07  -6.7406415e-07  -5.4969212e-07  -4.2112325e-07  -4.0370307e-07  -2.0959656e-07  -1.5073167e-07  -4.2631861e-08  -1.8180114e-07  -1.2489686e-07   2.0383229e-08   3.7829331e-08
   0.0000000e+00  -1.5952547e-06  -3.7061805e-06  -4.6495588e-06  -4.8151242e-06  -4.9926039e-06  -4.8107881e-06  -3.5278522e-06  -2.4125150e-06  -1.5521116e-06  -1.2016757e-06  -9.7357781e-07  -8.5524971e-07  -7.9157184e-07  -3.7261282e-07  -2.5650832e-07  -2.7343128e-07  -1.6973650e-07  -1.5170072e-07  -2.5612062e-08   6.5881971e-09  -4.1019828e-08  -1.1988044e-07
   0.0000000e+00  -1.4958106e-06  -3.3695442e-06  -4.5918096e-06  -4.6143341e-06  -4.6551736e-06  -4.9639339e-06  -4.0958071e-06  -2.6923426e-06  -1.9712393e-06  -1.2256098e-06  -9.3550182e-07  -6.2799160e-07  -4.9550408e-07  -4.7593116e-07  -4.2108317e-07  -1.2567793e-07  -1.7136384e-07  -1.5632363e-08  -1.2181322e-07  -6.4047647e-08   2.3048631e-08   1.0574310e-07
   0.0000000e+00  -1.1809050e-06  -3.6215199e-06  -4.5302322e-06  -4.7265889e-06  -4.8621919e-06  -4.5593015e-06  -3.6892354e-06  -2.3237717e-06  -1.4827752e-06  -1.2950452e-06  -1.0395646e-06  -8.9978755e-07  -5.4461532e-07  -4.6632218e-07  -2.2786693e-07  -1.9377654e-07  -1.7633398e-07  -1.2821467e-07  -1.5007666e-08   1.1390014e-08  -1.3392044e-08   4.8453629e-08
   0.0000000e+00  -1.5071610e-06  -3.6889280e-06  -4.7884787e-06  -4.7553590e-06  -5.1573356e-06  -4.9872124e-06  -3.9021338e-06  -2.7552996e-06  -1.8826285e-06  -1.2559527e-06  -9.0713763e-07  -6.0156788e-07  -6.5935205e-07  -4.9598242e-07  -3.0156639e-07  -2.0414410e-07  -1.2669689e-07  -1.5139422e-07  -4.8211351e-08  -3.8494008e-08   1.0980187e-10  -1.0722820e-07
   0.0000000e+00  -1.3857961e-06  -3.4310683e-06  -4.5557622e-06  -4.7925141e-06  -4.5036213e-06  -4.8624647e-06  -3.6322722e-06  -2.4203109e-06  -1.7110334e-06  -1.2633099e-06  -8.9917933e-07  -9.6178098e-07  -5.1240005e-07  -3.5696891e-07  -3.0222756e-07  -3.1715393e-07  -1.6577985e-07  -6.6958592e-08  -2.1066590e-07  -1.3017441e-07  -1.0088851e-07  -2.1090969e-09
   0.0000000e+00  -1.6949945e-06  -3.6100380e-06  -4.5571569e-06  -4.8567081e-06  -5.0908961e-06  -4.8188376e-06  -3.9763577e-06  -2.7399747e-06  -1.5276247e-06  -1.2740992e-06  -1.1173495e-06  -6.1126241e-07  -6.8015987e-07  -5.0834933e-07  -3.0013089e-07  -2.8320474e-07  -1.7179897e-07  -2.1673233e-07  -1.3113150e-07  -6.4854625e-08  -1.3938600e-07  -1.0191560e-07
   0.0000000e+00  -1.2732073e-06  -3.6507831e-06  -4.7958583e-06  -4.8328529e-06  -4.7386879e-06  -4.9094101e-06  -3.9230372e-06  -2.3210960e-06  -1.9826098e-06  -1.2628515e-06  -8.7178125e-07  -7.3511217e-07  -5.9609397e-07  -4.7270601e-07  -3.5627022e-07  -1.9329725e-07  -1.7821185e-07  -2.0930386e-07  -7.4692267e-08  -1.0815306e-07  -2.2326054e-08  -2.0773099e-08
   0.0000000e+00  -1.5225410e-06  -3.6794127e-06  -4.7427538e-06  -4.5901934e-06  -5.0528120e-06  -4.6976229e-06  -3.6003912e-06  -2.4780632e-06  -1.5833673e-06  -1.1649522e-06  -9.6429073e-07  -9.1475687e-07  -5.8022295e-07  -3.9281602e-07  -3.4237249e-07  -2.6379274e-07  -2.1836749e-07  -1.5806314e-08  -7.3328884e-08  -1.8229255e-08  -1.5061483e-08   9.1213380e-08
   0.0000000e+00  -1.4368808e-06  -3.4440575e-06  -4.8107404e-06  -4.8466959e-06  -4.9682344e-06  -5.1678662e-06  -3.9880238e-06  -2.7724745e-06  -1.8027335e-06  -1.2689136e-06  -8.5930924e-07  -6.1101576e-07  -5.8997205e-07  -4.8172325e-07  -3.7267898e-07  -1.2819504e-07  -1.0452677e-07  -1.6321250e-07  -6.3399348e-08  -3.6686984e-08   2.2097428e-08  -7.6032700e-09
   0.0000000e+00  -1.8781402e-06  -3.8418812e-06  -4.4317512e-06  -4.9139917e-06  -4.7737981e-06  -4.5277511e-06  -3.4922402e-06  -2.2828890e-06  -1.3810235e-06  -1.2515929e-06  -1.0053939e-06  -7.3474314e-07  -5.6628215e-07  -4.0860078e-07  -1.9622452e-07  -2.3914356e-07  -2.3118096e-07  -5.6535235e-08  -7.3439097e-08  -2.4313058e-08  -2.8142987e-08  -3.6778722e-08
   0.0000000e+00  -1.1922796e-06  -3.7596142e-06  -4.7495955e-06  -4.8695574e-06  -4.8656343e-06  -4.9234159e-06  -4.1196431e-06  -2.8065010e-06  -1.7589379e-06  -1.1730668e-06  -8.2087701e-07  -6.9519660e-07  -5.8737754e-07  -3.4162849e-07  -4.0482013e-07  -2.8539000e-07  -7.0430474e-08  -8.0997069e-08  -1.2847384e-07  -1.8168943e-07  -1.0243490e-08   4.1737678e-08
   0.0000000e+00  -1.6190299e-06  -3.4262259e-06  -4.8593852e-06  -4.6539694e-06  -5.0004815e-06  -4.8154043e-06  -3.5205553e-06  -2.0673708e-06  -1.7352247e-06  -1.0392711e-06  -9.5428300e-07  -7.6848420e-07  -4.8537851e-07  -4.8344043e-07  -1.9586537e-07  -1.4650433e-07  -2.1953470e-07  -2.6184279e-07  -1.4651891e-07   1.1047411e-07  -1.2938392e-07  -1.0273767e-07
   0.0000000e+00  -1.5871929e-06  -3.6864069e-06  -4.6514406e-06  -4.8230640e-06  -4.7167377e-06  -4.7760946e-06  -3.8411054e-06  -2.5952904e-06  -1.7140429e-06  -1.3591251e-06  -8.3181141e-07  -5.3388584e-07  -5.6410761e-07  -4.7125920e-07  -3.7776772e-07  -2.7173988e-07  -8.4591328e-08  -1.6830677e-07  -5.0671328e-08  -2.2142135e-07  -5.8759468e-08   3.5681609e-08
   0.0000000e+00  -1.5442657e-06  -3.6647455e-06  -4.6687569e-06  -4.6871037e-06  -4.8156903e-06  -4.8826400e-06  -3.7401187e-06  -2.4817455e-06  -1.3042259e-06  -1.0317041e-06  -9.1093352e-07  -9.4337281e-07  -6.1960827e-07  -3.7127734e-07  -2.0511102e-07  -2.1774028e-07  -3.3453080e-07  -1.4536762e-07  -1.0353739e-07  -7.5995850e-08  -1.3197875e-07  -6.6453779e-08
   0.0000000e+00  -1.3979678e-06  -3.8533958e-06  -4.4158091e-06  -4.8611541e-06  -4.9238506e-06  -4.5885854e-06  -3.5859252e-06  -2.5816259e-06  -1.8689481e-06  -1.4047761e-06  -9.6356518e-07  -5.1328624e-07  -5.6026818e-07  -4.5155355e-07  -4.8629869e-07  -3.1870886e-07  -8.5634639e-08  -1.3710468e-07  -2.1469070e-07  -1.6075720e-07  -8.2110446e-08  -2.2492266e-08
   0.0000000e+00  -1.6002552e-06  -3.2559690e-06  -4.9533014e-06  -4.6082810e-06  -4.8303468e-06  -4.8190418e-06  -3.8693024e-06  -2.3016291e-06  -1.5701934e-06  -1.0020132e-06  -8.1888794e-07  -9.9218471e-07  -6.7086853e-07  -4.8847062e-07  -3.1744656e-07  -2.0252469e-07  -2.8243085e-07  -2.5150291e-07  -1.2835947e-07  -1.1205477e-07  -7.8844600e-08  -1.8004911e-07
   0.0000000e+00  -1.5772550e-06  -3.5546686e-06  -4.5142788e-06  -4.7020430e-06  -4.7010126e-06  -4.7610429e-06  -3.8233184e-06  -2.4616652e-06  -1.7703487e-06  -1.2853801e-06  -1.1289185e-06  -6.4073390e-07  -5.6808807e-07  -5.3728030e-07  -4.2738432e-07  -3.3676318e-07  -2.7580313e-07  -1.3466378e-07  -1.6498787e-07  -2.4289858e-07  -6.5672076e-08   6.1820735e-08
   0.0000000e+00  -1.1683372e-06  -3.8162038e-06  -4.5424995e-06  -4.7707999e-06  -4.8147999e-06  -4.7149633e-06  -3.5320604e-06  -2.3809837e-06  -1.7025102e-06  -1.2407369e-06  -9.5079423e-07  -7.7435067e-07  -6.9505006e-07  -5.6795449e-07  -3.2812275e-07  -2.2041394e-07  -3.3880508e-07  -2.5392831e-07  -1.7869570e-07  -3.3220093e-10  -9.9022309e-08  -1.2766765e-07
   0.0000000e+00  -1.6147077e-06  -3.5992564e-06  -4.5575257e-06  -4.7054909e-06  -4.7247531e-06  -4.9245441e-06  -3.8627090e-06  -2.7524150e-06  -1.5165650e-06  -1.2948650e-06  -8.9408195e-07  -8.6297081e-07  -6.5685549e-07  -4.0516846e-07  -4.8496793e-07  -4.0836716e-07  -1.3400810e-07  -1.7634386e-07  -1.9096640e-07  -1.8881569e-07   9.7983497e-09   8.8008690e-08
   0.0000000e+00  -1.6585902e-06  -3.2859955e-06  -4.6592495e-06  -4.5786592e-06  -4.8709717e-06  -4.5725565e-06  -3.6452584e-06  -2.3483808e-06  -1.6963380e-06  -1.2186256e-06  -9.7292332e-07  -7.9419289e-07  -6.7822066e-07  -5.6355447e-07  -3.0192021e-07  -3.2678471e-07  -2.4537692e-07  -2.0269810e-07  -1.1860413e-07   1.4155651e-08  -1.7068202e-09  -1.9449926e-08
   0.0000000e+00  -1.0157307e-06  -3.5336507e-06  -4.7191306e-06  -4.8081943e-06  -4.8085385e-06  -4.7695385e-06  -3.7792975e-06  -2.4397616e-06  -1.8228941e-06  -1.2688264e-06  -1.0135319e-06  -7.0944253e-07  -5.7984545e-07  -5.2529299e-07  -3.9049203e-07  -2.1800079e-07  -2.0763225e-07  -1.8596924e-07  -6.9063056e-08  -1.4140929e-08  -6.8452017e-08   1.0720539e-07
   0.0000000e+00  -1.5832823e-06  -3.8305716e-06  -4.3539276e-06  -4.5865922e-06  -4.9185696e-06  -4.7892490e-06  -3.8048665e-06  -2.5561676e-06  -1.5312488e-06  -1.1071290e-06  -1.0112395e-06  -7.8524266e-07  -6.3441780e-07  -4.7800796e-07  -2.6182639e-07  -3.2909355e-07  -2.3130936e-07  -9.2921191e-08  -4.3714998e-08  -1.3933372e-07   4.3200714e-08   2.4821821e-08
   0.0000000e+00  -1.4294616e-06  -3.4814968e-06  -4.6193022e-06  -4.7929166e-06  -4.4961580e-06  -4.8752313e-06  -3.7478433e-06  -2.3580656e-06  -1.8041220e-06  -1.3385322e-06  -8.2982791e-07  -7.2847769e-07  -5.7877861e-07  -4.3761091e-07  -4.0924232e-07  -2.3368524e-07  -8.7521286e-08  -1.9620954e-07  -1.5672281e-07  -9.3872901e-09  -6.9716620e-08  -5.8712192e-08
   0.0000000e+00  -1.5831816e-06  -3.2485252e-06  -4.7662988e-06  -4.6973664e-06  -5.0565554e-06  -4.6679652e-06  -3.6213567e-06  -2.6586265e-06  -1.4901832e-06  -1.2870197e-06  -9.2023811e-07  -7.5051531e-07  -6.9853468e-07  -4.0129132e-07  -3.3862011e-07  -2.2937259e-07  -2.5114835e-07  -1.1376507e-07  -1.1895899e-07  -8.8321151e-08  -3.4492675e-08  -1.1816643e-07
   0.0000000e+00  -1.1060959e-06  -3.5810076e-06  -4.6359564e-06  -4.7563153e-06  -4.7391918e-06  -4.8490101e-06  -3.9085126e-06  -2.4999028e-06  -1.8305337e-06  -1.1958530e-06  -8.9128190e-07  -8.9010427e-07  -5.2652297e-07  -4.9980736e-07  -4.1279958e-07  -3.0771335e-07  -1.9109642e-07  -1.5107211e-07  -7.4919924e-08  -1.5507534e-07  -1.0012557e-07   4.7316057e-08
   0.0000000e+00  -1.5290190e-06  -4.0134705e-06  -4.3168425e-06  -4.6410964e-06  -4.9359519e-06  -4.6988148e-06  -3.7161640e-06  -2.3680116e-06  -1.6512300e-06  -1.0921860e-06  -1.1874773e-06  -6.9407514e-07  -6.5593804e-07  -6.2757829e-07  -3.4215336e-07  -1.9916197e-07  -2.9066769e-07  -1.7498454e-07  -1.5090976e-07  -7.7942836e-08  -1.5099189e-08  -1.6097103e-07
   0.0000000e+00  -1.5244003e-06  -3.1969496e-06  -4.8215607e-06  -4.8286970e-06  -4.7212461e-06  -5.0020576e-06  -3.9359925e-06  -2.5654558e-06  -1.8456984e-06  -1.3861273e-06  -8.8221202e-07  -7.7359857e-07  -7.1985244e-07  -4.8531808e-07  -4.9667062e-07  -3.3395398e-07  -2.2218534e-07  -2.0451549e-07  -1.6754153e-07  -1.2615149e-07  -1.5103238e-07   1.2898667e-08
   0.0000000e+00  -1.3082655e-06  -3.4793381e-06  -4.7473472e-06  -4.6534956e-06  -4.8273914e-06  -4.6719651e-06  -3.5169601e-06  -2.5278425e-06  -1.5142438e-06  -1.2217606e-06  -1.0943152e-06  -8.8508159e-07  -7.5869269e-07  -5.0142216e-07  -3.1054728e-07  -4.3079507e-07  -2.7225838e-07  -1.5629711e-07  -2.0611985e-07  -1.4336666e-07  -8.5901071e-08  -1.3492389e-07
   0.0000000e+00  -1.5158206e-06  -3.7415903e-06  -4.5527750e-06  -4.8132856e-06  -5.0792601e-06  -4.8751126e-06  -4.0217319e-06  -2.6546838e-06  -1.8021940e-06  -1.4317975e-06  -8.3239388e-07  -7.5842991e-07  -6.7168850e-07  -5.9524473e-07  -5.1255694e-07  -2.2692257e-07  -1.7344205e-07  -3.1442428e-07  -1.2344563e-07  -1.5811636e-07  -9.6499505e-08   7.7452106e-10
   0.0000000e+00  -1.4377093e-06  -3.6224292e-06  -4.4465328e-06  -4.7664803e-06  -4.7374583e-06  -4.7320814e-06  -3.5746848e-06  -2.3874049e-06  -1.5793972e-06  -1.1230519e-06  -1.1405017e-06  -9.1850251e-07  -5.8443533e-07  -4.9885887e-07  -3.3565931e-07  -2.6146208e-07  -3.4634891e-07  -1.3432394e-07  -1.2534872e-07  -4.7384134e-08  -7.9346940e-08  -5.0413959e-08
   0.0000000e+00  -1.3389601e-06  -3.5437145e-06  -4.8032566e-06  -4.8068910e-06  -4.7163185e-06  -4.8290976e-06  -4.0726591e-06  -2.4851024e-06  -1.9449569e-06  -1.3057740e-06  -8.8744952e-07  -7.8426939e-07  -5.2288181e-07  -5.4636786e-07  -3.5272774e-07  -3.8732216e-07  -1.0367291e-07  -8.3833704e-08  -1.5606422e-07  -1.7177082e-07   7.1490502e-09   1.6607073e-08
   0.0000000e+00  -1.5974641e-06  -3.5326830e-06  -4.8041775e-06  -4.5780725e-06  -4.9112095e-06  -5.0065601e-06  -3.4925988e-06  -2.4408212e-06  -1.5671982e-06  -1.1501782e-06  -9.4920210e-07  -6.6932574e-07  -8.2828655e-07  -4.4651668e-07  -3.0600648e-07  -1.7574499e-07  -2.7860585e-07  -2.4690132e-07  -1.2877453e-07   1.3324099e-08  -1.6929921e-08  -1.5969150e-07
   0.0000000e+00  -1.4289405e-06  -3.6049498e-06  -4.4138415e-06  -4.7867265e-06  -4.9759828e-06  -4.4948679e-06  -3.7389284e-06  -2.7018150e-06  -1.6081468e-06  -1.3794786e-06  -9.9518627e-07  -7.1549005e-07  -4.9619871e-07  -4.8395106e-07  -4.3622617e-07  -3.3985430e-07  -1.8947964e-07  -9.2907086e-08  -1.5269669e-07  -1.4887952e-07  -1.2098870e-07   1.0624918e-07
   0.0000000e+00  -1.3199170e-06  -3.5947580e-06  -4.6747582e-06  -4.9310515e-06  -4.7152139e-06  -4.7997046e-06  -3.9943207e-06  -2.4358683e-06  -1.5941083e-06  -1.1355714e-06  -9.2290202e-07  -8.5641204e-07  -7.2653728e-07  -4.2518695e-07  -3.9079805e-07  -2.2005256e-07  -2.6169030e-07  -2.5693890e-07  -6.8289857e-08  -5.1352075e-08  -7.1334853e-08  -1.1898211e-07
   0.0000000e+00  -1.7350269e-06  -3.5664289e-06  -4.7234494e-06  -4.5088559e-06  -4.6741616e-06  -4.9186015e-06  -3.4943594e-06  -2.3180501e-06  -1.8127224e-06  -1.3196400e-06  -8.9009512e-07  -7.2506964e-07  -6.0389044e-07  -5.0631178e-07  -4.2535811e-07  -2.5217909e-07  -1.6766060e-07  -1.0422756e-07  -1.5501337e-07  -9.4327568e-08  -8.3431102e-09   6.3941372e-09
   0.0000000e+00  -1.3031192e-06  -3.6588315e-06  -4.5847501e-06  -4.7545204e-06  -4.9319165e-06  -4.8235565e-06  -3.8892081e-06  -2.4540009e-06  -1.7228879e-06  -1.1068730e-06  -9.7106101e-07  -8.5587942e-07  -5.7214334e-07  -5.0003678e-07  -3.0148553e-07  -2.9514314e-07  -2.0094173e-07  -8.2507029e-08  -6.0763121e-08  -1.2399349e-08   1.0889207e-08   8.8567177e-08
   0.0000000e+00  -1.3695068e-06  -3.6052816e-06  -4.6265991e-06  -4.7248250e-06  -5.0103827e-06  -4.5229372e-06  -3.6427996e-06  -2.6925538e-06  -1.5151957e-06  -1.2255881e-06  -1.0184533e-06  -7.4602826e-07  -6.1854723e-07  -5.7736054e-07  -2.7861756e-07  -2.6876128e-07  -1.5035282e-07  -9.0234792e-08  -8.9867982e-08   5.0661562e-08   5.1157198e-08   6.1897467e-08
   0.0000000e+00  -1.6188826e-06  -3.4330797e-06  -4.5760889e-06  -4.8572388e-06  -4.4566073e-06  -4.7970584e-06  -3.7775194e-06  -2.3587609e-06  -1.7085805e-06  -1.3603033e-06  -9.2676765e-07  -7.0565750e-07  -6.3201281e-07  -4.5383069e-07  -3.6956172e-07  -2.5334211e-07  -1.1716786e-07  -1.4064231e-07   1.0411864e-08  -2.7829403e-08   4.8002136e-08   7.3350286e-08
   0.0000000e+00  -1.5622442e-06  -3.7620061e-06  -4.6905798e-06  -4.5881798e-06  -5.0374374e-06  -5.0389663e-06  -3.8908620e-06  -2.3688599e-06  -1.7496718e-06  -1.1635808e-06  -8.1683021e-07  -9.2718102e-07  -6.4041376e-07  -4.2359812e-07  -3.0654991e-07  -1.6339375e-07  -1.5868214e-07  -4.9686314e-08  -6.2584810e-08   6.1731519e-08   1.6764425e-08   1.4108936e-07
   0.0000000e+00  -1.3979255e-06  -3.5057269e-06  -4.7311996e-06  -4.6554674e-06  -4.8247489e-06  -4.5811994e-06  -3.5467374e-06  -2.6504561e-06  -1.6797607e-06  -1.2651835e-06  -1.1485045e-06  -6.2652578e-07  -5.6283892e-07  -4.0938295e-07  -3.7920324e-07  -1.6724016e-07  -2.9250780e-08  -9.7364953e-08   7.0005669e-08  -6.2623822e-09   5.4216368e-08   1.4420978e-07
   0.0000000e+00  -1.3040466e-06  -3.6236574e-06  -4.4459284e-06  -4.9581531e-06  -4.8268876e-06  -4.7269828e-06  -3.9560196e-06  -2.5488364e-06  -1.6650839e-06  -1.1018517e-06  -1.0116802e-06  -6.7348429e-07  -5.8475962e-07  -4.5437235e-07  -2.0230279e-07  -9.2675691e-08  -2.0791416e-07  -5.6267271e-09  -2.0306461e-08  -8.8527061e-09   7.7531631e-08  -1.7802620e-08
   0.0000000e+00  -1.6379739e-06  -3.6843417e-06  -4.7676476e-06  -4.6055120e-06  -4.8595753e-06  -5.0225231e-06  -3.7212073e-06  -2.4502463e-06  -1.7344944e-06  -1.3875398e-06  -8.4757448e-07  -8.1060591e-07  -6.4846773e-07  -3.0902621e-07  -2.5499514e-07  -2.7236024e-07  -1.3069261e-07  -1.0013360e-08  -1.1156953e-07  -8.6007979e-08  -5.4261804e-08   5.1906454e-08
   0.0000000e+00  -1.6910770e-06  -3.4626892e-06  -4.6394939e-06  -4.7432277e-06  -4.6914633e-06  -4.7943831e-06  -3.7841701e-06  -2.5271868e-06  -1.8614035e-06  -1.2469282e-06  -8.7644048e-07  -7.6386272e-07  -5.7275702e-07  -5.0485852e-07  -3.5700219e-07  -1.9065378e-07  -1.2436833e-07  -1.7536576e-07  -1.6207940e-07  -4.8887593e-08  -1.0178435e-08  -1.9604609e-07
   0.0000000e+00  -1.2712368e-06  -3.5737623e-06  -4.5689799e-06  -4.8662009e-06  -5.0789695e-06  -4.7214921e-06  -3.9346751e-06  -2.5649281e-06  -1.5323291e-06  -1.3018988e-06  -1.0483674e-06  -8.7752460e-07  -4.3411731e-07  -5.2211078e-07  -3.5070912e-07  -2.1578312e-07  -2.5549164e-07  -1.4182261e-07  -1.1606301e-07  -1.0612757e-07  -1.2274521e-07  -1.9141892e-08
   0.0000000e+00  -1.3188877e-06  -3.5933685e-06  -4.7721273e-06  -4.6128339e-06  -4.7911026e-06  -4.8668689e-06  -3.6492359e-06  -2.6464234e-06  -1.7023292e-06  -1.2461412e-06  -1.0912456e-06  -6.4185593e-07  -7.6114770e-07  -5.2441379e-07  -2.9440434e-07  -3.4454033e-07  -2.2383600e-07  -1.9217069e-07  -1.7614258e-07  -1.7477232e-07  -9.7422735e-08  -3.9809546e-08
   0.0000000e+00  -1.7046765e-06  -3.7928719e-06  -4.5496849e-06  -4.7595013e-06  -4.7447093e-06  -4.8580564e-06  -3.8276585e-06  -2.4431845e-06  -1.9139984e-06  -1.2560879e-06  -8.1877101e-07  -8.0052428e-07  -7.0946584e-07  -4.7109697e-07  -3.4713071e-07  -3.8159766e-07  -1.8618888e-07  -2.4887930e-07  -2.1324614e-07  -5.0196668e-08  -1.3881215e-07  -1.4188615e-07
   0.0000000e+00  -1.2929715e-06  -3.3755734e-06  -4.5941733e-06  -4.7800404e-06  -4.9617556e-06  -4.7202229e-06  -3.8892581e-06  -2.5381071e-06  -1.5273961e-06  -1.2253722e-06  -1.0235766e-06  -8.2189689e-07  -6.2425948e-07  -3.3195704e-07  -4.9974335e-07  -3.5241143e-07  -1.7129109e-07  -2.7283482e-07  -1.6093517e-07  -1.8260231e-07  -1.3128505e-07  -3.2077274e-08
   0.0000000e+00  -1.7014696e-06  -3.4954810e-06  -4.6202076e-06  -4.7246845e-06  -4.7976205e-06  -4.8460715e-06  -3.6649292e-06  -2.4481476e-06  -1.7347721e-06  -1.2281673e-06  -9.5702364e-07  -7.4238420e-07  -5.6106563e-07  -6.4129966e-07  -3.6937291e-07  -1.9559776e-07  -2.9482322e-07  -2.5901801e-07  -1.2929929e-07  -1.5801284e-07  -1.6121668e-07  -8.4523011e-09
   0.0000000e+00  -1.1368655e-06  -3.8220733e-06  -4.6170953e-06  -4.7268836e-06  -4.7953254e-06  -4.7743533e-06  -3.8241919e-06  -2.5270942e-06  -1.6628511e-06  -1.2853534e-06  -8.9588764e-07  -6.8795572e-07  -6.4852486e-07  -5.3336277e-07  -4.0596734e-07  -2.5974967e-07  -3.1334133e-07  -1.7291443e-07  -1.0560964e-07  -2.1513083e-07  -6.9262150e-08  -1.0167192e-07
   0.0000000e+00  -1.5663580e-06  -3.3482640e-06  -4.7109770e-06  -4.6971518e-06  -4.8671477e-06  -4.9642917e-06  -3.7201773e-06  -2.5429481e-06  -1.6203154e-06  -1.1132651e-06  -9.3088073e-07  -9.5541998e-07  -5.8710896e-07  -4.7404075e-07  -3.5787446e-07  -3.9467685e-07  -2.3501620e-07  -1.3649007e-07  -2.2938934e-07  -7.1866658e-08  -5.2652954e-08  -7.2180597e-08
   0.0000000e+00  -1.5263188e-06  -3.5136659e-06  -4.5571223e-06  -4.9019263e-06  -4.7338276e-06  -4.5245893e-06  -3.8198773e-06  -2.3925190e-06  -1.6720173e-06  -1.3660057e-06  -9.3221712e-07  -7.0123508e-07  -7.5114139e-07  -5.2365982e-07  -4.3484633e-07  -2.9683855e-07  -2.3610549e-07  -2.0061786e-07  -2.0423364e-07  -5.8163071e-08  -5.2997038e-09  -7.3401623e-08
   0.0000000e+00  -1.3290912e-06  -3.9406600e-06  -4.5673905e-06  -4.4531434e-06  -5.1137977e-06  -4.8920147e-06  -3.7222919e-06  -2.5313873e-06  -1.7426663e-06  -1.1290451e-06  -1.0844929e-06  -7.7217663e-07  -5.5675156e-07  -6.0869735e-07  -4.3784382e-07  -3.1094962e-07  -2.9011352e-07  -1.5763612e-07  -6.8883885e-08  -1.0593953e-07  -5.7786941e-08   7.9635193e-08
   0.0000000e+00  -1.5362386e-06  -3.2169501e-06  -4.7273379e-06  -4.9284845e-06  -4.6653386e-06  -4.9165596e-06  -3.8838843e-06  -2.4876201e-06  -1.6620650e-06  -1.2666004e-06  -9.9285580e-07  -7.8046480e-07  -8.0321246e-07  -4.2344709e-07  -4.1759122e-07  -2.6721995e-07  -2.1023584e-07  -2.2377195e-07  -4.0632106e-08  -1.1164296e-07  -1.5030878e-08   1.0340985e-07
   0.0000000e+00  -1.3280390e-06  -3.6034837e-06  -4.6881037e-06  -4.7832195e-06  -4.7532276e-06  -4.7332292e-06  -3.5899798e-06  -2.5485779e-06  -1.8021320e-06  -1.2677866e-06  -9.1962329e-07  -8.8487758e-07  -6.3848410e-07  -5.5278622e-07  -3.7909157e-07  -2.0939974e-07  -2.3346779e-07  -1.3104727e-07  -1.2836173e-07   5.6539928e-08   3.6644057e-08  -6.7390502e-08
   0.0000000e+00  -1.6224938e-06  -3.6910506e-06  -4.6969758e-06  -4.7888925e-06  -4.9202758e-06  -4.8465822e-06  -4.0329428e-06  -2.4416868e-06  -1.6123195e-06  -1.3061970e-06  -9.9700731e-07  -7.4864613e-07  -6.2444309e-07  -4.4524882e-07  -3.9672454e-07  -4.0217938e-07  -2.8024566e-08  -1.0716495e-07  -5.2538269e-08   5.8415250e-09  -2.7636974e-08   9.7598260e-08
   0.0000000e+00  -1.5670086e-06  -3.8288040e-06  -4.4098865e-06  -4.5585784e-06  -5.0960671e-06  -4.8762959e-06  -3.6121833e-06  -2.6621869e-06  -1.6977255e-06  -1.2161389e-06  -1.0490639e-06  -8.4312859e-07  -6.1102958e-07  -5.7244199e-07  -2.3173226e-07  -1.7713568e-07  -2.5253371e-07  -7.9128428e-09  -7.0151181e-08  -6.4687271e-08   8.9554966e-08   2.2410028e-08
   0.0000000e+00  -1.0217996e-06  -3.3463637e-06  -4.8507595e-06  -5.0060930e-06  -4.6645396e-06  -4.6891992e-06  -3.8779108e-06  -2.3831719e-06  -1.8386968e-06  -1.2734132e-06  -8.9905092e-07  -7.6054255e-07  -6.1581073e-07  -5.5173581e-07  -3.6786986e-07  -1.9108778e-07  -1.2983219e-07  -1.3420122e-07   9.4778994e-09   1.5089890e-08  -4.8015181e-08   1.0901319e-07
   0.0000000e+00  -2.0643645e-06  -3.5125502e-06  -4.7987819e-06  -4.7304225e-06  -4.8808220e-06  -5.0042231e-06  -3.7230254e-06  -2.6542825e-06  -1.5627693e-06  -1.1134682e-06  -1.0785125e-06  -8.4759608e-07  -6.3873637e-07  -4.6033941e-07  -3.1485601e-07  -2.6870086e-07  -1.7087886e-07  -8.7922984e-08  -6.9142018e-08   1.8601051e-08   4.6993534e-08  -1.1524246e-07
   0.0000000e+00  -1.1682309e-06  -3.9153197e-06  -4.5634347e-06  -4.6398736e-06  -4.7970848e-06  -4.7712924e-06  -3.8821190e-06  -2.4588692e-06  -1.7487981e-06  -1.5081679e-06  -8.3185296e-07  -7.7245664e-07  -7.0116289e-07  -4.2115374e-07  -4.1972211e-07  -2.1661918e-07  -1.0027548e-07  -9.4523692e-08  -1.2949972e-07  -6.8463692e-08  -1.7891596e-08  -4.7337254e-09
   0.0000000e+00  -1.5074664e-06  -3.5447547e-06  -4.5017482e-06  -4.8840757e-06  -5.2131950e-06  -4.6224018e-06  -3.7382363e-06  -2.4281751e-06  -1.5646699e-06  -1.2123613e-06  -1.0776909e-06  -6.6762027e-07  -7.8633241e-07  -4.5320476e-07  -2.8793599e-07  -2.3043825e-07  -1.6837592e-07  -1.7047606e-07   6.5985679e-09  -5.4901779e-08  -9.7790689e-08   2.9890259e-08
   0.0000000e+00  -1.5796585e-06  -3.3840029e-06  -4.8595052e-06  -4.8321704e-06  -4.4973376e-06  -5.0811041e-06  -3.7602153e-06  -2.6010109e-06  -1.8010194e-06  -1.0391965e-06  -9.4921899e-07  -9.3721189e-07  -4.0376932e-07  -4.8045507e-07  -3.3807831e-07  -1.8540436e-07  -2.0305509e-07  -8.5520195e-09  -1.0150825e-07  -4.9002811e-08   2.3492778e-08  -3.2163323e-09
   0.0000000e+00  -1.4331280e-06  -3.8797525e-06  -4.5443016e-06  -4.5984189e-06  -4.8104953e-06  -4.6466716e-06  -3.6556323e-06  -2.4283001e-06  -1.6455124e-06  -1.2969874e-06  -1.0193951e-06  -7.1118336e-07  -6.6155206e-07  -3.8934451e-07  -3.2057400e-07  -1.5436463e-07  -6.2644112e-08  -1.2039102e-07  -6.9695950e-08   1.1450933e-08   4.3862759e-08   4.8141282e-09
   0.0000000e+00  -1.4849263e-06  -3.3889883e-06  -4.6725404e-06  -4.8881116e-06  -5.0845119e-06  -4.8717370e-06  -3.8092205e-06  -2.4457515e-06  -1.7626038e-06  -1.2417704e-06  -7.2824497e-07  -7.5436014e-07  -5.6378252e-07  -5.3124074e-07  -1.8288114e-07  -2.4302503e-07  -1.5030550e-07  -7.9217351e-08  -6.6632758e-08   2.8241901e-08  -4.0467611e-08   8.6037282e-08
   0.0000000e+00  -1.3118446e-06  -3.6159520e-06  -4.7160229e-06  -4.4968669e-06  -4.6918076e-06  -4.6186365e-06  -3.8603093e-06  -2.4530116e-06  -1.4060840e-06  -1.3293865e-06  -1.0559457e-06  -7.4663257e-07  -5.6459390e-07  -3.7368108e-07  -3.6102131e-07  -1.9008992e-07  -1.8531999e-07  -1.2510205e-07  -6.2434616e-08  -1.3020242e-07  -2.3899174e-09  -5.7798616e-08
   0.0000000e+00  -1.7843240e-06  -3.7242557e-06  -4.4422509e-06  -4.8104475e-06  -4.8122588e-06  -4.7393460e-06  -3.7031070e-06  -2.5998891e-06  -1.7772606e-06  -1.2103374e-06  -1.0330825e-06  -7.0574066e-07  -5.8951275e-07  -5.0083617e-07  -3.0319623e-07  -2.5465303e-07  -1.8168224e-07  -2.0462826e-07  -1.0508648e-07  -7.6193054e-08  -1.0409783e-07  -6.7567399e-08
   0.0000000e+00  -1.3756267e-06  -3.2927294e-06  -4.8043812e-06  -4.8787751e-06  -4.8106044e-06  -5.0893200e-06  -3.5967366e-06  -2.3784805e-06  -1.9834247e-06  -1.0043224e-06  -8.1676649e-07  -8.3093516e-07  -7.1563193e-07  -4.2338303e-07  -3.9705375e-07  -2.9588492e-07  -2.3719171e-07  -1.9550522e-07  -1.9573228e-07  -1.4657904e-07  -1.2801661e-07  -1.1786391e-07
   0.0000000e+00  -1.0937807e-06  -4.0217178e-06  -4.4270164e-06  -4.5711558e-06  -4.8283127e-06  -4.4216908e-06  -3.8493417e-06  -2.6447467e-06  -1.3816382e-06  -1.5254047e-06  -1.1002875e-06  -8.2335714e-07  -5.9243433e-07  -4.9724298e-07  -3.9842115e-07  -3.4996378e-07  -2.4647949e-07  -1.3837953e-07  -1.7309964e-07  -2.1308232e-07  -6.8802819e-08  -7.2603733e-08
   0.0000000e+00  -1.8786909e-06  -3.2036266e-06  -4.8777497e-06  -4.7020958e-06  -4.7039412e-06  -4.9898363e-06  -4.0072487e-06  -2.4137692e-06  -1.8295347e-06  -1.1677918e-06  -1.0361064e-06  -6.9724126e-07  -6.6666439e-07  -6.2695631e-07  -3.6790661e-07  -2.5155919e-07  -2.4542291e-07  -2.5435151e-07  -1.9519625e-07   1.0170773e-08  -9.9610880e-08  -1.2102545e-07
   0.0000000e+00  -1.5827071e-06  -3.6662814e-06  -4.4536991e-06  -4.7538579e-06  -5.0369399e-06  -4.7945750e-06  -3.4087766e-06  -2.5715401e-06  -1.6803588e-06  -1.3616293e-06  -9.1360539e-07  -9.3274110e-07  -6.2710490e-07  -5.1801067e-07  -4.3986125e-07  -3.1961329e-07  -2.4611978e-07  -1.8938877e-07  -4.6356437e-08  -1.2569475e-07  -6.6636495e-08   3.9084000e-08
   0.0000000e+00  -1.2482017e-06  -3.6655704e-06  -4.6660739e-06  -4.7439503e-06  -4.7015906e-06  -4.8115849e-06  -3.8678872e-06  -2.5374829e-06  -1.8656497e-06  -1.1898626e-06  -9.8466501e-07  -8.6398018e-07  -7.4436042e-07  -5.1372172e-07  -3.8822833e-07  -2.4062155e-07  -2.1716185e-07  -9.9534368e-08  -1.6198756e-07  -1.2865124e-07   1.5995886e-08  -3.7982453e-09
   0.0000000e+00  -1.3873178e-06  -3.6791805e-06  -4.7079689e-06  -4.7365447e-06  -4.6574569e-06  -4.7204480e-06  -3.9457759e-06  -2.5607644e-06  -1.5616641e-06  -1.3024027e-06  -1.1715656e-06  -7.5495655e-07  -6.5893346e-07  -4.9132933e-07  -2.8101735e-07  -3.1823964e-07  -1.8878677e-07  -1.9420290e-07  -7.7381486e-08   3.6400738e-08  -6.8618988e-08  -8.1859078e-08
   0.0000000e+00  -1.7929038e-06  -3.5085829e-06  -4.4845615e-06  -4.7304461e-06  -5.3009949e-06  -4.5340907e-06  -3.7565769e-06  -2.4771405e-06  -1.6540612e-06  -1.5074679e-06  -9.6118754e-07  -6.9743368e-07  -6.7127536e-07  -4.9722058e-07  -4.4604320e-07  -2.3844487e-07  -1.2664128e-07  -3.1574970e-08  -1.0576303e-07  -1.2045091e-07  -2.8211241e-08   1.0111644e-07
   0.0000000e+00  -1.3410109e-06  -3.5194946e-06  -4.6562682e-06  -4.6272953e-06  -4.4422632e-06  -5.3127101e-06  -3.6849608e-06  -2.4824221e-06  -1.9622432e-06  -9.9639681e-07  -8.7394426e-07  -9.9892532e-07  -6.8295458e-07  -4.0819859e-07  -2.4346650e-07  -1.7875122e-07  -2.1228020e-07  -1.9617339e-07  -3.0454828e-08  -2.1020854e-08   3.9640831e-08  -5.9740088e-08
   0.0000000e+00  -1.6345020e-06  -3.6062384e-06  -4.8413303e-06  -4.6786977e-06  -4.9017517e-06  -4.4796493e-06  -3.8230000e-06  -2.6448286e-06  -1.6288471e-06  -1.3521568e-06  -1.1393423e-06  -6.4945442e-07  -4.4648948e-07  -5.2726483e-07  -4.4326023e-07  -2.3126741e-07  -1.1200564e-07  -7.2574139e-08  -1.3151671e-07   1.1252146e-08  -5.7076292e-08   8.0917324e-08
   0.0000000e+00  -1.1181871e-06  -3.7850407e-06  -4.3210853e-06  -5.1071270e-06  -4.7349581e-06  -4.9344103e-06  -3.7708276e-06  -2.4541257e-06  -1.6032432e-06  -1.3893128e-06  -8.1181446e-07  -8.5006411e-07  -6.7120408e-07  -4.7646395e-07  -1.9262693e-07  -1.9149350e-07  -2.4570804e-07  -1.1923271e-07  -1.3672663e-09  -6.9902519e-08  -8.3264480e-09  -2.7051037e-08
   0.0000000e+00  -1.9953900e-06  -3.2045202e-06  -4.5840402e-06  -4.3113764e-06  -5.0757799e-06  -4.6699438e-06  -3.8906737e-06  -2.6184105e-06  -1.8636536e-06  -1.0807612e-06  -1.0856643e-06  -6.6205490e-07  -6.4642398e-07  -4.1554958e-07  -2.4614079e-07  -2.8148293e-07  -1.2076951e-07  -2.4530280e-08  -2.0658787e-07  -6.9446919e-08   3.5009929e-08  -1.7329137e-08
   0.0000000e+00  -1.0072586e-06  -3.8836656e-06  -4.8736524e-06  -4.7073208e-06  -4.6558439e-06  -4.8731581e-06  -3.7459833e-06  -2.4394556e-06  -1.6541893e-06  -1.4572591e-06  -9.5967278e-07  -8.2264313e-07  -5.4534058e-07  -3.0375909e-07  -4.2849808e-07  -1.7567322e-07  -4.6699622e-08  -2.3415528e-07   3.3029206e-08   1.3734243e-09  -7.5316017e-08   7.3978761e-08
   0.0000000e+00  -1.6971940e-06  -3.4074690e-06  -4.5497163e-06  -4.8480620e-06  -4.7754602e-06  -4.9192522e-06  -3.8544003e-06  -2.5033542e-06  -1.8527713e-06  -1.0966692e-06  -1.0052206e-06  -6.9893139e-07  -5.2135914e-07  -5.2663557e-07  -2.0371529e-07  -7.2957889e-08  -2.5527839e-07  -8.0808071e-09  -8.6024336e-08   2.5576965e-08   4.3102041e-08   3.0918265e-08
   0.0000000e+00  -1.4560439e-06  -3.5097692e-06  -4.1974940e-06  -4.8262623e-06  -4.9065184e-06  -4.5926754e-06  -3.7002887e-06  -2.7079341e-06  -1.6082926e-06  -1.4040265e-06  -8.9531329e-07  -7.3522273e-07  -6.5318187e-07  -3.0418855e-07  -2.6254827e-07  -2.5242505e-07  -5.5877329e-08  -9.4339924e-08   6.3570496e-08  -1.0885970e-07   8.6301412e-08   1.9060013e-07
   0.0000000e+00  -1.4151467e-06  -3.5595986e-06  -5.1051375e-06  -4.3819878e-06  -4.9006035e-06  -4.8727320e-06  -3.9464117e-06  -2.4227443e-06  -1.7324923e-06  -1.2089992e-06  -9.1263036e-07  -7.6701019e-07  -4.8405855e-07  -4.3069571e-07  -2.3632778e-07  -2.3105362e-07  -1.4303880e-07   5.7862376e-10  -1.1841233e-07   9.6934265e-08   5.0830781e-08  -2.4125347e-08
   0.0000000e+00  -1.3488808e-06  -3.7107161e-06  -4.3803448e-06  -4.9247901e-06  -4.6293353e-06  -5.1068005e-06  -3.5851142e-06  -2.6364146e-06  -1.7172158e-06  -1.2643754e-06  -9.6873066e-07  -6.7059000e-07  -4.6988578e-07  -4.5751005e-07  -3.2225441e-07  -2.0401038e-07  -6.9594314e-08  -1.2781192e-07  -1.0902576e-07   1.2525519e-08  -1.7993541e-08  -4.3888477e-08
   0.0000000e+00  -1.5808147e-06  -3.3547974e-06  -4.5779593e-06  -4.5634515e-06  -4.9903720e-06  -4.3793352e-06  -3.9765873e-06  -2.3246519e-06  -1.7162404e-06  -1.1894944e-06  -8.8797725e-07  -7.6739525e-07  -6.9480706e-07  -3.5565930e-07  -2.9414051e-07  -1.8821972e-07  -2.1759486e-07  -1.9883703e-07   3.8757054e-08  -1.4313970e-07  -1.1769103e-07   6.2063123e-08
   0.0000000e+00  -1.4410157e-06  -3.8258936e-06  -4.3940381e-06  -5.1307052e-06  -4.7997573e-06  -5.1479328e-06  -3.7214338e-06  -2.8256918e-06  -1.7552966e-06  -1.2164481e-06  -9.9222336e-07  -6.6606867e-07  -4.0707639e-07  -6.2745636e-07  -3.2620099e-07  -2.8321153e-07  -1.8412462e-07  -7.4687193e-08  -2.0140479e-07  -9.3150263e-08   3.8278118e-09  -8.5221025e-08
   0.0000000e+00  -1.4616116e-06  -3.1040834e-06  -5.1367447e-06  -4.2466363e-06  -4.9455539e-06  -4.5303050e-06  -3.8793432e-06  -2.3104737e-06  -1.5489045e-06  -1.3347857e-06  -8.6924410e-07  -8.1489276e-07  -8.9473042e-07  -2.1932273e-07  -4.6448753e-07  -2.2303874e-07  -2.1283377e-07  -2.8527791e-07  -7.3008124e-08  -4.3315119e-08  -1.6463510e-07   2.6081707e-08
   0.0000000e+00  -1.2170751e-06  -3.9106617e-06  -4.2839920e-06  -4.8005550e-06  -4.7051553e-06  -5.1615943e-06  -3.7457849e-06  -2.7110602e-06  -1.8793304e-06  -1.1674025e-06  -1.0971797e-06  -7.3932307e-07  -4.3562727e-07  -6.4003291e-07  -3.7618068e-07  -4.0305108e-07  -2.4975142e-07  -4.9113208e-08  -2.3007625e-07  -2.0139809e-07   7.5054267e-08  -1.4403028e-07
   0.0000000e+00  -1.8705857e-06  -3.4724292e-06  -4.6246796e-06  -5.1148349e-06  -4.9620271e-06  -4.7099770e-06  -3.8899452e-06  -2.3020868e-06  -1.6573150e-06  -1.2559216e-06  -8.4442320e-07  -8.5378059e-07  -8.1136176e-07  -5.1536858e-07  -3.5421550e-07  -1.9705965e-07  -3.5579041e-07  -3.1588706e-07  -5.3837237e-08  -6.2292308e-08  -2.1719359e-07   1.4421292e-08
   0.0000000e+00  -1.0108657e-06  -3.6744002e-06  -4.5413935e-06  -4.5122579e-06  -4.8659017e-06  -4.7570343e-06  -3.7360501e-06  -2.8533761e-06  -1.7664305e-06  -1.4286691e-06  -1.0763214e-06  -7.4775943e-07  -4.9043575e-07  -5.7517138e-07  -5.1505282e-07  -3.9932902e-07  -1.8266434e-07  -6.8347219e-08  -2.9166478e-07  -1.6644594e-07  -3.0882068e-09  -1.1289362e-07
   0.0000000e+00  -1.6038003e-06  -3.2330070e-06  -4.8706552e-06  -4.6388441e-06  -4.7983926e-06  -4.9421269e-06  -4.0319183e-06  -2.2668346e-06  -1.7029920e-06  -1.0509546e-06  -9.7712586e-07  -9.7684392e-07  -7.8193352e-07  -5.0936677e-07  -3.3244990e-07  -2.3310085e-07  -3.3150747e-07  -3.0697475e-07  -8.3152777e-08  -5.9096910e-09  -1.0679268e-07  -1.4514588e-07
   0.0000000e+00  -1.5141054e-06  -3.8055634e-06  -4.5203519e-06  -4.9335522e-06  -4.9753417e-06  -4.9327582e-06  -3.5761575e-06  -2.9028240e-06  -1.7247835e-06  -1.6252992e-06  -1.0286205e-06  -6.6293171e-07  -6.1991676e-07  -5.5556484e-07  -4.2929099e-07  -4.8511697e-07  -5.6458617e-08  -1.2382574e-07  -1.8393980e-07  -1.1797678e-07  -8.5558227e-08   8.9957140e-08
   0.0000000e+00  -1.3839068e-06  -3.4254190e-06  -4.5456472e-06  -4.5999554e-06  -4.8779052e-06  -4.6754139e-06  -3.9859592e-06  -2.3072062e-06  -1.8147629e-06  -9.4583544e-07  -1.0789149e-06  -8.9318883e-07  -7.4668975e-07  -4.8311045e-07  -3.6424339e-07  -1.4826207e-07  -3.6397768e-07  -1.7751677e-07  -5.7557145e-08  -5.9025492e-08  -4.0747189e-08  -8.2151402e-08
   0.0000000e+00  -1.1897151e-06  -3.6991498e-06  -4.5146689e-06  -4.9577156e-06  -4.8012262e-06  -5.0345061e-06  -3.9008814e-06  -2.7025246e-06  -1.7773923e-06  -1.5429351e-06  -9.2662549e-07  -7.4418995e-07  -5.7907965e-07  -5.6139146e-07  -3.8306760e-07  -3.4931742e-07  -7.2758809e-08  -1.8934976e-07  -5.8730382e-08  -4.7511591e-08  -5.7528009e-08   9.1071058e-08
   0.0000000e+00  -1.5863162e-06  -3.3867682e-06  -5.0576477e-06  -4.4371404e-06  -5.0275930e-06  -4.7510325e-06  -3.5846463e-06  -2.3603970e-06  -1.7088844e-06  -1.1407766e-06  -1.0394020e-06  -8.6724435e-07  -6.9893792e-07  -3.9647040e-07  -3.7673360e-07  -1.8967413e-07  -2.1999884e-07  -8.0476454e-08  -4.7176737e-08  -2.4830870e-08   3.2046721e-08  -5.4575583e-08
   0.0000000e+00  -1.4937513e-06  -3.6189176e-06  -4.1246935e-06  -5.2057362e-06  -4.6734576e-06  -4.8895777e-06  -4.1995008e-06  -2.8654338e-06  -1.6915710e-06  -1.4465583e-06  -9.1618051e-07  -7.5879927e-07  -6.2202082e-07  -5.8061624e-07  -3.3055076e-07  -2.7369714e-07  -1.7315232e-07  -7.0697688e-08  -5.0290073e-08  -7.4400866e-08  -2.7171000e-08   5.3206630e-08
   0.0000000e+00  -1.4851574e-06  -3.6348604e-06  -4.9048708e-06  -4.4461895e-06  -4.9916544e-06  -4.8644029e-06  -3.5791099e-06  -2.3822195e-06  -1.7225891e-06  -1.1467480e-06  -1.1503229e-06  -8.2840666e-07  -6.6725141e-07  -4.3516027e-07  -4.1906580e-07  -2.3218132e-07  -1.5277269e-07  -1.5077674e-07  -1.2365575e-07  -4.7111957e-08  -4.4822251e-08  -5.2800036e-08
   0.0000000e+00  -1.0433635e-06  -3.6020908e-06  -4.6898085e-06  -4.9692335e-06  -4.9579021e-06  -4.9391892e-06  -3.8256649e-06  -2.6077805e-06  -1.8986915e-06  -1.4446487e-06  -9.0384918e-07  -8.9614724e-07  -5.1505123e-07  -6.0194668e-07  -3.2438101e-07  -2.9412496e-07  -1.6005282e-07  -1.5934700e-07  -1.1163667e-07  -1.0259657e-07  -3.4377010e-08  -2.5793103e-08
   0.0000000e+00  -1.9772522e-06  -3.4485881e-06  -4.6180098e-06  -4.5436323e-06  -5.0106196e-06  -4.7486328e-06  -4.0227706e-06  -2.5445643e-06  -1.8882145e-06  -1.0083390e-06  -1.0717463e-06  -7.5196988e-07  -8.4975773e-07  -4.2614252e-07  -3.4993607e-07  -1.9670526e-07  -3.0444247e-07  -1.8741328e-07  -7.4995711e-08  -5.9769711e-08  -7.2144722e-08  -5.9835067e-08
   0.0000000e+00  -1.1383961e-06  -3.7416642e-06  -4.7938588e-06  -5.1093543e-06  -4.6709670e-06  -5.0463900e-06  -3.7560530e-06  -2.6835107e-06  -1.4541552e-06  -1.6651014e-06  -1.0455328e-06  -7.7417872e-07  -4.6943345e-07  -5.2619032e-07  -3.8935391e-07  -3.9688487e-07  -8.9880487e-08  -1.4479804e-07  -1.2762219e-07  -1.5002271e-07  -9.9843710e-08   5.9811690e-08
   0.0000000e+00  -1.8399314e-06  -3.7152988e-06  -4.5235483e-06  -4.7500830e-06  -5.1965030e-06  -4.6920959e-06  -3.9901606e-06  -2.5302795e-06  -1.8003115e-06  -1.1411288e-06  -9.4976969e-07  -7.8668523e-07  -7.6751735e-07  -5.0472238e-07  -3.5355876e-07  -1.7289807e-07  -2.8847103e-07  -1.7843337e-07  -9.0969131e-08  -7.4186318e-08  -1.2235214e-08  -1.0842920e-07
   0.0000000e+00  -1.0478747e-06  -3.4960945e-06  -4.7840153e-06  -4.8519887e-06  -4.5786719e-06  -5.1811753e-06  -3.5961000e-06  -2.6062876e-06  -1.8586850e-06  -1.3226575e-06  -8.9975993e-07  -7.9291982e-07  -6.2886681e-07  -4.4338182e-07  -3.8645840e-07  -3.2548650e-07  -1.1131584e-07  -1.3064717e-07  -6.5813232e-08  -7.8847442e-08  -6.2406684e-08   4.2060627e-08
   0.0000000e+00  -2.0158834e-06  -3.6839720e-06  -4.8479715e-06  -4.6492974e-06  -5.4395896e-06  -4.5924476e-06  -4.0610576e-06  -2.4857673e-06  -1.6701052e-06  -1.1170698e-06  -1.0706395e-06  -7.5885703e-07  -5.6481014e-07  -5.0994936e-07  -2.9663997e-07  -1.9575727e-07  -2.1421040e-07  -4.6728015e-08  -6.4160673e-08  -4.2398320e-08  -1.1840532e-09  -2.2650729e-08
   0.0000000e+00  -1.2032706e-06  -3.8283988e-06  -4.6427376e-06  -5.0296508e-06  -4.5256734e-06  -4.9925297e-06  -3.8303469e-06  -2.5528750e-06  -1.7405714e-06  -1.3186766e-06  -8.6402110e-07  -7.7992848e-07  -6.1757936e-07  -4.5340397e-07  -3.2748846e-07  -1.5159080e-07  -1.1117268e-07  -1.4085529e-07  -6.6555216e-08  -5.1935292e-08  -2.6583530e-08  -5.2280804e-08
   0.0000000e+00  -1.7218513e-06  -3.5066669e-06  -4.7351868e-06  -4.6426949e-06  -5.1130874e-06  -4.9262926e-06  -3.6224342e-06  -2.5936877e-06  -1.6515146e-06  -1.2025873e-06  -1.1092737e-06  -6.5087357e-07  -5.9189881e-07  -3.3936823e-07  -3.3974484e-07  -2.8601551e-07  -8.6217561e-08  -1.0604904e-08  -1.0355974e-07  -1.1572211e-07  -1.1071143e-08   2.3200513e-09
   0.0000000e+00  -1.5685529e-06  -3.7651257e-06  -4.6836776e-06  -5.2029986e-06  -4.7681178e-06  -4.9746272e-06  -4.1529793e-06  -2.6444857e-06  -1.5979127e-06  -1.4076747e-06  -6.2601299e-07  -8.9791939e-07  -5.6449221e-07  -4.6515024e-07  -2.8071946e-07  -9.5561447e-08  -1.6728758e-07  -1.7440934e-07  -6.7058842e-08   2.8955720e-08  -1.9807318e-08  -4.3653253e-10
   0.0000000e+00  -1.6178051e-06  -3.5978305e-06  -4.9031646e-06  -4.5011147e-06  -5.1364868e-06  -4.6572904e-06  -3.6402437e-06  -2.3393252e-06  -1.9403271e-06  -1.1083968e-06  -1.1672910e-06  -6.1726183e-07  -6.1377784e-07  -4.4491770e-07  -2.6535000e-07  -2.3470069e-07  -1.7477316e-07  -7.8268620e-08  -4.3736186e-08  -4.2314127e-08   2.8067295e-09   9.8675592e-08
   0.0000000e+00  -1.3602572e-06  -3.9070001e-06  -4.4286198e-06  -5.0939143e-06  -4.9063651e-06  -5.0603558e-06  -3.9576676e-06  -2.6845091e-06  -1.6176770e-06  -1.2546776e-06  -8.9768122e-07  -7.9162180e-07  -5.6127573e-07  -4.3460167e-07  -3.3884996e-07  -2.2644156e-07  -1.5778267e-07  -1.4634004e-07  -2.8878551e-08  -6.8388800e-08  -7.3370789e-09   4.4839329e-08
   0.0000000e+00  -1.8028070e-06  -3.5843307e-06  -5.1280908e-06  -4.6413916e-06  -4.8662905e-06  -4.8357911e-06  -3.8528610e-06  -2.4989145e-06  -1.7759055e-06  -1.2133175e-06  -1.0321355e-06  -8.0279108e-07  -5.5063470e-07  -5.0775469e-07  -3.2141983e-07  -2.7792589e-07  -1.3778228e-07  -1.0633289e-07  -1.8383818e-07  -3.5326174e-08  -2.3574916e-08  -4.1871125e-08
   0.0000000e+00  -1.5170656e-06  -3.7333843e-06  -4.5137867e-06  -4.8984107e-06  -4.8994793e-06  -4.9809628e-06  -3.6716988e-06  -2.7340336e-06  -1.6333714e-06  -1.3777908e-06  -9.6246549e-07  -6.8429375e-07  -7.6023707e-07  -4.1416450e-07  -4.0562503e-07  -2.6979299e-07  -1.3445734e-07  -1.7756770e-07  -6.8971346e-08  -5.9893587e-08  -3.6910226e-08  -5.1535753e-08
   0.0000000e+00  -1.6952977e-06  -3.3926135e-06  -4.8266029e-06  -4.8580282e-06  -5.0723102e-06  -4.7604499e-06  -4.0180566e-06  -2.3253438e-06  -1.7581241e-06  -1.2611616e-06  -8.9414294e-07  -9.4507533e-07  -5.8517492e-07  -4.9097474e-07  -2.6981317e-07  -1.8314186e-07  -2.7068617e-07  -1.0179401e-07  -3.4126650e-08  -7.2964987e-08  -6.2694937e-08   1.2054109e-08
   0.0000000e+00  -1.3431689e-06  -4.1208905e-06  -4.5824522e-06  -4.8920310e-06  -4.7694439e-06  -4.7819299e-06  -3.7237448e-06  -2.7254923e-06  -1.8041036e-06  -1.2560524e-06  -1.0688052e-06  -6.7984990e-07  -5.4762103e-07  -5.7624482e-07  -4.0268759e-07  -2.0979212e-07  -1.1716919e-07  -8.7245006e-08  -6.6220494e-08  -7.0854995e-08   1.7234737e-09   1.3814729e-08
   0.0000000e+00  -1.8030346e-06  -3.5265864e-06  -4.8602083e-06  -4.6497844e-06  -4.9015398e-06  -4.9794230e-06  -4.0295904e-06  -2.2579700e-06  -1.6820399e-06  -1.1741454e-06  -9.4069378e-07  -7.9577256e-07  -7.1807631e-07  -3.4255905e-07  -3.2192790e-07  -1.5713772e-07  -2.1320584e-07  -9.1884750e-08  -5.5200253e-08  -5.9760290e-09  -1.0680745e-08   3.4803733e-08
   0.0000000e+00  -1.4357254e-06  -3.6075896e-06  -4.5800916e-06  -4.8334800e-06  -4.8937754e-06  -4.9141008e-06  -3.4763721e-06  -2.7265728e-06  -1.7160650e-06  -1.3208734e-06  -9.4818137e-07  -7.5129287e-07  -5.4307014e-07  -5.0105160e-07  -2.5017610e-07  -3.4474317e-07  -1.0608228e-07   5.0631741e-08  -1.3963259e-07  -9.0024940e-08   1.1796684e-07  -2.6703173e-08
   0.0000000e+00  -1.6649489e-06  -3.5018238e-06  -4.7815552e-06  -4.8281336e-06  -4.8917163e-06  -4.5377410e-06  -3.9266793e-06  -2.4968558e-06  -1.5548138e-06  -1.1727046e-06  -9.8029352e-07  -7.3646504e-07  -7.2543196e-07  -3.8395319e-07  -3.3646171e-07  -1.3385933e-07  -1.0859191e-07  -2.2862896e-07  -3.0708861e-08   1.3303872e-07  -5.2600384e-08   1.8534864e-08
   0.0000000e+00  -1.4638940e-06  -3.9146516e-06  -4.6571135e-06  -4.6912819e-06  -4.7984163e-06  -5.0084172e-06  -3.7036143e-06  -2.5179595e-06  -1.7994355e-06  -1.2814822e-06  -9.2075817e-07  -7.6040101e-07  -4.0012290e-07  -4.8531251e-07  -3.6396432e-07  -1.5988768e-07  -1.3789958e-07  -3.3873597e-08  -5.6540841e-08  -6.5005302e-08   2.7451211e-08   5.4698607e-08
   0.0000000e+00  -1.4941596e-06  -3.4155196e-06  -4.5924107e-06  -4.6472292e-06  -4.8599190e-06  -4.7085537e-06  -3.8091878e-06  -2.2976101e-06  -1.6291236e-06  -1.1805480e-06  -9.2749121e-07  -8.0454936e-07  -6.9274148e-07  -4.3279482e-07  -2.3439023e-07  -2.5940994e-07  -1.4437268e-07  -1.2978398e-07   3.2238627e-09  -1.9421764e-08  -1.1354712e-08   1.7463734e-08
   0.0000000e+00  -1.5123599e-06  -3.7768773e-06  -4.5254092e-06  -4.8993566e-06  -4.7563854e-06  -4.8023430e-06  -3.6965857e-06  -2.5856068e-06  -1.7617024e-06  -1.2273681e-06  -8.9460389e-07  -7.1660833e-07  -5.3462338e-07  -4.8006268e-07  -2.5791130e-07  -2.3743902e-07  -1.8062960e-07  -1.0705744e-07  -1.2712498e-07  -7.7577894e-08  -2.6110738e-08  -3.2651396e-08
