   0.0000000e+00  -1.1241018e-06  -2.6405751e-06  -3.8862145e-06  -3.8812045e-06  -4.0942132e-06  -3.9999331e-06  -3.2760986e-06  -2.2144079e-06  -1.3209640e-06  -1.0943926e-06  -9.2657649e-07  -5.9817711e-07  -5.8339799e-07  -3.3770641e-07  -3.9240692e-07  -2.5157010e-07  -1.2154352e-07  -1.1844504e-07  -1.1086167e-07  -5.6496230e-08  -9.3669833e-08  -8.2099604e-08
   0.0000000e+00  -1.1561417e-06  -2.7251758e-06  -3.4806014e-06  -3.7998684e-06  -4.0922005e-06  -4.2083475e-06  -3.1641832e-06  -2.2172778e-06  -1.4608669e-06  -1.0573787e-06  -7.5185670e-07  -7.1242732e-07  -5.4807441e-07  -4.8596763e-07  -1.7598076e-07  -2.5866561e-07  -1.5559051e-07  -1.9374646e-07  -8.9642505e-08  -8.5998060e-08  -1.0153845e-07  -8.6115570e-08
   0.0000000e+00  -1.1231263e-06  -2.7023571e-06  -3.9358611e-06  -3.8952144e-06  -4.0900286e-06  -4.0947070e-06  -3.2610817e-06  -1.9656461e-06  -1.6319187e-06  -1.1603287e-06  -8.6605195e-07  -6.9400102e-07  -4.6785908e-07  -3.8418247e-07  -4.4152569e-07  -1.4056116e-07  -1.7001486e-07  -1.2021763e-07  -9.8375416e-08  -1.5205718e-07  -5.2311147e-08  -6.4631869e-09
   0.0000000e+00  -9.3810411e-07  -2.9222467e-06  -3.4414352e-06  -3.9442234e-06  -4.0203308e-06  -4.0216196e-06  -3.3474871e-06  -2.2824161e-06  -1.3552913e-06  -9.4972376e-07  -8.6852248e-07  -7.2136407e-07  -5.9887731e-07  -4.5884605e-07  -2.3545380e-07  -2.1821363e-07  -2.0871845e-07  -1.5717545e-07  -4.5670753e-08  -3.8625430e-08  -7.6362433e-08  -9.5048314e-08
   0.0000000e+00  -1.0075164e-06  -2.5108773e-06  -3.7325519e-06  -3.8540834e-06  -4.0682694e-06  -4.1413655e-06  -3.2679084e-06  -2.2429274e-06  -1.5710531e-06  -1.2319730e-06  -8.4426887e-07  -5.9216592e-07  -4.8460140e-07  -3.7263843e-07  -3.5467824e-07  -1.8680375e-07  -1.3451506e-07  -4.1155722e-08  -1.6086909e-07  -1.0452370e-07   1.3340274e-08   3.6478351e-08
   0.0000000e+00  -1.2158303e-06  -2.8637019e-06  -3.7247630e-06  -3.9828637e-06  -4.2254878e-06  -4.1219550e-06  -3.0373162e-06  -2.0903790e-06  -1.3521637e-06  -1.0513608e-06  -8.5221149e-07  -7.5233316e-07  -6.9301240e-07  -3.2944422e-07  -2.2821925e-07  -2.4146433e-07  -1.4948810e-07  -1.3443994e-07  -2.0627493e-08   3.1538492e-09  -3.2997665e-08  -1.0377688e-07
   0.0000000e+00  -1.1224581e-06  -2.5822008e-06  -3.6727354e-06  -3.8089822e-06  -3.9407810e-06  -4.2475694e-06  -3.5299809e-06  -2.3270161e-06  -1.7136434e-06  -1.0691286e-06  -8.2571711e-07  -5.5344276e-07  -4.4059055e-07  -4.1817415e-07  -3.7039482e-07  -1.1561334e-07  -1.5523571e-07  -1.6107988e-08  -1.0831098e-07  -6.0165107e-08   1.4287371e-08   8.6552426e-08
   0.0000000e+00  -8.6272274e-07  -2.7906851e-06  -3.6210597e-06  -3.9098500e-06  -4.1106241e-06  -3.9079118e-06  -3.1742363e-06  -2.0167286e-06  -1.2888723e-06  -1.1357536e-06  -9.0553885e-07  -7.9347814e-07  -4.8016051e-07  -4.1392346e-07  -2.0613304e-07  -1.7540120e-07  -1.5875395e-07  -1.1573463e-07  -2.1260453e-08   4.8456603e-09  -2.3287605e-08   3.0125296e-08
   0.0000000e+00  -1.1335269e-06  -2.8518421e-06  -3.8414087e-06  -3.9256538e-06  -4.3701416e-06  -4.2656707e-06  -3.3622471e-06  -2.3794928e-06  -1.6391799e-06  -1.0878075e-06  -8.0385803e-07  -5.3119248e-07  -5.8449962e-07  -4.3708391e-07  -2.7079906e-07  -1.8560281e-07  -1.1445223e-07  -1.3720481e-07  -4.2393605e-08  -4.2423075e-08  -2.7195166e-09  -9.5132705e-08
   0.0000000e+00  -1.0320470e-06  -2.6301000e-06  -3.6370695e-06  -3.9630986e-06  -3.8009598e-06  -4.1636317e-06  -3.1267064e-06  -2.0960601e-06  -1.4812808e-06  -1.1101666e-06  -7.8242448e-07  -8.4554887e-07  -4.5221623e-07  -3.1967369e-07  -2.6802195e-07  -2.7610528e-07  -1.4573256e-07  -5.2841227e-08  -1.7899130e-07  -1.0480162e-07  -8.2716141e-08   8.1128935e-09
   0.0000000e+00  -1.2965952e-06  -2.7754531e-06  -3.6429267e-06  -4.0081131e-06  -4.3084774e-06  -4.1220869e-06  -3.4209595e-06  -2.3682080e-06  -1.3325432e-06  -1.1055761e-06  -9.8183853e-07  -5.3780786e-07  -5.9708219e-07  -4.4550160e-07  -2.6414469e-07  -2.4729772e-07  -1.4412645e-07  -1.8032935e-07  -1.0542495e-07  -4.8649142e-08  -1.1012222e-07  -7.5099059e-08
   0.0000000e+00  -9.2832909e-07  -2.8184854e-06  -3.8342428e-06  -3.9939573e-06  -3.9992483e-06  -4.1991498e-06  -3.3779597e-06  -2.0103598e-06  -1.7193215e-06  -1.1049098e-06  -7.6300836e-07  -6.4455691e-07  -5.2170401e-07  -4.1138253e-07  -3.1175750e-07  -1.6900542e-07  -1.5186731e-07  -1.8138445e-07  -6.2964020e-08  -9.5160146e-08  -1.6488009e-08  -1.9955321e-08
   0.0000000e+00  -1.1479830e-06  -2.8291163e-06  -3.7990210e-06  -3.7761674e-06  -4.2727561e-06  -4.0186228e-06  -3.1008917e-06  -2.1458186e-06  -1.3808510e-06  -1.0208494e-06  -8.4547139e-07  -8.0052615e-07  -5.0606474e-07  -3.4734558e-07  -2.9900608e-07  -2.2993378e-07  -1.9513564e-07  -1.8087160e-08  -7.2066143e-08  -2.2350934e-08  -2.3743917e-08   7.0721015e-08
   0.0000000e+00  -1.0647146e-06  -2.6364689e-06  -3.8464118e-06  -4.0012883e-06  -4.1970084e-06  -4.4229478e-06  -3.4322861e-06  -2.4021892e-06  -1.5693039e-06  -1.1102168e-06  -7.5876108e-07  -5.4047064e-07  -5.2340886e-07  -4.2298475e-07  -3.2849647e-07  -1.1764907e-07  -9.3345058e-08  -1.4771024e-07  -5.8524442e-08  -3.7033121e-08   1.7147730e-08  -8.6370209e-09
   0.0000000e+00  -1.4462473e-06  -2.9697205e-06  -3.5256051e-06  -4.0566692e-06  -4.0334603e-06  -3.8718636e-06  -3.0145982e-06  -1.9779716e-06  -1.2100271e-06  -1.0961328e-06  -8.8403294e-07  -6.5318068e-07  -5.0148503e-07  -3.6529408e-07  -1.7663068e-07  -2.1326534e-07  -2.0551114e-07  -5.3082744e-08  -6.9341532e-08  -2.2194346e-08  -2.5741990e-08  -3.1519221e-08
   0.0000000e+00  -8.5908874e-07  -2.9014830e-06  -3.7979128e-06  -4.0206319e-06  -4.1119602e-06  -4.2182919e-06  -3.5430076e-06  -2.4367523e-06  -1.5288978e-06  -1.0313937e-06  -7.2725874e-07  -6.1493904e-07  -5.2324862e-07  -3.0335272e-07  -3.5747138e-07  -2.5008185e-07  -6.3056937e-08  -7.0017357e-08  -1.0610825e-07  -1.5390567e-07  -6.9852661e-09   3.6419173e-08
   0.0000000e+00  -1.2178677e-06  -2.6163459e-06  -3.8920962e-06  -3.8351336e-06  -4.2305101e-06  -4.1199528e-06  -3.0448423e-06  -1.7917346e-06  -1.5213349e-06  -9.1260199e-07  -8.4143772e-07  -6.8293195e-07  -4.2923142e-07  -4.2894786e-07  -1.8001698e-07  -1.3208160e-07  -1.9189460e-07  -2.2159712e-07  -1.2494613e-07   9.5497427e-08  -1.1109996e-07  -8.6399730e-08
   0.0000000e+00  -1.2004539e-06  -2.8384773e-06  -3.7158970e-06  -3.9861670e-06  -3.9861675e-06  -4.0965638e-06  -3.3061372e-06  -2.2611430e-06  -1.4883913e-06  -1.1941694e-06  -7.3837833e-07  -4.7507027e-07  -5.0285576e-07  -4.1802639e-07  -3.3278320e-07  -2.4306584e-07  -7.4306243e-08  -1.4749827e-07  -4.4069214e-08  -1.9228754e-07  -5.0985580e-08   3.1231444e-08
   0.0000000e+00  -1.1560397e-06  -2.8242023e-06  -3.7329064e-06  -3.8655021e-06  -4.0794121e-06  -4.1774992e-06  -3.2348764e-06  -2.1457117e-06  -1.1493662e-06  -9.0820271e-07  -8.0312674e-07  -8.3022394e-07  -5.4492699e-07  -3.2868078e-07  -1.9015009e-07  -1.9038353e-07  -2.9296777e-07  -1.2592248e-07  -9.1847468e-08  -6.5270854e-08  -1.0889217e-07  -5.6634406e-08
   0.0000000e+00  -1.0383000e-06  -2.9851033e-06  -3.5167461e-06  -4.0246800e-06  -4.1616267e-06  -3.9410461e-06  -3.0874060e-06  -2.2439963e-06  -1.6249913e-06  -1.2260135e-06  -8.4839320e-07  -4.5550419e-07  -4.9443418e-07  -4.0084325e-07  -4.2229991e-07  -2.8206696e-07  -7.7339251e-08  -1.2115754e-07  -1.8513454e-07  -1.3524685e-07  -7.0766490e-08  -1.2480428e-08
   0.0000000e+00  -1.2102826e-06  -2.4739875e-06  -3.9832921e-06  -3.7999228e-06  -4.0964642e-06  -4.1213139e-06  -3.3426591e-06  -1.9942868e-06  -1.3697560e-06  -8.8412764e-07  -7.1813105e-07  -8.6771445e-07  -5.8461706e-07  -4.2543169e-07  -2.8244955e-07  -1.7794206e-07  -2.4571005e-07  -2.1803289e-07  -1.0922986e-07  -9.4535395e-08  -5.8937371e-08  -1.5054003e-07
   0.0000000e+00  -1.1897380e-06  -2.7371882e-06  -3.6012525e-06  -3.8907506e-06  -3.9730958e-06  -4.0876562e-06  -3.2920257e-06  -2.1378310e-06  -1.5418384e-06  -1.1177835e-06  -9.8865121e-07  -5.5884897e-07  -4.9953434e-07  -4.7101693e-07  -3.6862383e-07  -2.9105152e-07  -2.3577149e-07  -1.1469937e-07  -1.3745783e-07  -2.0186015e-07  -5.4727224e-08   5.6308544e-08
   0.0000000e+00  -8.4651060e-07  -2.9513049e-06  -3.6344277e-06  -3.9416750e-06  -4.0798673e-06  -4.0358300e-06  -3.0529225e-06  -2.0634429e-06  -1.4814052e-06  -1.0871238e-06  -8.2892478e-07  -6.8242434e-07  -6.0685005e-07  -4.9517178e-07  -2.8958297e-07  -1.9249552e-07  -2.9179944e-07  -2.0971819e-07  -1.4839122e-07   4.4049746e-09  -8.2092960e-08  -1.1158124e-07
   0.0000000e+00  -1.2202095e-06  -2.7793928e-06  -3.6388401e-06  -3.8906046e-06  -3.9967017e-06  -4.2251299e-06  -3.3271679e-06  -2.3862267e-06  -1.3218435e-06  -1.1284440e-06  -7.8496362e-07  -7.5330536e-07  -5.7403344e-07  -3.5689553e-07  -4.2016296e-07  -3.5303233e-07  -1.0918550e-07  -1.5055542e-07  -1.5617299e-07  -1.5868331e-07   5.7207870e-09   7.0669003e-08
   0.0000000e+00  -1.2692582e-06  -2.4977853e-06  -3.7325744e-06  -3.7777979e-06  -4.1232015e-06  -3.9167285e-06  -3.1474685e-06  -2.0342568e-06  -1.4780834e-06  -1.0618380e-06  -8.5373080e-07  -6.9319577e-07  -5.9228495e-07  -4.8913677e-07  -2.6453111e-07  -2.7998257e-07  -2.1385091e-07  -1.6993951e-07  -1.0357668e-07   4.8504458e-09  -8.1762854e-09  -2.3755165e-08
   0.0000000e+00  -7.0968287e-07  -2.7202364e-06  -3.7777247e-06  -3.9738129e-06  -4.0718742e-06  -4.0859427e-06  -3.2572625e-06  -2.1179064e-06  -1.5811573e-06  -1.1126159e-06  -8.8299748e-07  -6.2605926e-07  -5.0864082e-07  -4.6016584e-07  -3.4021215e-07  -1.9321378e-07  -1.7825153e-07  -1.6429121e-07  -6.3464284e-08  -1.7141961e-08  -6.4781133e-08   8.7502713e-08
   0.0000000e+00  -1.2016346e-06  -2.9694954e-06  -3.4661998e-06  -3.7871214e-06  -4.1585763e-06  -4.1059106e-06  -3.2800965e-06  -2.2121942e-06  -1.3413011e-06  -9.6836254e-07  -8.9421093e-07  -6.9057273e-07  -5.6313013e-07  -4.2281300e-07  -2.3646875e-07  -2.8712054e-07  -2.0324975e-07  -8.0921836e-08  -4.2224531e-08  -1.2669254e-07   3.1821180e-08   1.4643345e-08
   0.0000000e+00  -1.0694649e-06  -2.6692355e-06  -3.6972281e-06  -3.9570459e-06  -3.8056112e-06  -4.1743215e-06  -3.2307400e-06  -2.0475395e-06  -1.5669234e-06  -1.1766421e-06  -7.3211010e-07  -6.5060249e-07  -5.1410416e-07  -3.9149273e-07  -3.6301697e-07  -2.0790290e-07  -8.0555651e-08  -1.7181171e-07  -1.3806726e-07  -7.2898936e-09  -5.9836282e-08  -4.4251909e-08
   0.0000000e+00  -1.1981089e-06  -2.4750705e-06  -3.8142966e-06  -3.8838489e-06  -4.2768643e-06  -3.9987335e-06  -3.1224133e-06  -2.3014372e-06  -1.3059924e-06  -1.1234513e-06  -8.1575911e-07  -6.6275788e-07  -6.1486651e-07  -3.5766965e-07  -2.9931297e-07  -2.0470334e-07  -2.2153027e-07  -1.0086460e-07  -1.0371912e-07  -7.6939266e-08  -2.5967404e-08  -9.7880445e-08
   0.0000000e+00  -7.9230313e-07  -2.7525582e-06  -3.7141535e-06  -3.9252409e-06  -4.0115306e-06  -4.1519766e-06  -3.3676197e-06  -2.1687024e-06  -1.5891125e-06  -1.0522723e-06  -7.8353077e-07  -7.8209661e-07  -4.6657797e-07  -4.3703790e-07  -3.5903778e-07  -2.7027775e-07  -1.6708577e-07  -1.3512714e-07  -6.9371687e-08  -1.3290038e-07  -8.7418108e-08   4.5130996e-08
   0.0000000e+00  -1.1526340e-06  -3.1287314e-06  -3.4297154e-06  -3.8332014e-06  -4.1713656e-06  -4.0232185e-06  -3.2032972e-06  -2.0513992e-06  -1.4429897e-06  -9.5638438e-07  -1.0411454e-06  -6.1184778e-07  -5.7350798e-07  -5.4529954e-07  -2.9854013e-07  -1.7323907e-07  -2.5425385e-07  -1.5324939e-07  -1.3394336e-07  -7.0350815e-08  -1.2933212e-08  -1.4245232e-07
   0.0000000e+00  -1.1489218e-06  -2.4258302e-06  -3.8676967e-06  -3.9869637e-06  -3.9924171e-06  -4.2821416e-06  -3.3902231e-06  -2.2241900e-06  -1.6032955e-06  -1.2109753e-06  -7.7367241e-07  -6.7643407e-07  -6.2523776e-07  -4.1890252e-07  -4.2750082e-07  -2.8930359e-07  -1.8958973e-07  -1.7822927e-07  -1.3926744e-07  -1.0496653e-07  -1.2901486e-07   1.6490761e-08
   0.0000000e+00  -9.6277074e-07  -2.6668383e-06  -3.8004328e-06  -3.8394014e-06  -4.0807572e-06  -3.9989663e-06  -3.0306196e-06  -2.1882890e-06  -1.3203228e-06  -1.0662516e-06  -9.5345393e-07  -7.6933219e-07  -6.5256273e-07  -4.3301878e-07  -2.7023410e-07  -3.6893016e-07  -2.3696067e-07  -1.2885742e-07  -1.7468277e-07  -1.1971281e-07  -6.6110346e-08  -1.1182676e-07
   0.0000000e+00  -1.1411076e-06  -2.8918475e-06  -3.6333170e-06  -3.9727320e-06  -4.2959073e-06  -4.1740691e-06  -3.4661682e-06  -2.2986626e-06  -1.5662307e-06  -1.2465031e-06  -7.2797985e-07  -6.6010654e-07  -5.8663443e-07  -5.1669429e-07  -4.4262478e-07  -2.0138344e-07  -1.4680739e-07  -2.7027085e-07  -1.0193807e-07  -1.3307529e-07  -7.9386048e-08   1.0428397e-09
   0.0000000e+00  -1.0714581e-06  -2.7874312e-06  -3.5395135e-06  -3.9355318e-06  -4.0043233e-06  -4.0528657e-06  -3.0803230e-06  -2.0688178e-06  -1.3777010e-06  -9.8082933e-07  -9.9772831e-07  -8.0447660e-07  -5.1376662e-07  -4.3774301e-07  -2.9848326e-07  -2.2885862e-07  -3.0346652e-07  -1.1708224e-07  -1.1190097e-07  -4.2187061e-08  -7.1422356e-08  -4.6065512e-08
   0.0000000e+00  -9.8942428e-07  -2.7192580e-06  -3.8483204e-06  -3.9669062e-06  -3.9874844e-06  -4.1350527e-06  -3.5088797e-06  -2.1565907e-06  -1.6881338e-06  -1.1435180e-06  -7.8045559e-07  -6.9365512e-07  -4.6491104e-07  -4.8482184e-07  -3.1252307e-07  -3.4186087e-07  -9.6473585e-08  -7.9713587e-08  -1.3819688e-07  -1.5035013e-07   4.0235402e-09   1.2191016e-08
   0.0000000e+00  -1.2049109e-06  -2.7117517e-06  -3.8441362e-06  -3.7755415e-06  -4.1544731e-06  -4.2896859e-06  -3.0140563e-06  -2.1133824e-06  -1.3696113e-06  -1.0072888e-06  -8.4029188e-07  -5.9401106e-07  -7.3095055e-07  -3.9413061e-07  -2.7230246e-07  -1.5874006e-07  -2.4127942e-07  -2.1256280e-07  -1.1099554e-07   8.8383860e-09  -1.6452645e-08  -1.3982981e-07
   0.0000000e+00  -1.0682206e-06  -2.7684532e-06  -3.5175517e-06  -3.9513939e-06  -4.2129786e-06  -3.8504936e-06  -3.2228540e-06  -2.3436387e-06  -1.4008488e-06  -1.2093814e-06  -8.7168758e-07  -6.3688697e-07  -4.3885402e-07  -4.2705395e-07  -3.8188108e-07  -2.9169721e-07  -1.6305965e-07  -7.8889165e-08  -1.2895308e-07  -1.2301557e-07  -9.9950540e-08   9.4882765e-08
   0.0000000e+00  -9.6531835e-07  -2.7682895e-06  -3.7338355e-06  -4.0818250e-06  -3.9896490e-06  -4.1142266e-06  -3.4462200e-06  -2.1104363e-06  -1.3941094e-06  -9.9324200e-07  -8.1637802e-07  -7.4909849e-07  -6.3572213e-07  -3.7091112e-07  -3.3654101e-07  -1.9291815e-07  -2.2336960e-07  -2.1815886e-07  -5.7908370e-08  -3.9881023e-08  -5.8362183e-08  -9.5616322e-08
   0.0000000e+00  -1.3313322e-06  -2.7353426e-06  -3.7842983e-06  -3.7156801e-06  -3.9540701e-06  -4.2176116e-06  -3.0126462e-06  -2.0175562e-06  -1.5768466e-06  -1.1558121e-06  -7.8150038e-07  -6.3857453e-07  -5.2880068e-07  -4.4216688e-07  -3.7155581e-07  -2.1716598e-07  -1.4815407e-07  -9.1603852e-08  -1.3008597e-07  -8.0377077e-08  -6.4828219e-11   8.9065688e-09
   0.0000000e+00  -9.5146964e-07  -2.8241905e-06  -3.6611468e-06  -3.9297233e-06  -4.1797912e-06  -4.1319713e-06  -3.3594972e-06  -2.1254282e-06  -1.5030619e-06  -9.7047314e-07  -8.5393282e-07  -7.5024383e-07  -5.0208877e-07  -4.3569378e-07  -2.6370435e-07  -2.5880723e-07  -1.7506919e-07  -7.5174043e-08  -5.7844954e-08  -1.2248957e-08   3.5507930e-09   7.5434272e-08
   0.0000000e+00  -1.0169616e-06  -2.7706444e-06  -3.6998060e-06  -3.9059719e-06  -4.2409633e-06  -3.8810622e-06  -3.1393356e-06  -2.3365783e-06  -1.3215090e-06  -1.0741738e-06  -8.9075047e-07  -6.5700056e-07  -5.4089242e-07  -5.0124618e-07  -2.4227265e-07  -2.3220962e-07  -1.3237289e-07  -8.0995612e-08  -8.1112638e-08   3.9901767e-08   3.9532420e-08   4.5493870e-08
   0.0000000e+00  -1.2224860e-06  -2.6282260e-06  -3.6563965e-06  -4.0152740e-06  -3.7710226e-06  -4.1074345e-06  -3.2599660e-06  -2.0469686e-06  -1.4903670e-06  -1.1855515e-06  -8.1623449e-07  -6.1793679e-07  -5.5005791e-07  -3.9409852e-07  -3.1955832e-07  -2.1893109e-07  -1.0203780e-07  -1.2234985e-07   1.3038821e-08  -2.4484715e-08   4.2553800e-08   6.2470590e-08
   0.0000000e+00  -1.1783469e-06  -2.9076139e-06  -3.7541165e-06  -3.7894106e-06  -4.2646407e-06  -4.3193304e-06  -3.3548777e-06  -2.0534903e-06  -1.5235477e-06  -1.0195835e-06  -7.1645366e-07  -8.0765449e-07  -5.5723029e-07  -3.6985301e-07  -2.6824233e-07  -1.4673498e-07  -1.4149636e-07  -4.2829146e-08  -5.8418578e-08   5.4621193e-08   1.2054877e-08   1.1730278e-07
   0.0000000e+00  -1.0344659e-06  -2.6872042e-06  -3.7888642e-06  -3.8406220e-06  -4.0814375e-06  -3.9227839e-06  -3.0550502e-06  -2.2989848e-06  -1.4613279e-06  -1.1050436e-06  -1.0041191e-06  -5.5025981e-07  -4.9682143e-07  -3.6266803e-07  -3.3841400e-07  -1.5383648e-07  -3.4021060e-08  -9.5663516e-08   5.4306568e-08  -1.4715581e-08   3.7432425e-08   1.1657041e-07
   0.0000000e+00  -9.5517362e-07  -2.7884287e-06  -3.5414698e-06  -4.1025041e-06  -4.0835421e-06  -4.0468399e-06  -3.4115433e-06  -2.2029824e-06  -1.4495098e-06  -9.6489555e-07  -8.8581805e-07  -6.0006232e-07  -5.1830568e-07  -4.0877788e-07  -1.8813014e-07  -9.3608840e-08  -1.8927773e-07  -1.2327570e-08  -2.5575970e-08  -1.6913495e-08   6.2487018e-08  -2.1570248e-08
   0.0000000e+00  -1.2389428e-06  -2.8411198e-06  -3.8198086e-06  -3.7966336e-06  -4.1099202e-06  -4.3012756e-06  -3.2029466e-06  -2.1217720e-06  -1.5047690e-06  -1.2102828e-06  -7.4797822e-07  -7.1443475e-07  -5.7690119e-07  -2.7930543e-07  -2.3442975e-07  -2.4104119e-07  -1.1914677e-07  -1.3836502e-08  -9.6941626e-08  -6.8739240e-08  -4.4267658e-08   5.3295906e-08
   0.0000000e+00  -1.2899703e-06  -2.6500620e-06  -3.7061629e-06  -3.9181978e-06  -3.9637789e-06  -4.1056760e-06  -3.2587509e-06  -2.1845108e-06  -1.6146461e-06  -1.0849033e-06  -7.7148599e-07  -6.7306974e-07  -5.0350445e-07  -4.4793140e-07  -3.1081993e-07  -1.7307234e-07  -1.1164790e-07  -1.5075545e-07  -1.3727731e-07  -4.1081393e-08  -3.0664655e-09  -1.6641164e-07
   0.0000000e+00  -9.2531957e-07  -2.7478861e-06  -3.6507229e-06  -4.0199288e-06  -4.3033797e-06  -4.0403361e-06  -3.3875021e-06  -2.2166755e-06  -1.3286466e-06  -1.1361088e-06  -9.1403092e-07  -7.6597240e-07  -3.8550621e-07  -4.5534563e-07  -3.1005459e-07  -1.9085722e-07  -2.2103332e-07  -1.2285449e-07  -1.0049776e-07  -8.8514604e-08  -1.0754668e-07  -1.6059870e-08
   0.0000000e+00  -9.7432383e-07  -2.7653200e-06  -3.8226835e-06  -3.8103390e-06  -4.0477439e-06  -4.1701837e-06  -3.1418256e-06  -2.2862098e-06  -1.4813864e-06  -1.0843097e-06  -9.5253580e-07  -5.6196183e-07  -6.6402134e-07  -4.5629696e-07  -2.5867325e-07  -2.9386072e-07  -1.9100862e-07  -1.6276736e-07  -1.4678719e-07  -1.4763758e-07  -8.0529091e-08  -3.2502474e-08
   0.0000000e+00  -1.2997888e-06  -2.9372384e-06  -3.6350330e-06  -3.9276511e-06  -4.0206305e-06  -4.1568110e-06  -3.2983585e-06  -2.1158273e-06  -1.6606003e-06  -1.0976120e-06  -7.1852469e-07  -7.0545576e-07  -6.1859703e-07  -4.1466294e-07  -3.0061238e-07  -3.3222864e-07  -1.5999173e-07  -2.1289016e-07  -1.8283855e-07  -4.1857092e-08  -1.1766512e-07  -1.1940564e-07
   0.0000000e+00  -9.5273674e-07  -2.5809168e-06  -3.6713150e-06  -3.9578313e-06  -4.1921248e-06  -4.0479649e-06  -3.3463205e-06  -2.2001609e-06  -1.3326733e-06  -1.0762501e-06  -9.0152480e-07  -7.2128006e-07  -5.5473981e-07  -2.9502601e-07  -4.3891026e-07  -3.0233809e-07  -1.4978602e-07  -2.3237897e-07  -1.3553372e-07  -1.5516068e-07  -1.1216058e-07  -2.9807776e-08
   0.0000000e+00  -1.3019099e-06  -2.6820273e-06  -3.6974416e-06  -3.8956828e-06  -4.0680643e-06  -4.1434337e-06  -3.1637408e-06  -2.1212797e-06  -1.5165559e-06  -1.0778831e-06  -8.4520082e-07  -6.6281643e-07  -4.9554529e-07  -5.6349700e-07  -3.2152113e-07  -1.7522729e-07  -2.5411336e-07  -2.2312967e-07  -1.0962662e-07  -1.3286181e-07  -1.3505330e-07  -1.1439037e-09
   0.0000000e+00  -8.1563178e-07  -2.9655828e-06  -3.6889044e-06  -3.9119786e-06  -4.0481555e-06  -4.0959858e-06  -3.2919709e-06  -2.1947687e-06  -1.4523938e-06  -1.1302806e-06  -7.9607565e-07  -6.0848555e-07  -5.7577552e-07  -4.6590421e-07  -3.5631146e-07  -2.2949480e-07  -2.7450588e-07  -1.5158614e-07  -9.1037791e-08  -1.8380571e-07  -5.3392984e-08  -8.3701600e-08
   0.0000000e+00  -1.1895861e-06  -2.5535219e-06  -3.7757525e-06  -3.8733301e-06  -4.1253898e-06  -4.2451229e-06  -3.2125088e-06  -2.2050276e-06  -1.4204479e-06  -9.8319754e-07  -8.2048678e-07  -8.4273512e-07  -5.1504003e-07  -4.1554591e-07  -3.1236027e-07  -3.4258963e-07  -2.0521594e-07  -1.2089176e-07  -1.9869145e-07  -5.9733964e-08  -4.5633474e-08  -5.7644012e-08
   0.0000000e+00  -1.1462711e-06  -2.7011511e-06  -3.6377903e-06  -4.0600680e-06  -3.9974684e-06  -3.8812314e-06  -3.2888445e-06  -2.0825241e-06  -1.4583345e-06  -1.1951304e-06  -8.2378631e-07  -6.1640804e-07  -6.5536261e-07  -4.5402467e-07  -3.7313347e-07  -2.5388965e-07  -2.0055424e-07  -1.6779389e-07  -1.7273955e-07  -4.9989492e-08  -3.5781973e-09  -6.7242567e-08
   0.0000000e+00  -9.8510088e-07  -3.0617698e-06  -3.6512331e-06  -3.6640972e-06  -4.3351088e-06  -4.1838916e-06  -3.2153241e-06  -2.1906619e-06  -1.5203057e-06  -9.9150498e-07  -9.4457369e-07  -6.7760823e-07  -4.8501067e-07  -5.2755661e-07  -3.7927163e-07  -2.6600992e-07  -2.4685178e-07  -1.3267793e-07  -5.7691995e-08  -9.0497579e-08  -5.3864916e-08   6.2324077e-08
   0.0000000e+00  -1.1542883e-06  -2.4419701e-06  -3.7848654e-06  -4.0824953e-06  -3.9400202e-06  -4.2184479e-06  -3.3405884e-06  -2.1598300e-06  -1.4469980e-06  -1.1031080e-06  -8.7173794e-07  -6.7951646e-07  -7.0043404e-07  -3.6936717e-07  -3.6261056e-07  -2.3334700e-07  -1.8176982e-07  -1.9287096e-07  -3.4077104e-08  -9.8196971e-08  -1.5205231e-08   8.8590944e-08
   0.0000000e+00  -9.7900397e-07  -2.7748952e-06  -3.7515301e-06  -3.9484507e-06  -4.0243517e-06  -4.0459117e-06  -3.1005966e-06  -2.2032625e-06  -1.5676103e-06  -1.1109277e-06  -8.0420284e-07  -7.7353650e-07  -5.5578033e-07  -4.8114322e-07  -3.3049585e-07  -1.8253495e-07  -2.0441622e-07  -1.1396104e-07  -1.1559685e-07   4.6087930e-08   3.1120393e-08  -6.3316982e-08
   0.0000000e+00  -1.2295809e-06  -2.8433517e-06  -3.7576581e-06  -3.9588649e-06  -4.1594030e-06  -4.1539056e-06  -3.4668076e-06  -2.1186224e-06  -1.4050205e-06  -1.1402752e-06  -8.7591576e-07  -6.5741199e-07  -5.4730833e-07  -3.9046250e-07  -3.4537635e-07  -3.5146402e-07  -2.8239144e-08  -9.9535690e-08  -4.8567085e-08   7.1138462e-10  -3.1364223e-08   8.3275680e-08
   0.0000000e+00  -1.1788927e-06  -2.9687103e-06  -3.5122930e-06  -3.7552011e-06  -4.3127466e-06  -4.1713770e-06  -3.1134923e-06  -2.3022144e-06  -1.4801119e-06  -1.0665916e-06  -9.1932048e-07  -7.4115252e-07  -5.3789398e-07  -5.0091563e-07  -2.0955440e-07  -1.5957487e-07  -2.2727127e-07  -1.2045141e-08  -6.5249274e-08  -6.4178515e-08   7.6243765e-08   1.2632195e-08
   0.0000000e+00  -7.1732711e-07  -2.5458512e-06  -3.8868948e-06  -4.1413473e-06  -3.9397896e-06  -4.0112682e-06  -3.3398894e-06  -2.0663226e-06  -1.5994299e-06  -1.1153625e-06  -7.9067280e-07  -6.6799078e-07  -5.4007734e-07  -4.8156591e-07  -3.2227936e-07  -1.7402138e-07  -1.1528463e-07  -1.2267240e-07  -3.7848152e-10   1.0597669e-08  -4.8295632e-08   9.4973636e-08
   0.0000000e+00  -1.6038084e-06  -2.6988166e-06  -3.8436201e-06  -3.9024690e-06  -4.1251246e-06  -4.2850606e-06  -3.2068162e-06  -2.3003406e-06  -1.3650734e-06  -9.7597388e-07  -9.4520698e-07  -7.3763914e-07  -5.5449323e-07  -3.9967338e-07  -2.7468442e-07  -2.3400258e-07  -1.5353118e-07  -7.9028290e-08  -6.2961902e-08   9.2372794e-09   3.8663163e-08  -1.0210734e-07
   0.0000000e+00  -8.4565619e-07  -3.0343303e-06  -3.6434712e-06  -3.8235594e-06  -4.0538475e-06  -4.0804075e-06  -3.3456377e-06  -2.1317799e-06  -1.5260176e-06  -1.3174420e-06  -7.2596413e-07  -6.7555817e-07  -6.0541794e-07  -3.6645318e-07  -3.6487125e-07  -1.8925306e-07  -8.9465999e-08  -8.2400511e-08  -1.1295175e-07  -5.7440619e-08  -1.2330056e-08   3.5706447e-09
   0.0000000e+00  -1.1273403e-06  -2.7257697e-06  -3.5866128e-06  -4.0368295e-06  -4.4085746e-06  -3.9598176e-06  -3.2209366e-06  -2.1096387e-06  -1.3667518e-06  -1.0572695e-06  -9.4454674e-07  -5.7888349e-07  -6.8405984e-07  -3.9585115e-07  -2.5316479e-07  -2.0596273e-07  -1.4545253e-07  -1.4860267e-07   7.8997422e-09  -4.2442153e-08  -7.9961040e-08   3.2758781e-08
   0.0000000e+00  -1.1979736e-06  -2.5827701e-06  -3.8988751e-06  -3.9878655e-06  -3.8003511e-06  -4.3469204e-06  -3.2456837e-06  -2.2549166e-06  -1.5700426e-06  -9.1835813e-07  -8.2442256e-07  -8.2058739e-07  -3.5588425e-07  -4.2134255e-07  -3.0214255e-07  -1.6526610e-07  -1.8370062e-07  -8.5814778e-09  -8.9504752e-08  -4.2810065e-08   2.4198442e-08  -5.9136562e-09
   0.0000000e+00  -1.0672985e-06  -3.0095821e-06  -3.6257309e-06  -3.7960235e-06  -4.0656992e-06  -3.9867082e-06  -3.1523459e-06  -2.1132710e-06  -1.4391297e-06  -1.1301279e-06  -8.9935128e-07  -6.2096103e-07  -5.8207030e-07  -3.4862842e-07  -2.8608434e-07  -1.4790434e-07  -6.1648805e-08  -1.1251063e-07  -6.5177844e-08   4.9473008e-09   2.7268046e-08  -2.4806828e-09
   0.0000000e+00  -1.1123509e-06  -2.5923857e-06  -3.7390789e-06  -4.0388268e-06  -4.3109735e-06  -4.1721737e-06  -3.2914140e-06  -2.1240560e-06  -1.5364222e-06  -1.0902104e-06  -6.4015688e-07  -6.6766853e-07  -4.9894095e-07  -4.6883824e-07  -1.7272633e-07  -2.1735354e-07  -1.3655790e-07  -7.3968977e-08  -6.1897353e-08   1.7114170e-08  -4.1270916e-08   6.5463652e-08
   0.0000000e+00  -9.6679219e-07  -2.7799101e-06  -3.7775753e-06  -3.7123868e-06  -3.9666352e-06  -3.9631154e-06  -3.3299807e-06  -2.1274541e-06  -1.2316075e-06  -1.1604041e-06  -9.2756056e-07  -6.5919050e-07  -5.0224594e-07  -3.3881790e-07  -3.2276782e-07  -1.7262818e-07  -1.6513020e-07  -1.0779220e-07  -5.5067861e-08  -1.1289753e-07  -3.3387448e-09  -4.8214929e-08
   0.0000000e+00  -1.3667182e-06  -2.8819466e-06  -3.5408193e-06  -3.9775960e-06  -4.0782702e-06  -4.0620735e-06  -3.1930736e-06  -2.2546844e-06  -1.5433747e-06  -1.0596381e-06  -9.0561736e-07  -6.2264428e-07  -5.2267706e-07  -4.4344185e-07  -2.6877757e-07  -2.2659628e-07  -1.5851185e-07  -1.7735744e-07  -9.0282953e-08  -6.6468033e-08  -9.0050108e-08  -6.0918197e-08
   0.0000000e+00  -1.0202991e-06  -2.5032241e-06  -3.8547828e-06  -4.0356813e-06  -4.0731279e-06  -4.3590653e-06  -3.1027669e-06  -2.0573232e-06  -1.7234494e-06  -8.8007738e-07  -7.1787110e-07  -7.2874246e-07  -6.2538510e-07  -3.6936061e-07  -3.4695316e-07  -2.5404188e-07  -2.0172237e-07  -1.6274920e-07  -1.6293920e-07  -1.1806375e-07  -1.0507192e-07  -9.1790497e-08
   0.0000000e+00  -7.7483509e-07  -3.1346844e-06  -3.5269550e-06  -3.7758527e-06  -4.0850646e-06  -3.7928710e-06  -3.3125020e-06  -2.2935942e-06  -1.2043552e-06  -1.3285025e-06  -9.6205906e-07  -7.2253641e-07  -5.1960535e-07  -4.3612815e-07  -3.4619393e-07  -3.0181528e-07  -2.1135102e-07  -1.1780338e-07  -1.4367005e-07  -1.8262004e-07  -5.4444925e-08  -5.6211494e-08
   0.0000000e+00  -1.4512074e-06  -2.4270889e-06  -3.9170782e-06  -3.8808648e-06  -3.9832016e-06  -4.2692882e-06  -3.4594741e-06  -2.0861344e-06  -1.5920075e-06  -1.0220747e-06  -9.0714548e-07  -6.1375050e-07  -5.8461035e-07  -5.4509502e-07  -3.2032409e-07  -2.1865206e-07  -2.1208037e-07  -2.1695746e-07  -1.7301571e-07   7.6563467e-09  -8.5635818e-08  -1.0346378e-07
   0.0000000e+00  -1.1921485e-06  -2.8293091e-06  -3.5483681e-06  -3.9315196e-06  -4.2612801e-06  -4.1122867e-06  -2.9338455e-06  -2.2329077e-06  -1.4628284e-06  -1.1850451e-06  -8.0144537e-07  -8.1290602e-07  -5.4646677e-07  -4.4971148e-07  -3.7862893e-07  -2.7725238e-07  -2.0722608e-07  -1.6660245e-07  -3.9725219e-08  -1.1084980e-07  -6.2103574e-08   2.9016270e-08
   0.0000000e+00  -9.0890251e-07  -2.8229949e-06  -3.7343414e-06  -3.9152087e-06  -3.9811384e-06  -4.1185663e-06  -3.3388787e-06  -2.1956398e-06  -1.6201577e-06  -1.0422708e-06  -8.5826866e-07  -7.5198398e-07  -6.4599732e-07  -4.4494391e-07  -3.3950391e-07  -2.0765508e-07  -1.9397264e-07  -8.5403549e-08  -1.4014330e-07  -1.1220293e-07   1.5092736e-08  -4.7329953e-09
   0.0000000e+00  -1.0257628e-06  -2.8370666e-06  -3.7668469e-06  -3.9156589e-06  -3.9338311e-06  -4.0467685e-06  -3.3974443e-06  -2.2211218e-06  -1.3630951e-06  -1.1338456e-06  -1.0208078e-06  -6.5926105e-07  -5.7326878e-07  -4.3151772e-07  -2.4882766e-07  -2.8434033e-07  -1.6758780e-07  -1.7194412e-07  -7.0148729e-08   3.3535631e-08  -6.0110892e-08  -6.7593056e-08
   0.0000000e+00  -1.3717441e-06  -2.6898185e-06  -3.5753314e-06  -3.9039733e-06  -4.4951444e-06  -3.8822591e-06  -3.2413939e-06  -2.1458791e-06  -1.4395813e-06  -1.3122199e-06  -8.3870412e-07  -6.1272334e-07  -5.8942800e-07  -4.3584168e-07  -3.9431956e-07  -2.1221186e-07  -1.1439277e-07  -3.1256391e-08  -9.1845806e-08  -1.0562782e-07  -2.2851248e-08   8.9733746e-08
   0.0000000e+00  -9.8717499e-07  -2.6983796e-06  -3.7238624e-06  -3.8206304e-06  -3.7513521e-06  -4.5529009e-06  -3.1755494e-06  -2.1516846e-06  -1.7047022e-06  -8.7526820e-07  -7.6901478e-07  -8.7358660e-07  -5.9690058e-07  -3.6162552e-07  -2.1732704e-07  -1.5835265e-07  -1.8723202e-07  -1.6975271e-07  -2.8146202e-08  -2.1134564e-08   3.3310553e-08  -5.7297072e-08
   0.0000000e+00  -1.2377188e-06  -2.7757892e-06  -3.8839048e-06  -3.8617668e-06  -4.1518078e-06  -3.8361177e-06  -3.2956200e-06  -2.2903321e-06  -1.4211309e-06  -1.1777568e-06  -1.0012197e-06  -5.7119826e-07  -3.9918277e-07  -4.6259001e-07  -3.8797285e-07  -2.0560411e-07  -1.0053166e-07  -6.4630925e-08  -1.1703347e-07   9.1163761e-09  -5.4136745e-08   7.1289392e-08
   0.0000000e+00  -7.9646145e-07  -2.9292455e-06  -3.4360439e-06  -4.2365991e-06  -4.0023433e-06  -4.2288348e-06  -3.2476628e-06  -2.1267945e-06  -1.3937812e-06  -1.2195081e-06  -7.0961795e-07  -7.5106442e-07  -5.8843472e-07  -4.2197198e-07  -1.7583433e-07  -1.7191614e-07  -2.1189869e-07  -1.0623977e-07  -1.0043488e-09  -6.1364915e-08  -3.3554990e-09  -2.2963656e-08
   0.0000000e+00  -1.5531558e-06  -2.4310941e-06  -3.6720114e-06  -3.5450271e-06  -4.3059636e-06  -3.9958204e-06  -3.3537913e-06  -2.2634529e-06  -1.6214850e-06  -9.3768580e-07  -9.5303761e-07  -5.7917771e-07  -5.7002495e-07  -3.6949388e-07  -2.2077981e-07  -2.4435005e-07  -1.0663497e-07  -1.6274413e-08  -1.7435843e-07  -5.3279777e-08   3.4750759e-08  -9.4112149e-09
   0.0000000e+00  -7.0058115e-07  -3.0232263e-06  -3.9072565e-06  -3.9001070e-06  -3.9307815e-06  -4.1805683e-06  -3.2221299e-06  -2.1138321e-06  -1.4302954e-06  -1.2688583e-06  -8.3108972e-07  -7.2196758e-07  -4.8083592e-07  -2.7471395e-07  -3.7747250e-07  -1.6069863e-07  -4.1316440e-08  -2.0497095e-07   3.3389799e-08   1.4545456e-09  -6.4451825e-08   6.6445551e-08
   0.0000000e+00  -1.3010413e-06  -2.6007822e-06  -3.6477920e-06  -4.0034774e-06  -4.0521891e-06  -4.2050542e-06  -3.3261367e-06  -2.1591522e-06  -1.6103797e-06  -9.4941561e-07  -8.8055003e-07  -6.1192139e-07  -4.6455108e-07  -4.6744296e-07  -1.8820751e-07  -6.9259805e-08  -2.2768606e-07  -5.1173559e-09  -8.0484327e-08   2.1423123e-08   3.7137976e-08   1.9893918e-08
   0.0000000e+00  -1.0875373e-06  -2.7051337e-06  -3.3266031e-06  -4.0020991e-06  -4.1445924e-06  -3.9448173e-06  -3.1790178e-06  -2.3471093e-06  -1.3901065e-06  -1.2264958e-06  -7.8125134e-07  -6.5125801e-07  -5.8031884e-07  -2.7576544e-07  -2.3579254e-07  -2.2568376e-07  -4.8151289e-08  -8.7529173e-08   5.1926918e-08  -9.9996321e-08   6.5589610e-08   1.5574247e-07
   0.0000000e+00  -1.0558604e-06  -2.7335077e-06  -4.1214939e-06  -3.6037554e-06  -4.1578751e-06  -4.1622229e-06  -3.4062282e-06  -2.0897921e-06  -1.5125576e-06  -1.0506448e-06  -8.0778062e-07  -6.7886344e-07  -4.3345159e-07  -3.8471416e-07  -2.1221851e-07  -2.0126822e-07  -1.2902805e-07  -6.0082939e-09  -1.0816527e-07   7.4066897e-08   3.4699166e-08  -2.7903694e-08
   0.0000000e+00  -9.9650867e-07  -2.8716877e-06  -3.4848704e-06  -4.0836044e-06  -3.9077618e-06  -4.3827390e-06  -3.0815870e-06  -2.2870825e-06  -1.4850549e-06  -1.1102078e-06  -8.5145865e-07  -6.0118265e-07  -4.2266717e-07  -4.0686294e-07  -2.8375680e-07  -1.8193063e-07  -6.5230886e-08  -1.1203274e-07  -9.6892656e-08   1.1021643e-08  -1.4707646e-08  -3.4059944e-08
   0.0000000e+00  -1.1973060e-06  -2.5602396e-06  -3.6636175e-06  -3.7595264e-06  -4.2299207e-06  -3.7414225e-06  -3.4295601e-06  -2.0075290e-06  -1.4990353e-06  -1.0406523e-06  -7.8788747e-07  -6.7746015e-07  -6.1860510e-07  -3.1552591e-07  -2.6273651e-07  -1.6725164e-07  -1.8691014e-07  -1.7255259e-07   3.5706226e-08  -1.2034984e-07  -9.5052435e-08   5.6687036e-08
   0.0000000e+00  -1.0740947e-06  -2.9667701e-06  -3.4992242e-06  -4.2541560e-06  -4.0552800e-06  -4.4144381e-06  -3.2002272e-06  -2.4480448e-06  -1.5235696e-06  -1.0672379e-06  -8.7380829e-07  -5.9736561e-07  -3.5879452e-07  -5.5411920e-07  -2.8255468e-07  -2.4744998e-07  -1.6166128e-07  -6.4370951e-08  -1.7550563e-07  -8.1368597e-08  -3.1931506e-11  -7.8008121e-08
   0.0000000e+00  -1.0949606e-06  -2.3465295e-06  -4.1371964e-06  -3.4907653e-06  -4.1889120e-06  -3.8721109e-06  -3.3442689e-06  -2.0000223e-06  -1.3531788e-06  -1.1709161e-06  -7.6914580e-07  -7.1177749e-07  -7.8836661e-07  -1.8869143e-07  -4.0957707e-07  -1.9032652e-07  -1.8391599e-07  -2.4492229e-07  -6.0889960e-08  -3.7945526e-08  -1.4539086e-07   2.4247957e-08
   0.0000000e+00  -8.8294451e-07  -3.0392150e-06  -3.4075636e-06  -3.9683891e-06  -3.9726051e-06  -4.4224739e-06  -3.2229327e-06  -2.3466030e-06  -1.6363149e-06  -1.0218944e-06  -9.6228962e-07  -6.5631002e-07  -3.7941814e-07  -5.6411642e-07  -3.1987767e-07  -3.4876732e-07  -2.1236283e-07  -4.1475595e-08  -1.9998079e-07  -1.7748854e-07   6.3080499e-08  -1.3185807e-07
   0.0000000e+00  -1.4487720e-06  -2.6631662e-06  -3.6995468e-06  -4.2338070e-06  -4.2016836e-06  -4.0273244e-06  -3.3532419e-06  -1.9956053e-06  -1.4436613e-06  -1.1033140e-06  -7.4308855e-07  -7.4776233e-07  -7.1442457e-07  -4.4411530e-07  -3.1277366e-07  -1.6808191e-07  -3.0532320e-07  -2.7131648e-07  -4.7840796e-08  -5.4572595e-08  -1.8993339e-07   1.7155829e-08
   0.0000000e+00  -7.0630477e-07  -2.8408922e-06  -3.6264726e-06  -3.7245140e-06  -4.1097751e-06  -4.0755872e-06  -3.2117152e-06  -2.4695339e-06  -1.5364925e-06  -1.2444997e-06  -9.4505413e-07  -6.5817471e-07  -4.3074829e-07  -5.0677238e-07  -4.4045905e-07  -3.4571107e-07  -1.5527080e-07  -5.9440513e-08  -2.5139559e-07  -1.4196654e-07  -9.5635388e-10  -9.8632299e-08
   0.0000000e+00  -1.2243185e-06  -2.4564558e-06  -3.9157344e-06  -3.8230937e-06  -4.0642376e-06  -4.2239531e-06  -3.4775990e-06  -1.9610754e-06  -1.4833165e-06  -9.2019883e-07  -8.5456384e-07  -8.5533185e-07  -6.8198455e-07  -4.4030585e-07  -2.9242142e-07  -1.9834513e-07  -2.8836749e-07  -2.6395213e-07  -6.9919409e-08  -7.9237630e-09  -9.4228547e-08  -1.2429233e-07
   0.0000000e+00  -1.1383983e-06  -2.9575870e-06  -3.6055158e-06  -4.0896284e-06  -4.2001279e-06  -4.2280990e-06  -3.0725562e-06  -2.5122913e-06  -1.4951502e-06  -1.4129824e-06  -9.0069756e-07  -5.8088091e-07  -5.4357537e-07  -4.8388370e-07  -3.6868494e-07  -4.2437503e-07  -4.9260859e-08  -1.0958128e-07  -1.6126617e-07  -1.0347799e-07  -7.8153050e-08   7.4737706e-08
   0.0000000e+00  -1.0377139e-06  -2.6205589e-06  -3.6394831e-06  -3.7880784e-06  -4.1347994e-06  -3.9944225e-06  -3.4378959e-06  -1.9951513e-06  -1.5814662e-06  -8.3085456e-07  -9.4215449e-07  -7.8352042e-07  -6.5136305e-07  -4.2249454e-07  -3.2211958e-07  -1.2632105e-07  -3.1656228e-07  -1.5181779e-07  -5.0522285e-08  -5.5113833e-08  -3.5013695e-08  -7.2352194e-08
   0.0000000e+00  -8.6024272e-07  -2.8649001e-06  -3.6010135e-06  -4.1091625e-06  -4.0529067e-06  -4.3155969e-06  -3.3546389e-06  -2.3446637e-06  -1.5429588e-06  -1.3475884e-06  -8.1649972e-07  -6.5654490e-07  -5.1157622e-07  -4.9322989e-07  -3.3336289e-07  -3.0572249e-07  -6.4745613e-08  -1.6692063e-07  -5.5355230e-08  -4.6190504e-08  -5.4904348e-08   7.9218701e-08
   0.0000000e+00  -1.2095945e-06  -2.5906829e-06  -4.0751092e-06  -3.6537651e-06  -4.2598963e-06  -4.0652603e-06  -3.0956526e-06  -2.0449345e-06  -1.4967098e-06  -1.0004489e-06  -9.1464750e-07  -7.6078754e-07  -6.1650024e-07  -3.5111651e-07  -3.3332847e-07  -1.6966629e-07  -1.9596035e-07  -7.7945437e-08  -5.2436803e-08  -3.1397263e-08   2.0957382e-08  -5.2377477e-08
   0.0000000e+00  -1.1226572e-06  -2.7907306e-06  -3.2708383e-06  -4.3162418e-06  -3.9517745e-06  -4.1899125e-06  -3.6175538e-06  -2.4853612e-06  -1.4706067e-06  -1.2647434e-06  -8.0290096e-07  -6.7042481e-07  -5.4394485e-07  -5.0795120e-07  -2.8731770e-07  -2.4246199e-07  -1.5547577e-07  -6.9973169e-08  -5.1114974e-08  -6.9459148e-08  -2.6914581e-08   4.5670646e-08
   0.0000000e+00  -1.1186535e-06  -2.8046361e-06  -3.9388669e-06  -3.6654671e-06  -4.2213801e-06  -4.1671515e-06  -3.0866572e-06  -2.0634225e-06  -1.5024125e-06  -9.9976478e-07  -1.0062807e-06  -7.2154990e-07  -5.8537012e-07  -3.7839348e-07  -3.6866987e-07  -2.0297655e-07  -1.3756338e-07  -1.3338365e-07  -1.0776598e-07  -3.9329553e-08  -3.6402557e-08  -4.1966036e-08
   0.0000000e+00  -7.3654041e-07  -2.7759636e-06  -3.7548946e-06  -4.1081817e-06  -4.1979047e-06  -4.2257338e-06  -3.2953867e-06  -2.2583954e-06  -1.6420988e-06  -1.2583012e-06  -7.8906515e-07  -7.8693256e-07  -4.5061861e-07  -5.3058818e-07  -2.8102804e-07  -2.6127151e-07  -1.4060166e-07  -1.3893920e-07  -9.4540091e-08  -8.8181388e-08  -3.0844753e-08  -2.6517023e-08
   0.0000000e+00  -1.5392160e-06  -2.6379143e-06  -3.6917957e-06  -3.7441107e-06  -4.2332445e-06  -4.0649907e-06  -3.4617435e-06  -2.1974315e-06  -1.6405110e-06  -8.8173442e-07  -9.3718268e-07  -6.5912627e-07  -7.4681441e-07  -3.7146398e-07  -3.1265350e-07  -1.6884539e-07  -2.6504171e-07  -1.5782679e-07  -6.4927967e-08  -5.3558246e-08  -6.3933058e-08  -5.2921248e-08
   0.0000000e+00  -8.1390533e-07  -2.8986578e-06  -3.8369835e-06  -4.2304737e-06  -3.9453212e-06  -4.3176810e-06  -3.2333719e-06  -2.3226060e-06  -1.2653416e-06  -1.4450211e-06  -9.1684939e-07  -6.7975077e-07  -4.1532104e-07  -4.6372364e-07  -3.3588253e-07  -3.4817759e-07  -7.5023806e-08  -1.2654505e-07  -1.0966358e-07  -1.2726254e-07  -8.6428614e-08   5.7775033e-08
   0.0000000e+00  -1.4220225e-06  -2.8618276e-06  -3.6133752e-06  -3.9143292e-06  -4.3988557e-06  -4.0141936e-06  -3.4363732e-06  -2.1889741e-06  -1.5656861e-06  -1.0020256e-06  -8.3189821e-07  -6.9353808e-07  -6.6803432e-07  -4.3806972e-07  -3.1176111e-07  -1.4656392e-07  -2.5091481e-07  -1.5232158e-07  -7.9783916e-08  -6.7553465e-08  -8.3744034e-09  -9.3938262e-08
   0.0000000e+00  -7.3202000e-07  -2.6867949e-06  -3.8260328e-06  -4.0143345e-06  -3.8633839e-06  -4.4381313e-06  -3.0989461e-06  -2.2586842e-06  -1.6179932e-06  -1.1570111e-06  -7.9512660e-07  -6.9456769e-07  -5.5328144e-07  -3.8702660e-07  -3.3186240e-07  -2.8448363e-07  -9.6552377e-08  -1.1965456e-07  -6.2819268e-08  -6.9976970e-08  -5.4343342e-08   4.1003354e-08
   0.0000000e+00  -1.5715649e-06  -2.8341833e-06  -3.8918088e-06  -3.8289386e-06  -4.6125565e-06  -3.9314959e-06  -3.4993163e-06  -2.1546339e-06  -1.4580106e-06  -9.8317219e-07  -9.4159600e-07  -6.7265478e-07  -4.9510578e-07  -4.4752900e-07  -2.6175337e-07  -1.7125828e-07  -1.9414711e-07  -4.6497270e-08  -6.3905496e-08  -4.1738645e-08  -3.1885810e-09  -2.0626112e-08
   0.0000000e+00  -8.6458510e-07  -2.9705216e-06  -3.7060454e-06  -4.1674666e-06  -3.8196945e-06  -4.2751853e-06  -3.3000272e-06  -2.2144495e-06  -1.5166142e-06  -1.1585259e-06  -7.6122319e-07  -6.8626713e-07  -5.4500128e-07  -3.9792602e-07  -2.9000839e-07  -1.4144501e-07  -1.0272840e-07  -1.3001089e-07  -5.8554889e-08  -4.1485869e-08  -1.6257964e-08  -3.9280916e-08
   0.0000000e+00  -1.3163242e-06  -2.6827922e-06  -3.7933994e-06  -3.8241651e-06  -4.3279856e-06  -4.2184606e-06  -3.1217758e-06  -2.2437516e-06  -1.4454772e-06  -1.0498358e-06  -9.7657710e-07  -5.7263236e-07  -5.2132776e-07  -3.0343989e-07  -3.0264650e-07  -2.5717017e-07  -8.4062478e-08  -1.3558336e-08  -8.7879663e-08  -9.2752209e-08  -2.5991578e-09   9.3461354e-09
   0.0000000e+00  -1.1806630e-06  -2.9143332e-06  -3.7428081e-06  -4.3122218e-06  -4.0296718e-06  -4.2531151e-06  -3.5727405e-06  -2.2940892e-06  -1.3869713e-06  -1.2372660e-06  -5.5122013e-07  -7.9146059e-07  -4.9894720e-07  -4.1211771e-07  -2.5441625e-07  -9.0703175e-08  -1.4901455e-07  -1.5184000e-07  -5.6074242e-08   2.5654138e-08  -1.6856328e-08  -5.1908531e-09
   0.0000000e+00  -1.2249711e-06  -2.7641806e-06  -3.9353654e-06  -3.7042355e-06  -4.3419632e-06  -3.9858960e-06  -3.1364946e-06  -2.0218138e-06  -1.6945439e-06  -9.6523172e-07  -1.0283335e-06  -5.4562258e-07  -5.4465625e-07  -3.9720530e-07  -2.3543296e-07  -2.0701476e-07  -1.5387003e-07  -6.8823837e-08  -3.9998159e-08  -3.9575767e-08  -4.5542055e-09   7.7715995e-08
   0.0000000e+00  -1.0042887e-06  -3.0347471e-06  -3.5241653e-06  -4.2177353e-06  -4.1484932e-06  -4.3293858e-06  -3.4040058e-06  -2.3280040e-06  -1.4039000e-06  -1.1044364e-06  -7.8603063e-07  -7.0380406e-07  -4.9613703e-07  -3.8253000e-07  -3.0101401e-07  -1.9844377e-07  -1.3754186e-07  -1.2804391e-07  -2.7298450e-08  -6.1645459e-08  -8.3383371e-09   3.3183429e-08
   0.0000000e+00  -1.3825942e-06  -2.7521924e-06  -4.1319363e-06  -3.8241419e-06  -4.1139756e-06  -4.1374246e-06  -3.3208537e-06  -2.1605870e-06  -1.5488863e-06  -1.0571011e-06  -9.0916416e-07  -6.9955058e-07  -4.8415177e-07  -4.4408071e-07  -2.7822864e-07  -2.4261900e-07  -1.1984294e-07  -9.0419867e-08  -1.5662138e-07  -2.6788296e-08  -1.7717241e-08  -3.2239281e-08
   0.0000000e+00  -1.1386095e-06  -2.8868753e-06  -3.5929017e-06  -4.0534806e-06  -4.1406556e-06  -4.2671636e-06  -3.1604407e-06  -2.3693174e-06  -1.4189524e-06  -1.2015316e-06  -8.3975976e-07  -5.9963912e-07  -6.6017941e-07  -3.5886771e-07  -3.5278231e-07  -2.3363343e-07  -1.1796950e-07  -1.5392683e-07  -5.6477756e-08  -5.0787349e-08  -3.0198802e-08  -4.2036834e-08
   0.0000000e+00  -1.2892870e-06  -2.5848451e-06  -3.8752337e-06  -4.0061555e-06  -4.2972529e-06  -4.0695304e-06  -3.4635793e-06  -2.0116497e-06  -1.5301461e-06  -1.1032685e-06  -7.8215282e-07  -8.2421201e-07  -5.0826441e-07  -4.2830922e-07  -2.3907234e-07  -1.6218551e-07  -2.3652537e-07  -9.1068685e-08  -3.2392130e-08  -6.0910047e-08  -5.2840765e-08   1.4256952e-08
   0.0000000e+00  -9.8681505e-07  -3.2190624e-06  -3.6503736e-06  -4.0512823e-06  -4.0214650e-06  -4.1016419e-06  -3.2032285e-06  -2.3622642e-06  -1.5728206e-06  -1.0955978e-06  -9.3759206e-07  -5.9696060e-07  -4.8226025e-07  -5.0463001e-07  -3.4916164e-07  -1.8700045e-07  -1.0644182e-07  -7.9207034e-08  -6.1149336e-08  -6.4040094e-08   4.4368793e-09   1.1066149e-08
   0.0000000e+00  -1.3842205e-06  -2.6999276e-06  -3.9032816e-06  -3.8249350e-06  -4.1577327e-06  -4.2526076e-06  -3.4766240e-06  -1.9584947e-06  -1.4614576e-06  -1.0332973e-06  -8.2575025e-07  -6.9846641e-07  -6.2878087e-07  -3.0069438e-07  -2.8611879e-07  -1.3997045e-07  -1.8966082e-07  -8.4273708e-08  -5.0962605e-08  -4.6021595e-09  -1.1634831e-08   3.3913608e-08
   0.0000000e+00  -1.0645356e-06  -2.7786223e-06  -3.6518388e-06  -4.0036048e-06  -4.1266999e-06  -4.2204874e-06  -2.9931873e-06  -2.3634748e-06  -1.4996464e-06  -1.1513584e-06  -8.3115350e-07  -6.6106122e-07  -4.7788546e-07  -4.4300589e-07  -2.2029016e-07  -3.0411391e-07  -9.4732890e-08   4.0389345e-08  -1.1953716e-07  -7.8391750e-08   1.0259748e-07  -3.0666779e-08
   0.0000000e+00  -1.2690521e-06  -2.6830976e-06  -3.8345152e-06  -3.9826505e-06  -4.1529138e-06  -3.8783360e-06  -3.3922365e-06  -2.1654041e-06  -1.3564622e-06  -1.0276381e-06  -8.6049630e-07  -6.4651101e-07  -6.3687384e-07  -3.3582410e-07  -3.0015127e-07  -1.2026315e-07  -9.7234910e-08  -1.9813842e-07  -2.7740469e-08   1.1329801e-07  -5.0706713e-08   1.3957886e-08
   0.0000000e+00  -1.0893649e-06  -3.0407289e-06  -3.7252807e-06  -3.8806097e-06  -4.0514392e-06  -4.3013952e-06  -3.1914456e-06  -2.1857329e-06  -1.5675649e-06  -1.1228087e-06  -8.0806615e-07  -6.7012201e-07  -3.5466593e-07  -4.3200114e-07  -3.2044528e-07  -1.4608284e-07  -1.2566353e-07  -3.3610792e-08  -5.2015544e-08  -5.7278253e-08   1.9692077e-08   4.3006327e-08
   0.0000000e+00  -1.1268177e-06  -2.6133259e-06  -3.6685778e-06  -3.8352105e-06  -4.1231956e-06  -4.0322680e-06  -3.2899538e-06  -1.9953609e-06  -1.4203490e-06  -1.0334516e-06  -8.1895064e-07  -7.0659382e-07  -6.1188530e-07  -3.8146032e-07  -2.1156583e-07  -2.3130319e-07  -1.2960665e-07  -1.1675992e-07  -4.3374547e-11  -2.6648726e-08  -1.7051374e-08   2.3555857e-09
   0.0000000e+00  -1.1301119e-06  -2.9224573e-06  -3.6181680e-06  -4.0547366e-06  -4.0219556e-06  -4.1184812e-06  -3.1868390e-06  -2.2412319e-06  -1.5356015e-06  -1.0758456e-06  -7.8639221e-07  -6.3662804e-07  -4.6990789e-07  -4.2494676e-07  -2.2750694e-07  -2.0820627e-07  -1.5696743e-07  -9.1973320e-08  -1.1414146e-07  -6.7688880e-08  -2.7990840e-08  -2.5881146e-08
