   0.0000000e+00  -8.4816065e-07  -2.0155778e-06  -3.0657473e-06  -3.1357322e-06  -3.3712283e-06  -3.3280619e-06  -2.7418951e-06  -1.8599841e-06  -1.1161526e-06  -9.2886012e-07  -7.8822103e-07  -5.0941276e-07  -5.0052222e-07  -2.8646429e-07  -3.3396799e-07  -2.1081516e-07  -1.0185821e-07  -1.0141439e-07  -9.1067044e-08  -4.8691671e-08  -7.6669686e-08  -6.5796222e-08
   0.0000000e+00  -8.7175295e-07  -2.0795726e-06  -2.7390186e-06  -3.0624822e-06  -3.3699907e-06  -3.4998259e-06  -2.6449436e-06  -1.8623660e-06  -1.2347623e-06  -8.9541311e-07  -6.4150453e-07  -6.0821503e-07  -4.6294943e-07  -4.1317085e-07  -1.4919762e-07  -2.1964367e-07  -1.3342517e-07  -1.6135250e-07  -7.6223401e-08  -7.1668310e-08  -8.1261902e-08  -6.7715639e-08
   0.0000000e+00  -8.4376541e-07  -2.0718751e-06  -3.1055069e-06  -3.1499617e-06  -3.3647636e-06  -3.4056775e-06  -2.7271929e-06  -1.6527729e-06  -1.3731963e-06  -9.8341718e-07  -7.3460012e-07  -5.8693308e-07  -3.9943754e-07  -3.2467383e-07  -3.7299498e-07  -1.2111136e-07  -1.4431345e-07  -1.0327477e-07  -8.3289578e-08  -1.2424472e-07  -4.3764910e-08  -3.4290797e-09
   0.0000000e+00  -6.9526857e-07  -2.2424895e-06  -2.7072165e-06  -3.1824400e-06  -3.3104538e-06  -3.3443796e-06  -2.7965129e-06  -1.9137892e-06  -1.1452602e-06  -8.0380380e-07  -7.3629161e-07  -6.1323283e-07  -5.0554473e-07  -3.8864053e-07  -2.0062906e-07  -1.8607327e-07  -1.7693563e-07  -1.3165608e-07  -3.7192933e-08  -3.5622698e-08  -6.1381549e-08  -8.1833285e-08
   0.0000000e+00  -7.4507290e-07  -1.9137331e-06  -2.9385421e-06  -3.1143036e-06  -3.3474598e-06  -3.4420198e-06  -2.7310609e-06  -1.8819718e-06  -1.3222989e-06  -1.0414279e-06  -7.1688510e-07  -5.0319602e-07  -4.1377240e-07  -3.1874612e-07  -3.0115990e-07  -1.6039665e-07  -1.1577157e-07  -3.7028155e-08  -1.3769844e-07  -8.4572136e-08   7.4276718e-09   3.3883783e-08
   0.0000000e+00  -9.2988466e-07  -2.1950748e-06  -2.9415839e-06  -3.2181101e-06  -3.4785319e-06  -3.4289160e-06  -2.5372965e-06  -1.7555329e-06  -1.1400010e-06  -8.9154963e-07  -7.2245581e-07  -6.4129694e-07  -5.8704484e-07  -2.8141719e-07  -1.9658199e-07  -2.0641652e-07  -1.2719201e-07  -1.1546750e-07  -1.6599905e-08   2.0887556e-10  -2.6029831e-08  -8.7782702e-08
   0.0000000e+00  -8.4093330e-07  -1.9720565e-06  -2.8907716e-06  -3.0734082e-06  -3.2443570e-06  -3.5287512e-06  -2.9508183e-06  -1.9495330e-06  -1.4451027e-06  -9.0274142e-07  -7.0576340e-07  -4.7106406e-07  -3.7931076e-07  -3.5565830e-07  -3.1548774e-07  -1.0168144e-07  -1.3508166e-07  -1.5699261e-08  -9.3274075e-08  -5.3416635e-08   7.9351192e-09   6.9292874e-08
   0.0000000e+00  -6.3422715e-07  -2.1368289e-06  -2.8526206e-06  -3.1589520e-06  -3.3799242e-06  -3.2518403e-06  -2.6496671e-06  -1.6968523e-06  -1.0837726e-06  -9.6559654e-07  -7.6437340e-07  -6.7759879e-07  -4.0888565e-07  -3.5528885e-07  -1.7888851e-07  -1.5242733e-07  -1.3797637e-07  -1.0003448e-07  -2.3548322e-08   6.7720113e-10  -2.6883157e-08   1.8779657e-08
   0.0000000e+00  -8.5305578e-07  -2.1918581e-06  -3.0327933e-06  -3.1682052e-06  -3.6010724e-06  -3.5424969e-06  -2.8111076e-06  -1.9908950e-06  -1.3849810e-06  -9.1340712e-07  -6.8952204e-07  -4.5316773e-07  -5.0029240e-07  -3.7239892e-07  -2.3409292e-07  -1.6178728e-07  -9.8897701e-08  -1.1946101e-07  -3.5743376e-08  -4.1698399e-08  -2.6859355e-09  -8.1974747e-08
   0.0000000e+00  -7.7016767e-07  -2.0054463e-06  -2.8612160e-06  -3.2012615e-06  -3.1216384e-06  -3.4619015e-06  -2.6102632e-06  -1.7619872e-06  -1.2414225e-06  -9.4600489e-07  -6.5953378e-07  -7.1994168e-07  -3.8634633e-07  -2.7560728e-07  -2.2964937e-07  -2.3305648e-07  -1.2426858e-07  -4.1432124e-08  -1.4862776e-07  -8.2681588e-08  -6.6921693e-08   1.3584354e-08
   0.0000000e+00  -9.9032172e-07  -2.1228523e-06  -2.8673035e-06  -3.2340481e-06  -3.5456699e-06  -3.4240015e-06  -2.8566917e-06  -1.9827214e-06  -1.1279628e-06  -9.2952939e-07  -8.3610593e-07  -4.5785552e-07  -5.0725754e-07  -3.7812930e-07  -2.2503359e-07  -2.0928822e-07  -1.1846451e-07  -1.4769027e-07  -8.3721389e-08  -3.6029281e-08  -8.6321698e-08  -5.4793812e-08
   0.0000000e+00  -6.7973940e-07  -2.1624053e-06  -3.0206020e-06  -3.2251355e-06  -3.2854186e-06  -3.4886207e-06  -2.8215925e-06  -1.6890090e-06  -1.4444228e-06  -9.3696775e-07  -6.4720012e-07  -5.4802575e-07  -4.4319953e-07  -3.4783139e-07  -2.6385106e-07  -1.4376374e-07  -1.2631719e-07  -1.5273569e-07  -5.1456343e-08  -8.1266649e-08  -1.1667201e-08  -1.8557701e-08
   0.0000000e+00  -8.6524528e-07  -2.1632029e-06  -2.9958890e-06  -3.0382362e-06  -3.5145868e-06  -3.3374258e-06  -2.5908435e-06  -1.8001670e-06  -1.1664646e-06  -8.6605183e-07  -7.1819375e-07  -6.7931489e-07  -4.2809529e-07  -2.9717336e-07  -2.5359887e-07  -1.9420804e-07  -1.6822756e-07  -1.7313699e-08  -6.6509863e-08  -2.1928496e-08  -2.6907315e-08   5.5116029e-08
   0.0000000e+00  -7.9124646e-07  -2.0089344e-06  -3.0294948e-06  -3.2288533e-06  -3.4500838e-06  -3.6772255e-06  -2.8658546e-06  -2.0175569e-06  -1.3232830e-06  -9.4063796e-07  -6.4800668e-07  -4.6224025e-07  -4.4893505e-07  -3.5914783e-07  -2.7997706e-07  -1.0369246e-07  -8.0552198e-08  -1.2879464e-07  -5.1042562e-08  -3.5322540e-08   1.3291849e-08  -9.4921981e-09
   0.0000000e+00  -1.1102267e-06  -2.2803645e-06  -2.7647227e-06  -3.2734774e-06  -3.3153465e-06  -3.2140861e-06  -2.5238216e-06  -1.6601015e-06  -1.0257371e-06  -9.2988631e-07  -7.5263034e-07  -5.6075663e-07  -4.2814202e-07  -3.1476822e-07  -1.5373493e-07  -1.8309024e-07  -1.7620881e-07  -4.6857611e-08  -6.1896806e-08  -1.9258630e-08  -2.2731768e-08  -2.6142770e-08
   0.0000000e+00  -6.2084899e-07  -2.2267163e-06  -2.9909436e-06  -3.2450719e-06  -3.3803044e-06  -3.5098260e-06  -2.9558842e-06  -2.0508728e-06  -1.2875684e-06  -8.7775157e-07  -6.2297585e-07  -5.2516765e-07  -4.5062583e-07  -2.6047877e-07  -3.0486143e-07  -2.1262582e-07  -5.4551371e-08  -5.9617768e-08  -8.6105118e-08  -1.2770194e-07  -4.7215680e-09   3.0599125e-08
   0.0000000e+00  -9.1855713e-07  -1.9872730e-06  -3.0707399e-06  -3.0889421e-06  -3.4825284e-06  -3.4217483e-06  -2.5536299e-06  -1.5025482e-06  -1.2909793e-06  -7.7577818e-07  -7.1746098e-07  -5.8688664e-07  -3.6679674e-07  -3.6743450e-07  -1.5830244e-07  -1.1466958e-07  -1.6265129e-07  -1.8294487e-07  -1.0471097e-07   8.0616140e-08  -9.3005127e-08  -7.0676784e-08
   0.0000000e+00  -9.0438544e-07  -2.1753049e-06  -2.9226171e-06  -3.2208870e-06  -3.2754460e-06  -3.4113816e-06  -2.7590825e-06  -1.9088438e-06  -1.2517401e-06  -1.0150039e-06  -6.3361011e-07  -4.0801399e-07  -4.3239567e-07  -3.5891989e-07  -2.8269721e-07  -2.0937834e-07  -6.3521107e-08  -1.2554162e-07  -3.6703707e-08  -1.6160122e-07  -4.2820773e-08   2.6706942e-08
   0.0000000e+00  -8.7051239e-07  -2.1607436e-06  -2.9425910e-06  -3.1142440e-06  -3.3619276e-06  -3.4692093e-06  -2.7132728e-06  -1.7969749e-06  -9.7983889e-07  -7.7348727e-07  -6.8454364e-07  -7.0713224e-07  -4.6462588e-07  -2.8030558e-07  -1.6902221e-07  -1.6126133e-07  -2.4882800e-07  -1.0535896e-07  -7.8808050e-08  -5.4502777e-08  -8.7921791e-08  -4.7156480e-08
   0.0000000e+00  -7.6776450e-07  -2.3013117e-06  -2.7565156e-06  -3.2575570e-06  -3.4199325e-06  -3.2857502e-06  -2.5770253e-06  -1.8905666e-06  -1.3682419e-06  -1.0371480e-06  -7.2296086e-07  -3.9125658e-07  -4.2177592e-07  -3.4390069e-07  -3.5538167e-07  -2.4124972e-07  -6.7093886e-08  -1.0366139e-07  -1.5471036e-07  -1.1070239e-07  -5.9650922e-08  -5.0241580e-09
   0.0000000e+00  -9.2066301e-07  -1.8682714e-06  -3.1561462e-06  -3.0599690e-06  -3.3794183e-06  -3.4210118e-06  -2.8008888e-06  -1.6742505e-06  -1.1574708e-06  -7.5430319e-07  -6.1060376e-07  -7.3517396e-07  -4.9475187e-07  -3.5923395e-07  -2.4288872e-07  -1.5110554e-07  -2.0691783e-07  -1.8317336e-07  -9.0237805e-08  -7.8204060e-08  -4.3113705e-08  -1.2398269e-07
   0.0000000e+00  -8.9207731e-07  -2.0994703e-06  -2.8272202e-06  -3.1476357e-06  -3.2645355e-06  -3.4073150e-06  -2.7492279e-06  -1.7982330e-06  -1.3011378e-06  -9.4252158e-07  -8.3915131e-07  -4.7365171e-07  -4.2526838e-07  -4.0025407e-07  -3.0829918e-07  -2.4528774e-07  -1.9644170e-07  -9.5152778e-08  -1.1167516e-07  -1.6451273e-07  -4.4729077e-08   4.9470447e-08
   0.0000000e+00  -6.2142709e-07  -2.2653210e-06  -2.8661339e-06  -3.1808079e-06  -3.3627402e-06  -3.3524502e-06  -2.5584918e-06  -1.7325445e-06  -1.2488649e-06  -9.2286388e-07  -7.0101669e-07  -5.8175220e-07  -5.1311844e-07  -4.1812379e-07  -2.4746342e-07  -1.6220561e-07  -2.4377314e-07  -1.7003819e-07  -1.2125609e-07   6.7032837e-09  -6.6452934e-08  -9.4921162e-08
   0.0000000e+00  -9.1804793e-07  -2.1358514e-06  -2.8611341e-06  -3.1434811e-06  -3.2879263e-06  -3.5192113e-06  -2.7789745e-06  -2.0058458e-06  -1.1153271e-06  -9.5359894e-07  -6.6704308e-07  -6.3808506e-07  -4.8662207e-07  -3.0400361e-07  -3.5249707e-07  -2.9711384e-07  -8.7294815e-08  -1.2589655e-07  -1.2523007e-07  -1.3095534e-07   2.7307703e-09   5.6412844e-08
   0.0000000e+00  -9.7283089e-07  -1.8896353e-06  -2.9445878e-06  -3.0479680e-06  -3.3940541e-06  -3.2562614e-06  -2.6356522e-06  -1.7064017e-06  -1.2488783e-06  -8.9675945e-07  -7.2671156e-07  -5.8618770e-07  -5.0168114e-07  -4.1212934e-07  -2.2566388e-07  -2.3245696e-07  -1.8158239e-07  -1.3888878e-07  -8.7958391e-08  -3.0620537e-10  -1.0677687e-08  -2.4498689e-08
   0.0000000e+00  -4.9697530e-07  -2.0827811e-06  -2.9795663e-06  -3.2072799e-06  -3.3546610e-06  -3.3979870e-06  -2.7223714e-06  -1.7826892e-06  -1.3284268e-06  -9.4556646e-07  -7.4566094e-07  -5.3582141e-07  -4.3199611e-07  -3.9108858e-07  -2.8661563e-07  -1.6650284e-07  -1.4835972e-07  -1.4024704e-07  -5.6017388e-08  -1.7352434e-08  -5.8185069e-08   6.9536910e-08
   0.0000000e+00  -9.1250547e-07  -2.2881438e-06  -2.7176079e-06  -3.0595465e-06  -3.4183975e-06  -3.4170741e-06  -2.7432664e-06  -1.8543226e-06  -1.1383920e-06  -8.1932683e-07  -7.6516284e-07  -5.8696838e-07  -4.8306822e-07  -3.6042530e-07  -2.0577954e-07  -2.4232384e-07  -1.7364852e-07  -6.8570117e-08  -3.8219593e-08  -1.1031003e-07   2.3506377e-08   8.6002530e-09
   0.0000000e+00  -8.0136567e-07  -2.0343855e-06  -2.9175596e-06  -3.1895020e-06  -3.1344057e-06  -3.4697300e-06  -2.7005524e-06  -1.7240530e-06  -1.3176452e-06  -1.0016430e-06  -6.2385999e-07  -5.6055495e-07  -4.4015641e-07  -3.3754537e-07  -3.1059457e-07  -1.7835137e-07  -7.0940494e-08  -1.4588849e-07  -1.1778221e-07  -5.3054965e-09  -5.0330137e-08  -3.3389995e-08
   0.0000000e+00  -9.0655817e-07  -1.8802092e-06  -3.0029923e-06  -3.1411071e-06  -3.5167179e-06  -3.3258218e-06  -2.6118259e-06  -1.9298043e-06  -1.1083299e-06  -9.4945904e-07  -6.9935788e-07  -5.6576408e-07  -5.2409041e-07  -3.0734333e-07  -2.5557910e-07  -1.7645782e-07  -1.8891016e-07  -8.6389811e-08  -8.7353961e-08  -6.5650980e-08  -1.9254720e-08  -7.9295376e-08
   0.0000000e+00  -5.7141983e-07  -2.1017522e-06  -2.9332887e-06  -3.1632001e-06  -3.3041842e-06  -3.4512784e-06  -2.8139189e-06  -1.8242952e-06  -1.3363847e-06  -8.9673637e-07  -6.6633970e-07  -6.6531879e-07  -3.9960071e-07  -3.7079994e-07  -3.0318773e-07  -2.2997726e-07  -1.4137255e-07  -1.1645955e-07  -6.1447857e-08  -1.1000866e-07  -7.4255759e-08   4.0057003e-08
   0.0000000e+00  -8.6777248e-07  -2.4241722e-06  -2.6827556e-06  -3.0967494e-06  -3.4278034e-06  -3.3451720e-06  -2.6787714e-06  -1.7205815e-06  -1.2217366e-06  -8.1000769e-07  -8.8421535e-07  -5.2221475e-07  -4.8536214e-07  -4.5937688e-07  -2.5314930e-07  -1.4606285e-07  -2.1570293e-07  -1.2933373e-07  -1.1421565e-07  -6.1093210e-08  -1.0553446e-08  -1.2129182e-07
   0.0000000e+00  -8.6933215e-07  -1.8299645e-06  -3.0582510e-06  -3.2143157e-06  -3.2860589e-06  -3.5589369e-06  -2.8323957e-06  -1.8702300e-06  -1.3486399e-06  -1.0254730e-06  -6.5698299e-07  -5.7293335e-07  -5.2772259e-07  -3.5240672e-07  -3.5704514e-07  -2.4392901e-07  -1.5716714e-07  -1.5102029e-07  -1.1336213e-07  -8.5566235e-08  -1.0751813e-07   1.7691013e-08
   0.0000000e+00  -7.0664811e-07  -2.0381283e-06  -2.9921023e-06  -3.0996855e-06  -3.3541608e-06  -3.3237714e-06  -2.5333241e-06  -1.8351368e-06  -1.1156579e-06  -9.0176695e-07  -8.0634123e-07  -6.4970402e-07  -5.4657301e-07  -3.6334671e-07  -2.2909423e-07  -3.0659751e-07  -2.0049822e-07  -1.0365709e-07  -1.4480425e-07  -9.7570364e-08  -5.0380272e-08  -9.1109612e-08
   0.0000000e+00  -8.6496112e-07  -2.2163197e-06  -2.8609154e-06  -3.2024989e-06  -3.5357457e-06  -3.4700643e-06  -2.8972820e-06  -1.9300742e-06  -1.3188322e-06  -1.0523923e-06  -6.1727678e-07  -5.5814320e-07  -4.9727487e-07  -4.3517790e-07  -3.7068190e-07  -1.7329525e-07  -1.2076670e-07  -2.2676954e-07  -8.2191207e-08  -1.0984398e-07  -6.3908679e-08   7.6529411e-10
   0.0000000e+00  -7.9366794e-07  -2.1383439e-06  -2.7733054e-06  -3.1780148e-06  -3.2922596e-06  -3.3691138e-06  -2.5750849e-06  -1.7362295e-06  -1.1642895e-06  -8.3017454e-07  -8.4633706e-07  -6.8243111e-07  -4.3667345e-07  -3.7177350e-07  -2.5668999e-07  -1.9335789e-07  -2.5779329e-07  -9.8609931e-08  -9.6079262e-08  -3.6212459e-08  -6.1675969e-08  -3.9929308e-08
   0.0000000e+00  -7.3970665e-07  -2.0707816e-06  -3.0398235e-06  -3.1989948e-06  -3.2792159e-06  -3.4385218e-06  -2.9315838e-06  -1.8145538e-06  -1.4195641e-06  -9.7027430e-07  -6.6400167e-07  -5.9312282e-07  -3.9872751e-07  -4.1560367e-07  -2.6650005e-07  -2.9157067e-07  -8.5190131e-08  -7.1389202e-08  -1.1757318e-07  -1.2769286e-07   2.0681123e-09   8.2011669e-09
   0.0000000e+00  -9.0254451e-07  -2.0757077e-06  -3.0263527e-06  -3.0446224e-06  -3.4185166e-06  -3.5669877e-06  -2.5233835e-06  -1.7722581e-06  -1.1597357e-06  -8.5384403e-07  -7.1922159e-07  -5.0860416e-07  -6.2355934e-07  -3.3578516e-07  -2.3399004e-07  -1.3841515e-07  -2.0238762e-07  -1.7821689e-07  -9.3497398e-08   6.0634493e-09  -1.4809119e-08  -1.1817200e-07
   0.0000000e+00  -8.0631480e-07  -2.1100734e-06  -2.7659542e-06  -3.1873308e-06  -3.4688901e-06  -3.2028231e-06  -2.6932012e-06  -1.9710815e-06  -1.1813573e-06  -1.0270011e-06  -7.3914532e-07  -5.4757606e-07  -3.7496864e-07  -3.6448412e-07  -3.2404668e-07  -2.4298183e-07  -1.3751261e-07  -6.5649651e-08  -1.0579884e-07  -9.9991091e-08  -8.1157786e-08   8.1742584e-08
   0.0000000e+00  -7.0195421e-07  -2.1249932e-06  -2.9349417e-06  -3.3020074e-06  -3.2828161e-06  -3.4223713e-06  -2.8843383e-06  -1.7713977e-06  -1.1805357e-06  -8.4107472e-07  -6.9903723e-07  -6.3447220e-07  -5.3957206e-07  -3.1421283e-07  -2.8198642e-07  -1.6448365e-07  -1.8573340e-07  -1.7997706e-07  -4.8633492e-08  -2.9883225e-08  -4.7029037e-08  -7.4889300e-08
   0.0000000e+00  -1.0255419e-06  -2.0820005e-06  -2.9883051e-06  -2.9925714e-06  -3.2533917e-06  -3.5105634e-06  -2.5183379e-06  -1.7007083e-06  -1.3283438e-06  -9.8081239e-07  -6.6396217e-07  -5.4519074e-07  -4.4849185e-07  -3.7420969e-07  -3.1472331e-07  -1.8136485e-07  -1.2668174e-07  -7.7837974e-08  -1.0643672e-07  -6.7481757e-08   4.9909383e-09   8.1006375e-09
   0.0000000e+00  -6.9192362e-07  -2.1718190e-06  -2.8782722e-06  -3.1744328e-06  -3.4440418e-06  -3.4358718e-06  -2.8139905e-06  -1.7831762e-06  -1.2706432e-06  -8.2377755e-07  -7.2707934e-07  -6.3649566e-07  -4.2700427e-07  -3.6829167e-07  -2.2311386e-07  -2.2001907e-07  -1.4768958e-07  -6.5329743e-08  -5.2007980e-08  -1.0600371e-08  -1.5158294e-09   6.3303077e-08
   0.0000000e+00  -7.6082722e-07  -2.1140468e-06  -2.9153855e-06  -3.1547579e-06  -3.4912032e-06  -3.2318048e-06  -2.6236235e-06  -1.9653783e-06  -1.1154759e-06  -9.1193812e-07  -7.5489316e-07  -5.6003097e-07  -4.5822424e-07  -4.2235629e-07  -2.0480111e-07  -1.9528457e-07  -1.1254573e-07  -6.9841199e-08  -7.0303244e-08   3.1124575e-08   3.0334984e-08   3.2963118e-08
   0.0000000e+00  -9.2093177e-07  -2.0046884e-06  -2.8771176e-06  -3.2436947e-06  -3.1030575e-06  -3.4145128e-06  -2.7280341e-06  -1.7204384e-06  -1.2595045e-06  -1.0009121e-06  -6.9596155e-07  -5.2430300e-07  -4.6483518e-07  -3.3254904e-07  -2.6889720e-07  -1.8383362e-07  -8.6655149e-08  -1.0382056e-07   1.3602430e-08  -2.2010228e-08   3.5987046e-08   5.1751314e-08
   0.0000000e+00  -8.8994778e-07  -2.2324054e-06  -2.9594976e-06  -3.0578133e-06  -3.5113776e-06  -3.5937235e-06  -2.8060458e-06  -1.7249229e-06  -1.2844488e-06  -8.6599550e-07  -6.0865119e-07  -6.8291030e-07  -4.7142447e-07  -3.1336086e-07  -2.2758084e-07  -1.2729397e-07  -1.2160965e-07  -3.6039943e-08  -5.2870515e-08   4.6433428e-08   8.2076355e-09   9.4897970e-08
   0.0000000e+00  -7.6837836e-07  -2.0496268e-06  -2.9872076e-06  -3.0976973e-06  -3.3576973e-06  -3.2620558e-06  -2.5521647e-06  -1.9319489e-06  -1.2322600e-06  -9.3466201e-07  -8.5090409e-07  -4.6922520e-07  -4.2412771e-07  -3.1030876e-07  -2.9120034e-07  -1.3499029e-07  -3.4581749e-08  -8.7546752e-08   4.1804697e-08  -1.8530514e-08   2.5454455e-08   9.3236721e-08
   0.0000000e+00  -6.9998111e-07  -2.1342594e-06  -2.7810158e-06  -3.3158515e-06  -3.3611454e-06  -3.3629576e-06  -2.8535064e-06  -1.8466518e-06  -1.2223138e-06  -8.1864300e-07  -7.5190360e-07  -5.1550489e-07  -4.4295598e-07  -3.5401334e-07  -1.6584784e-07  -8.7750642e-08  -1.6494774e-07  -1.5438413e-08  -2.6748820e-08  -1.9873246e-08   5.0280153e-08  -2.2532820e-08
   0.0000000e+00  -9.3987512e-07  -2.1774547e-06  -3.0129218e-06  -3.0604954e-06  -3.3806416e-06  -3.5766373e-06  -2.6746054e-06  -1.7810090e-06  -1.2658296e-06  -1.0232397e-06  -6.3831686e-07  -6.0855029e-07  -4.9593433e-07  -2.4134383e-07  -2.0675827e-07  -2.0603972e-07  -1.0458086e-07  -1.5104643e-08  -8.1972388e-08  -5.4357674e-08  -3.6790663e-08   5.0579793e-08
   0.0000000e+00  -9.7983673e-07  -2.0198440e-06  -2.9166715e-06  -3.1633497e-06  -3.2578348e-06  -3.4135771e-06  -2.7227070e-06  -1.8303357e-06  -1.3591518e-06  -9.1541068e-07  -6.5711328e-07  -5.7432356e-07  -4.2783506e-07  -3.8485487e-07  -2.6244572e-07  -1.5110189e-07  -9.6150977e-08  -1.2648695e-07  -1.1348276e-07  -3.4116230e-08   1.6416518e-09  -1.3841111e-07
   0.0000000e+00  -6.7913845e-07  -2.0987025e-06  -2.8746445e-06  -3.2446287e-06  -3.5462638e-06  -3.3567208e-06  -2.8287348e-06  -1.8596409e-06  -1.1161911e-06  -9.6125814e-07  -7.7306305e-07  -6.4872580e-07  -3.3138465e-07  -3.8440027e-07  -2.6486700e-07  -1.6327036e-07  -1.8548010e-07  -1.0317290e-07  -8.4370882e-08  -7.1852043e-08  -9.1226219e-08  -1.2220068e-08
   0.0000000e+00  -7.1846864e-07  -2.1199003e-06  -3.0132794e-06  -3.0771785e-06  -3.3260756e-06  -3.4685420e-06  -2.6253963e-06  -1.9141314e-06  -1.2500386e-06  -9.1489233e-07  -8.0706349e-07  -4.7678009e-07  -5.6176276e-07  -3.8594033e-07  -2.2028522e-07  -2.4389928e-07  -1.5993838e-07  -1.3465059e-07  -1.1964740e-07  -1.2223803e-07  -6.4868686e-08  -2.6572744e-08
   0.0000000e+00  -9.9290014e-07  -2.2561749e-06  -2.8631816e-06  -3.1658667e-06  -3.3132826e-06  -3.4538402e-06  -2.7563169e-06  -1.7769493e-06  -1.3964521e-06  -9.2952371e-07  -6.1053936e-07  -6.0270520e-07  -5.2277778e-07  -3.5301383e-07  -2.5267568e-07  -2.8141068e-07  -1.3286918e-07  -1.7694794e-07  -1.5258486e-07  -3.3612647e-08  -9.7568510e-08  -9.7977590e-08
   0.0000000e+00  -7.0154050e-07  -1.9670756e-06  -2.8880809e-06  -3.2038340e-06  -3.4441964e-06  -3.3695760e-06  -2.7939516e-06  -1.8479061e-06  -1.1263309e-06  -9.1435339e-07  -7.6867042e-07  -6.1199296e-07  -4.7639406e-07  -2.5221209e-07  -3.7369222e-07  -2.5145732e-07  -1.2758083e-07  -1.9294876e-07  -1.1139609e-07  -1.2857492e-07  -9.2697668e-08  -2.5876083e-08
   0.0000000e+00  -9.9638669e-07  -2.0451107e-06  -2.9156672e-06  -3.1372565e-06  -3.3560493e-06  -3.4395182e-06  -2.6490545e-06  -1.7815969e-06  -1.2823475e-06  -9.1597650e-07  -7.2114608e-07  -5.7116063e-07  -4.2187162e-07  -4.8037498e-07  -2.7076351e-07  -1.5171584e-07  -2.1290604e-07  -1.8670998e-07  -9.0637648e-08  -1.0906923e-07  -1.1062404e-07   3.2207597e-09
   0.0000000e+00  -5.8675846e-07  -2.2876691e-06  -2.9021426e-06  -3.1655732e-06  -3.3224057e-06  -3.4121722e-06  -2.7483125e-06  -1.8467227e-06  -1.2281722e-06  -9.6086467e-07  -6.8373339e-07  -5.1934484e-07  -4.9455497e-07  -3.9357303e-07  -3.0306771e-07  -1.9588947e-07  -2.3222820e-07  -1.2811579e-07  -7.6496832e-08  -1.5266637e-07  -4.0417419e-08  -6.8452643e-08
   0.0000000e+00  -9.0468978e-07  -1.9368538e-06  -2.9814382e-06  -3.1200586e-06  -3.4028883e-06  -3.5238766e-06  -2.6914120e-06  -1.8516936e-06  -1.2043241e-06  -8.3945827e-07  -6.9828741e-07  -7.1971402e-07  -4.3694547e-07  -3.5314852e-07  -2.6459688e-07  -2.8807619e-07  -1.7310762e-07  -1.0343714e-07  -1.6664903e-07  -4.7896048e-08  -3.9283087e-08  -4.4976279e-08
   0.0000000e+00  -8.5946590e-07  -2.0679258e-06  -2.8589056e-06  -3.2871567e-06  -3.2812004e-06  -3.2335681e-06  -2.7453755e-06  -1.7552551e-06  -1.2315115e-06  -1.0116160e-06  -7.0548640e-07  -5.2391727e-07  -5.5448163e-07  -3.8303327e-07  -3.1156443e-07  -2.1182076e-07  -1.6687629e-07  -1.3754627e-07  -1.4214942e-07  -4.2697213e-08  -2.4124680e-09  -5.8675695e-08
   0.0000000e+00  -7.3534034e-07  -2.3599732e-06  -2.8774607e-06  -2.9459081e-06  -3.5770124e-06  -3.4720858e-06  -2.6944563e-06  -1.8378662e-06  -1.2834997e-06  -8.4471628e-07  -7.9711958e-07  -5.7628478e-07  -4.1092522e-07  -4.4362432e-07  -3.1866324e-07  -2.2216921e-07  -2.0428391e-07  -1.0947156e-07  -4.7724946e-08  -7.5128270e-08  -4.7326989e-08   4.8006150e-08
   0.0000000e+00  -8.6417981e-07  -1.8493275e-06  -2.9818179e-06  -3.3049994e-06  -3.2340333e-06  -3.5158444e-06  -2.7859035e-06  -1.8166691e-06  -1.2217802e-06  -9.3026904e-07  -7.4201080e-07  -5.7514893e-07  -5.9145810e-07  -3.1197573e-07  -3.0590610e-07  -1.9703303e-07  -1.5252351e-07  -1.6155026e-07  -2.8096197e-08  -8.3707327e-08  -1.3987860e-08   7.2966010e-08
   0.0000000e+00  -7.2862781e-07  -2.1222452e-06  -2.9583532e-06  -3.1848585e-06  -3.3152464e-06  -3.3556873e-06  -2.5990291e-06  -1.8461708e-06  -1.3209847e-06  -9.4327822e-07  -6.8163121e-07  -6.5515138e-07  -4.7001694e-07  -4.0673183e-07  -2.7932302e-07  -1.5404105e-07  -1.7401491e-07  -9.6141669e-08  -9.9417647e-08   3.6294431e-08   2.5213858e-08  -5.6199287e-08
   0.0000000e+00  -9.2707091e-07  -2.1801079e-06  -2.9601383e-06  -3.1976031e-06  -3.4195152e-06  -3.4587956e-06  -2.8896081e-06  -1.7826171e-06  -1.1853699e-06  -9.6424742e-07  -7.4543237e-07  -5.5909464e-07  -4.6446510e-07  -3.3177815e-07  -2.9180225e-07  -2.9808464e-07  -2.6228939e-08  -8.7848676e-08  -4.3704024e-08  -1.6382161e-09  -3.1465095e-08   6.9493680e-08
   0.0000000e+00  -8.9148250e-07  -2.2859429e-06  -2.7559097e-06  -3.0250744e-06  -3.5505109e-06  -3.4630057e-06  -2.6056334e-06  -1.9292402e-06  -1.2501815e-06  -9.0536633e-07  -7.7991086e-07  -6.3051874e-07  -4.5824362e-07  -4.2389874e-07  -1.8204237e-07  -1.3807137e-07  -1.9643018e-07  -1.3709057e-08  -5.7851643e-08  -5.9634154e-08   6.3660281e-08   5.6040816e-09
   0.0000000e+00  -5.0340464e-07  -1.9280119e-06  -3.0692011e-06  -3.3460726e-06  -3.2377138e-06  -3.3339600e-06  -2.7890828e-06  -1.7366981e-06  -1.3477329e-06  -9.4603666e-07  -6.7314778e-07  -5.6809591e-07  -4.5835804e-07  -4.0793546e-07  -2.7328306e-07  -1.5187352e-07  -9.8834278e-08  -1.0768452e-07  -6.0343148e-09   8.0852942e-09  -4.6111115e-08   8.0947409e-08
   0.0000000e+00  -1.2421883e-06  -2.0640964e-06  -3.0283361e-06  -3.1493864e-06  -3.3907243e-06  -3.5621176e-06  -2.6802586e-06  -1.9315660e-06  -1.1540924e-06  -8.2792963e-07  -8.0246986e-07  -6.2331998e-07  -4.6786465e-07  -3.3711794e-07  -2.3291032e-07  -1.9750560e-07  -1.3321292e-07  -6.8372458e-08  -5.4310529e-08   2.3587201e-09   3.2564522e-08  -8.7469822e-08
   0.0000000e+00  -6.1429205e-07  -2.3340663e-06  -2.8692500e-06  -3.0773112e-06  -3.3352155e-06  -3.3885772e-06  -2.7966332e-06  -1.7911228e-06  -1.2889104e-06  -1.1148211e-06  -6.1448213e-07  -5.7315799e-07  -5.0869875e-07  -3.0966365e-07  -3.0768854e-07  -1.6060315e-07  -7.7176686e-08  -6.9634375e-08  -9.5770645e-08  -4.6644033e-08  -8.5212752e-09   7.2343069e-09
   0.0000000e+00  -8.4332083e-07  -2.0867840e-06  -2.8122495e-06  -3.2646901e-06  -3.6247268e-06  -3.2943451e-06  -2.6919433e-06  -1.7747114e-06  -1.1558080e-06  -8.9336851e-07  -8.0318341e-07  -4.8775587e-07  -5.7761520e-07  -3.3517424e-07  -2.1525622e-07  -1.7790178e-07  -1.2156545e-07  -1.2618551e-07   7.6027789e-09  -3.2442223e-08  -6.4874470e-08   3.2133528e-08
   0.0000000e+00  -9.0992000e-07  -1.9593035e-06  -3.0837914e-06  -3.2129517e-06  -3.1266231e-06  -3.6105964e-06  -2.7170752e-06  -1.8945063e-06  -1.3246615e-06  -7.8536294e-07  -6.9415660e-07  -6.9703054e-07  -3.0404181e-07  -3.5755681e-07  -2.6069935e-07  -1.4120485e-07  -1.6067868e-07  -7.7408879e-09  -7.6283634e-08  -3.6913633e-08   2.2618018e-08  -7.5979054e-09
   0.0000000e+00  -7.9364293e-07  -2.3225516e-06  -2.8461020e-06  -3.0668191e-06  -3.3407355e-06  -3.3204954e-06  -2.6352357e-06  -1.7796041e-06  -1.2188119e-06  -9.5324100e-07  -7.6868014e-07  -5.2618094e-07  -4.9492985e-07  -3.0154001e-07  -2.4553384e-07  -1.3379413e-07  -5.6052205e-08  -9.9962115e-08  -5.8384494e-08   1.5878109e-09   1.5456401e-08  -5.3986335e-09
   0.0000000e+00  -8.3739167e-07  -1.9701890e-06  -2.9502262e-06  -3.2583234e-06  -3.5557703e-06  -3.4676107e-06  -2.7572169e-06  -1.7871191e-06  -1.2956667e-06  -9.2775468e-07  -5.4467262e-07  -5.7120587e-07  -4.2786473e-07  -3.9932024e-07  -1.5487701e-07  -1.8753707e-07  -1.1932448e-07  -6.5992232e-08  -5.4652425e-08   9.1762580e-09  -3.8163208e-08   4.9202690e-08
   0.0000000e+00  -7.1172229e-07  -2.1284293e-06  -2.9777664e-06  -2.9963123e-06  -3.2606551e-06  -3.3003923e-06  -2.7851747e-06  -1.7871311e-06  -1.0445872e-06  -9.8117607e-07  -7.8940803e-07  -5.6253498e-07  -4.3056085e-07  -2.9515502e-07  -2.7730800e-07  -1.5042724e-07  -1.4226006e-07  -9.0553250e-08  -4.7755222e-08  -9.4825403e-08  -4.2179100e-09  -3.9371521e-08
   0.0000000e+00  -1.0478631e-06  -2.2141337e-06  -2.7818051e-06  -3.2139208e-06  -3.3602801e-06  -3.3793542e-06  -2.6701698e-06  -1.8953058e-06  -1.2993978e-06  -8.9837476e-07  -7.6873499e-07  -5.3226591e-07  -4.4734156e-07  -3.7849981e-07  -2.3062918e-07  -1.9444879e-07  -1.3347676e-07  -1.4984988e-07  -7.4310329e-08  -5.6737413e-08  -7.4394201e-08  -5.2231577e-08
   0.0000000e+00  -7.5581301e-07  -1.8973284e-06  -3.0446633e-06  -3.2603200e-06  -3.3545714e-06  -3.6242404e-06  -2.5961883e-06  -1.7256751e-06  -1.4513540e-06  -7.4755229e-07  -6.1188740e-07  -6.1848368e-07  -5.3049490e-07  -3.1318211e-07  -2.9402088e-07  -2.1237578e-07  -1.6807462e-07  -1.3256444e-07  -1.3351159e-07  -9.3651217e-08  -8.4648988e-08  -7.0471131e-08
   0.0000000e+00  -5.5476067e-07  -2.4234337e-06  -2.7693789e-06  -3.0497661e-06  -3.3600143e-06  -3.1582890e-06  -2.7661561e-06  -1.9271031e-06  -1.0170803e-06  -1.1215238e-06  -8.1464526e-07  -6.1485724e-07  -4.4086389e-07  -3.7039351e-07  -2.9167396e-07  -2.5311761e-07  -1.7611562e-07  -9.8016251e-08  -1.1641084e-07  -1.5231457e-07  -4.1916056e-08  -4.3529393e-08
   0.0000000e+00  -1.1141587e-06  -1.8342829e-06  -3.0964052e-06  -3.1290633e-06  -3.2810897e-06  -3.5465598e-06  -2.8951429e-06  -1.7490642e-06  -1.3418410e-06  -8.6651215e-07  -7.6970713e-07  -5.2214222e-07  -4.9644962e-07  -4.5934479e-07  -2.7055256e-07  -1.8405620e-07  -1.7838786e-07  -1.7941043e-07  -1.4828588e-07   6.8585417e-09  -7.2117075e-08  -8.6228809e-08
   0.0000000e+00  -9.0196249e-07  -2.1680896e-06  -2.7862384e-06  -3.1778409e-06  -3.5066028e-06  -3.4236893e-06  -2.4506596e-06  -1.8773796e-06  -1.2341841e-06  -9.9960039e-07  -6.8128981e-07  -6.8732510e-07  -4.6190178e-07  -3.7947800e-07  -3.1669398e-07  -2.3441855e-07  -1.7011664e-07  -1.4274684e-07  -3.2438223e-08  -9.4730822e-08  -5.4909069e-08   2.2109010e-08
   0.0000000e+00  -6.6063097e-07  -2.1646115e-06  -2.9429730e-06  -3.1586474e-06  -3.2771932e-06  -3.4228158e-06  -2.7941244e-06  -1.8419872e-06  -1.3632430e-06  -8.8470608e-07  -7.2554525e-07  -6.3536896e-07  -5.4473134e-07  -3.7423621e-07  -2.8847151e-07  -1.7352865e-07  -1.6738470e-07  -7.1112161e-08  -1.1787520e-07  -9.5140607e-08   1.3570247e-08  -5.3031100e-09
   0.0000000e+00  -7.6404802e-07  -2.1722487e-06  -2.9689943e-06  -3.1621644e-06  -3.2344028e-06  -3.3673161e-06  -2.8382324e-06  -1.8667810e-06  -1.1518706e-06  -9.5673886e-07  -8.6280130e-07  -5.5882072e-07  -4.8390632e-07  -3.6732251e-07  -2.1192243e-07  -2.4488122e-07  -1.4317719e-07  -1.4638964e-07  -6.1292880e-08   2.9276007e-08  -5.0903498e-08  -5.4716452e-08
   0.0000000e+00  -1.0445568e-06  -2.0538000e-06  -2.8087591e-06  -3.1502550e-06  -3.7045534e-06  -3.2272067e-06  -2.7121123e-06  -1.8009810e-06  -1.2138191e-06  -1.1080000e-06  -7.1033435e-07  -5.2123710e-07  -5.0126175e-07  -3.6910916e-07  -3.3728304e-07  -1.8160061e-07  -9.9454894e-08  -2.9362310e-08  -7.7267735e-08  -8.9620762e-08  -1.8398676e-08   7.6149291e-08
   0.0000000e+00  -7.3090439e-07  -2.0579055e-06  -2.9332643e-06  -3.0826134e-06  -3.0836511e-06  -3.7878281e-06  -2.6540461e-06  -1.8083898e-06  -1.4352648e-06  -7.4395848e-07  -6.5492577e-07  -7.4016373e-07  -5.0559851e-07  -3.1013701e-07  -1.8675969e-07  -1.3593717e-07  -1.6025247e-07  -1.4267648e-07  -2.4925908e-08  -2.0001679e-08   2.7505575e-08  -5.1615867e-08
   0.0000000e+00  -9.3679688e-07  -2.1238498e-06  -3.0684059e-06  -3.1157301e-06  -3.4183054e-06  -3.1891459e-06  -2.7561705e-06  -1.9209242e-06  -1.2010364e-06  -9.9426620e-07  -8.5171240e-07  -4.8625009e-07  -3.4452859e-07  -3.9245677e-07  -3.2939315e-07  -1.7657885e-07  -8.6662787e-08  -5.5330190e-08  -1.0117837e-07   8.4307459e-09  -4.9110476e-08   6.1046585e-08
   0.0000000e+00  -5.6828350e-07  -2.2548847e-06  -2.6924038e-06  -3.4322181e-06  -3.2914586e-06  -3.5183468e-06  -2.7129379e-06  -1.7876342e-06  -1.1730752e-06  -1.0363758e-06  -6.0018561e-07  -6.4237668e-07  -4.9886910e-07  -3.6160313e-07  -1.5305153e-07  -1.4864946e-07  -1.7769429e-07  -9.1666237e-08   4.0810100e-10  -5.2829918e-08  -1.2943127e-10  -1.8850177e-08
   0.0000000e+00  -1.2068915e-06  -1.8343515e-06  -2.8974755e-06  -2.8496192e-06  -3.5520516e-06  -3.3193169e-06  -2.8045827e-06  -1.8961948e-06  -1.3677427e-06  -7.8867271e-07  -8.1173050e-07  -4.9048231e-07  -4.8692107e-07  -3.1625135e-07  -1.9158551e-07  -2.0584410e-07  -9.1967664e-08  -1.0274862e-08  -1.4492826e-07  -4.0131866e-08   3.1728877e-08  -4.8135300e-09
   0.0000000e+00  -4.8518399e-07  -2.3399064e-06  -3.0822187e-06  -3.1575576e-06  -3.2267415e-06  -3.4818950e-06  -2.6887710e-06  -1.7761342e-06  -1.1994305e-06  -1.0728497e-06  -6.9882009e-07  -6.1499640e-07  -4.0973899e-07  -2.3936903e-07  -3.2093251e-07  -1.4143849e-07  -3.4371872e-08  -1.7483411e-07   3.1682490e-08   1.0265011e-09  -5.3930609e-08   5.7770890e-08
   0.0000000e+00  -1.0003696e-06  -1.9728823e-06  -2.8820064e-06  -3.2288694e-06  -3.3449217e-06  -3.4891445e-06  -2.7848189e-06  -1.8053732e-06  -1.3582661e-06  -7.9724282e-07  -7.4915033e-07  -5.1873883e-07  -4.0010815e-07  -3.9976624e-07  -1.6637472e-07  -6.1530145e-08  -1.9677955e-07  -2.4689237e-09  -7.1718127e-08   1.6924112e-08   3.1068925e-08   1.1798244e-08
   0.0000000e+00  -8.0930806e-07  -2.0760274e-06  -2.5973220e-06  -3.2431924e-06  -3.4035015e-06  -3.2893747e-06  -2.6484872e-06  -1.9736435e-06  -1.1637936e-06  -1.0402493e-06  -6.5994232e-07  -5.5881713e-07  -4.9650987e-07  -2.4009589e-07  -2.0381707e-07  -1.9530168e-07  -4.0120657e-08  -7.8422573e-08   4.1366530e-08  -8.7747708e-08   4.9335160e-08   1.2455837e-07
   0.0000000e+00  -7.9281062e-07  -2.0861619e-06  -3.2740093e-06  -2.8965117e-06  -3.4313896e-06  -3.4517664e-06  -2.8532427e-06  -1.7466529e-06  -1.2810090e-06  -8.8365454e-07  -6.9254122e-07  -5.7935705e-07  -3.7454447e-07  -3.3136732e-07  -1.8403885e-07  -1.7012839e-07  -1.1274881e-07  -9.0807371e-09  -9.3972716e-08   5.5844414e-08   2.3530212e-08  -2.7508117e-08
   0.0000000e+00  -7.3624415e-07  -2.2092809e-06  -2.7329847e-06  -3.3076988e-06  -3.2081700e-06  -3.6512647e-06  -2.5690176e-06  -1.9240326e-06  -1.2437804e-06  -9.4602478e-07  -7.2299787e-07  -5.1991356e-07  -3.6516275e-07  -3.4949821e-07  -2.4171706e-07  -1.5709438e-07  -5.8036257e-08  -9.4615494e-08  -8.3824609e-08   9.5437072e-09  -1.2292959e-08  -2.6346038e-08
   0.0000000e+00  -9.0753781e-07  -1.9459540e-06  -2.8860056e-06  -3.0286981e-06  -3.4862571e-06  -3.1047348e-06  -2.8694765e-06  -1.6802743e-06  -1.2703038e-06  -8.7941476e-07  -6.7685085e-07  -5.7707490e-07  -5.3167673e-07  -2.6994925e-07  -2.2690138e-07  -1.4304656e-07  -1.5621600e-07  -1.4634296e-07   3.1534611e-08  -9.9434494e-08  -7.6041964e-08   4.9207770e-08
   0.0000000e+00  -8.0296496e-07  -2.2837114e-06  -2.7488093e-06  -3.4439231e-06  -3.3342865e-06  -3.6733129e-06  -2.6704897e-06  -2.0568052e-06  -1.2801465e-06  -9.0822533e-07  -7.4273754e-07  -5.1764863e-07  -3.0541395e-07  -4.7360385e-07  -2.3694315e-07  -2.1055477e-07  -1.3741288e-07  -5.3069314e-08  -1.4850689e-07  -6.8684926e-08  -1.4183131e-09  -6.8109514e-08
   0.0000000e+00  -8.1995631e-07  -1.7705395e-06  -3.2761575e-06  -2.8080522e-06  -3.4490724e-06  -3.2155847e-06  -2.7966310e-06  -1.6776308e-06  -1.1452671e-06  -9.9303281e-07  -6.5932682e-07  -6.0123068e-07  -6.7289704e-07  -1.5772825e-07  -3.5050400e-07  -1.5701096e-07  -1.5478979e-07  -2.0515645e-07  -4.9677965e-08  -3.2266488e-08  -1.2451491e-07   2.1696632e-08
   0.0000000e+00  -6.4537016e-07  -2.3429370e-06  -2.6742107e-06  -3.2038795e-06  -3.2644068e-06  -3.6779959e-06  -2.6906100e-06  -1.9695785e-06  -1.3797115e-06  -8.6659793e-07  -8.1630583e-07  -5.6443093e-07  -3.1986085e-07  -4.8178919e-07  -2.6375261e-07  -2.9468140e-07  -1.7613900e-07  -3.3835295e-08  -1.6859985e-07  -1.5107213e-07   5.2575682e-08  -1.1577050e-07
   0.0000000e+00  -1.1156973e-06  -2.0350731e-06  -2.9130019e-06  -3.4254304e-06  -3.4599107e-06  -3.3450367e-06  -2.8037107e-06  -1.6759071e-06  -1.2183260e-06  -9.3753488e-07  -6.3371755e-07  -6.3372858e-07  -6.0888914e-07  -3.7070296e-07  -2.6892539e-07  -1.3840031e-07  -2.5486978e-07  -2.2694775e-07  -4.0875463e-08  -4.5659188e-08  -1.6144089e-07   1.7958602e-08
   0.0000000e+00  -4.9946578e-07  -2.1808166e-06  -2.8535271e-06  -3.0040380e-06  -3.3774097e-06  -3.3891772e-06  -2.6798416e-06  -2.0721784e-06  -1.2944969e-06  -1.0508155e-06  -8.0382694e-07  -5.6025704e-07  -3.6628836e-07  -4.3286624e-07  -3.6465775e-07  -2.9215940e-07  -1.2886296e-07  -4.9734183e-08  -2.1052028e-07  -1.1835505e-07   4.0760534e-10  -8.3592134e-08
   0.0000000e+00  -9.2995447e-07  -1.8602464e-06  -3.0987248e-06  -3.0799840e-06  -3.3477086e-06  -3.5067158e-06  -2.9090788e-06  -1.6444568e-06  -1.2517797e-06  -7.8134775e-07  -7.2350008e-07  -7.2613557e-07  -5.7669689e-07  -3.6875034e-07  -2.5085856e-07  -1.6364487e-07  -2.4321469e-07  -2.2078441e-07  -5.7720403e-08  -8.4854905e-09  -8.0324732e-08  -1.0299050e-07
   0.0000000e+00  -8.6089227e-07  -2.2822310e-06  -2.8325019e-06  -3.3118224e-06  -3.4497314e-06  -3.5187868e-06  -2.5617398e-06  -2.1083865e-06  -1.2571502e-06  -1.1907631e-06  -7.6534525e-07  -4.9342759e-07  -4.6134397e-07  -4.0994172e-07  -3.0718545e-07  -3.5990024e-07  -4.1148553e-08  -9.3776187e-08  -1.3689184e-07  -8.7372577e-08  -6.8103851e-08   6.1170063e-08
   0.0000000e+00  -7.7475585e-07  -1.9963734e-06  -2.8701593e-06  -3.0493973e-06  -3.4088905e-06  -3.3140873e-06  -2.8765803e-06  -1.6728686e-06  -1.3348485e-06  -7.0720318e-07  -7.9730773e-07  -6.6552269e-07  -5.5149837e-07  -3.5778794e-07  -2.7539795e-07  -1.0485461e-07  -2.6778150e-07  -1.2653068e-07  -4.3108059e-08  -4.9516483e-08  -2.8914998e-08  -6.1771530e-08
   0.0000000e+00  -6.3073981e-07  -2.2025861e-06  -2.8310071e-06  -3.3272083e-06  -3.3279855e-06  -3.5917910e-06  -2.7996161e-06  -1.9706163e-06  -1.2983887e-06  -1.1398496e-06  -6.9596393e-07  -5.6072770e-07  -4.3661640e-07  -4.1894705e-07  -2.8172178e-07  -2.5972381e-07  -5.5648702e-08  -1.4285114e-07  -4.9677407e-08  -4.1821561e-08  -4.9650453e-08   6.6689836e-08
   0.0000000e+00  -9.1494150e-07  -1.9761608e-06  -3.2279449e-06  -2.9415021e-06  -3.5109517e-06  -3.3774520e-06  -2.5916995e-06  -1.7168072e-06  -1.2678553e-06  -8.4855304e-07  -7.7968963e-07  -6.4507975e-07  -5.2594555e-07  -3.0032916e-07  -2.8484868e-07  -1.4612537e-07  -1.6850021e-07  -7.0859222e-08  -5.1054602e-08  -3.2427483e-08   1.3600373e-08  -4.7577856e-08
   0.0000000e+00  -8.5235996e-07  -2.1352521e-06  -2.5611446e-06  -3.4949251e-06  -3.2494654e-06  -3.4852121e-06  -3.0219653e-06  -2.0884286e-06  -1.2384348e-06  -1.0718146e-06  -6.8040288e-07  -5.7443111e-07  -4.6040921e-07  -4.3111703e-07  -2.4254865e-07  -2.0794712e-07  -1.3453428e-07  -6.4121018e-08  -4.7510756e-08  -6.1853740e-08  -2.4978501e-08   3.8120540e-08
   0.0000000e+00  -8.3587389e-07  -2.1561682e-06  -3.1096943e-06  -2.9552132e-06  -3.4722957e-06  -3.4655993e-06  -2.5821500e-06  -1.7320804e-06  -1.2687118e-06  -8.4507496e-07  -8.5430491e-07  -6.0868484e-07  -4.9837041e-07  -3.1920774e-07  -3.1458046e-07  -1.7160230e-07  -1.1904416e-07  -1.1422779e-07  -9.1564502e-08  -3.2227515e-08  -2.9998137e-08  -3.2929655e-08
   0.0000000e+00  -5.2998308e-07  -2.1226076e-06  -2.9645025e-06  -3.3170468e-06  -3.4584011e-06  -3.5102182e-06  -2.7531232e-06  -1.8952858e-06  -1.3791167e-06  -1.0628257e-06  -6.6759611e-07  -6.7014304e-07  -3.8162736e-07  -4.5268419e-07  -2.3544874e-07  -2.2497655e-07  -1.1887464e-07  -1.1748076e-07  -7.8559978e-08  -7.4114013e-08  -2.6070325e-08  -2.4800567e-08
   0.0000000e+00  -1.1866356e-06  -2.0123568e-06  -2.9036123e-06  -3.0186284e-06  -3.4779696e-06  -3.3799915e-06  -2.8906520e-06  -1.8417812e-06  -1.3810806e-06  -7.4703928e-07  -7.9501825e-07  -5.5910090e-07  -6.3508099e-07  -3.1324163e-07  -2.7033278e-07  -1.3995208e-07  -2.2478049e-07  -1.3012479e-07  -5.4312149e-08  -4.6223612e-08  -5.4358164e-08  -4.4440924e-08
   0.0000000e+00  -5.9006027e-07  -2.2278489e-06  -3.0279657e-06  -3.4201414e-06  -3.2448636e-06  -3.5861756e-06  -2.7012145e-06  -1.9477882e-06  -1.0673775e-06  -1.2169980e-06  -7.7871317e-07  -5.7798218e-07  -3.5483941e-07  -3.9582832e-07  -2.8074959e-07  -2.9641089e-07  -6.0686794e-08  -1.0752451e-07  -9.2016563e-08  -1.0476620e-07  -7.2609886e-08   5.1816592e-08
   0.0000000e+00  -1.0924983e-06  -2.1937419e-06  -2.8405443e-06  -3.1567120e-06  -3.6192655e-06  -3.3364593e-06  -2.8702973e-06  -1.8370132e-06  -1.3187730e-06  -8.5215277e-07  -7.0513096e-07  -5.9217064e-07  -5.6471384e-07  -3.6844165e-07  -2.6641692e-07  -1.2093474e-07  -2.1284109e-07  -1.2629161e-07  -6.7593774e-08  -5.9300699e-08  -5.2250946e-09  -7.8730345e-08
   0.0000000e+00  -5.1438440e-07  -2.0537664e-06  -3.0159788e-06  -3.2421954e-06  -3.1746363e-06  -3.6891386e-06  -2.5906108e-06  -1.8964721e-06  -1.3650507e-06  -9.7922418e-07  -6.8048882e-07  -5.8896910e-07  -4.7079067e-07  -3.2865626e-07  -2.7753765e-07  -2.4154545e-07  -8.0992841e-08  -1.0530445e-07  -5.6311968e-08  -5.9209157e-08  -4.6451181e-08   3.6791459e-08
   0.0000000e+00  -1.2215820e-06  -2.1668127e-06  -3.0744652e-06  -3.0851127e-06  -3.8010328e-06  -3.2687885e-06  -2.9247763e-06  -1.8092589e-06  -1.2321809e-06  -8.3708932e-07  -8.0053752e-07  -5.7633690e-07  -4.2052397e-07  -3.7996770e-07  -2.2357086e-07  -1.4559735e-07  -1.6941708e-07  -4.2133781e-08  -5.8656521e-08  -3.8275743e-08  -3.8197907e-09  -1.7148082e-08
   0.0000000e+00  -6.2043307e-07  -2.2917773e-06  -2.9141304e-06  -3.3720933e-06  -3.1371962e-06  -3.5532023e-06  -2.7576743e-06  -1.8620501e-06  -1.2793475e-06  -9.8481166e-07  -6.4938189e-07  -5.8406039e-07  -4.6563264e-07  -3.3863785e-07  -2.4801278e-07  -1.2614365e-07  -8.9541466e-08  -1.1488464e-07  -5.0047486e-08  -3.2800692e-08  -9.4284349e-09  -3.0155949e-08
   0.0000000e+00  -1.0090235e-06  -2.0399259e-06  -2.9936471e-06  -3.0794656e-06  -3.5633016e-06  -3.5078315e-06  -2.6098367e-06  -1.8810607e-06  -1.2243942e-06  -8.8783378e-07  -8.3187194e-07  -4.8918582e-07  -4.4422305e-07  -2.6168837e-07  -2.6037821e-07  -2.2155785e-07  -7.7127126e-08  -1.3989625e-08  -7.2604593e-08  -7.4094082e-08   1.3744161e-09   1.2607311e-08
   0.0000000e+00  -8.8523825e-07  -2.2436864e-06  -2.9445853e-06  -3.4916850e-06  -3.3126487e-06  -3.5319276e-06  -2.9824118e-06  -1.9290744e-06  -1.1667649e-06  -1.0527494e-06  -4.7027123e-07  -6.7465999e-07  -4.2672144e-07  -3.5268090e-07  -2.2139507e-07  -8.1220527e-08  -1.2814931e-07  -1.2862782e-07  -4.6364526e-08   2.1769960e-08  -1.3960578e-08  -7.8577100e-09
   0.0000000e+00  -9.2953240e-07  -2.1103149e-06  -3.1105503e-06  -2.9805067e-06  -3.5714238e-06  -3.3123345e-06  -2.6223875e-06  -1.6938817e-06  -1.4328734e-06  -8.1421240e-07  -8.7747480e-07  -4.6611959e-07  -4.6678650e-07  -3.4153021e-07  -2.0126024e-07  -1.7773066e-07  -1.3139709e-07  -5.8165064e-08  -3.5322746e-08  -3.5272873e-08  -8.0722025e-09   6.0462789e-08
   0.0000000e+00  -7.4260890e-07  -2.3412945e-06  -2.7632093e-06  -3.4122772e-06  -3.4123061e-06  -3.5974772e-06  -2.8404604e-06  -1.9564620e-06  -1.1808310e-06  -9.4163562e-07  -6.6539963e-07  -6.0430222e-07  -4.2323904e-07  -3.2585322e-07  -2.5856465e-07  -1.6805384e-07  -1.1619264e-07  -1.0894965e-07  -2.4272516e-08  -5.2984468e-08  -8.4424698e-09   2.4236826e-08
   0.0000000e+00  -1.0566655e-06  -2.1024466e-06  -3.2756709e-06  -3.0791971e-06  -3.3835161e-06  -3.4368397e-06  -2.7770088e-06  -1.8110507e-06  -1.3085129e-06  -8.9146886e-07  -7.7618864e-07  -5.9080838e-07  -4.1283158e-07  -3.7655042e-07  -2.3388172e-07  -2.0562618e-07  -1.0142424e-07  -7.4970700e-08  -1.2996867e-07  -2.0662918e-08  -1.3761996e-08  -2.4092628e-08
   0.0000000e+00  -8.5694359e-07  -2.2170225e-06  -2.8181157e-06  -3.2790870e-06  -3.4032173e-06  -3.5497972e-06  -2.6382263e-06  -1.9899965e-06  -1.1944484e-06  -1.0170364e-06  -7.0976512e-07  -5.1050796e-07  -5.5644483e-07  -3.0250902e-07  -2.9801473e-07  -1.9659177e-07  -1.0019915e-07  -1.2945560e-07  -4.5928598e-08  -4.2011855e-08  -2.3418858e-08  -3.4215827e-08
   0.0000000e+00  -9.7796976e-07  -1.9614133e-06  -3.0636140e-06  -3.2271541e-06  -3.5420414e-06  -3.3773081e-06  -2.8968773e-06  -1.6871704e-06  -1.2901571e-06  -9.3466315e-07  -6.6374048e-07  -6.9702241e-07  -4.2943816e-07  -3.6200061e-07  -2.0449042e-07  -1.3865890e-07  -2.0021959e-07  -7.8483055e-08  -2.8716725e-08  -4.9753432e-08  -4.4143228e-08   1.5237195e-08
   0.0000000e+00  -7.2791909e-07  -2.4954434e-06  -2.8644745e-06  -3.2803850e-06  -3.2982241e-06  -3.4160701e-06  -2.6733917e-06  -1.9837134e-06  -1.3281134e-06  -9.2529586e-07  -7.9683701e-07  -5.0777999e-07  -4.1042509e-07  -4.2803882e-07  -2.9405643e-07  -1.6110201e-07  -9.2652691e-08  -6.9005473e-08  -5.3745460e-08  -5.5398804e-08   6.0404219e-09   7.5879880e-09
   0.0000000e+00  -1.0600680e-06  -2.0561845e-06  -3.0872407e-06  -3.0746487e-06  -3.4310090e-06  -3.5269786e-06  -2.9092769e-06  -1.6463972e-06  -1.2306132e-06  -8.7970335e-07  -7.0163486e-07  -5.9358081e-07  -5.3374060e-07  -2.5573297e-07  -2.4566268e-07  -1.2008618e-07  -1.6318761e-07  -7.3142850e-08  -4.5027310e-08  -3.6014245e-09  -1.2146898e-08   3.1399090e-08
   0.0000000e+00  -7.9074215e-07  -2.1287512e-06  -2.8679776e-06  -3.2417340e-06  -3.3849090e-06  -3.5185312e-06  -2.5000115e-06  -1.9849281e-06  -1.2679969e-06  -9.7341217e-07  -7.0621337e-07  -5.6321829e-07  -4.0672805e-07  -3.7876165e-07  -1.8762482e-07  -2.5943581e-07  -8.1283503e-08   3.0865539e-08  -9.9821136e-08  -6.6698874e-08   8.6809720e-08  -3.1542438e-08
   0.0000000e+00  -9.6665042e-07  -2.0447437e-06  -3.0283734e-06  -3.2101109e-06  -3.4283196e-06  -3.2185180e-06  -2.8409734e-06  -1.8197253e-06  -1.1460164e-06  -8.7200448e-07  -7.3132679e-07  -5.5028204e-07  -5.4176849e-07  -2.8431347e-07  -2.5861172e-07  -1.0433498e-07  -8.4361531e-08  -1.6681132e-07  -2.4345558e-08   9.3763255e-08  -4.6605209e-08   1.1066033e-08
   0.0000000e+00  -8.1115508e-07  -2.3463556e-06  -2.9345790e-06  -3.1367933e-06  -3.3280439e-06  -3.5842950e-06  -2.6672183e-06  -1.8380724e-06  -1.3229090e-06  -9.5227870e-07  -6.8748261e-07  -5.7150606e-07  -3.0358160e-07  -3.7168047e-07  -2.7232812e-07  -1.2800244e-07  -1.0922874e-07  -3.1586477e-08  -4.5843780e-08  -4.9123479e-08   1.3083660e-08   3.3181156e-08
   0.0000000e+00  -8.5081649e-07  -1.9894310e-06  -2.8871546e-06  -3.0935710e-06  -3.3999277e-06  -3.3527922e-06  -2.7552480e-06  -1.6778868e-06  -1.1996744e-06  -8.7633271e-07  -6.9933003e-07  -6.0066668e-07  -5.2294132e-07  -3.2484559e-07  -1.8362051e-07  -1.9864483e-07  -1.1238705e-07  -1.0060483e-07  -2.1552702e-09  -2.9339853e-08  -1.7336639e-08  -6.4127805e-09
   0.0000000e+00  -8.4563766e-07  -2.2472025e-06  -2.8498057e-06  -3.2782120e-06  -3.3086803e-06  -3.4274512e-06  -2.6641562e-06  -1.8835958e-06  -1.2962209e-06  -9.1330259e-07  -6.6915970e-07  -5.4651190e-07  -3.9976331e-07  -3.6358719e-07  -1.9440976e-07  -1.7713101e-07  -1.3275137e-07  -7.7076514e-08  -9.9041266e-08  -5.6593610e-08  -2.7464278e-08  -1.9999426e-08
