   0.0000000e+00  -6.2938926e-07  -1.5077968e-06  -2.3486164e-06  -2.4471437e-06  -2.6672365e-06  -2.6563403e-06  -2.1986848e-06  -1.4957957e-06  -9.0281623e-07  -7.5414636e-07  -6.4092472e-07  -4.1487704e-07  -4.0955899e-07  -2.3202601e-07  -2.7235211e-07  -1.6898011e-07  -8.2481847e-08  -8.3128668e-08  -7.1742051e-08  -4.0051901e-08  -6.0601955e-08  -5.0774844e-08
   0.0000000e+00  -6.4791573e-07  -1.5536154e-06  -2.0967866e-06  -2.3817875e-06  -2.6690723e-06  -2.7922574e-06  -2.1191345e-06  -1.4978673e-06  -9.9844158e-07  -7.2560852e-07  -5.2313362e-07  -4.9627965e-07  -3.7400886e-07  -3.3654479e-07  -1.2058996e-07  -1.7893464e-07  -1.0886385e-07  -1.2884099e-07  -6.2067194e-08  -5.7385552e-08  -6.2744036e-08  -5.2213188e-08
   0.0000000e+00  -6.2276155e-07  -1.5579809e-06  -2.3773562e-06  -2.4609003e-06  -2.6595267e-06  -2.7175897e-06  -2.1856313e-06  -1.3305836e-06  -1.1066617e-06  -7.9748531e-07  -5.9672863e-07  -4.7464314e-07  -3.2689243e-07  -2.6241972e-07  -3.0189949e-07  -9.9315464e-08  -1.1704593e-07  -8.4654758e-08  -6.7454891e-08  -9.7691029e-08  -3.5591203e-08  -1.0185335e-09
   0.0000000e+00  -5.1109669e-07  -1.6810610e-06  -2.0732534e-06  -2.4773290e-06  -2.6220816e-06  -2.6677922e-06  -2.2394661e-06  -1.5372565e-06  -9.2622838e-07  -6.5134509e-07  -5.9717183e-07  -4.9973278e-07  -4.0785440e-07  -3.1542814e-07  -1.6352577e-07  -1.5177501e-07  -1.4353064e-07  -1.0582731e-07  -2.9396395e-08  -3.0971176e-08  -4.6912344e-08  -6.7750122e-08
   0.0000000e+00  -5.4159017e-07  -1.4332189e-06  -2.2449649e-06  -2.4307490e-06  -2.6465484e-06  -2.7453107e-06  -2.1874448e-06  -1.5128832e-06  -1.0660083e-06  -8.4279810e-07  -5.8287247e-07  -4.0828340e-07  -3.3815405e-07  -2.6017594e-07  -2.4453092e-07  -1.3100255e-07  -9.5312060e-08  -3.1149760e-08  -1.1248413e-07  -6.5655470e-08   2.8610074e-09   3.0018089e-08
   0.0000000e+00  -7.0037510e-07  -1.6445034e-06  -2.2588965e-06  -2.5090017e-06  -2.7534925e-06  -2.7360043e-06  -2.0320842e-06  -1.4117893e-06  -9.1957986e-07  -7.2391566e-07  -5.8564149e-07  -5.2313271e-07  -4.7527843e-07  -2.2975185e-07  -1.6145695e-07  -1.6886958e-07  -1.0325182e-07  -9.4766278e-08  -1.3002402e-08  -1.8754815e-09  -1.9656595e-08  -7.1573766e-08
   0.0000000e+00  -6.1956558e-07  -1.4775273e-06  -2.2092036e-06  -2.3951925e-06  -2.5671714e-06  -2.8131678e-06  -2.3639689e-06  -1.5645606e-06  -1.1676667e-06  -7.2901531e-07  -5.7704386e-07  -3.8266151e-07  -3.1194563e-07  -2.8891816e-07  -2.5720794e-07  -8.4635651e-08  -1.1163049e-07  -1.4281142e-08  -7.6845105e-08  -4.4441325e-08   3.5829644e-09   5.3626081e-08
   0.0000000e+00  -4.6145476e-07  -1.6010920e-06  -2.1848114e-06  -2.4627930e-06  -2.6721962e-06  -2.5955269e-06  -2.1200015e-06  -1.3676699e-06  -8.7155735e-07  -7.8607792e-07  -6.1734829e-07  -5.5325614e-07  -3.3249032e-07  -2.9131158e-07  -1.4717806e-07  -1.2611262e-07  -1.1426015e-07  -8.2149981e-08  -2.2306967e-08  -1.8462811e-09  -2.5977918e-08   1.1851486e-08
   0.0000000e+00  -6.3195785e-07  -1.6494005e-06  -2.3246414e-06  -2.4697854e-06  -2.8516570e-06  -2.8231148e-06  -2.2534534e-06  -1.5947314e-06  -1.1215576e-06  -7.3439799e-07  -5.6540375e-07  -3.6914477e-07  -4.0844608e-07  -3.0314152e-07  -1.9304105e-07  -1.3351092e-07  -8.1358621e-08  -9.8708433e-08  -2.8990673e-08  -3.7196294e-08  -1.5973266e-09  -6.7774678e-08
   0.0000000e+00  -5.6669711e-07  -1.4976172e-06  -2.1884973e-06  -2.4951451e-06  -2.4660910e-06  -2.7618055e-06  -2.0877746e-06  -1.4203265e-06  -9.9556962e-07  -7.7173030e-07  -5.3197823e-07  -5.8613841e-07  -3.1575763e-07  -2.2608030e-07  -1.8752638e-07  -1.8883958e-07  -1.0118249e-07  -3.1784317e-08  -1.1872512e-07  -6.3284602e-08  -5.2543619e-08   1.5219555e-08
   0.0000000e+00  -7.4259259e-07  -1.5910981e-06  -2.1918509e-06  -2.5208533e-06  -2.8046622e-06  -2.7289657e-06  -2.2879162e-06  -1.5890192e-06  -9.1491165e-07  -7.4826261e-07  -6.8140116e-07  -3.7259042e-07  -4.1175520e-07  -3.0715071e-07  -1.8354861e-07  -1.6922546e-07  -9.4109680e-08  -1.1706091e-07  -6.4690589e-08  -2.5933305e-08  -6.6268960e-08  -3.8984375e-08
   0.0000000e+00  -4.9204345e-07  -1.6235088e-06  -2.3134871e-06  -2.5135123e-06  -2.5960373e-06  -2.7817773e-06  -2.2587683e-06  -1.3597909e-06  -1.1617919e-06  -7.6069745e-07  -5.2514935e-07  -4.4598187e-07  -3.6043170e-07  -2.8185752e-07  -2.1336346e-07  -1.1743753e-07  -1.0096019e-07  -1.2337601e-07  -4.0298890e-08  -6.6534191e-08  -7.7964453e-09  -1.6317276e-08
   0.0000000e+00  -6.4196672e-07  -1.6198043e-06  -2.2943789e-06  -2.3621142e-06  -2.7797698e-06  -2.6592440e-06  -2.0748823e-06  -1.4461191e-06  -9.4315197e-07  -7.0280021e-07  -5.8378566e-07  -5.5158807e-07  -3.4685991e-07  -2.4274044e-07  -2.0616800e-07  -1.5692693e-07  -1.3839016e-07  -1.4671929e-08  -5.7636111e-08  -1.8890166e-08  -2.5961983e-08   4.2253610e-08
   0.0000000e+00  -5.7929356e-07  -1.5008249e-06  -2.3186476e-06  -2.5158881e-06  -2.7271396e-06  -2.9340572e-06  -2.2938893e-06  -1.6228962e-06  -1.0682605e-06  -7.6233397e-07  -5.2904113e-07  -3.7745230e-07  -3.6746945e-07  -2.9177471e-07  -2.2774719e-07  -8.6900876e-08  -6.6103546e-08  -1.0704144e-07  -4.1752031e-08  -3.1548534e-08   1.0229528e-08  -9.4912487e-09
   0.0000000e+00  -8.3703804e-07  -1.7127675e-06  -2.1087208e-06  -2.5506129e-06  -2.6205557e-06  -2.5599002e-06  -2.0247323e-06  -1.3339733e-06  -8.3123132e-07  -7.5528476e-07  -6.1215428e-07  -4.5960940e-07  -3.4885707e-07  -2.5800529e-07  -1.2802811e-07  -1.4937919e-07  -1.4441240e-07  -3.8762167e-08  -5.2173537e-08  -1.5730025e-08  -1.9201163e-08  -2.0645022e-08
   0.0000000e+00  -4.4192129e-07  -1.6737514e-06  -2.2881773e-06  -2.5291592e-06  -2.6717939e-06  -2.8020149e-06  -2.3637199e-06  -1.6530158e-06  -1.0384470e-06  -7.1371392e-07  -5.1012842e-07  -4.2802665e-07  -3.7004989e-07  -2.1381683e-07  -2.4791942e-07  -1.7336717e-07  -4.4759304e-08  -4.9079425e-08  -6.7461947e-08  -1.0220777e-07  -3.0550185e-09   2.4415337e-08
   0.0000000e+00  -6.8484667e-07  -1.4783481e-06  -2.3544758e-06  -2.4027074e-06  -2.7565084e-06  -2.7266553e-06  -2.0518910e-06  -1.2058186e-06  -1.0474547e-06  -6.3102522e-07  -5.8437695e-07  -4.8125048e-07  -2.9954211e-07  -3.0025558e-07  -1.3187665e-07  -9.4793137e-08  -1.3213959e-07  -1.4515396e-07  -8.4749779e-08   6.5369242e-08  -7.4846774e-08  -5.5566922e-08
   0.0000000e+00  -6.6644026e-07  -1.6346997e-06  -2.2325173e-06  -2.5131505e-06  -2.5873558e-06  -2.7249230e-06  -2.2066249e-06  -1.5423022e-06  -1.0079277e-06  -8.2469029e-07  -5.1911229e-07  -3.3460680e-07  -3.5408783e-07  -2.9434474e-07  -2.2941030e-07  -1.7193526e-07  -5.1616180e-08  -1.0263509e-07  -2.9071376e-08  -1.2992760e-07  -3.4502605e-08   2.1931724e-08
   0.0000000e+00  -6.4979264e-07  -1.6154902e-06  -2.2560575e-06  -2.4219787e-06  -2.6636164e-06  -2.7642513e-06  -2.1800879e-06  -1.4411197e-06  -7.9840510e-07  -6.2970935e-07  -5.5752849e-07  -5.7534214e-07  -3.7929976e-07  -2.2791187e-07  -1.4239150e-07  -1.3028308e-07  -2.0289332e-07  -8.3905910e-08  -6.4655239e-08  -4.3713207e-08  -6.8631216e-08  -3.7602884e-08
   0.0000000e+00  -5.5522992e-07  -1.7391202e-06  -2.0981338e-06  -2.5461636e-06  -2.7015908e-06  -2.6271639e-06  -2.0613372e-06  -1.5250288e-06  -1.1025274e-06  -8.4010679e-07  -5.8887122e-07  -3.2136990e-07  -3.4330262e-07  -2.8161844e-07  -2.8643331e-07  -1.9737581e-07  -5.4828671e-08  -8.4984123e-08  -1.2391773e-07  -8.7096879e-08  -4.8284132e-08  -3.7710562e-10
   0.0000000e+00  -6.9353837e-07  -1.3806961e-06  -2.4305898e-06  -2.3779210e-06  -2.6798441e-06  -2.7245767e-06  -2.2486608e-06  -1.3458829e-06  -9.3628898e-07  -6.1480671e-07  -4.9712929e-07  -5.9547710e-07  -4.0139687e-07  -2.9057981e-07  -1.9917489e-07  -1.2248097e-07  -1.6702292e-07  -1.4734172e-07  -7.1542239e-08  -6.2412852e-08  -3.0698704e-08  -9.8704106e-08
   0.0000000e+00  -6.5337525e-07  -1.5801182e-06  -2.1548083e-06  -2.4594378e-06  -2.5784329e-06  -2.7241349e-06  -2.2006332e-06  -1.4477638e-06  -1.0512078e-06  -7.6127259e-07  -6.8128736e-07  -3.8516572e-07  -3.4586341e-07  -3.2533879e-07  -2.4713518e-07  -1.9867991e-07  -1.5714016e-07  -7.6010849e-08  -8.7222965e-08  -1.2985322e-07  -3.5172103e-08   4.1299085e-08
   0.0000000e+00  -4.5602084e-07  -1.6988040e-06  -2.1982939e-06  -2.4771005e-06  -2.6641310e-06  -2.6715186e-06  -2.0539740e-06  -1.3930819e-06  -1.0078068e-06  -7.4972007e-07  -5.6799212e-07  -4.7357915e-07  -4.1530146e-07  -3.3779997e-07  -2.0247472e-07  -1.3030338e-07  -1.9538447e-07  -1.3332098e-07  -9.6099733e-08   7.3977597e-09  -5.1795578e-08  -7.7713615e-08
   0.0000000e+00  -6.7585489e-07  -1.6087590e-06  -2.1850979e-06  -2.4520243e-06  -2.6004236e-06  -2.8117140e-06  -2.2242355e-06  -1.6149361e-06  -9.0056994e-07  -7.7173718e-07  -5.4200933e-07  -5.1767705e-07  -3.9483803e-07  -2.4768323e-07  -2.8269670e-07  -2.4039048e-07  -6.7542970e-08  -1.0145499e-07  -9.6825048e-08  -1.0460615e-07   6.1518957e-10   4.4306208e-08
   0.0000000e+00  -7.3468721e-07  -1.4012709e-06  -2.2570205e-06  -2.3752500e-06  -2.6855914e-06  -2.5967086e-06  -2.1150918e-06  -1.3701091e-06  -1.0106195e-06  -7.2496761e-07  -5.9223169e-07  -4.7437257e-07  -4.0681434e-07  -3.3249384e-07  -1.8490867e-07  -1.8489925e-07  -1.4780342e-07  -1.0916110e-07  -7.2133524e-08  -2.2423328e-09  -1.0727455e-08  -2.2770852e-08
   0.0000000e+00  -3.4354446e-07  -1.5620562e-06  -2.2836662e-06  -2.4980591e-06  -2.6569157e-06  -2.7112742e-06  -2.1799201e-06  -1.4374131e-06  -1.0683638e-06  -7.6938159e-07  -6.0260669e-07  -4.3859120e-07  -3.5079412e-07  -3.1835697e-07  -2.3069549e-07  -1.3726053e-07  -1.1861632e-07  -1.1443026e-07  -4.6441603e-08  -1.6063225e-08  -4.9186106e-08   5.3539321e-08
   0.0000000e+00  -6.8258089e-07  -1.7251411e-06  -2.0708126e-06  -2.3882121e-06  -2.7012034e-06  -2.7277542e-06  -2.1994999e-06  -1.4878975e-06  -9.2477694e-07  -6.6268422e-07  -6.2586247e-07  -4.7663730e-07  -3.9565427e-07  -2.9275449e-07  -1.7083015e-07  -1.9549408e-07  -1.4203698e-07  -5.5559930e-08  -3.2705461e-08  -9.0992614e-08   1.7215575e-08   4.8209574e-09
   0.0000000e+00  -5.9076154e-07  -1.5187849e-06  -2.2381089e-06  -2.4806300e-06  -2.4823621e-06  -2.7668805e-06  -2.1625517e-06  -1.3906396e-06  -1.0604917e-06  -8.1569948e-07  -5.0758649e-07  -4.6054646e-07  -3.5906726e-07  -2.7776332e-07  -2.5307733e-07  -1.4616892e-07  -5.9051246e-08  -1.1872540e-07  -9.5878640e-08  -3.6692300e-09  -4.0845460e-08  -2.4718499e-08
   0.0000000e+00  -6.7532119e-07  -1.4016698e-06  -2.2959014e-06  -2.4540063e-06  -2.7792366e-06  -2.6540249e-06  -2.0944515e-06  -1.5491039e-06  -8.9976180e-07  -7.6775194e-07  -5.7278294e-07  -4.6102653e-07  -4.2731278e-07  -2.5142685e-07  -2.0859068e-07  -1.4503611e-07  -1.5397340e-07  -7.0492838e-08  -7.0433565e-08  -5.3774063e-08  -1.4022912e-08  -6.1927672e-08
   0.0000000e+00  -4.0833731e-07  -1.5708999e-06  -2.2515433e-06  -2.4600911e-06  -2.6169967e-06  -2.7522110e-06  -2.2527615e-06  -1.4701420e-06  -1.0760044e-06  -7.3089802e-07  -5.4149103e-07  -5.4133551e-07  -3.2657638e-07  -3.0120879e-07  -2.4531050e-07  -1.8721073e-07  -1.1418787e-07  -9.5854134e-08  -5.1384148e-08  -8.7333120e-08  -6.0265897e-08   3.3120816e-08
   0.0000000e+00  -6.4232074e-07  -1.8372347e-06  -2.0394568e-06  -2.4168369e-06  -2.7077363e-06  -2.6688683e-06  -2.1475039e-06  -1.3811610e-06  -9.9008844e-07  -6.5589097e-07  -7.1849485e-07  -4.2609219e-07  -3.9283242e-07  -3.7076532e-07  -2.0579806e-07  -1.1755492e-07  -1.7566447e-07  -1.0390779e-07  -9.2810410e-08  -5.0589634e-08  -8.1432621e-09  -9.8425808e-08
   0.0000000e+00  -6.4885609e-07  -1.3525560e-06  -2.3507664e-06  -2.5004299e-06  -2.6014129e-06  -2.8376351e-06  -2.2678189e-06  -1.5066124e-06  -1.0857610e-06  -8.3149052e-07  -5.3375817e-07  -4.6418239e-07  -4.2710565e-07  -2.8462480e-07  -2.8573962e-07  -1.9786974e-07  -1.2455747e-07  -1.2289418e-07  -8.9142965e-08  -6.7189475e-08  -8.6188244e-08   1.6621238e-08
   0.0000000e+00  -5.0980503e-07  -1.5289811e-06  -2.2860725e-06  -2.4187127e-06  -2.6496489e-06  -2.6510750e-06  -2.0295452e-06  -1.4735714e-06  -9.0263541e-07  -7.3011324e-07  -6.5310695e-07  -5.2595698e-07  -4.3954981e-07  -2.9240653e-07  -1.8649503e-07  -2.4412009e-07  -1.6308279e-07  -8.0165741e-08  -1.1579913e-07  -7.6540189e-08  -3.7766650e-08  -7.1550936e-08
   0.0000000e+00  -6.4841640e-07  -1.6593812e-06  -2.1922383e-06  -2.4909866e-06  -2.7990402e-06  -2.7677297e-06  -2.3210157e-06  -1.5524064e-06  -1.0632612e-06  -8.5085060e-07  -5.0127613e-07  -4.5225516e-07  -4.0350827e-07  -3.5123335e-07  -2.9746710e-07  -1.4280194e-07  -9.5106920e-08  -1.8313132e-07  -6.3820643e-08  -8.7577064e-08  -4.9627573e-08   2.9676928e-10
   0.0000000e+00  -5.7588329e-07  -1.6097532e-06  -2.1106664e-06  -2.4794444e-06  -2.6020621e-06  -2.6864968e-06  -2.0632547e-06  -1.3950481e-06  -9.4190449e-07  -6.7277631e-07  -6.8704259e-07  -5.5366962e-07  -3.5491522e-07  -3.0174968e-07  -2.1090847e-07  -1.5571264e-07  -2.0989468e-07  -7.9232315e-08  -7.8550947e-08  -2.9757807e-08  -5.0497718e-08  -3.2822754e-08
   0.0000000e+00  -5.4948140e-07  -1.5418416e-06  -2.3346140e-06  -2.4902931e-06  -2.5930383e-06  -2.7440974e-06  -2.3471514e-06  -1.4622934e-06  -1.1426545e-06  -7.8794579e-07  -5.4004693e-07  -4.8454314e-07  -3.2583637e-07  -3.4021804e-07  -2.1636069e-07  -2.3787193e-07  -7.0791948e-08  -6.0226085e-08  -9.5167486e-08  -1.0396155e-07   1.0379740e-09   5.0250879e-09
   0.0000000e+00  -6.6179734e-07  -1.5596141e-06  -2.3130940e-06  -2.3718110e-06  -2.7042202e-06  -2.8445022e-06  -2.0246091e-06  -1.4227227e-06  -9.4042628e-07  -6.9205601e-07  -5.8798292e-07  -4.1524589e-07  -5.0831790e-07  -2.7290153e-07  -1.9203947e-07  -1.1480281e-07  -1.6254670e-07  -1.4341452e-07  -7.5960187e-08   4.5953059e-09  -1.2682430e-08  -9.5370268e-08
   0.0000000e+00  -6.0317956e-07  -1.5726727e-06  -2.1165029e-06  -2.4818955e-06  -2.7458759e-06  -2.5564584e-06  -2.1565231e-06  -1.5878393e-06  -9.5288624e-07  -8.3446093e-07  -5.9957165e-07  -4.4936391e-07  -3.0561512e-07  -2.9739869e-07  -2.6297730e-07  -1.9427148e-07  -1.1169428e-07  -5.2638981e-08  -8.3285748e-08  -7.8946066e-08  -6.3613797e-08   6.7086752e-08
   0.0000000e+00  -5.0039478e-07  -1.6002930e-06  -2.2401277e-06  -2.5789961e-06  -2.5962268e-06  -2.7304238e-06  -2.3132470e-06  -1.4235796e-06  -9.5673590e-07  -6.8147563e-07  -5.7196405e-07  -5.1374963e-07  -4.3866009e-07  -2.5477783e-07  -2.2699318e-07  -1.3409664e-07  -1.4858077e-07  -1.4265177e-07  -3.9599286e-08  -2.1412394e-08  -3.6856068e-08  -5.6663264e-08
   0.0000000e+00  -7.7890746e-07  -1.5496079e-06  -2.2942836e-06  -2.3269445e-06  -2.5740796e-06  -2.8027087e-06  -2.0173670e-06  -1.3721597e-06  -1.0707899e-06  -7.9652170e-07  -5.3917239e-07  -4.4557149e-07  -3.6366629e-07  -3.0300268e-07  -2.5522482e-07  -1.4548432e-07  -1.0326949e-07  -6.3256167e-08  -8.3864826e-08  -5.4709833e-08   7.3833823e-09   5.9882423e-09
   0.0000000e+00  -4.9396749e-07  -1.6377377e-06  -2.1974888e-06  -2.4765175e-06  -2.7265548e-06  -2.7412825e-06  -2.2582010e-06  -1.4320801e-06  -1.0286158e-06  -6.6861958e-07  -5.9226767e-07  -5.1610652e-07  -3.4728939e-07  -2.9849039e-07  -1.8042799e-07  -1.7878835e-07  -1.1947451e-07  -5.3741381e-08  -4.3948077e-08  -8.3139833e-09  -4.5356283e-09   5.1583690e-08
   0.0000000e+00  -5.6327616e-07  -1.5779157e-06  -2.2335123e-06  -2.4587907e-06  -2.7635990e-06  -2.5803834e-06  -2.1011131e-06  -1.5834340e-06  -9.0045995e-07  -7.4091980e-07  -6.1208539e-07  -4.5644245e-07  -3.7150059e-07  -3.4091445e-07  -1.6583361e-07  -1.5789887e-07  -9.1227754e-08  -5.7237514e-08  -5.8047107e-08   2.3575881e-08   2.3060048e-08   2.2977900e-08
   0.0000000e+00  -6.8234152e-07  -1.4997535e-06  -2.1993544e-06  -2.5305249e-06  -2.4538119e-06  -2.7239021e-06  -2.1874698e-06  -1.3839152e-06  -1.0189556e-06  -8.0880750e-07  -5.6749650e-07  -4.2562240e-07  -3.7638864e-07  -2.6873005e-07  -2.1763996e-07  -1.4760555e-07  -7.0798556e-08  -8.4648647e-08   1.2704567e-08  -1.9117429e-08   2.8668488e-08   4.1441236e-08
   0.0000000e+00  -6.6034397e-07  -1.6773776e-06  -2.2670563e-06  -2.3815248e-06  -2.7797444e-06  -2.8675972e-06  -2.2492075e-06  -1.3875512e-06  -1.0363821e-06  -7.0408458e-07  -4.9459936e-07  -5.5288479e-07  -3.8242055e-07  -2.5442969e-07  -1.8439493e-07  -1.0568486e-07  -9.9410833e-08  -2.9240020e-08  -4.5341213e-08   3.7535717e-08   5.4043801e-09   7.3757498e-08
   0.0000000e+00  -5.6514466e-07  -1.5313361e-06  -2.2877982e-06  -2.4133731e-06  -2.6552100e-06  -2.6031137e-06  -2.0435393e-06  -1.5544337e-06  -9.9492399e-07  -7.5643965e-07  -6.9010048e-07  -3.8336830e-07  -3.4551414e-07  -2.5344218e-07  -2.3901754e-07  -1.1197621e-07  -3.1931098e-08  -7.4569549e-08   3.1307344e-08  -1.8730439e-08   1.6887386e-08   7.2571638e-08
   0.0000000e+00  -5.0429787e-07  -1.6008806e-06  -2.1234491e-06  -2.5864240e-06  -2.6600292e-06  -2.6809664e-06  -2.2869579e-06  -1.4831851e-06  -9.8678913e-07  -6.6471159e-07  -6.1089304e-07  -4.2202839e-07  -3.6114014e-07  -2.9205125e-07  -1.3783965e-07  -7.6544183e-08  -1.3621063e-07  -1.5819124e-08  -2.4750682e-08  -1.9222981e-08   3.9417021e-08  -2.1102888e-08
   0.0000000e+00  -7.0417997e-07  -1.6324401e-06  -2.3085242e-06  -2.3830216e-06  -2.6734629e-06  -2.8535187e-06  -2.1411720e-06  -1.4319211e-06  -1.0198901e-06  -8.2825494e-07  -5.2055844e-07  -4.9502256e-07  -4.0724962e-07  -1.9741309e-07  -1.7324113e-07  -1.6793848e-07  -8.7477034e-08  -1.4106005e-08  -6.6564517e-08  -4.1879034e-08  -3.0082791e-08   4.4636025e-08
   0.0000000e+00  -7.2792932e-07  -1.5106990e-06  -2.2304450e-06  -2.4660001e-06  -2.5744805e-06  -2.7228748e-06  -2.1807014e-06  -1.4688691e-06  -1.0964662e-06  -7.3983858e-07  -5.3501418e-07  -4.6868686e-07  -3.4683350e-07  -3.1623634e-07  -2.1203950e-07  -1.2552557e-07  -7.8510659e-08  -1.0233565e-07  -9.0139451e-08  -2.7471714e-08   4.1986379e-09  -1.1107560e-07
   0.0000000e+00  -4.9616057e-07  -1.5677248e-06  -2.2007246e-06  -2.5278769e-06  -2.8093102e-06  -2.6760558e-06  -2.2635129e-06  -1.4956838e-06  -8.9789529e-07  -7.7891201e-07  -6.2616743e-07  -5.2593981e-07  -2.7232250e-07  -3.1032641e-07  -2.1608403e-07  -1.3350694e-07  -1.4931098e-07  -8.2768146e-08  -6.8065603e-08  -5.6111698e-08  -7.4058008e-08  -8.5699723e-09
   0.0000000e+00  -5.1963872e-07  -1.5940763e-06  -2.3059424e-06  -2.4001249e-06  -2.6275168e-06  -2.7670935e-06  -2.1041285e-06  -1.5347844e-06  -1.0103647e-06  -7.3925713e-07  -6.5494828e-07  -3.8729172e-07  -4.5473516e-07  -3.1302528e-07  -1.7946111e-07  -1.9445189e-07  -1.2897911e-07  -1.0749700e-07  -9.3777693e-08  -9.7803742e-08  -5.0299665e-08  -2.1204002e-08
   0.0000000e+00  -7.4803910e-07  -1.6929142e-06  -2.1931558e-06  -2.4633612e-06  -2.6244657e-06  -2.7542512e-06  -2.2063825e-06  -1.4300291e-06  -1.1245386e-06  -7.5377176e-07  -4.9618751e-07  -4.9216760e-07  -4.2307363e-07  -2.8718870e-07  -2.0352425e-07  -2.2857880e-07  -1.0577756e-07  -1.4100397e-07  -1.2257469e-07  -2.5764189e-08  -7.7841314e-08  -7.7547710e-08
   0.0000000e+00  -5.0699828e-07  -1.4719533e-06  -2.2067532e-06  -2.5035074e-06  -2.7206070e-06  -2.6898379e-06  -2.2373583e-06  -1.4858135e-06  -9.1131420e-07  -7.4225983e-07  -6.2672962e-07  -4.9635099e-07  -3.9056155e-07  -2.0522344e-07  -3.0451881e-07  -2.0064063e-07  -1.0397239e-07  -1.5424298e-07  -8.8013969e-08  -1.0251940e-07  -7.3536476e-08  -2.1064604e-08
   0.0000000e+00  -7.5113292e-07  -1.5260665e-06  -2.2344793e-06  -2.4396045e-06  -2.6613998e-06  -2.7400965e-06  -2.1248372e-06  -1.4330598e-06  -1.0368516e-06  -7.4491606e-07  -5.8736941e-07  -4.6941787e-07  -3.4243192e-07  -3.9203420e-07  -2.1817117e-07  -1.2498083e-07  -1.7141033e-07  -1.4969686e-07  -7.2248795e-08  -8.6097103e-08  -8.7601094e-08   5.4771525e-09
   0.0000000e+00  -4.1606350e-07  -1.7275875e-06  -2.2183622e-06  -2.4729859e-06  -2.6211030e-06  -2.7269166e-06  -2.1992746e-06  -1.4876114e-06  -9.9365445e-07  -7.8037857e-07  -5.6081717e-07  -4.2290040e-07  -4.0564078e-07  -3.1798484e-07  -2.4635503e-07  -1.5996594e-07  -1.8762051e-07  -1.0336345e-07  -6.1758875e-08  -1.2183941e-07  -2.9575368e-08  -5.4589854e-08
   0.0000000e+00  -6.7813693e-07  -1.4390801e-06  -2.2876116e-06  -2.4263129e-06  -2.6993550e-06  -2.8062595e-06  -2.1606434e-06  -1.4889469e-06  -9.7590498e-07  -6.8509570e-07  -5.6726594e-07  -5.8760548e-07  -3.5444009e-07  -2.8688839e-07  -2.1496483e-07  -2.3175480e-07  -1.3974118e-07  -8.4491425e-08  -1.3383747e-07  -3.6872809e-08  -3.2629895e-08  -3.3948190e-08
   0.0000000e+00  -6.3244329e-07  -1.5526412e-06  -2.1825117e-06  -2.5696208e-06  -2.5881920e-06  -2.5849133e-06  -2.1965093e-06  -1.4148820e-06  -9.9595309e-07  -8.1847872e-07  -5.7789720e-07  -4.2558628e-07  -4.4888861e-07  -3.1016367e-07  -2.4970481e-07  -1.7002026e-07  -1.3360575e-07  -1.0908002e-07  -1.1226542e-07  -3.5321744e-08  -1.6632378e-09  -4.8371533e-08
   0.0000000e+00  -5.4434992e-07  -1.7766182e-06  -2.2052150e-06  -2.2867973e-06  -2.8383663e-06  -2.7639171e-06  -2.1633875e-06  -1.4778680e-06  -1.0357236e-06  -6.8915864e-07  -6.4408704e-07  -4.6849081e-07  -3.3411342e-07  -3.5735638e-07  -2.5649692e-07  -1.7852686e-07  -1.6260182e-07  -8.6949676e-08  -3.8332978e-08  -5.9892599e-08  -3.9146151e-08   3.5956390e-08
   0.0000000e+00  -6.3385653e-07  -1.3767149e-06  -2.2804829e-06  -2.5833103e-06  -2.5511099e-06  -2.8117665e-06  -2.2266468e-06  -1.4622216e-06  -9.8863859e-07  -7.5084012e-07  -6.0394962e-07  -4.6721686e-07  -4.7739752e-07  -2.5238529e-07  -2.4735743e-07  -1.5933394e-07  -1.2242066e-07  -1.2997045e-07  -2.2420432e-08  -6.8270516e-08  -1.1702961e-08   5.7141627e-08
   0.0000000e+00  -5.3897037e-07  -1.5872115e-06  -2.2679269e-06  -2.4796668e-06  -2.6264934e-06  -2.6694011e-06  -2.0885047e-06  -1.4820841e-06  -1.0651426e-06  -7.6658347e-07  -5.5324881e-07  -5.3049314e-07  -3.8126780e-07  -3.2917359e-07  -2.2629588e-07  -1.2395394e-07  -1.4230226e-07  -7.7631206e-08  -8.0971823e-08   2.7357045e-08   1.9291669e-08  -4.6704230e-08
   0.0000000e+00  -6.8389545e-07  -1.6385482e-06  -2.2652364e-06  -2.4935778e-06  -2.7018984e-06  -2.7645585e-06  -2.3078192e-06  -1.4362823e-06  -9.5769849e-07  -7.8012187e-07  -6.0673170e-07  -4.5496355e-07  -3.7671228e-07  -2.6987377e-07  -2.3594248e-07  -2.4229956e-07  -2.2475637e-08  -7.3144371e-08  -3.7639225e-08  -2.2442586e-09  -2.8585184e-08   5.5710146e-08
   0.0000000e+00  -6.6683816e-07  -1.7206903e-06  -2.1018463e-06  -2.3541597e-06  -2.8108759e-06  -2.7570295e-06  -2.0912407e-06  -1.5487070e-06  -1.0101802e-06  -7.3525467e-07  -6.3298188e-07  -5.1248185e-07  -3.7353468e-07  -3.4271906e-07  -1.5045697e-07  -1.1371298e-07  -1.6142255e-07  -1.3260363e-08  -4.8643635e-08  -5.1541953e-08   5.1113766e-08   1.1840567e-09
   0.0000000e+00  -3.4717556e-07  -1.4327659e-06  -2.3556479e-06  -2.6086673e-06  -2.5582983e-06  -2.6604987e-06  -2.2316194e-06  -1.3976852e-06  -1.0874395e-06  -7.6764024e-07  -5.4777348e-07  -4.6231887e-07  -3.7151983e-07  -3.3131002e-07  -2.2145123e-07  -1.2585980e-07  -8.0761922e-08  -8.9985555e-08  -8.0628348e-09   6.1212466e-09  -4.1000771e-08   6.6335652e-08
   0.0000000e+00  -9.4471091e-07  -1.5463211e-06  -2.3160758e-06  -2.4559010e-06  -2.6796488e-06  -2.8403492e-06  -2.1475148e-06  -1.5531790e-06  -9.3342862e-07  -6.7177604e-07  -6.5175021e-07  -5.0473955e-07  -3.7841818e-07  -2.7239548e-07  -1.8950894e-07  -1.5934428e-07  -1.1041901e-07  -5.6089888e-08  -4.4413820e-08  -1.8582808e-09   2.6961837e-08  -7.1587351e-08
   0.0000000e+00  -4.3948680e-07  -1.7560063e-06  -2.1978060e-06  -2.3905941e-06  -2.6394002e-06  -2.7007181e-06  -2.2406048e-06  -1.4410036e-06  -1.0414758e-06  -9.0284800e-07  -4.9830390e-07  -4.6524880e-07  -4.1047355e-07  -2.5059049e-07  -2.4849368e-07  -1.3082249e-07  -6.3256522e-08  -5.6405501e-08  -7.7936363e-08  -3.6305469e-08  -5.7837890e-09   7.8907689e-09
   0.0000000e+00  -6.2244476e-07  -1.5655178e-06  -2.1421215e-06  -2.5507322e-06  -2.8644827e-06  -2.6293746e-06  -2.1561368e-06  -1.4287924e-06  -9.3541263e-07  -7.2251311e-07  -6.5388190e-07  -3.9385733e-07  -4.6728007e-07  -2.7182281e-07  -1.7484567e-07  -1.4649983e-07  -9.7446105e-08  -1.0271653e-07   6.5494814e-09  -2.4213987e-08  -5.1348099e-08   2.8919601e-08
   0.0000000e+00  -6.7975878e-07  -1.4558756e-06  -2.3708369e-06  -2.4977428e-06  -2.4746732e-06  -2.8779343e-06  -2.1793821e-06  -1.5245242e-06  -1.0688383e-06  -6.4225276e-07  -5.5945117e-07  -5.6728510e-07  -2.4801042e-07  -2.9015868e-07  -2.1456727e-07  -1.1479129e-07  -1.3377378e-07  -6.5618231e-09  -6.2035070e-08  -3.0754258e-08   1.9630267e-08  -8.1348919e-09
   0.0000000e+00  -5.8023437e-07  -1.7551092e-06  -2.1693629e-06  -2.3946070e-06  -2.6381667e-06  -2.6525443e-06  -2.1108444e-06  -1.4333621e-06  -9.8819510e-07  -7.6910226e-07  -6.2839729e-07  -4.2673187e-07  -4.0220510e-07  -2.4858764e-07  -2.0076131e-07  -1.1365577e-07  -4.7580532e-08  -8.3747182e-08  -4.9591677e-08   2.1497075e-10   7.4416473e-09  -5.7202483e-09
   0.0000000e+00  -6.2345094e-07  -1.4654204e-06  -2.2636987e-06  -2.5361919e-06  -2.8198594e-06  -2.7645387e-06  -2.2127895e-06  -1.4396190e-06  -1.0447640e-06  -7.5570762e-07  -4.4314390e-07  -4.6645653e-07  -3.5075146e-07  -3.2463316e-07  -1.3072989e-07  -1.5442922e-07  -9.8946060e-08  -5.5654532e-08  -4.5578727e-08   3.8705656e-09  -3.2415095e-08   3.5929748e-08
   0.0000000e+00  -5.1446881e-07  -1.5983651e-06  -2.2790748e-06  -2.3357661e-06  -2.5761822e-06  -2.6364505e-06  -2.2317327e-06  -1.4372479e-06  -8.4775445e-07  -7.9378475e-07  -6.4276861e-07  -4.5856675e-07  -3.5175285e-07  -2.4450250e-07  -2.2693004e-07  -1.2426642e-07  -1.1718338e-07  -7.2942157e-08  -3.9825323e-08  -7.6155864e-08  -4.7115885e-09  -3.0809296e-08
   0.0000000e+00  -7.9099027e-07  -1.6627404e-06  -2.1251722e-06  -2.5070678e-06  -2.6609714e-06  -2.6962502e-06  -2.1400494e-06  -1.5255904e-06  -1.0477102e-06  -7.2902787e-07  -6.2382225e-07  -4.3532776e-07  -3.6531662e-07  -3.0796019e-07  -1.8910514e-07  -1.5941674e-07  -1.0703920e-07  -1.2186386e-07  -5.8243380e-08  -4.6655238e-08  -5.8393663e-08  -4.2682597e-08
   0.0000000e+00  -5.5050793e-07  -1.4124229e-06  -2.3353009e-06  -2.5418005e-06  -2.6558853e-06  -2.8915199e-06  -2.0812433e-06  -1.3868797e-06  -1.1703333e-06  -6.0758748e-07  -4.9941252e-07  -5.0143984e-07  -4.3091416e-07  -2.5466079e-07  -2.3844896e-07  -1.7011659e-07  -1.3547975e-07  -1.0398394e-07  -1.0577107e-07  -7.2171190e-08  -6.6087303e-08  -5.2499956e-08
   0.0000000e+00  -3.9554672e-07  -1.8298507e-06  -2.1145263e-06  -2.3788400e-06  -2.6567077e-06  -2.5213881e-06  -2.2152444e-06  -1.5499467e-06  -8.2238950e-07  -9.0662121e-07  -6.5986234e-07  -5.0092927e-07  -3.5760573e-07  -3.0067392e-07  -2.3529468e-07  -2.0424362e-07  -1.4038834e-07  -7.8621056e-08  -9.1100482e-08  -1.2197913e-07  -3.0982189e-08  -3.3414750e-08
   0.0000000e+00  -8.3680283e-07  -1.3622930e-06  -2.3763944e-06  -2.4361202e-06  -2.5975780e-06  -2.8282882e-06  -2.3201401e-06  -1.4057881e-06  -1.0824931e-06  -7.0301093e-07  -6.2508821e-07  -4.2423849e-07  -4.0323616e-07  -3.7076694e-07  -2.1897914e-07  -1.4805801e-07  -1.4428218e-07  -1.4223924e-07  -1.2138588e-07   6.4280443e-09  -5.8612844e-08  -6.8884120e-08
   0.0000000e+00  -6.7383814e-07  -1.6246630e-06  -2.1277881e-06  -2.4790259e-06  -2.7750220e-06  -2.7329324e-06  -1.9635097e-06  -1.5102756e-06  -9.9709541e-07  -8.0735543e-07  -5.5410948e-07  -5.5670040e-07  -3.7371123e-07  -3.0700613e-07  -2.5417231e-07  -1.9023743e-07  -1.3430238e-07  -1.1736196e-07  -2.4967616e-08  -7.7534921e-08  -4.5854286e-08   1.6962900e-08
   0.0000000e+00  -4.7239075e-07  -1.6271865e-06  -2.2526444e-06  -2.4617377e-06  -2.5919437e-06  -2.7299518e-06  -2.2396207e-06  -1.4806334e-06  -1.0981656e-06  -7.1897136e-07  -5.8718717e-07  -5.1429885e-07  -4.4045618e-07  -3.0158279e-07  -2.3482070e-07  -1.3891967e-07  -1.3791565e-07  -5.6410048e-08  -9.5549794e-08  -7.7057521e-08   1.1611880e-08  -5.4872658e-09
   0.0000000e+00  -5.6338581e-07  -1.6268334e-06  -2.2743200e-06  -2.4641715e-06  -2.5585593e-06  -2.6874607e-06  -2.2728850e-06  -1.5022410e-06  -9.3162635e-07  -7.7265980e-07  -6.9883453e-07  -4.5348341e-07  -3.9119286e-07  -2.9926102e-07  -1.7187074e-07  -2.0117228e-07  -1.1644864e-07  -1.1911757e-07  -5.0559191e-08   2.3901331e-08  -4.1223586e-08  -4.2797378e-08
   0.0000000e+00  -7.8020707e-07  -1.5373439e-06  -2.1451342e-06  -2.4554729e-06  -2.9329785e-06  -2.5736827e-06  -2.1746851e-06  -1.4470497e-06  -9.7983934e-07  -8.9634972e-07  -5.7604080e-07  -4.2405833e-07  -4.0772554e-07  -2.9848499e-07  -2.7605117e-07  -1.4774045e-07  -8.2349011e-08  -2.5754320e-08  -6.2363988e-08  -7.2607726e-08  -1.4490071e-08   6.1503329e-08
   0.0000000e+00  -5.3392694e-07  -1.5383891e-06  -2.2444801e-06  -2.4012293e-06  -2.4383928e-06  -3.0234874e-06  -2.1253002e-06  -1.4563370e-06  -1.1569097e-06  -6.0463611e-07  -5.3320889e-07  -6.0021347e-07  -4.0966356e-07  -2.5445254e-07  -1.5235040e-07  -1.1181902e-07  -1.3120739e-07  -1.1482406e-07  -2.0921773e-08  -1.7750121e-08   2.2060240e-08  -4.3744251e-08
   0.0000000e+00  -6.9892025e-07  -1.5898215e-06  -2.3554023e-06  -2.4275475e-06  -2.7044825e-06  -2.5432339e-06  -2.2096956e-06  -1.5420355e-06  -9.7163945e-07  -8.0379380e-07  -6.9285704e-07  -3.9558543e-07  -2.8363019e-07  -3.1788164e-07  -2.6811549e-07  -1.4454520e-07  -7.0982942e-08  -4.5216055e-08  -8.3690807e-08   8.0453946e-09  -4.2209596e-08   5.0134229e-08
   0.0000000e+00  -3.9873433e-07  -1.7006995e-06  -2.0508419e-06  -2.6824896e-06  -2.6030662e-06  -2.8084744e-06  -2.1717392e-06  -1.4396268e-06  -9.4496835e-07  -8.4233682e-07  -4.8560423e-07  -5.2506590e-07  -4.0416279e-07  -2.9621572e-07  -1.2599723e-07  -1.2259791e-07  -1.4294439e-07  -7.5640614e-08   1.8211497e-09  -4.3884139e-08   1.6926265e-09  -1.4815576e-08
   0.0000000e+00  -9.2182768e-07  -1.3557444e-06  -2.2215743e-06  -2.2132906e-06  -2.8156999e-06  -2.6453267e-06  -2.2479776e-06  -1.5215071e-06  -1.1050687e-06  -6.3522197e-07  -6.6199459e-07  -3.9717742e-07  -3.9764035e-07  -2.5782211e-07  -1.5887655e-07  -1.6571467e-07  -7.6417827e-08  -5.7430598e-09  -1.1667697e-07  -2.9218304e-08   2.6812844e-08  -2.1638169e-09
   0.0000000e+00  -3.2862067e-07  -1.7727593e-06  -2.3609800e-06  -2.4670585e-06  -2.5466718e-06  -2.7820483e-06  -2.1507783e-06  -1.4295458e-06  -9.6349459e-07  -8.6989940e-07  -5.6286154e-07  -5.0153341e-07  -3.3351992e-07  -1.9857346e-07  -2.6013973e-07  -1.1883599e-07  -2.6568150e-08  -1.4321360e-07   2.8024232e-08   4.1395881e-10  -4.3207052e-08   4.7570243e-08
   0.0000000e+00  -7.5930257e-07  -1.4653178e-06  -2.2124459e-06  -2.5136724e-06  -2.6540017e-06  -2.7776807e-06  -2.2346853e-06  -1.4463906e-06  -1.0979585e-06  -6.4100880e-07  -6.1077691e-07  -4.2055785e-07  -3.2883614e-07  -3.2583748e-07  -1.3963493e-07  -5.0883553e-08  -1.6274576e-07  -5.2327098e-10  -6.0245597e-08   1.2668523e-08   2.4694101e-08   6.5688379e-09
   0.0000000e+00  -5.8958244e-07  -1.5619418e-06  -1.9720508e-06  -2.5367676e-06  -2.6866874e-06  -2.6307353e-06  -2.1148105e-06  -1.5900246e-06  -9.3303191e-07  -8.4566869e-07  -5.3318246e-07  -4.5831351e-07  -4.0468694e-07  -1.9891040e-07  -1.6758403e-07  -1.6153032e-07  -3.1611968e-08  -6.6963501e-08   3.1982218e-08  -7.3009602e-08   3.6367481e-08   9.6247469e-08
   0.0000000e+00  -5.9028775e-07  -1.5579258e-06  -2.5241677e-06  -2.2484548e-06  -2.7216970e-06  -2.7471315e-06  -2.2912077e-06  -1.3981662e-06  -1.0393400e-06  -7.1079148e-07  -5.6783557e-07  -4.7143999e-07  -3.0879411e-07  -2.7180755e-07  -1.5206511e-07  -1.3769487e-07  -9.4297697e-08  -9.1930898e-09  -7.7649304e-08   4.1066535e-08   1.5875139e-08  -2.4586255e-08
   0.0000000e+00  -5.3404722e-07  -1.6645513e-06  -2.0840441e-06  -2.5854199e-06  -2.5327868e-06  -2.9173443e-06  -2.0524708e-06  -1.5510142e-06  -9.9678766e-07  -7.7260830e-07  -5.8599380e-07  -4.2875263e-07  -2.9975268e-07  -2.8659537e-07  -1.9683557e-07  -1.2945657e-07  -4.8613433e-08  -7.6545916e-08  -6.9257901e-08   8.0073335e-09  -1.0260898e-08  -1.9874651e-08
   0.0000000e+00  -6.7852687e-07  -1.4497575e-06  -2.2084948e-06  -2.3571317e-06  -2.7610099e-06  -2.4733538e-06  -2.3013461e-06  -1.3465099e-06  -1.0317592e-06  -7.0923556e-07  -5.5615698e-07  -4.6896130e-07  -4.3610697e-07  -2.2002467e-07  -1.8713060e-07  -1.1658246e-07  -1.2536695e-07  -1.1924072e-07   2.6411884e-08  -7.9258427e-08  -5.9338241e-08   4.0572612e-08
   0.0000000e+00  -5.9085949e-07  -1.7192252e-06  -2.1004771e-06  -2.6892246e-06  -2.6372945e-06  -2.9308537e-06  -2.1364742e-06  -1.6559062e-06  -1.0289039e-06  -7.4069465e-07  -6.0236260e-07  -4.2788088e-07  -2.4794863e-07  -3.8711275e-07  -1.8995574e-07  -1.7193267e-07  -1.1168180e-07  -4.1721353e-08  -1.2030581e-07  -5.5625300e-08  -1.4799600e-09  -5.6452674e-08
   0.0000000e+00  -6.0503771e-07  -1.3129027e-06  -2.5167467e-06  -2.1841315e-06  -2.7283934e-06  -2.5639590e-06  -2.2413624e-06  -1.3472825e-06  -9.2805635e-07  -8.0461894e-07  -5.4058995e-07  -4.8528563e-07  -5.4947628e-07  -1.2610202e-07  -2.8720771e-07  -1.2409667e-07  -1.2502889e-07  -1.6513530e-07  -3.9246579e-08  -2.6112996e-08  -1.0189295e-07   1.8310342e-08
   0.0000000e+00  -4.6706410e-07  -1.7648669e-06  -2.0427092e-06  -2.4953379e-06  -2.5808406e-06  -2.9339108e-06  -2.1531635e-06  -1.5841940e-06  -1.1131064e-06  -7.0349193e-07  -6.6175875e-07  -4.6420206e-07  -2.5741963e-07  -3.9396315e-07  -2.0843905e-07  -2.3919122e-07  -1.4067101e-07  -2.6425536e-08  -1.3598715e-07  -1.2295526e-07   4.2376776e-08  -9.6258205e-08
   0.0000000e+00  -8.4120626e-07  -1.5250873e-06  -2.2270433e-06  -2.6767041e-06  -2.7379003e-06  -2.6666580e-06  -2.2469480e-06  -1.3469307e-06  -9.8453370e-07  -7.6165412e-07  -5.1700056e-07  -5.1321410e-07  -4.9659820e-07  -2.9585098e-07  -2.2188927e-07  -1.0904141e-07  -2.0415057e-07  -1.8239324e-07  -3.3480511e-08  -3.6082469e-08  -1.3149916e-07   1.6840424e-08
   0.0000000e+00  -3.5220597e-07  -1.6374934e-06  -2.1833152e-06  -2.3382581e-06  -2.6699686e-06  -2.7033955e-06  -2.1440856e-06  -1.6658836e-06  -1.0440391e-06  -8.4931321e-07  -6.5424587e-07  -4.5581078e-07  -2.9744004e-07  -3.5412896e-07  -2.8891273e-07  -2.3737263e-07  -1.0300685e-07  -3.9720216e-08  -1.6889240e-07  -9.5220457e-08   1.2091763e-09  -6.7774252e-08
   0.0000000e+00  -6.9209733e-07  -1.3827838e-06  -2.3803761e-06  -2.3972693e-06  -2.6496064e-06  -2.7946094e-06  -2.3315617e-06  -1.3210027e-06  -1.0110592e-06  -6.3551408e-07  -5.8567366e-07  -5.9000263e-07  -4.6717130e-07  -2.9538245e-07  -2.0666981e-07  -1.2935446e-07  -1.9645886e-07  -1.7725813e-07  -4.6131230e-08  -7.8116740e-09  -6.5388384e-08  -8.1895173e-08
   0.0000000e+00  -6.4323876e-07  -1.7216140e-06  -2.1631288e-06  -2.5876864e-06  -2.7256883e-06  -2.8090287e-06  -2.0484540e-06  -1.6947995e-06  -1.0129411e-06  -9.6088741e-07  -6.2276945e-07  -4.0118226e-07  -3.7404635e-07  -3.3328263e-07  -2.4520813e-07  -2.9230341e-07  -3.2751803e-08  -7.6691663e-08  -1.1106133e-07  -7.0505443e-08  -5.6205479e-08   4.8450463e-08
   0.0000000e+00  -5.6713151e-07  -1.4916999e-06  -2.1986107e-06  -2.3713067e-06  -2.7006809e-06  -2.6390535e-06  -2.3063351e-06  -1.3440117e-06  -1.0783262e-06  -5.7587073e-07  -6.4586675e-07  -5.4051128e-07  -4.4736967e-07  -2.8968273e-07  -2.2504506e-07  -8.3538282e-08  -2.1734320e-07  -1.0119295e-07  -3.5338051e-08  -4.1943036e-08  -2.3087255e-08  -5.0174425e-08
   0.0000000e+00  -4.6142580e-07  -1.6552449e-06  -2.1646122e-06  -2.5993756e-06  -2.6281789e-06  -2.8677830e-06  -2.2404436e-06  -1.5852742e-06  -1.0465870e-06  -9.2278395e-07  -5.6695711e-07  -4.5765239e-07  -3.5578043e-07  -3.4015443e-07  -2.2795356e-07  -2.1159008e-07  -4.5273890e-08  -1.1714901e-07  -4.1981384e-08  -3.5432915e-08  -4.2144467e-08   5.3669613e-08
   0.0000000e+00  -6.7576553e-07  -1.4799385e-06  -2.4796830e-06  -2.2880085e-06  -2.7814342e-06  -2.6925136e-06  -2.0782320e-06  -1.3808105e-06  -1.0267132e-06  -6.8797152e-07  -6.3579608e-07  -5.2266444e-07  -4.2881553e-07  -2.4511695e-07  -2.3258309e-07  -1.1962653e-07  -1.3849326e-07  -6.0202574e-08  -4.5101949e-08  -2.9796164e-08   8.8770316e-09  -4.0716461e-08
   0.0000000e+00  -6.4198997e-07  -1.5968571e-06  -1.9533070e-06  -2.7299959e-06  -2.5685729e-06  -2.7808323e-06  -2.4198728e-06  -1.6797379e-06  -9.9859562e-07  -8.6976928e-07  -5.5083808e-07  -4.7098146e-07  -3.7238422e-07  -3.5042498e-07  -1.9618092e-07  -1.7041768e-07  -1.1072263e-07  -5.4901616e-08  -4.0755722e-08  -5.2066014e-08  -2.1744460e-08   3.0661827e-08
   0.0000000e+00  -6.1013037e-07  -1.6255906e-06  -2.3819898e-06  -2.3017467e-06  -2.7463245e-06  -2.7653027e-06  -2.0696148e-06  -1.3928496e-06  -1.0250130e-06  -6.8380541e-07  -6.9486634e-07  -4.9105165e-07  -4.0643999e-07  -2.5773241e-07  -2.5687189e-07  -1.3866253e-07  -9.8178241e-08  -9.3236331e-08  -7.4822715e-08  -2.5410465e-08  -2.4194543e-08  -2.5232623e-08
   0.0000000e+00  -3.8280783e-07  -1.5862289e-06  -2.2758154e-06  -2.5847203e-06  -2.7387980e-06  -2.7974538e-06  -2.2049890e-06  -1.5226832e-06  -1.1108596e-06  -8.5969185e-07  -5.4065578e-07  -5.4619761e-07  -3.0885258e-07  -3.6940850e-07  -1.8847271e-07  -1.8549257e-07  -9.5605458e-08  -9.5314768e-08  -6.2919582e-08  -5.9835443e-08  -2.0945523e-08  -2.1373012e-08
   0.0000000e+00  -8.9253206e-07  -1.5077095e-06  -2.2170570e-06  -2.3518771e-06  -2.7474571e-06  -2.6973892e-06  -2.3134226e-06  -1.4802118e-06  -1.1128586e-06  -6.0598364e-07  -6.4572612e-07  -4.5335759e-07  -5.1652830e-07  -2.5238347e-07  -2.2342674e-07  -1.1065517e-07  -1.8312974e-07  -1.0340145e-07  -4.3360785e-08  -3.8120021e-08  -4.4060283e-08  -3.5306737e-08
   0.0000000e+00  -4.2643424e-07  -1.6727615e-06  -2.3237494e-06  -2.6671789e-06  -2.5673369e-06  -2.8572772e-06  -2.1639851e-06  -1.5638462e-06  -8.6263020e-07  -9.8209614e-07  -6.3258221e-07  -4.7026850e-07  -2.8908661e-07  -3.2318735e-07  -2.2472835e-07  -2.4177265e-07  -4.6986923e-08  -8.7621352e-08  -7.4219251e-08  -8.2867075e-08  -5.8337982e-08   4.3318806e-08
   0.0000000e+00  -8.2164593e-07  -1.6479904e-06  -2.1683331e-06  -2.4608576e-06  -2.8613631e-06  -2.6620762e-06  -2.2973672e-06  -1.4775147e-06  -1.0629740e-06  -6.9347993e-07  -5.7162629e-07  -4.8312245e-07  -4.5754899e-07  -2.9676670e-07  -2.1766702e-07  -9.5864131e-08  -1.7357804e-07  -1.0012300e-07  -5.4967501e-08  -4.9439901e-08  -2.8834410e-09  -6.3253779e-08
   0.0000000e+00  -3.5833321e-07  -1.5377586e-06  -2.3112591e-06  -2.5257841e-06  -2.5103607e-06  -2.9411387e-06  -2.0758907e-06  -1.5245231e-06  -1.1030163e-06  -7.9225566e-07  -5.5689469e-07  -4.7765838e-07  -3.8276238e-07  -2.6740668e-07  -2.2302514e-07  -1.9660152e-07  -6.4536366e-08  -8.8554991e-08  -4.7053216e-08  -4.7577977e-08  -3.8363755e-08   3.0982985e-08
   0.0000000e+00  -9.3126016e-07  -1.6211966e-06  -2.3582718e-06  -2.4022843e-06  -3.0093188e-06  -2.6079872e-06  -2.3429543e-06  -1.4546252e-06  -9.9609167e-07  -6.8167151e-07  -6.5020549e-07  -4.7152653e-07  -3.4177538e-07  -3.0839450e-07  -1.8261791e-07  -1.1831592e-07  -1.4096770e-07  -3.5061515e-08  -5.0172169e-08  -3.2828922e-08  -3.5492733e-09  -1.3337119e-08
   0.0000000e+00  -4.3731987e-07  -1.7313034e-06  -2.2265688e-06  -2.6327848e-06  -2.4781161e-06  -2.8332984e-06  -2.2085003e-06  -1.4994764e-06  -1.0328648e-06  -8.0022085e-07  -5.2978157e-07  -4.7495320e-07  -3.8019667e-07  -2.7590499e-07  -2.0213169e-07  -1.0671949e-07  -7.3441441e-08  -9.6156924e-08  -4.1028287e-08  -2.5229017e-08  -4.9354223e-09  -2.3326493e-08
   0.0000000e+00  -7.6349050e-07  -1.5178846e-06  -2.2963054e-06  -2.3947669e-06  -2.8207962e-06  -2.7983888e-06  -2.0911309e-06  -1.5105334e-06  -9.9176941e-07  -7.1883215e-07  -6.7721419e-07  -4.0011469e-07  -3.6152917e-07  -2.1493328e-07  -2.1403662e-07  -1.8120255e-07  -6.6313220e-08  -1.2888318e-08  -5.7580340e-08  -5.7749393e-08   2.5221867e-09   1.3363342e-08
   0.0000000e+00  -6.4934881e-07  -1.6925029e-06  -2.2493873e-06  -2.7292410e-06  -2.6176681e-06  -2.8150271e-06  -2.3871312e-06  -1.5531861e-06  -9.4019612e-07  -8.5649702e-07  -3.8369475e-07  -5.4934395e-07  -3.4869979e-07  -2.8821066e-07  -1.8294068e-07  -6.8436805e-08  -1.0515771e-07  -1.0448962e-07  -3.7011393e-08   1.7400041e-08  -1.0952611e-08  -8.7709617e-09
   0.0000000e+00  -6.9644773e-07  -1.5760736e-06  -2.3892867e-06  -2.3158930e-06  -2.8253939e-06  -2.6414341e-06  -2.1012913e-06  -1.3595129e-06  -1.1593540e-06  -6.5742120e-07  -7.1602523e-07  -3.8021940e-07  -3.8192923e-07  -2.7959243e-07  -1.6413357e-07  -1.4618441e-07  -1.0734802e-07  -4.6590685e-08  -3.0028154e-08  -2.9536439e-08  -8.9049497e-09   4.5677670e-08
   0.0000000e+00  -5.4014987e-07  -1.7673774e-06  -2.1054791e-06  -2.6651257e-06  -2.6983500e-06  -2.8681695e-06  -2.2725112e-06  -1.5747448e-06  -9.5089979e-07  -7.6795868e-07  -5.3852079e-07  -4.9516223e-07  -3.4445878e-07  -2.6548170e-07  -2.1204302e-07  -1.3595543e-07  -9.3867044e-08  -8.9168964e-08  -1.9985892e-08  -4.3285272e-08  -7.8436395e-09   1.7392805e-08
   0.0000000e+00  -7.9339884e-07  -1.5729518e-06  -2.5210156e-06  -2.3940304e-06  -2.6759576e-06  -2.7397148e-06  -2.2256534e-06  -1.4539726e-06  -1.0583586e-06  -7.1929185e-07  -6.3390996e-07  -4.7762552e-07  -3.3675494e-07  -3.0557516e-07  -1.8844246e-07  -1.6690963e-07  -8.2506169e-08  -5.9613839e-08  -1.0372629e-07  -1.5847709e-08  -1.0731101e-08  -1.7230381e-08
   0.0000000e+00  -6.3405571e-07  -1.6661422e-06  -2.1487360e-06  -2.5614231e-06  -2.6888158e-06  -2.8331135e-06  -2.1109570e-06  -1.6006356e-06  -9.6268923e-07  -8.2491323e-07  -5.7384204e-07  -4.1653209e-07  -4.4922129e-07  -2.4456727e-07  -2.4125026e-07  -1.5892525e-07  -8.0993225e-08  -1.0449028e-07  -3.6489492e-08  -3.3296246e-08  -1.7187377e-08  -2.7470710e-08
   0.0000000e+00  -7.3012421e-07  -1.4593063e-06  -2.3525899e-06  -2.5093757e-06  -2.8071938e-06  -2.6894538e-06  -2.3220600e-06  -1.3558753e-06  -1.0412263e-06  -7.5748409e-07  -5.3970894e-07  -5.6383215e-07  -3.4818572e-07  -2.9289382e-07  -1.6700970e-07  -1.1269405e-07  -1.6281135e-07  -6.4171317e-08  -2.3710495e-08  -3.9395573e-08  -3.5815887e-08   1.4891955e-08
   0.0000000e+00  -5.2902516e-07  -1.8906196e-06  -2.1847547e-06  -2.5647532e-06  -2.6012262e-06  -2.7293929e-06  -2.1391738e-06  -1.5947181e-06  -1.0735544e-06  -7.4796691e-07  -6.4773309e-07  -4.1347164e-07  -3.3348471e-07  -3.4726315e-07  -2.3742381e-07  -1.3274992e-07  -7.6066705e-08  -5.7277521e-08  -4.4823555e-08  -4.5401155e-08   6.5723462e-09   4.2401425e-09
   0.0000000e+00  -7.9746656e-07  -1.5341162e-06  -2.3716466e-06  -2.3870814e-06  -2.7212898e-06  -2.8073900e-06  -2.3328250e-06  -1.3253371e-06  -9.9240356e-07  -7.1596173e-07  -5.7007759e-07  -4.8224302e-07  -4.3371406e-07  -2.0798640e-07  -2.0132414e-07  -9.7981726e-08  -1.3428354e-07  -5.9967348e-08  -3.7562913e-08  -2.8290479e-09  -1.1791793e-08   2.7544564e-08
   0.0000000e+00  -5.7874121e-07  -1.5974929e-06  -2.1894120e-06  -2.5335273e-06  -2.6706750e-06  -2.8132383e-06  -2.0014511e-06  -1.5964546e-06  -1.0251517e-06  -7.8819454e-07  -5.7422062e-07  -4.5893606e-07  -3.3058404e-07  -3.0942422e-07  -1.5258212e-07  -2.1173692e-07  -6.6218163e-08   2.2572035e-08  -8.0199499e-08  -5.4544230e-08   7.0619237e-08  -2.9634410e-08
   0.0000000e+00  -7.2379817e-07  -1.5264866e-06  -2.3230200e-06  -2.4989304e-06  -2.7189276e-06  -2.5631889e-06  -2.2793040e-06  -1.4640176e-06  -9.2685497e-07  -7.0784074e-07  -5.9451764e-07  -4.4790698e-07  -4.4088864e-07  -2.3027623e-07  -2.1261805e-07  -8.5965652e-08  -7.0111987e-08  -1.3451891e-07  -2.0444022e-08   7.4601367e-08  -4.0480089e-08   8.9938190e-09
   0.0000000e+00  -5.9499854e-07  -1.7710873e-06  -2.2462641e-06  -2.4470005e-06  -2.6297009e-06  -2.8640704e-06  -2.1363182e-06  -1.4800279e-06  -1.0684339e-06  -7.7257818e-07  -5.5959623e-07  -4.6596659e-07  -2.4804973e-07  -3.0493624e-07  -2.2104979e-07  -1.0675239e-07  -8.9667822e-08  -2.8003935e-08  -3.8214665e-08  -4.0388439e-08   8.1425053e-09   2.4750040e-08
   0.0000000e+00  -6.3242436e-07  -1.4839299e-06  -2.2081952e-06  -2.4103099e-06  -2.6930704e-06  -2.6746543e-06  -2.2107408e-06  -1.3500521e-06  -9.7020279e-07  -7.1107462e-07  -5.7053990e-07  -4.8820903e-07  -4.2683331e-07  -2.6441083e-07  -1.5161842e-07  -1.6231409e-07  -9.3249938e-08  -8.2178893e-08  -3.1874527e-09  -2.8119539e-08  -1.5143252e-08  -1.0224235e-08
   0.0000000e+00  -6.2353973e-07  -1.6912646e-06  -2.1813123e-06  -2.5572924e-06  -2.6178600e-06  -2.7357955e-06  -2.1342139e-06  -1.5165534e-06  -1.0467232e-06  -7.4171697e-07  -5.4469609e-07  -4.4754566e-07  -3.2523013e-07  -2.9694695e-07  -1.5865095e-07  -1.4457970e-07  -1.0734333e-07  -6.2182359e-08  -8.1970342e-08  -4.5128612e-08  -2.4526118e-08  -1.5186048e-08
