   0.0000000e+00  -1.4496878e-07  -3.4045132e-07  -5.5148899e-07  -5.8948001e-07  -6.5448489e-07  -6.6050501e-07  -5.5132421e-07  -3.7593676e-07  -2.3094860e-07  -1.9312398e-07  -1.6502915e-07  -1.0597433e-07  -1.0730018e-07  -5.7951507e-08  -7.1543404e-08  -4.0982272e-08  -2.2630235e-08  -2.0543052e-08  -1.8277463e-08  -9.6672448e-09  -1.5845682e-08  -1.0930512e-08
   0.0000000e+00  -1.4541432e-07  -3.5371681e-07  -4.9143216e-07  -5.6850280e-07  -6.5696531e-07  -6.9418843e-07  -5.2986348e-07  -3.7831867e-07  -2.5346907e-07  -1.8595475e-07  -1.3450034e-07  -1.2937446e-07  -9.3559009e-08  -8.7886512e-08  -2.9661356e-08  -4.7398736e-08  -2.6618789e-08  -3.3268815e-08  -1.5081152e-08  -1.5220440e-08  -1.3789329e-08  -1.3513221e-08
   0.0000000e+00  -1.4209657e-07  -3.5642961e-07  -5.5593347e-07  -5.9421171e-07  -6.5135816e-07  -6.7565975e-07  -5.4742037e-07  -3.3529665e-07  -2.8084901e-07  -2.0353100e-07  -1.5416984e-07  -1.1937344e-07  -8.6486153e-08  -6.5742704e-08  -7.7795711e-08  -2.4838473e-08  -3.1127865e-08  -2.0916595e-08  -1.8022103e-08  -2.2880684e-08  -1.0288870e-08   1.6519414e-09
   0.0000000e+00  -1.1341265e-07  -3.8281067e-07  -4.8721091e-07  -5.9207520e-07  -6.4603904e-07  -6.6217814e-07  -5.5938204e-07  -3.8713213e-07  -2.3541567e-07  -1.6745732e-07  -1.5183338e-07  -1.3044340e-07  -1.0191660e-07  -8.1820922e-08  -4.1424745e-08  -4.0266649e-08  -3.5546144e-08  -2.7625903e-08  -6.6193797e-09  -9.5453787e-09  -9.6201882e-09  -1.9115667e-08
   0.0000000e+00  -1.1978661e-07  -3.2657758e-07  -5.2311555e-07  -5.8563285e-07  -6.4801281e-07  -6.8254707e-07  -5.4684563e-07  -3.8072687e-07  -2.7090101e-07  -2.1408366e-07  -1.5109987e-07  -1.0316389e-07  -8.8852858e-08  -6.6175218e-08  -6.3655442e-08  -3.2506613e-08  -2.6375124e-08  -7.3110300e-09  -2.9858654e-08  -1.4661765e-08  -1.8117449e-09   9.9615516e-09
   0.0000000e+00  -1.6180556e-07  -3.7458716e-07  -5.3243110e-07  -6.0174722e-07  -6.7724596e-07  -6.7986525e-07  -5.0796075e-07  -3.5611276e-07  -2.3230068e-07  -1.8705356e-07  -1.4847240e-07  -1.3624756e-07  -1.2007500e-07  -6.0380096e-08  -4.0992319e-08  -4.5241052e-08  -2.5081070e-08  -2.5860247e-08  -2.2049722e-09  -2.4839235e-09  -3.3702070e-09  -1.9568184e-08
   0.0000000e+00  -1.4025893e-07  -3.3579789e-07  -5.1577672e-07  -5.7517030e-07  -6.2994428e-07  -6.9784102e-07  -5.9174408e-07  -3.9228209e-07  -2.9810300e-07  -1.8392141e-07  -1.5111290e-07  -9.7060102e-08  -8.2369638e-08  -7.3082184e-08  -6.7660899e-08  -2.1206993e-08  -3.0455023e-08  -3.3640017e-09  -2.1266837e-08  -1.0636928e-08  -1.1772677e-09   1.3396477e-08
   0.0000000e+00  -1.0033293e-07  -3.6537645e-07  -5.1205012e-07  -5.9099972e-07  -6.5542662e-07  -6.4568752e-07  -5.2811032e-07  -3.4701313e-07  -2.1859404e-07  -2.0407482e-07  -1.5546181e-07  -1.4402504e-07  -8.4654779e-08  -7.6802458e-08  -3.7035917e-08  -3.4590741e-08  -2.9226262e-08  -2.2258460e-08  -5.8372143e-09  -2.5440654e-09  -7.3388349e-09   1.3800678e-09
   0.0000000e+00  -1.4501003e-07  -3.7719738e-07  -5.4599019e-07  -5.9278057e-07  -7.0110764e-07  -7.0034474e-07  -5.6543905e-07  -3.9754207e-07  -2.8790112e-07  -1.8392228e-07  -1.4894006e-07  -9.4034093e-08  -1.0604428e-07  -7.7013823e-08  -5.2043699e-08  -3.3614548e-08  -2.2229562e-08  -2.5050452e-08  -8.4304457e-09  -9.7163966e-09  -7.4823359e-10  -1.7257596e-08
   0.0000000e+00  -1.2426828e-07  -3.4021559e-07  -5.1111431e-07  -5.9890158e-07  -6.0391500e-07  -6.8651474e-07  -5.1924309e-07  -3.6134406e-07  -2.4841404e-07  -2.0098014e-07  -1.3362489e-07  -1.5180139e-07  -8.1261554e-08  -5.9503229e-08  -4.7229886e-08  -4.9590007e-08  -2.5100061e-08  -8.2895975e-09  -2.8801754e-08  -1.5793299e-08  -1.1769224e-08   4.5412607e-09
   0.0000000e+00  -1.7399121e-07  -3.6107284e-07  -5.1246388e-07  -6.0469625e-07  -6.8892945e-07  -6.7649779e-07  -5.7346233e-07  -3.9624038e-07  -2.3581269e-07  -1.8825396e-07  -1.7685102e-07  -9.5131448e-08  -1.0586746e-07  -7.8104421e-08  -4.8578553e-08  -4.1775099e-08  -2.4492163e-08  -2.8122496e-08  -1.6419019e-08  -4.1776347e-09  -1.6948022e-08  -6.7731381e-09
   0.0000000e+00  -1.0439307e-07  -3.7266940e-07  -5.4179958e-07  -6.0334867e-07  -6.3550550e-07  -6.9160404e-07  -5.6316742e-07  -3.4486453e-07  -2.9205503e-07  -1.9599098e-07  -1.3389985e-07  -1.1551340e-07  -9.2054805e-08  -7.2920528e-08  -5.3133675e-08  -3.1849446e-08  -2.3963947e-08  -3.2615866e-08  -8.4995930e-09  -1.8418921e-08  -3.2115854e-10  -5.5436304e-09
   0.0000000e+00  -1.4914239e-07  -3.6560488e-07  -5.3848396e-07  -5.6416064e-07  -6.8329632e-07  -6.5919551e-07  -5.1939145e-07  -3.6286502e-07  -2.4099552e-07  -1.7956202e-07  -1.5064536e-07  -1.4062481e-07  -8.9545082e-08  -6.1793315e-08  -5.4214837e-08  -3.8658591e-08  -3.7527734e-08  -2.4623690e-09  -1.7472754e-08  -4.0651935e-09  -8.8847125e-09   1.0654927e-08
   0.0000000e+00  -1.2410794e-07  -3.4250527e-07  -5.4143874e-07  -6.0447900e-07  -6.6777460e-07  -7.2987768e-07  -5.7275344e-07  -4.0962107e-07  -2.7089075e-07  -1.9532989e-07  -1.3654397e-07  -9.8355883e-08  -9.4258020e-08  -7.6070478e-08  -5.7216969e-08  -2.4630783e-08  -1.5971832e-08  -2.9714640e-08  -9.5041059e-09  -1.0278424e-08   3.2520675e-09  -4.0216186e-09
   0.0000000e+00  -1.9918120e-07  -3.8904534e-07  -4.9247990e-07  -6.1085905e-07  -6.4330243e-07  -6.3413449e-07  -5.0791226e-07  -3.3543364e-07  -2.1252181e-07  -1.9383921e-07  -1.5760058e-07  -1.1894119e-07  -9.0847557e-08  -6.5575485e-08  -3.5666559e-08  -3.7113320e-08  -3.8826450e-08  -8.9208516e-09  -1.5212320e-08  -2.9543936e-09  -6.2953753e-09  -3.9980907e-09
   0.0000000e+00  -8.8437062e-08  -3.8529529e-07  -5.3393876e-07  -6.0780428e-07  -6.5452554e-07  -6.9744016e-07  -5.8878322e-07  -4.1834818e-07  -2.6340430e-07  -1.8368318e-07  -1.3242023e-07  -1.1091666e-07  -9.5493604e-08  -5.6924403e-08  -6.2355582e-08  -4.6144912e-08  -1.0334716e-08  -1.4255478e-08  -1.5182890e-08  -2.6826198e-08   6.3350042e-10   4.9645918e-09
   0.0000000e+00  -1.6204820e-07  -3.2967151e-07  -5.5425471e-07  -5.7424921e-07  -6.7787749e-07  -6.7609903e-07  -5.1669434e-07  -3.0254509e-07  -2.6847582e-07  -1.6195698e-07  -1.5114789e-07  -1.2449712e-07  -7.8279314e-08  -7.6866037e-08  -3.6025245e-08  -2.3825933e-08  -3.5311292e-08  -3.4505849e-08  -2.2900270e-08   1.7733658e-08  -1.9939955e-08  -1.2549994e-08
   0.0000000e+00  -1.4423355e-07  -3.7746122e-07  -5.1910280e-07  -6.0501822e-07  -6.3338564e-07  -6.7887441e-07  -5.4973549e-07  -3.9217778e-07  -2.5419311e-07  -2.1251789e-07  -1.3434726e-07  -8.7998551e-08  -9.0916586e-08  -7.7473103e-08  -5.7662792e-08  -4.6205070e-08  -1.1628077e-08  -2.8040709e-08  -6.1277396e-09  -3.3478710e-08  -7.9111055e-09   4.9090509e-09
   0.0000000e+00  -1.5435894e-07  -3.6218682e-07  -5.3228905e-07  -5.7831522e-07  -6.5577103e-07  -6.8529869e-07  -5.4824596e-07  -3.6101190e-07  -2.0687891e-07  -1.6144166e-07  -1.4435679e-07  -1.4684129e-07  -9.9261918e-08  -5.7348505e-08  -3.9920991e-08  -3.1411119e-08  -5.4157312e-08  -1.9429983e-08  -1.7668977e-08  -1.0232985e-08  -1.7445746e-08  -8.3080387e-09
   0.0000000e+00  -1.1425351e-07  -4.0595205e-07  -4.8397959e-07  -6.1509928e-07  -6.6169952e-07  -6.5550768e-07  -5.1391487e-07  -3.8647426e-07  -2.7816947e-07  -2.1558083e-07  -1.5104784e-07  -8.5219469e-08  -8.6894431e-08  -7.4249343e-08  -7.1299127e-08  -5.2693391e-08  -1.2701143e-08  -2.3090619e-08  -3.0373208e-08  -2.1839709e-08  -1.1390817e-08   4.5722659e-10
   0.0000000e+00  -1.6855128e-07  -3.0259662e-07  -5.7817675e-07  -5.6614505e-07  -6.6075307e-07  -6.7505704e-07  -5.6455633e-07  -3.3868193e-07  -2.3955761e-07  -1.5800174e-07  -1.2909665e-07  -1.5056102e-07  -1.0416849e-07  -7.3112830e-08  -5.2760736e-08  -3.0119590e-08  -4.3474866e-08  -3.6310919e-08  -1.8273630e-08  -1.4792385e-08  -7.1514772e-09  -2.3716028e-08
   0.0000000e+00  -1.3788767e-07  -3.6754454e-07  -4.9747666e-07  -5.9480021e-07  -6.3090727e-07  -6.7923332e-07  -5.4945241e-07  -3.6588858e-07  -2.6670446e-07  -1.9434144e-07  -1.7383366e-07  -1.0048542e-07  -8.7757108e-08  -8.4287201e-08  -6.1106341e-08  -5.1981033e-08  -3.8207293e-08  -2.0072097e-08  -1.9764043e-08  -3.3145486e-08  -7.4868387e-09   1.0173733e-08
   0.0000000e+00  -1.0864136e-07  -3.8243826e-07  -5.2043640e-07  -5.9197771e-07  -6.5587903e-07  -6.6246344e-07  -5.1596317e-07  -3.5040861e-07  -2.5628188e-07  -1.9209371e-07  -1.4604184e-07  -1.2085336e-07  -1.0673337e-07  -8.4883247e-08  -5.3720747e-08  -3.1416295e-08  -5.0137341e-08  -3.1230520e-08  -2.5154938e-08   3.8218859e-09  -1.3183102e-08  -1.9796985e-08
   0.0000000e+00  -1.4539677e-07  -3.7412227e-07  -5.0717148e-07  -5.9024853e-07  -6.3782204e-07  -7.0090380e-07  -5.5457718e-07  -4.0836414e-07  -2.2829255e-07  -1.9761961e-07  -1.3840975e-07  -1.3353542e-07  -1.0009926e-07  -6.4987248e-08  -6.9405509e-08  -6.2801377e-08  -1.4925780e-08  -2.7004408e-08  -2.1505803e-08  -2.7432808e-08   4.5086181e-11   1.0670083e-08
   0.0000000e+00  -1.7659997e-07  -3.1025414e-07  -5.3140968e-07  -5.6927945e-07  -6.6028781e-07  -6.4423693e-07  -5.3142685e-07  -3.4346968e-07  -2.5850932e-07  -1.8374507e-07  -1.5415883e-07  -1.1977340e-07  -1.0515666e-07  -8.2990837e-08  -4.9752273e-08  -4.4572836e-08  -3.9055028e-08  -2.5352596e-08  -2.0357971e-08   7.5237511e-11  -4.1181090e-09  -6.6586217e-09
   0.0000000e+00  -6.4585080e-08  -3.5850888e-07  -5.3459081e-07  -5.9953459e-07  -6.5314038e-07  -6.7471103e-07  -5.4369758e-07  -3.6477715e-07  -2.6858012e-07  -1.9951391e-07  -1.5194286e-07  -1.1520896e-07  -8.8749758e-08  -8.3316635e-08  -5.6840452e-08  -3.7115232e-08  -2.8911888e-08  -3.0548875e-08  -1.0882752e-08  -6.0333623e-09  -1.2716927e-08   1.2198262e-08
   0.0000000e+00  -1.6071805e-07  -3.9508200e-07  -4.8273643e-07  -5.7428406e-07  -6.6228694e-07  -6.7785680e-07  -5.5209335e-07  -3.7236580e-07  -2.3865309e-07  -1.6749050e-07  -1.6363485e-07  -1.2114596e-07  -1.0370755e-07  -7.3523992e-08  -4.6760860e-08  -4.8390582e-08  -3.7825156e-08  -1.3136916e-08  -1.0257961e-08  -2.2818845e-08   3.2180829e-09   9.1035385e-10
   0.0000000e+00  -1.3011010e-07  -3.4554847e-07  -5.2506772e-07  -5.9349577e-07  -6.1028908e-07  -6.8745351e-07  -5.3905535e-07  -3.5361489e-07  -2.6662653e-07  -2.1146298e-07  -1.2965236e-07  -1.2078245e-07  -9.1622283e-08  -7.3932590e-08  -6.3665730e-08  -3.9193434e-08  -1.4654520e-08  -3.1646969e-08  -2.3556010e-08  -1.5343519e-09  -9.9175503e-09  -6.0403984e-09
   0.0000000e+00  -1.5637113e-07  -3.1501506e-07  -5.3746879e-07  -5.9126955e-07  -6.8139303e-07  -6.5945238e-07  -5.2613632e-07  -3.8770429e-07  -2.3170016e-07  -1.9465581e-07  -1.4967362e-07  -1.1807229e-07  -1.1107973e-07  -6.3919998e-08  -5.5030377e-08  -3.6940907e-08  -4.0606086e-08  -1.7155662e-08  -1.8835035e-08  -1.3116820e-08  -3.8654626e-09  -1.4066267e-08
   0.0000000e+00  -8.5481844e-08  -3.5740484e-07  -5.2869683e-07  -5.8842573e-07  -6.4360472e-07  -6.8398015e-07  -5.6161855e-07  -3.7294433e-07  -2.7119540e-07  -1.8949910e-07  -1.3826946e-07  -1.3997447e-07  -8.3548976e-08  -7.8309924e-08  -6.1576344e-08  -4.9179796e-08  -2.7839398e-08  -2.6260945e-08  -1.2613765e-08  -2.2515579e-08  -1.4436512e-08   7.6479383e-09
   0.0000000e+00  -1.4669892e-07  -4.2521853e-07  -4.7318417e-07  -5.8089887e-07  -6.6311787e-07  -6.6313419e-07  -5.3869479e-07  -3.4604761e-07  -2.5387126e-07  -1.6666354e-07  -1.8514503e-07  -1.0929935e-07  -1.0102006e-07  -9.3022926e-08  -5.4107453e-08  -2.8321811e-08  -4.6738744e-08  -2.4738238e-08  -2.4639277e-08  -1.2605890e-08  -2.5756222e-09  -2.4337155e-08
   0.0000000e+00  -1.4777405e-07  -3.0166174e-07  -5.5426239e-07  -5.9806575e-07  -6.3975187e-07  -7.0429496e-07  -5.6617506e-07  -3.8174815e-07  -2.7348398e-07  -2.1361143e-07  -1.3651035e-07  -1.1928012e-07  -1.0799082e-07  -7.3627191e-08  -7.0146434e-08  -5.2277553e-08  -2.9139835e-08  -3.2790542e-08  -2.0962533e-08  -1.6924213e-08  -2.0997433e-08   4.3265285e-09
   0.0000000e+00  -1.1100468e-07  -3.4907606e-07  -5.3302642e-07  -5.8258223e-07  -6.4835115e-07  -6.5891595e-07  -5.0805153e-07  -3.6932883e-07  -2.3107579e-07  -1.8596076e-07  -1.6731683e-07  -1.3353966e-07  -1.1211758e-07  -7.2807076e-08  -4.9398690e-08  -5.9178966e-08  -4.3331490e-08  -1.7778476e-08  -3.0019709e-08  -1.7602416e-08  -9.5859241e-09  -1.6393278e-08
   0.0000000e+00  -1.5008570e-07  -3.7703930e-07  -5.1540462e-07  -5.9463758e-07  -6.8895673e-07  -6.8770919e-07  -5.7985596e-07  -3.9219640e-07  -2.6867531e-07  -2.1717887e-07  -1.2841082e-07  -1.1645548e-07  -1.0225988e-07  -9.0243901e-08  -7.3640685e-08  -3.8815877e-08  -2.1786557e-08  -4.7880786e-08  -1.4088328e-08  -2.2949717e-08  -1.0773901e-08  -1.1030677e-09
   0.0000000e+00  -1.2524485e-07  -3.6988325e-07  -4.8905071e-07  -5.9702131e-07  -6.3745853e-07  -6.6657276e-07  -5.1671918e-07  -3.5022708e-07  -2.4092913e-07  -1.7168762e-07  -1.7657938e-07  -1.4086166e-07  -9.2123919e-08  -7.6141973e-08  -5.6285312e-08  -3.7823465e-08  -5.5518136e-08  -1.8593004e-08  -2.1368354e-08  -6.8093282e-09  -1.3932816e-08  -7.6682021e-09
   0.0000000e+00  -1.2543788e-07  -3.4690407e-07  -5.5014101e-07  -5.9628519e-07  -6.3644620e-07  -6.8275415e-07  -5.8571050e-07  -3.7068230e-07  -2.8771456e-07  -2.0302325e-07  -1.3815793e-07  -1.2637861e-07  -8.3115367e-08  -8.9270145e-08  -5.3992196e-08  -6.2817954e-08  -1.7271677e-08  -1.7519611e-08  -2.2932348e-08  -2.7886776e-08   1.0830903e-09  -3.2088965e-10
   0.0000000e+00  -1.4741649e-07  -3.5738594e-07  -5.4004215e-07  -5.6919612e-07  -6.6354312e-07  -7.0564352e-07  -5.0856465e-07  -3.5656160e-07  -2.4186494e-07  -1.7610159e-07  -1.5335164e-07  -1.0609642e-07  -1.3198255e-07  -6.8931392e-08  -5.1201038e-08  -2.9217089e-08  -4.1979956e-08  -3.5193722e-08  -2.0733971e-08   2.3170479e-09  -4.5053614e-09  -2.3289200e-08
   0.0000000e+00  -1.3887988e-07  -3.5459757e-07  -4.9644956e-07  -5.9432506e-07  -6.7532767e-07  -6.3686872e-07  -5.3799602e-07  -4.0199018e-07  -2.4056015e-07  -2.1512545e-07  -1.5265299e-07  -1.1826394e-07  -7.7680923e-08  -7.7705529e-08  -6.6301872e-08  -4.9689358e-08  -2.7818643e-08  -1.4246975e-08  -1.9246164e-08  -2.0480286e-08  -1.4586543e-08   1.6721705e-08
   0.0000000e+00  -1.0531345e-07  -3.6806662e-07  -5.2128729e-07  -6.2174394e-07  -6.3672127e-07  -6.7774079e-07  -5.8002047e-07  -3.5764199e-07  -2.4567106e-07  -1.7355211e-07  -1.4939002e-07  -1.2982071e-07  -1.1376815e-07  -6.4375833e-08  -5.8492233e-08  -3.3467714e-08  -3.8396941e-08  -3.4108346e-08  -1.1252841e-08  -3.4098504e-09  -9.7373194e-09  -1.2150696e-08
   0.0000000e+00  -1.8433782e-07  -3.4838078e-07  -5.4086416e-07  -5.5566431e-07  -6.3254367e-07  -6.9741174e-07  -5.0430725e-07  -3.4845672e-07  -2.7008699e-07  -2.0528582e-07  -1.3726115e-07  -1.1677427e-07  -9.1984042e-08  -7.7946929e-08  -6.4462938e-08  -3.7774548e-08  -2.5323699e-08  -1.7328190e-08  -1.9495673e-08  -1.4940845e-08   3.9974553e-09   1.9811669e-10
   0.0000000e+00  -1.0521093e-07  -3.7725155e-07  -5.1173606e-07  -5.9621249e-07  -6.6930124e-07  -6.8163479e-07  -5.6685957e-07  -3.5893601e-07  -2.6367840e-07  -1.7053287e-07  -1.5375872e-07  -1.3077289e-07  -9.0012342e-08  -7.5775638e-08  -4.6684423e-08  -4.4713676e-08  -3.1730387e-08  -1.2754592e-08  -1.2958486e-08  -8.6050267e-10  -3.5757317e-09   1.4426965e-08
   0.0000000e+00  -1.2635914e-07  -3.5736312e-07  -5.2417590e-07  -5.8908586e-07  -6.8038503e-07  -6.4185480e-07  -5.2442124e-07  -4.0121984e-07  -2.2752910e-07  -1.9123462e-07  -1.5575684e-07  -1.1858362e-07  -9.4141640e-08  -8.7352291e-08  -4.1328871e-08  -4.1503068e-08  -2.2138760e-08  -1.5801737e-08  -1.4283422e-08   4.3149186e-09   6.5293015e-09   3.2942995e-09
   0.0000000e+00  -1.5753655e-07  -3.3970110e-07  -5.1424797e-07  -6.0895923e-07  -6.0117196e-07  -6.7696038e-07  -5.4853427e-07  -3.4793158e-07  -2.6062020e-07  -2.0495514e-07  -1.4740080e-07  -1.0832867e-07  -9.6958004e-08  -6.7191102e-08  -5.7097008e-08  -3.5886064e-08  -1.9366912e-08  -2.1207281e-08   3.0744278e-09  -4.5893160e-09   5.8927818e-09   1.1423879e-08
   0.0000000e+00  -1.4597852e-07  -3.8598193e-07  -5.3098347e-07  -5.7051381e-07  -6.8331593e-07  -7.1269693e-07  -5.6271426e-07  -3.5066768e-07  -2.6220476e-07  -1.8203490e-07  -1.2621858e-07  -1.4163626e-07  -9.7278217e-08  -6.6486905e-08  -4.5749047e-08  -2.9332186e-08  -2.4793678e-08  -8.3876390e-09  -1.1770564e-08   8.4351042e-09   1.8857775e-09   1.6483485e-08
   0.0000000e+00  -1.3127364e-07  -3.4411991e-07  -5.3741718e-07  -5.7877651e-07  -6.5153569e-07  -6.4737310e-07  -5.1129911e-07  -3.9144101e-07  -2.5337289e-07  -1.9203834e-07  -1.7749291e-07  -9.8984998e-08  -8.9553410e-08  -6.4496568e-08  -6.3438463e-08  -2.8517183e-08  -1.0740679e-08  -1.9289715e-08   5.8660041e-09  -5.0731708e-09   1.8150477e-09   1.8507887e-08
   0.0000000e+00  -1.0436572e-07  -3.6868670e-07  -4.9352684e-07  -6.2189002e-07  -6.5346029e-07  -6.6573767e-07  -5.7151431e-07  -3.7343420e-07  -2.5025693e-07  -1.7149020e-07  -1.5606257e-07  -1.1012074e-07  -9.2091256e-08  -7.7895677e-08  -3.5165588e-08  -2.2734552e-08  -3.4689378e-08  -6.4500272e-09  -6.3715659e-09  -7.1486328e-09   1.0754850e-08  -7.6068210e-09
   0.0000000e+00  -1.6728686e-07  -3.6848905e-07  -5.4371134e-07  -5.6998448e-07  -6.5660527e-07  -7.0890445e-07  -5.3582937e-07  -3.6039103e-07  -2.5856514e-07  -2.1075145e-07  -1.3531731e-07  -1.2618509e-07  -1.0750494e-07  -4.9332009e-08  -4.7966136e-08  -4.2115509e-08  -2.4594893e-08  -3.1925784e-09  -1.8212731e-08  -8.8658947e-09  -9.1491028e-09   1.3957624e-08
   0.0000000e+00  -1.5996471e-07  -3.4666417e-07  -5.1933841e-07  -5.9388066e-07  -6.3002170e-07  -6.7666571e-07  -5.4497866e-07  -3.6901389e-07  -2.7790406e-07  -1.8911675e-07  -1.3707457e-07  -1.2214618e-07  -8.7103281e-08  -8.4106262e-08  -5.2648652e-08  -3.4501593e-08  -1.9034449e-08  -2.7413790e-08  -2.1236188e-08  -7.9992883e-09   3.2049545e-09  -2.8983949e-08
   0.0000000e+00  -1.1539463e-07  -3.5132641e-07  -5.1785037e-07  -6.0443222e-07  -6.9247631e-07  -6.6439884e-07  -5.6454735e-07  -3.7722313e-07  -2.2707782e-07  -1.9876941e-07  -1.6079133e-07  -1.3348942e-07  -7.2407701e-08  -7.7541173e-08  -5.6864277e-08  -3.3529879e-08  -3.8953342e-08  -1.9492873e-08  -1.8383936e-08  -1.2513778e-08  -1.9789166e-08  -7.1539874e-10
   0.0000000e+00  -1.0799444e-07  -3.6913318e-07  -5.3753178e-07  -5.7812264e-07  -6.4273826e-07  -6.8736927e-07  -5.2744832e-07  -3.8451378e-07  -2.5714644e-07  -1.8862272e-07  -1.6713766e-07  -1.0048727e-07  -1.1496243e-07  -8.1166974e-08  -4.5291454e-08  -4.9537000e-08  -3.1601505e-08  -2.8256846e-08  -2.1361853e-08  -2.5665955e-08  -1.1073294e-08  -6.0654020e-09
   0.0000000e+00  -1.7869768e-07  -3.8196382e-07  -5.1624085e-07  -5.8867738e-07  -6.4597020e-07  -6.8417609e-07  -5.5024742e-07  -3.6127699e-07  -2.8445436e-07  -1.9278582e-07  -1.2822098e-07  -1.2651819e-07  -1.0853579e-07  -7.3123537e-08  -5.2344436e-08  -5.7655672e-08  -2.7418078e-08  -3.3703692e-08  -3.2109057e-08  -5.0238436e-09  -1.9985119e-08  -1.8619847e-08
   0.0000000e+00  -1.0421123e-07  -3.3816224e-07  -5.1371728e-07  -6.0373361e-07  -6.6626137e-07  -6.6866153e-07  -5.6002995e-07  -3.7408094e-07  -2.3231387e-07  -1.9048964e-07  -1.6130095e-07  -1.2747221e-07  -1.0117245e-07  -5.3012229e-08  -7.7783426e-08  -5.1016894e-08  -2.5586646e-08  -3.9812480e-08  -2.0514435e-08  -2.6327371e-08  -1.7502220e-08  -5.8863283e-09
   0.0000000e+00  -1.8093937e-07  -3.4204351e-07  -5.2527758e-07  -5.8310593e-07  -6.5608327e-07  -6.7959485e-07  -5.3204758e-07  -3.6127850e-07  -2.6414887e-07  -1.9131187e-07  -1.5175817e-07  -1.2198966e-07  -8.7924064e-08  -1.0079020e-07  -5.6092876e-08  -3.1501528e-08  -4.4714810e-08  -3.6325339e-08  -1.9147677e-08  -1.9976042e-08  -2.2657478e-08   3.5832943e-09
   0.0000000e+00  -8.2058008e-08  -4.0100770e-07  -5.1758218e-07  -5.9605958e-07  -6.4006025e-07  -6.7979289e-07  -5.4909276e-07  -3.7594455e-07  -2.5291257e-07  -2.0055296e-07  -1.4561763e-07  -1.0940112e-07  -1.0481140e-07  -8.1667856e-08  -6.2060344e-08  -4.2629821e-08  -4.6440032e-08  -2.7077371e-08  -1.4723257e-08  -3.1421507e-08  -5.1512310e-09  -1.4825200e-08
   0.0000000e+00  -1.6161734e-07  -3.1991323e-07  -5.3889471e-07  -5.7936916e-07  -6.6633970e-07  -6.9466086e-07  -5.4245015e-07  -3.7550438e-07  -2.4921593e-07  -1.7698233e-07  -1.4577903e-07  -1.5120814e-07  -9.1574591e-08  -7.2331204e-08  -5.6533025e-08  -5.7234832e-08  -3.6421682e-08  -2.0910027e-08  -3.4563833e-08  -7.5611801e-09  -9.7430561e-09  -6.7715047e-09
   0.0000000e+00  -1.3625754e-07  -3.5890054e-07  -5.0694632e-07  -6.2071990e-07  -6.3140584e-07  -6.4531707e-07  -5.4808999e-07  -3.5701541e-07  -2.5425084e-07  -2.0844051e-07  -1.5019452e-07  -1.0977671e-07  -1.1333445e-07  -8.0577252e-08  -6.1470118e-08  -4.4034820e-08  -3.2490014e-08  -2.8184681e-08  -2.6247493e-08  -1.0540243e-08   5.6125865e-10  -1.3349974e-08
   0.0000000e+00  -1.2877445e-07  -4.0305645e-07  -5.2019237e-07  -5.4328194e-07  -7.0157341e-07  -6.8374618e-07  -5.4320560e-07  -3.7316099e-07  -2.6202488e-07  -1.7844114e-07  -1.6437041e-07  -1.1935957e-07  -8.7322086e-08  -8.9101519e-08  -6.5899641e-08  -4.4123798e-08  -4.1426180e-08  -2.0447656e-08  -1.0836942e-08  -1.3934772e-08  -1.1073159e-08   8.8225462e-09
   0.0000000e+00  -1.3554431e-07  -3.1456014e-07  -5.3038735e-07  -6.2507809e-07  -6.2192061e-07  -7.0261211e-07  -5.5420196e-07  -3.6858205e-07  -2.5258393e-07  -1.9098853e-07  -1.5474545e-07  -1.2135563e-07  -1.1953749e-07  -6.5622579e-08  -6.1896650e-08  -4.1693166e-08  -2.9544825e-08  -3.3925485e-08  -4.7094217e-09  -1.8560909e-08  -2.0464741e-09   1.2563282e-08
   0.0000000e+00  -1.2743605e-07  -3.5659505e-07  -5.3469785e-07  -5.9217086e-07  -6.4800378e-07  -6.5886724e-07  -5.2577974e-07  -3.7229097e-07  -2.6968291e-07  -1.9677321e-07  -1.4275473e-07  -1.3401939e-07  -9.9052343e-08  -8.2686626e-08  -5.9051814e-08  -2.9889371e-08  -3.8349228e-08  -1.8603052e-08  -2.1552312e-08   6.9059043e-09   3.3682697e-09  -1.1294118e-08
   0.0000000e+00  -1.4847478e-07  -3.7805307e-07  -5.2858780e-07  -6.0042106e-07  -6.6033357e-07  -6.9042375e-07  -5.7310348e-07  -3.6327134e-07  -2.4390548e-07  -1.9915559e-07  -1.5544956e-07  -1.1818599e-07  -9.5020098e-08  -7.0580391e-08  -5.8956260e-08  -6.3382664e-08  -5.0993774e-09  -2.0355532e-08  -9.8228599e-09  -1.5497784e-09  -7.7863920e-09   1.3284583e-08
   0.0000000e+00  -1.5725354e-07  -3.9176331e-07  -4.9074350e-07  -5.6271114e-07  -6.9234966e-07  -6.8144016e-07  -5.2596971e-07  -3.8889578e-07  -2.5676530e-07  -1.8832884e-07  -1.6305366e-07  -1.3025321e-07  -9.7697168e-08  -8.5778332e-08  -4.0655699e-08  -2.8958164e-08  -4.2848029e-08  -3.2694989e-09  -1.4175503e-08  -1.3497596e-08   1.2154938e-08  -4.5401582e-10
   0.0000000e+00  -6.4705546e-08  -3.2438848e-07  -5.5309931e-07  -6.2651651e-07  -6.2566079e-07  -6.6314254e-07  -5.5573150e-07  -3.5315139e-07  -2.7566992e-07  -1.9718793e-07  -1.4009763e-07  -1.2013656e-07  -9.3410357e-08  -8.6403396e-08  -5.5349037e-08  -3.4174434e-08  -2.0018236e-08  -2.5136840e-08  -2.1235451e-09   4.3870774e-10  -1.1194008e-08   1.6648880e-08
   0.0000000e+00  -2.2746956e-07  -3.4958833e-07  -5.4193981e-07  -5.9018993e-07  -6.5792307e-07  -7.0402314e-07  -5.3849504e-07  -3.9060816e-07  -2.3815647e-07  -1.7169907e-07  -1.6781935e-07  -1.2804848e-07  -9.7439134e-08  -6.8149433e-08  -5.0157539e-08  -3.9176673e-08  -3.0384193e-08  -1.3589819e-08  -1.2326298e-08  -1.1691326e-09   6.3961147e-09  -1.7662613e-08
   0.0000000e+00  -8.9854161e-08  -4.0440693e-07  -5.1500274e-07  -5.7072515e-07  -6.4785269e-07  -6.7097875e-07  -5.5983304e-07  -3.6403546e-07  -2.6428660e-07  -2.3096239e-07  -1.2710242e-07  -1.1997494e-07  -1.0358085e-07  -6.4749550e-08  -6.2086421e-08  -3.5072038e-08  -1.5251731e-08  -1.5325384e-08  -1.9345730e-08  -9.4637276e-09  -5.2121880e-11   1.5404258e-09
   0.0000000e+00  -1.4328738e-07  -3.5563860e-07  -4.9832829e-07  -6.1423657e-07  -7.0232562e-07  -6.5372973e-07  -5.3959417e-07  -3.6001992e-07  -2.3923857e-07  -1.8346741e-07  -1.6954914e-07  -9.8988309e-08  -1.2001441e-07  -6.8893812e-08  -4.5588020e-08  -3.7357957e-08  -2.5598137e-08  -2.5490728e-08   8.8392038e-10  -4.5547317e-09  -1.3815666e-08   9.4883941e-09
   0.0000000e+00  -1.5418395e-07  -3.2816200e-07  -5.5835784e-07  -5.9722157e-07  -6.0824357e-07  -7.1462813e-07  -5.4569131e-07  -3.8551232e-07  -2.7007246e-07  -1.6786767e-07  -1.4051983e-07  -1.4752653e-07  -6.3006624e-08  -7.4886501e-08  -5.5621800e-08  -3.0196720e-08  -3.4589608e-08  -2.9614406e-09  -1.4887484e-08  -9.2884420e-09   6.3737557e-09  -3.8306225e-09
   0.0000000e+00  -1.2961311e-07  -4.0429197e-07  -5.0476189e-07  -5.7650726e-07  -6.4560669e-07  -6.6029384e-07  -5.2849953e-07  -3.6083048e-07  -2.5418257e-07  -1.9395478e-07  -1.6395684e-07  -1.0838259e-07  -1.0386646e-07  -6.4714229e-08  -5.2526449e-08  -3.0184193e-08  -1.4031976e-08  -2.1267594e-08  -1.4716508e-08   7.9639750e-10  -1.1063924e-09  -8.8560825e-10
   0.0000000e+00  -1.4234324e-07  -3.3036625e-07  -5.3251773e-07  -6.0737557e-07  -6.9574043e-07  -6.8657499e-07  -5.5463715e-07  -3.6471911e-07  -2.6297494e-07  -1.9622395e-07  -1.1350470e-07  -1.2102487e-07  -9.0827278e-08  -8.3898030e-08  -3.4464829e-08  -4.1680593e-08  -2.4957277e-08  -1.6140653e-08  -1.1210583e-08  -1.3644864e-09  -7.8310727e-09   6.8162183e-09
   0.0000000e+00  -1.1148481e-07  -3.6521712e-07  -5.3418074e-07  -5.6073861e-07  -6.3065420e-07  -6.5648840e-07  -5.5809329e-07  -3.6145479e-07  -2.1854677e-07  -2.0109155e-07  -1.6649004e-07  -1.1762983e-07  -9.1579359e-08  -6.3620760e-08  -5.9994179e-08  -3.1170373e-08  -3.2131940e-08  -1.7420721e-08  -1.1615370e-08  -1.8344002e-08  -2.6349449e-09  -6.5996284e-09
   0.0000000e+00  -1.8447953e-07  -3.8020468e-07  -4.9540756e-07  -6.0286305e-07  -6.5448882e-07  -6.6945262e-07  -5.3561143e-07  -3.8509313e-07  -2.6479273e-07  -1.8809614e-07  -1.5868781e-07  -1.1401590e-07  -9.3468969e-08  -7.9874418e-08  -4.8078359e-08  -4.2969294e-08  -2.5279729e-08  -3.2643072e-08  -1.2976269e-08  -1.3145838e-08  -1.3045113e-08  -1.1882541e-08
   0.0000000e+00  -1.2237726e-07  -3.1801454e-07  -5.4925920e-07  -6.1011912e-07  -6.5238652e-07  -7.1945999e-07  -5.2071454e-07  -3.4936895e-07  -2.9693760e-07  -1.5545790e-07  -1.3045646e-07  -1.2702867e-07  -1.1132430e-07  -6.4885050e-08  -6.2018508e-08  -4.1233719e-08  -3.6075054e-08  -2.4017746e-08  -2.7108829e-08  -1.6096047e-08  -1.7027176e-08  -1.0476485e-08
   0.0000000e+00  -8.2409322e-08  -4.2208222e-07  -4.9325644e-07  -5.7154091e-07  -6.5247258e-07  -6.2577118e-07  -5.5456718e-07  -3.9002572e-07  -2.0952922e-07  -2.3156403e-07  -1.6754242e-07  -1.3011206e-07  -9.0811966e-08  -7.7523737e-08  -5.8778170e-08  -5.3280232e-08  -3.3477210e-08  -2.0928217e-08  -2.1026560e-08  -3.1662658e-08  -5.3101834e-09  -9.2858832e-09
   0.0000000e+00  -1.9516118e-07  -3.0593466e-07  -5.5887585e-07  -5.8458215e-07  -6.3733501e-07  -7.0390115e-07  -5.7935421e-07  -3.5476111e-07  -2.7470412e-07  -1.7958834e-07  -1.6135735e-07  -1.0776695e-07  -1.0411799e-07  -9.3424305e-08  -5.6639060e-08  -3.6300392e-08  -3.7947085e-08  -3.3899170e-08  -3.2499269e-08   3.2920271e-09  -1.6280215e-08  -1.6162396e-08
   0.0000000e+00  -1.5406270e-07  -3.7022957e-07  -4.9699719e-07  -5.9484671e-07  -6.8308691e-07  -6.7883246e-07  -4.9238218e-07  -3.8018513e-07  -2.5348066e-07  -2.0579067e-07  -1.4170210e-07  -1.4337297e-07  -9.4059779e-08  -7.9214153e-08  -6.3166347e-08  -4.9754842e-08  -3.1754343e-08  -3.2033277e-08  -4.5079163e-09  -2.1142643e-08  -1.1489221e-08   3.6217043e-09
   0.0000000e+00  -1.0181556e-07  -3.7292307e-07  -5.2730275e-07  -5.9146493e-07  -6.3494753e-07  -6.7885662e-07  -5.6039073e-07  -3.7291582e-07  -2.7769573e-07  -1.8477182e-07  -1.5043048e-07  -1.3018442e-07  -1.1340400e-07  -7.5313984e-08  -6.1489416e-08  -3.3723111e-08  -3.7475779e-08  -1.2377948e-08  -2.5874449e-08  -1.8722057e-08   2.7512714e-09  -1.6847115e-09
   0.0000000e+00  -1.2546781e-07  -3.7038146e-07  -5.3318638e-07  -5.9102211e-07  -6.2879093e-07  -6.6773555e-07  -5.6768801e-07  -3.7929024e-07  -2.3739263e-07  -1.9646687e-07  -1.7824182e-07  -1.1685922e-07  -9.8744799e-08  -7.8036244e-08  -4.2853955e-08  -5.3549488e-08  -2.8631076e-08  -3.1800205e-08  -1.2074900e-08   5.2257980e-09  -1.0016270e-08  -1.0791132e-08
   0.0000000e+00  -1.8127936e-07  -3.4831018e-07  -5.0134526e-07  -5.8876049e-07  -7.2134281e-07  -6.3927536e-07  -5.4538305e-07  -3.6308822e-07  -2.4940181e-07  -2.2814466e-07  -1.4804043e-07  -1.0848220e-07  -1.0537511e-07  -7.5057216e-08  -7.2671448e-08  -3.6746989e-08  -2.2740302e-08  -6.5156036e-09  -1.6710466e-08  -1.7672525e-08  -4.3510782e-09   1.6229695e-08
   0.0000000e+00  -1.1447513e-07  -3.5140170e-07  -5.2376697e-07  -5.7694518e-07  -5.9736988e-07  -7.5270344e-07  -5.3042214e-07  -3.6938826e-07  -2.9199452e-07  -1.5615626e-07  -1.3654291e-07  -1.5433085e-07  -1.0379258e-07  -6.7257908e-08  -3.8065220e-08  -3.0505479e-08  -3.3157381e-08  -2.9795791e-08  -4.7447335e-09  -6.2580252e-09   6.7033894e-09  -1.2907710e-08
   0.0000000e+00  -1.6436003e-07  -3.5791558e-07  -5.5629283e-07  -5.8143189e-07  -6.6500314e-07  -6.3080705e-07  -5.5452500e-07  -3.8587487e-07  -2.4850411e-07  -2.0427308e-07  -1.7904625e-07  -1.0068392e-07  -7.5160081e-08  -8.0011780e-08  -7.0257578e-08  -3.6270372e-08  -1.9436982e-08  -1.0756442e-08  -2.3153243e-08   3.9359254e-09  -1.2982466e-08   1.4126115e-08
   0.0000000e+00  -7.6728654e-08  -3.9482200e-07  -4.7458221e-07  -6.4681331e-07  -6.3839406e-07  -6.9953416e-07  -5.4162666e-07  -3.6475376e-07  -2.3873420e-07  -2.1671551e-07  -1.2297959e-07  -1.3700812e-07  -1.0215634e-07  -7.7937877e-08  -3.1666072e-08  -3.3534931e-08  -3.4921264e-08  -2.0945762e-08   2.1898872e-09  -1.2709062e-08   2.0156037e-09  -4.3069486e-09
   0.0000000e+00  -2.2487018e-07  -2.9861570e-07  -5.2294962e-07  -5.2788192e-07  -6.9392917e-07  -6.5555457e-07  -5.6350126e-07  -3.8142099e-07  -2.8158749e-07  -1.6024285e-07  -1.7219323e-07  -1.0032053e-07  -1.0372302e-07  -6.5335669e-08  -4.3534111e-08  -4.0289013e-08  -2.1895238e-08   7.1065714e-10  -3.0615773e-08  -5.3853468e-09   6.3910193e-09   7.6662970e-10
   0.0000000e+00  -5.6565991e-08  -4.1395825e-07  -5.5270755e-07  -5.9518004e-07  -6.2229554e-07  -6.9387886e-07  -5.3602531e-07  -3.6137709e-07  -2.4184646e-07  -2.2416087e-07  -1.4133839e-07  -1.3067924e-07  -8.4862130e-08  -5.3775100e-08  -6.4788260e-08  -3.3876383e-08  -4.6439244e-09  -3.8369308e-08   8.7920524e-09  -8.6972046e-10  -9.9437401e-09   1.1432179e-08
   0.0000000e+00  -1.8571676e-07  -3.2620088e-07  -5.2167115e-07  -6.0108266e-07  -6.5529952e-07  -6.8702877e-07  -5.6112219e-07  -3.6155163e-07  -2.8082189e-07  -1.6041201e-07  -1.5925424e-07  -1.0658368e-07  -8.6925553e-08  -8.2564377e-08  -3.9108969e-08  -1.1737733e-08  -4.4403333e-08   1.4160952e-09  -1.6834459e-08   3.3989813e-09   5.1198970e-09   1.4663715e-09
   0.0000000e+00  -1.2445933e-07  -3.6160475e-07  -4.5378363e-07  -6.1304900e-07  -6.5690733e-07  -6.5702113e-07  -5.2505845e-07  -4.0262233e-07  -2.3291852e-07  -2.1931474e-07  -1.3443535e-07  -1.2041514e-07  -1.0294533e-07  -5.3763245e-08  -4.2630177e-08  -4.3940176e-08  -6.3529368e-09  -1.9835973e-08   8.5200966e-09  -2.0169690e-08   8.6930205e-09   2.2025558e-08
   0.0000000e+00  -1.4045847e-07  -3.4899116e-07  -5.9985246e-07  -5.3512235e-07  -6.7129241e-07  -6.7951186e-07  -5.7605467e-07  -3.4864163e-07  -2.6806967e-07  -1.7765596e-07  -1.4931049e-07  -1.2003012e-07  -8.2123186e-08  -6.9692739e-08  -4.0809152e-08  -3.4414395e-08  -2.6548470e-08  -1.5986882e-09  -2.1594046e-08   9.6779855e-09   2.4613611e-09  -6.7193620e-09
   0.0000000e+00  -1.1132428e-07  -3.8597253e-07  -4.8365479e-07  -6.2431309e-07  -6.1899010e-07  -7.2664187e-07  -5.1056588e-07  -3.9383860e-07  -2.4785541e-07  -2.0248066e-07  -1.4828017e-07  -1.1355146e-07  -7.6804717e-08  -7.5466559e-08  -5.0171380e-08  -3.4413254e-08  -1.2347600e-08  -2.0510793e-08  -1.7262639e-08   1.4266519e-09  -2.4130902e-09  -4.9361808e-09
   0.0000000e+00  -1.6085600e-07  -3.2430111e-07  -5.1815107e-07  -5.6378053e-07  -6.7939476e-07  -6.1348408e-07  -5.7701129e-07  -3.3593639e-07  -2.6713454e-07  -1.7742899e-07  -1.4689866e-07  -1.1913608e-07  -1.1463939e-07  -5.5450258e-08  -4.9947971e-08  -2.9594007e-08  -3.2047016e-08  -3.0149181e-08   6.2423555e-09  -1.9043263e-08  -1.5025096e-08   1.1090107e-08
   0.0000000e+00  -1.2890287e-07  -3.9588724e-07  -4.8952245e-07  -6.4694285e-07  -6.4812855e-07  -7.2811707e-07  -5.3302870e-07  -4.1943895e-07  -2.5736088e-07  -1.9353949e-07  -1.5274098e-07  -1.1383582e-07  -6.1991955e-08  -1.0159042e-07  -4.6643521e-08  -4.5200476e-08  -2.8084095e-08  -1.0809323e-08  -2.9799576e-08  -1.5016228e-08   2.4091187e-10  -1.5335917e-08
   0.0000000e+00  -1.3837939e-07  -2.9308524e-07  -5.9305239e-07  -5.2409240e-07  -6.6878573e-07  -6.3745927e-07  -5.6130062e-07  -3.3763411e-07  -2.3883192e-07  -2.0416634e-07  -1.4188063e-07  -1.2180513e-07  -1.4365648e-07  -3.0091485e-08  -7.5769492e-08  -2.9746625e-08  -3.2496196e-08  -4.0803645e-08  -1.0844749e-08  -5.6690954e-09  -2.6950469e-08   5.3615996e-09
   0.0000000e+00  -9.9442076e-08  -4.0576788e-07  -4.7787574e-07  -5.9680917e-07  -6.3390121e-07  -7.2867965e-07  -5.3735653e-07  -4.0069247e-07  -2.8101832e-07  -1.8149294e-07  -1.6824957e-07  -1.2290407e-07  -6.3230374e-08  -1.0372932e-07  -5.0064600e-08  -6.2027148e-08  -3.4552322e-08  -7.3455597e-09  -3.3082816e-08  -3.2711540e-08   1.1508871e-08  -2.5910921e-08
   0.0000000e+00  -1.9784396e-07  -3.4725647e-07  -5.1940430e-07  -6.4619428e-07  -6.7232037e-07  -6.6224550e-07  -5.6296392e-07  -3.3794586e-07  -2.5157055e-07  -1.9477336e-07  -1.3447830e-07  -1.2957227e-07  -1.2975052e-07  -7.2108982e-08  -5.9605945e-08  -2.5852714e-08  -5.1751304e-08  -4.5097842e-08  -9.9813997e-09  -7.4584339e-09  -3.4761801e-08   5.8316201e-09
   0.0000000e+00  -7.1929684e-08  -3.7492444e-07  -5.1214118e-07  -5.5916354e-07  -6.5549665e-07  -6.7188085e-07  -5.3491055e-07  -4.2012974e-07  -2.6412641e-07  -2.1662333e-07  -1.6799315e-07  -1.1807018e-07  -7.4999200e-08  -9.3124982e-08  -6.9815961e-08  -6.1938657e-08  -2.5130019e-08  -1.0736128e-08  -4.1257987e-08  -2.5247109e-08   1.4507715e-09  -1.7864728e-08
   0.0000000e+00  -1.5921435e-07  -3.0984256e-07  -5.6005842e-07  -5.7488063e-07  -6.5009539e-07  -6.9326177e-07  -5.8337116e-07  -3.3245590e-07  -2.5713592e-07  -1.6344364e-07  -1.4985585e-07  -1.5069293e-07  -1.2021644e-07  -7.2870520e-08  -5.5556832e-08  -3.0621788e-08  -5.0792281e-08  -4.3718828e-08  -1.2548699e-08  -1.5298306e-09  -1.7379516e-08  -1.9783151e-08
   0.0000000e+00  -1.4680239e-07  -3.9711435e-07  -5.0494987e-07  -6.2310687e-07  -6.6874543e-07  -6.9906190e-07  -5.1122265e-07  -4.2645772e-07  -2.5649504e-07  -2.4435204e-07  -1.5987050e-07  -1.0388393e-07  -9.4599649e-08  -8.6836835e-08  -5.9916694e-08  -7.6085662e-08  -7.1028858e-09  -2.0741233e-08  -2.7658880e-08  -1.8476161e-08  -1.4089055e-08   1.1432431e-08
   0.0000000e+00  -1.2679200e-07  -3.3795502e-07  -5.1533351e-07  -5.6700600e-07  -6.6375230e-07  -6.5357000e-07  -5.7731654e-07  -3.3864677e-07  -2.7439060e-07  -1.4801525e-07  -1.6560801e-07  -1.3792784e-07  -1.1536505e-07  -7.2793334e-08  -5.9454869e-08  -1.9674438e-08  -5.6788977e-08  -2.4565605e-08  -9.9025748e-09  -1.0740218e-08  -6.6553141e-09  -1.1940634e-08
   0.0000000e+00  -1.0260460e-07  -3.7826177e-07  -5.0635555e-07  -6.2582518e-07  -6.4372915e-07  -7.1366503e-07  -5.5994701e-07  -3.9935776e-07  -2.6504352e-07  -2.3616221e-07  -1.4571545e-07  -1.1875375e-07  -9.0819078e-08  -8.8148354e-08  -5.6911432e-08  -5.5850386e-08  -1.0644698e-08  -3.1274336e-08  -1.0853016e-08  -1.0291186e-08  -1.0655627e-08   1.2699525e-08
   0.0000000e+00  -1.5083631e-07  -3.3751851e-07  -5.8274969e-07  -5.4767730e-07  -6.8438391e-07  -6.6861338e-07  -5.1996881e-07  -3.4847525e-07  -2.6207564e-07  -1.7529682e-07  -1.6486621e-07  -1.3262007e-07  -1.1150927e-07  -6.2175445e-08  -6.1206485e-08  -3.0005555e-08  -3.7048821e-08  -1.5762019e-08  -1.3433017e-08  -8.2681550e-09   8.7587521e-10  -1.0608500e-08
   0.0000000e+00  -1.5122289e-07  -3.6130754e-07  -4.5585253e-07  -6.5720377e-07  -6.2939472e-07  -6.9064475e-07  -6.0529607e-07  -4.2289861e-07  -2.5275673e-07  -2.2387518e-07  -1.3940571e-07  -1.2394194e-07  -9.3407998e-08  -9.1076210e-08  -4.9315613e-08  -4.4960601e-08  -2.8290696e-08  -1.5909185e-08  -1.0292817e-08  -1.4916214e-08  -5.4971174e-09   7.2099402e-09
   0.0000000e+00  -1.3264761e-07  -3.7524609e-07  -5.5791276e-07  -5.5191202e-07  -6.7477816e-07  -6.8790735e-07  -5.1737322e-07  -3.5125694e-07  -2.6090953e-07  -1.7363243e-07  -1.7998971e-07  -1.2306509e-07  -1.0644027e-07  -6.4395479e-08  -6.7169246e-08  -3.4732381e-08  -2.6444404e-08  -2.3149179e-08  -2.0478522e-08  -5.3722844e-09  -6.8727979e-09  -5.5148566e-09
   0.0000000e+00  -8.4102709e-08  -3.5811132e-07  -5.3609523e-07  -6.2021127e-07  -6.7281678e-07  -6.9366047e-07  -5.5212848e-07  -3.8244360e-07  -2.8115755e-07  -2.1974896e-07  -1.3741003e-07  -1.4211010e-07  -7.7222211e-08  -9.6682683e-08  -4.6098190e-08  -4.9691209e-08  -2.3087418e-08  -2.5421643e-08  -1.4892586e-08  -1.6022925e-08  -4.6696931e-09  -6.3643504e-09
   0.0000000e+00  -2.0674160e-07  -3.4443664e-07  -5.1661829e-07  -5.6403661e-07  -6.7358349e-07  -6.7113746e-07  -5.7673469e-07  -3.7338901e-07  -2.8159874e-07  -1.5524617e-07  -1.6620153e-07  -1.1498123e-07  -1.3398423e-07  -6.2375044e-08  -6.0194971e-08  -2.5987200e-08  -4.8258368e-08  -2.4782819e-08  -1.1651003e-08  -9.1733128e-09  -1.1988199e-08  -7.8353750e-09
   0.0000000e+00  -9.2106248e-08  -3.8170100e-07  -5.4670841e-07  -6.4084378e-07  -6.3028892e-07  -7.0786979e-07  -5.4199444e-07  -3.9273874e-07  -2.1972504e-07  -2.4949298e-07  -1.6214828e-07  -1.2171733e-07  -7.3189511e-08  -8.4925063e-08  -5.5072988e-08  -6.3425155e-08  -1.0281147e-08  -2.3425496e-08  -1.8030656e-08  -2.1194056e-08  -1.3768269e-08   1.0648372e-08
   0.0000000e+00  -1.9214609e-07  -3.7612867e-07  -5.0554615e-07  -5.9069322e-07  -7.0193727e-07  -6.6235896e-07  -5.7317044e-07  -3.7263496e-07  -2.6932952e-07  -1.7873445e-07  -1.4633571e-07  -1.2423503e-07  -1.1791018e-07  -7.3955455e-08  -5.7465574e-08  -2.2728482e-08  -4.5947132e-08  -2.3620087e-08  -1.5048590e-08  -1.2402941e-08  -8.2954443e-10  -1.5330375e-08
   0.0000000e+00  -6.9915593e-08  -3.5173321e-07  -5.4176411e-07  -6.0606436e-07  -6.1569563e-07  -7.2980521e-07  -5.1975564e-07  -3.8387554e-07  -2.8051696e-07  -2.0197800e-07  -1.4459373e-07  -1.2263456e-07  -9.7469396e-08  -6.9853982e-08  -5.5290776e-08  -5.1829570e-08  -1.4746812e-08  -2.5234240e-08  -1.1396467e-08  -1.2626160e-08  -9.6442410e-09   7.7997688e-09
   0.0000000e+00  -2.2505657e-07  -3.6557012e-07  -5.5542648e-07  -5.7450433e-07  -7.4024285e-07  -6.4825662e-07  -5.8600500e-07  -3.6622026e-07  -2.5370363e-07  -1.7552189e-07  -1.6714851e-07  -1.2171638e-07  -8.8399062e-08  -7.8056814e-08  -4.8421910e-08  -2.9225962e-08  -3.8703028e-08  -8.0664213e-09  -1.4670023e-08  -8.2933029e-09  -1.6929965e-09  -2.4096367e-09
   0.0000000e+00  -8.6122213e-08  -4.0275472e-07  -5.1764300e-07  -6.3550652e-07  -6.0650319e-07  -7.0414569e-07  -5.5157824e-07  -3.7897144e-07  -2.6223867e-07  -2.0582473e-07  -1.3625086e-07  -1.2258906e-07  -9.7822429e-08  -7.1959114e-08  -5.0924150e-08  -3.0289318e-08  -1.8031354e-08  -2.6445958e-08  -1.0048308e-08  -6.7320745e-09   6.2748740e-10  -6.6783659e-09
   0.0000000e+00  -1.8462488e-07  -3.3824998e-07  -5.4283663e-07  -5.7038920e-07  -6.9411709e-07  -6.9470900e-07  -5.2391624e-07  -3.7964355e-07  -2.5304490e-07  -1.8326762e-07  -1.7503316e-07  -1.0342045e-07  -9.3286538e-08  -5.5379271e-08  -5.7002680e-08  -4.5748614e-08  -1.9184116e-08  -3.3321039e-09  -1.4812782e-08  -1.3240130e-08  -4.1708650e-11   5.5865694e-09
   0.0000000e+00  -1.3957313e-07  -3.9306912e-07  -5.2153803e-07  -6.6018208e-07  -6.4054058e-07  -6.9924573e-07  -5.9584340e-07  -3.9229701e-07  -2.3828900e-07  -2.2076399e-07  -9.8528368e-08  -1.4197670e-07  -8.9763631e-08  -7.5331776e-08  -4.7167184e-08  -1.9325165e-08  -2.6690326e-08  -2.7610957e-08  -8.4577314e-09   3.3304970e-09  -1.7599938e-09  -4.0265111e-09
   0.0000000e+00  -1.6503152e-07  -3.5362007e-07  -5.6522777e-07  -5.5120751e-07  -6.9510872e-07  -6.5614660e-07  -5.2609437e-07  -3.4130886e-07  -2.9567019e-07  -1.6660125e-07  -1.8612312e-07  -9.7352057e-08  -9.9883735e-08  -7.1459660e-08  -4.3217604e-08  -3.7654548e-08  -2.8606955e-08  -1.0580778e-08  -9.4442729e-09  -6.9725741e-09  -3.7886188e-09   1.0923696e-08
   0.0000000e+00  -1.1507321e-07  -4.0950300e-07  -4.8749325e-07  -6.4328327e-07  -6.6125637e-07  -7.1181188e-07  -5.6739771e-07  -3.9785951e-07  -2.4004987e-07  -1.9935923e-07  -1.3649561e-07  -1.2960399e-07  -8.7499984e-08  -6.9397601e-08  -5.4366943e-08  -3.5305881e-08  -2.3023457e-08  -2.4293698e-08  -4.0923016e-09  -1.1943395e-08  -1.8441346e-09   3.0978702e-09
   0.0000000e+00  -1.8702370e-07  -3.5534052e-07  -5.9713199e-07  -5.7136714e-07  -6.5757672e-07  -6.8059285e-07  -5.5682108e-07  -3.6498446e-07  -2.7045010e-07  -1.8168409e-07  -1.6518702e-07  -1.2063673e-07  -8.7894350e-08  -7.7402497e-08  -4.8529888e-08  -4.2022123e-08  -2.2218806e-08  -1.3817281e-08  -2.6707708e-08  -3.1722716e-09  -3.3033483e-09  -2.8006990e-09
   0.0000000e+00  -1.3917344e-07  -3.8286331e-07  -4.9870533e-07  -6.1816939e-07  -6.5791954e-07  -7.0445589e-07  -5.2704127e-07  -4.0361385e-07  -2.4306860e-07  -2.1259184e-07  -1.4489152e-07  -1.0905659e-07  -1.1305332e-07  -6.3182533e-08  -6.0801931e-08  -4.1579568e-08  -1.9370095e-08  -2.7550925e-08  -8.4735161e-09  -8.7405878e-09  -2.9350549e-09  -7.8181523e-09
   0.0000000e+00  -1.7215639e-07  -3.2633082e-07  -5.5518001e-07  -5.9896104e-07  -6.9253298e-07  -6.6608914e-07  -5.8130047e-07  -3.4128175e-07  -2.6498356e-07  -1.9264851e-07  -1.4021680e-07  -1.4225084e-07  -9.0318814e-08  -7.3865124e-08  -4.4020002e-08  -2.7706232e-08  -4.3195417e-08  -1.5480195e-08  -6.8621957e-09  -9.1284136e-09  -1.0020611e-08   5.7840399e-09
   0.0000000e+00  -1.1110621e-07  -4.4047908e-07  -5.0771916e-07  -6.1979824e-07  -6.3476745e-07  -6.8055544e-07  -5.3376391e-07  -4.0167791e-07  -2.7273072e-07  -1.9121141e-07  -1.6562079e-07  -1.0759828e-07  -8.4450114e-08  -8.9610765e-08  -5.9579904e-08  -3.5825696e-08  -1.8691999e-08  -1.6036694e-08  -1.1203531e-08  -1.2509999e-08   3.3358181e-09  -9.1859970e-10
   0.0000000e+00  -1.8945011e-07  -3.4495153e-07  -5.5974260e-07  -5.6874683e-07  -6.7140604e-07  -6.9461612e-07  -5.8463456e-07  -3.3442223e-07  -2.5227880e-07  -1.8388319e-07  -1.4681508e-07  -1.2289885e-07  -1.1229031e-07  -5.2458510e-08  -5.3330421e-08  -2.4307514e-08  -3.6028872e-08  -1.4750953e-08  -1.0725775e-08   2.0770079e-10  -5.0304885e-09   9.0458281e-09
   0.0000000e+00  -1.2508278e-07  -3.6711847e-07  -5.0994413e-07  -6.1124661e-07  -6.5294768e-07  -7.0220887e-07  -4.9994412e-07  -4.0291815e-07  -2.6004551e-07  -2.0195182e-07  -1.4716754e-07  -1.1913099e-07  -8.3815245e-08  -8.1152962e-08  -3.7940620e-08  -5.5998949e-08  -1.5942790e-08   3.8384727e-09  -1.9422810e-08  -1.5233299e-08   1.9331331e-08  -1.0407392e-08
   0.0000000e+00  -1.7007679e-07  -3.4332632e-07  -5.4650457e-07  -5.9872787e-07  -6.7021864e-07  -6.3500784e-07  -5.7177607e-07  -3.6851131e-07  -2.3703369e-07  -1.8075660e-07  -1.5358674e-07  -1.1453815e-07  -1.1406623e-07  -5.7963057e-08  -5.6803728e-08  -2.1135531e-08  -1.9993969e-08  -3.3104683e-08  -6.5111481e-09   1.9424345e-08  -1.2602661e-08   3.4065490e-09
   0.0000000e+00  -1.2976177e-07  -4.0997224e-07  -5.2594834e-07  -5.8816653e-07  -6.4470703e-07  -7.1414490e-07  -5.3355762e-07  -3.7450619e-07  -2.7070885e-07  -1.9882707e-07  -1.4328111e-07  -1.2099177e-07  -6.3704071e-08  -7.9965233e-08  -5.5532407e-08  -2.9873931e-08  -2.1971152e-08  -9.2583656e-09  -9.3139869e-09  -1.1551873e-08   2.0049458e-09   4.4837316e-09
   0.0000000e+00  -1.4653457e-07  -3.3355619e-07  -5.1712891e-07  -5.7845017e-07  -6.6218371e-07  -6.6406079e-07  -5.5528568e-07  -3.3949573e-07  -2.4800917e-07  -1.8159736e-07  -1.4818283e-07  -1.2449431e-07  -1.1087513e-07  -6.7266512e-08  -4.0890033e-08  -4.0625959e-08  -2.6023240e-08  -2.0142677e-08  -2.2681745e-09  -7.9981461e-09  -5.0769637e-09  -3.5150327e-09
   0.0000000e+00  -1.3820727e-07  -3.9020242e-07  -5.0991088e-07  -6.1421338e-07  -6.4342549e-07  -6.8091657e-07  -5.3285493e-07  -3.8401296e-07  -2.6502326e-07  -1.9084196e-07  -1.3986593e-07  -1.1697295e-07  -8.2616594e-08  -7.7726298e-08  -3.9834735e-08  -3.8808828e-08  -2.6054748e-08  -1.6871399e-08  -2.0837744e-08  -1.2042106e-08  -6.0770642e-09  -4.5492401e-09
