   0.0000000e+00  -6.4944556e-09  -1.4502123e-09  -5.3209712e-09  -1.4939024e-09  -3.4336103e-09  -4.1879941e-10  -1.0916411e-09   3.0270864e-10  -1.7310410e-09   9.3902297e-10  -1.4344288e-09   1.2373049e-09  -1.5067890e-09   1.4082271e-09  -1.4224618e-09   1.5202425e-09  -1.5440860e-09   1.5072138e-09  -1.4312527e-09   1.3317742e-09  -1.2535355e-09   1.1719650e-09
   0.0000000e+00  -5.0623872e-10  -6.4148429e-09  -2.1551043e-09  -3.1301439e-09  -1.1169008e-09  -1.9838318e-09   1.6906951e-10  -1.5112201e-09   5.5237898e-10  -1.4745892e-09   1.1471540e-09  -1.5261081e-09   1.3831617e-09  -1.4192800e-09   1.4568046e-09  -1.5171132e-09   1.5408194e-09  -1.4988223e-09   1.4421644e-09  -1.3609150e-09   1.2569744e-09  -1.1584510e-09
   0.0000000e+00  -6.9293193e-09  -1.3834676e-09  -4.9489577e-09  -1.4716759e-09  -3.5086090e-09  -6.0610669e-11  -1.3951168e-09   2.6702729e-10  -1.3821645e-09   9.9350428e-10  -1.5684719e-09   1.2862195e-09  -1.4203594e-09   1.3715643e-09  -1.5754570e-09   1.4914128e-09  -1.5660567e-09   1.4878903e-09  -1.4709880e-09   1.3890231e-09  -1.2522200e-09   1.1370179e-09
   0.0000000e+00   5.5175946e-12  -6.1027658e-09  -1.9088069e-09  -3.3624810e-09  -1.5403492e-09  -1.4262574e-09   9.3923314e-10  -1.5597605e-09   5.4000521e-10  -1.6293144e-09   1.2491200e-09  -1.4021809e-09   1.2626525e-09  -1.4913284e-09   1.4748793e-09  -1.5859963e-09   1.5213504e-09  -1.5115095e-09   1.4751611e-09  -1.3913635e-09   1.2482431e-09  -1.1481230e-09
   0.0000000e+00  -6.3502554e-09  -1.4064228e-09  -5.3219109e-09  -9.8699426e-10  -2.8696145e-09  -2.2884945e-10  -1.0414680e-09   4.8291210e-10  -1.7445894e-09   9.7640762e-10  -1.5305575e-09   1.1873302e-09  -1.4833784e-09   1.4363838e-09  -1.5171301e-09   1.5102314e-09  -1.5936903e-09   1.5236408e-09  -1.4836122e-09   1.3612520e-09  -1.2609560e-09   1.1708340e-09
   0.0000000e+00  -5.7458888e-10  -6.3803780e-09  -1.8564497e-09  -3.4961456e-09  -1.6462576e-09  -1.9781041e-09   4.0187051e-10  -1.5602720e-09   7.4176687e-10  -1.5143896e-09   1.1073864e-09  -1.4297079e-09   1.3828279e-09  -1.5046737e-09   1.4464274e-09  -1.5543464e-09   1.5784921e-09  -1.5780023e-09   1.4514179e-09  -1.3711857e-09   1.2647855e-09  -1.1728402e-09
   0.0000000e+00  -6.3787216e-09  -1.0204965e-09  -5.0598743e-09  -1.3635769e-09  -2.6720746e-09   6.6648870e-10  -1.2441392e-09   3.8146344e-10  -1.6308787e-09   8.6611768e-10  -1.5243673e-09   1.2580555e-09  -1.4459857e-09   1.3968062e-09  -1.5308103e-09   1.5399160e-09  -1.6128640e-09   1.5341499e-09  -1.4723772e-09   1.3811348e-09  -1.2752398e-09   1.1609717e-09
   0.0000000e+00  -3.1015121e-10  -6.2215539e-09  -2.0165436e-09  -3.2677900e-09  -1.5760362e-09  -2.0060180e-09   7.0297163e-10  -1.5366156e-09   7.4645612e-10  -1.4825895e-09   1.1617292e-09  -1.4758645e-09   1.2901863e-09  -1.5144741e-09   1.4974844e-09  -1.6307579e-09   1.5539305e-09  -1.5335619e-09   1.4786606e-09  -1.4113212e-09   1.2741810e-09  -1.1554742e-09
   0.0000000e+00  -6.5246355e-09  -1.4412994e-09  -5.2816485e-09  -8.5298413e-10  -3.1329876e-09  -4.5739096e-10  -1.0647189e-09   4.6864113e-10  -1.6956847e-09   9.1720193e-10  -1.5670901e-09   1.2079309e-09  -1.4640325e-09   1.4487881e-09  -1.5815016e-09   1.5412631e-09  -1.5808455e-09   1.5361424e-09  -1.4906587e-09   1.4113969e-09  -1.2680690e-09   1.1663591e-09
   0.0000000e+00   4.5475182e-10  -5.8009388e-09  -1.3235261e-09  -3.7750278e-09  -1.2032185e-09  -1.3973264e-09   3.6415601e-10  -1.5398774e-09   7.9909374e-10  -1.5208633e-09   1.1004992e-09  -1.4886333e-09   1.3476794e-09  -1.5555089e-09   1.4872542e-09  -1.5774275e-09   1.5779357e-09  -1.5643679e-09   1.4770535e-09  -1.3790608e-09   1.2737619e-09  -1.1954653e-09
   0.0000000e+00  -7.1302098e-09  -1.8004732e-09  -5.0192184e-09  -5.3729521e-10  -3.5740584e-09  -3.1971198e-10  -9.0571750e-10   4.2301282e-10  -1.7487420e-09   9.3762298e-10  -1.5299135e-09   1.2531575e-09  -1.5381426e-09   1.4282893e-09  -1.5704623e-09   1.5494193e-09  -1.5941948e-09   1.5534954e-09  -1.4780051e-09   1.3614627e-09  -1.2907021e-09   1.2182327e-09
   0.0000000e+00  -1.2854846e-10  -5.8646537e-09  -1.9244000e-09  -3.5013104e-09  -1.2907891e-09  -1.6805367e-09   3.4057904e-10  -1.6865693e-09   6.6025474e-10  -1.6251436e-09   1.1424227e-09  -1.5515241e-09   1.3458932e-09  -1.5688509e-09   1.5010510e-09  -1.5905703e-09   1.5552828e-09  -1.5383613e-09   1.4725967e-09  -1.3938817e-09   1.2865127e-09  -1.2024414e-09
   0.0000000e+00  -6.6362347e-09  -9.0843583e-10  -5.1157363e-09  -1.1809155e-09  -3.6215488e-09  -7.8192491e-10  -1.2908539e-09   3.0772571e-10  -1.6182482e-09   9.3382357e-10  -1.5520454e-09   1.3114853e-09  -1.5213553e-09   1.4487298e-09  -1.6193390e-09   1.5347037e-09  -1.5524694e-09   1.5253621e-09  -1.4972004e-09   1.3992537e-09  -1.2810681e-09   1.1956828e-09
   0.0000000e+00   4.9978949e-10  -5.8349761e-09  -1.6281481e-09  -3.7695473e-09  -1.1042813e-09  -1.7321378e-09   2.6323213e-10  -1.6512510e-09   4.9634308e-10  -1.6228939e-09   1.1170405e-09  -1.5537813e-09   1.3729621e-09  -1.5590009e-09   1.5496635e-09  -1.5639552e-09   1.5306844e-09  -1.5487031e-09   1.4837835e-09  -1.3926968e-09   1.2892991e-09  -1.2057285e-09
   0.0000000e+00  -7.6718338e-09  -1.9813977e-09  -5.1317213e-09  -8.7231733e-10  -3.5798993e-09  -3.5814085e-10  -1.3313756e-09   3.6127423e-10  -1.5271497e-09   9.9937603e-10  -1.5976770e-09   1.2605620e-09  -1.5621353e-09   1.4940278e-09  -1.5337014e-09   1.5240764e-09  -1.5707337e-09   1.5454215e-09  -1.4677235e-09   1.3975037e-09  -1.2818279e-09   1.2286359e-09
   0.0000000e+00   8.5982149e-10  -5.6677631e-09  -2.0980608e-09  -3.6563943e-09  -1.3599492e-09  -1.5219853e-09   7.4136930e-10  -1.5496421e-09   3.2684419e-10  -1.6152224e-09   1.1229715e-09  -1.5976296e-09   1.4630414e-09  -1.5237587e-09   1.4919229e-09  -1.5609417e-09   1.5689852e-09  -1.5403588e-09   1.4849295e-09  -1.3607901e-09   1.3030675e-09  -1.2120311e-09
   0.0000000e+00  -7.7058440e-09  -1.3252158e-09  -4.8350040e-09  -1.2807778e-09  -3.4812822e-09  -6.2478073e-10  -1.8435702e-09   2.8359474e-11  -1.5180979e-09   9.3752817e-10  -1.5252211e-09   1.3163025e-09  -1.5466842e-09   1.4474569e-09  -1.5812465e-09   1.5346312e-09  -1.5545606e-09   1.5418852e-09  -1.4768928e-09   1.3783024e-09  -1.3046069e-09   1.1990411e-09
   0.0000000e+00  -4.8767390e-10  -6.2354966e-09  -1.9350528e-09  -3.7102188e-09  -1.3983843e-09  -1.7524339e-09   4.6999926e-10  -1.7347346e-09   5.9183208e-10  -1.6403631e-09   1.1403416e-09  -1.5163684e-09   1.4091386e-09  -1.5502374e-09   1.4944711e-09  -1.5636470e-09   1.5419506e-09  -1.5420043e-09   1.4675302e-09  -1.4285457e-09   1.2643200e-09  -1.2069955e-09
   0.0000000e+00  -6.5381345e-09  -1.2907174e-09  -5.2518887e-09  -1.2804916e-09  -3.3688059e-09  -1.1108567e-10  -1.2811928e-09   2.4605409e-10  -1.6670106e-09   9.6855268e-10  -1.5285276e-09   1.3638189e-09  -1.5582030e-09   1.4466104e-09  -1.5693573e-09   1.5173315e-09  -1.5700509e-09   1.5190805e-09  -1.5089175e-09   1.3819610e-09  -1.2869598e-09   1.1869683e-09
   0.0000000e+00   2.5160099e-10  -6.1381349e-09  -2.2171172e-09  -3.2276877e-09  -1.7356713e-09  -2.2520668e-09   5.6384031e-10  -1.1729347e-09   4.9159310e-10  -1.6190800e-09   1.1175426e-09  -1.5604796e-09   1.4241035e-09  -1.5370644e-09   1.4695883e-09  -1.5682727e-09   1.5335089e-09  -1.5633795e-09   1.4763198e-09  -1.4011872e-09   1.2815952e-09  -1.1906112e-09
   0.0000000e+00  -7.7923996e-09  -1.6210338e-09  -5.0103717e-09  -1.2901720e-09  -3.3003136e-09  -3.4235512e-12  -1.2928066e-09   1.2629475e-10  -1.7324323e-09   9.0296215e-10  -1.4954981e-09   1.3455836e-09  -1.5761513e-09   1.4062005e-09  -1.5403918e-09   1.5248782e-09  -1.5942138e-09   1.5281113e-09  -1.4763695e-09   1.3924460e-09  -1.2830258e-09   1.1995692e-09
   0.0000000e+00  -1.7587728e-10  -6.1542718e-09  -2.0167998e-09  -3.8101988e-09  -1.2469034e-09  -1.5180855e-09   4.6932880e-10  -1.6424707e-09   6.0507915e-10  -1.6120948e-09   1.1689101e-09  -1.6439626e-09   1.3614317e-09  -1.5135461e-09   1.4737914e-09  -1.5618908e-09   1.5581161e-09  -1.5427633e-09   1.4751360e-09  -1.3831472e-09   1.2839924e-09  -1.1992272e-09
   0.0000000e+00  -5.9859691e-09  -1.6634749e-09  -5.8727143e-09  -1.0648643e-09  -3.2731198e-09  -4.4158466e-10  -1.3317073e-09   4.1420031e-10  -1.5164860e-09   9.8523589e-10  -1.5898775e-09   1.2370563e-09  -1.5796294e-09   1.4570948e-09  -1.5188045e-09   1.5322602e-09  -1.5529398e-09   1.5225214e-09  -1.4822936e-09   1.3879441e-09  -1.2897031e-09   1.1768982e-09
   0.0000000e+00  -6.8702449e-10  -6.6328294e-09  -1.9521746e-09  -3.3513856e-09  -1.3216410e-09  -1.6145257e-09   5.3300347e-10  -1.5365514e-09   5.3834043e-10  -1.6133773e-09   1.1351371e-09  -1.5124118e-09   1.4030125e-09  -1.5259000e-09   1.4791851e-09  -1.5804469e-09   1.5437469e-09  -1.5476379e-09   1.4681206e-09  -1.3965584e-09   1.2732400e-09  -1.1875192e-09
   0.0000000e+00  -7.1510882e-09  -1.1953639e-09  -4.7746935e-09  -1.0825925e-09  -3.7073820e-09  -5.6680544e-10  -1.2703193e-09   5.3461680e-10  -1.5652141e-09   1.0083194e-09  -1.6298766e-09   1.2884613e-09  -1.4757199e-09   1.4266420e-09  -1.5664797e-09   1.5203552e-09  -1.5904295e-09   1.5180588e-09  -1.4798458e-09   1.3730855e-09  -1.2876600e-09   1.1835480e-09
   0.0000000e+00   1.1005182e-09  -5.6651746e-09  -1.6991236e-09  -3.9441130e-09  -1.5788758e-09  -1.6610423e-09   5.1213889e-10  -1.6706043e-09   6.2916317e-10  -1.5384644e-09   1.1908589e-09  -1.5293877e-09   1.3426322e-09  -1.5330260e-09   1.5055363e-09  -1.5856166e-09   1.5416979e-09  -1.5383653e-09   1.4651759e-09  -1.3815499e-09   1.2846710e-09  -1.1846878e-09
   0.0000000e+00  -7.3150690e-09  -1.8277270e-09  -5.5997686e-09  -9.0356883e-10  -3.2117697e-09  -3.1731279e-10  -1.1942136e-09   4.4518214e-10  -1.7187806e-09   9.0445684e-10  -1.4687809e-09   1.2451498e-09  -1.4957136e-09   1.4599696e-09  -1.5663710e-09   1.5525197e-09  -1.5589838e-09   1.5295745e-09  -1.4775444e-09   1.3756194e-09  -1.2766789e-09   1.1894039e-09
   0.0000000e+00  -4.6954646e-10  -6.3841141e-09  -1.7866801e-09  -3.6811294e-09  -1.2717009e-09  -1.4145810e-09   4.6702936e-10  -1.7052151e-09   7.7694923e-10  -1.5803662e-09   1.0911553e-09  -1.4785031e-09   1.3576998e-09  -1.5233247e-09   1.5328037e-09  -1.5730476e-09   1.5459617e-09  -1.5300970e-09   1.4731195e-09  -1.3735226e-09   1.2795527e-09  -1.1849977e-09
   0.0000000e+00  -6.5666135e-09  -8.4371399e-10  -5.0005937e-09  -1.3999366e-09  -3.4692906e-09  -3.6724487e-10  -1.1734959e-09   5.9026084e-10  -1.6999182e-09   9.5367592e-10  -1.4834671e-09   1.2582219e-09  -1.4661012e-09   1.4742515e-09  -1.6046890e-09   1.5401207e-09  -1.5654154e-09   1.5223177e-09  -1.4713627e-09   1.3726189e-09  -1.2750162e-09   1.2051509e-09
   0.0000000e+00   3.7127179e-10  -6.1264296e-09  -1.8054115e-09  -3.3866905e-09  -1.4264392e-09  -1.8492344e-09   3.5426712e-10  -1.6625363e-09   6.6687633e-10  -1.4727748e-09   1.0411068e-09  -1.5079359e-09   1.3872137e-09  -1.5509701e-09   1.5370710e-09  -1.5834555e-09   1.5434184e-09  -1.5372243e-09   1.4609858e-09  -1.3683505e-09   1.2854258e-09  -1.2001909e-09
   0.0000000e+00  -6.8572077e-09  -1.7976310e-09  -5.6727369e-09  -5.7382671e-10  -3.0722385e-09  -2.5858701e-10  -1.3692827e-09   3.8841333e-10  -1.6268039e-09   9.0920654e-10  -1.4342900e-09   1.2732021e-09  -1.5531417e-09   1.5013427e-09  -1.5551416e-09   1.5550423e-09  -1.5733245e-09   1.5153221e-09  -1.4600942e-09   1.3842089e-09  -1.2788623e-09   1.2224829e-09
   0.0000000e+00  -4.4773091e-10  -6.1478374e-09  -1.6658201e-09  -3.9882302e-09  -1.4099235e-09  -1.4852468e-09   5.0202997e-10  -1.8366488e-09   6.8434636e-10  -1.5452480e-09   1.0859142e-09  -1.5194289e-09   1.4348831e-09  -1.5363775e-09   1.5521953e-09  -1.5953171e-09   1.5410562e-09  -1.5073015e-09   1.4597277e-09  -1.3896152e-09   1.2840291e-09  -1.2201885e-09
   0.0000000e+00  -6.2906285e-09  -1.3547735e-09  -5.3537699e-09  -1.2164530e-09  -3.2923611e-09  -4.4109244e-10  -1.3243908e-09   6.9882372e-10  -1.5985739e-09   9.2821117e-10  -1.4545050e-09   1.3210415e-09  -1.5247215e-09   1.4384142e-09  -1.6282112e-09   1.5443736e-09  -1.5373108e-09   1.5103064e-09  -1.4714555e-09   1.3827954e-09  -1.3035528e-09   1.2029330e-09
   0.0000000e+00  -1.1109312e-09  -6.7574821e-09  -1.8456956e-09  -3.1494261e-09  -1.7471679e-09  -1.8695376e-09   7.7170004e-10  -1.6660280e-09   5.3557148e-10  -1.5606020e-09   1.1591988e-09  -1.5162761e-09   1.4140322e-09  -1.6128988e-09   1.5189310e-09  -1.5605954e-09   1.5349051e-09  -1.5185150e-09   1.4611102e-09  -1.3982570e-09   1.2905991e-09  -1.2228664e-09
   0.0000000e+00  -5.7333764e-09  -1.0333500e-09  -5.6105973e-09  -1.4836803e-09  -3.3103826e-09  -2.1988282e-10  -1.3660413e-09   4.6317405e-10  -1.6557201e-09   1.0620793e-09  -1.4862465e-09   1.1783539e-09  -1.5842274e-09   1.5099013e-09  -1.5675379e-09   1.5180240e-09  -1.5785677e-09   1.5178759e-09  -1.4893698e-09   1.3802821e-09  -1.2992328e-09   1.2164287e-09
   0.0000000e+00  -3.4919242e-10  -6.3603225e-09  -1.3973042e-09  -3.6896426e-09  -1.6437204e-09  -1.2444107e-09   8.8475310e-10  -1.8808439e-09   6.7190775e-10  -1.6239392e-09   1.0596536e-09  -1.5168535e-09   1.4048172e-09  -1.5498320e-09   1.5252800e-09  -1.5736267e-09   1.5515366e-09  -1.5592477e-09   1.4718469e-09  -1.3822111e-09   1.3009170e-09  -1.2270792e-09
   0.0000000e+00  -7.0833881e-09  -1.4531120e-09  -5.6127303e-09  -1.4253133e-09  -2.8010010e-09  -4.9809867e-10  -1.8793669e-09   5.4815885e-10  -1.6453481e-09   8.6616325e-10  -1.5141196e-09   1.2743869e-09  -1.5544358e-09   1.4672155e-09  -1.5982624e-09   1.5569737e-09  -1.5957478e-09   1.5346956e-09  -1.4942406e-09   1.3904025e-09  -1.3024295e-09   1.2216698e-09
   0.0000000e+00  -2.6123403e-10  -6.4932593e-09  -2.2014284e-09  -3.3333409e-09  -2.0989175e-09  -2.1107871e-09   1.0343418e-09  -1.5183276e-09   6.1047295e-10  -1.5129356e-09   1.0369753e-09  -1.5743176e-09   1.3869018e-09  -1.5489026e-09   1.5358236e-09  -1.6203506e-09   1.5763040e-09  -1.5649660e-09   1.4897927e-09  -1.4168821e-09   1.2847432e-09  -1.2034719e-09
   0.0000000e+00  -5.6545502e-09  -1.0984045e-09  -5.2473581e-09  -1.3664979e-09  -3.3190235e-09   2.0903146e-10  -1.2370274e-09   2.5203375e-10  -1.8355615e-09   9.2836927e-10  -1.4124254e-09   1.2466589e-09  -1.5439371e-09   1.4635930e-09  -1.6206282e-09   1.5857157e-09  -1.6169402e-09   1.5490591e-09  -1.5065024e-09   1.3958568e-09  -1.3025546e-09   1.1920777e-09
   0.0000000e+00  -1.6267683e-09  -6.7813559e-09  -1.7816265e-09  -3.6516818e-09  -1.1514454e-09  -1.9921562e-09   2.1205758e-10  -1.5606778e-09   7.3213058e-10  -1.5760377e-09   1.0806847e-09  -1.4750257e-09   1.3829353e-09  -1.6178624e-09   1.5639736e-09  -1.6279301e-09   1.5946353e-09  -1.5770789e-09   1.4915401e-09  -1.4038569e-09   1.2989472e-09  -1.2186295e-09
   0.0000000e+00  -6.3793126e-09  -1.1663255e-09  -5.2716005e-09  -1.3237009e-09  -3.3343592e-09  -8.8685524e-11  -1.4985118e-09   3.9377870e-10  -1.6289941e-09   8.7605290e-10  -1.4911163e-09   1.2641267e-09  -1.5457332e-09   1.5072372e-09  -1.6170173e-09   1.5755789e-09  -1.6127716e-09   1.5754593e-09  -1.5170446e-09   1.4114194e-09  -1.3018813e-09   1.2105780e-09
   0.0000000e+00  -2.9045230e-10  -6.3485230e-09  -1.9552171e-09  -3.2592218e-09  -1.9639932e-09  -2.4197699e-09   9.1817642e-10  -1.4748924e-09   6.2746186e-10  -1.5467413e-09   1.0994525e-09  -1.5279012e-09   1.4527907e-09  -1.5505714e-09   1.5650176e-09  -1.6178525e-09   1.5944692e-09  -1.5818584e-09   1.5159215e-09  -1.4204440e-09   1.3164829e-09  -1.2073904e-09
   0.0000000e+00  -7.4291604e-09  -1.7864742e-09  -5.2677138e-09  -1.2864676e-09  -3.0766345e-09   3.3562778e-10  -1.4349192e-09   3.9290901e-10  -1.6910641e-09   9.3192820e-10  -1.5191366e-09   1.3493365e-09  -1.5265805e-09   1.5200508e-09  -1.6303463e-09   1.6118139e-09  -1.6158456e-09   1.5668616e-09  -1.5088991e-09   1.4373379e-09  -1.3194099e-09   1.2296522e-09
   0.0000000e+00  -4.8216997e-10  -6.6049903e-09  -2.1353952e-09  -3.5363863e-09  -1.0552768e-09  -1.9068711e-09   1.4515880e-10  -1.9375626e-09   7.1407724e-10  -1.4628255e-09   1.2406132e-09  -1.5260514e-09   1.4218484e-09  -1.5884205e-09   1.5320278e-09  -1.6413202e-09   1.5991145e-09  -1.5897276e-09   1.5277831e-09  -1.4355147e-09   1.3234135e-09  -1.2325534e-09
   0.0000000e+00  -6.6694210e-09  -1.0235841e-09  -5.2922289e-09  -1.2697507e-09  -3.3169281e-09  -4.5433529e-10  -1.2603844e-09   5.2556653e-10  -1.6938541e-09   9.9789632e-10  -1.6308466e-09   1.3727414e-09  -1.5878548e-09   1.4549560e-09  -1.6316248e-09   1.5926324e-09  -1.6225908e-09   1.5829411e-09  -1.5307630e-09   1.4357777e-09  -1.3246835e-09   1.2445052e-09
   0.0000000e+00  -3.6168171e-10  -6.7081030e-09  -1.4586534e-09  -3.0165415e-09  -2.0275173e-09  -1.9107858e-09   7.4445305e-10  -1.5677833e-09   5.9748712e-10  -1.6154182e-09   1.2601729e-09  -1.6528781e-09   1.4026628e-09  -1.5928502e-09   1.5916698e-09  -1.6351221e-09   1.5974094e-09  -1.5950519e-09   1.5189849e-09  -1.4490590e-09   1.3289055e-09  -1.2432769e-09
   0.0000000e+00  -6.7454327e-09  -1.5068652e-09  -5.6626788e-09  -1.3186412e-09  -3.1193663e-09  -2.6777328e-10  -1.6794350e-09   3.7815948e-10  -1.5776689e-09   9.6690811e-10  -1.6840884e-09   1.3213579e-09  -1.5542702e-09   1.5389534e-09  -1.6313974e-09   1.5876850e-09  -1.6084235e-09   1.5973944e-09  -1.5491425e-09   1.4422715e-09  -1.3266794e-09   1.2531450e-09
   0.0000000e+00  -2.0619391e-10  -5.8335821e-09  -1.8795878e-09  -4.1211132e-09  -1.2790179e-09  -1.6206565e-09   5.1939086e-10  -1.4614480e-09   8.6333729e-10  -1.6993921e-09   1.1591798e-09  -1.5806428e-09   1.4937709e-09  -1.6097610e-09   1.5564433e-09  -1.6303531e-09   1.6036845e-09  -1.6274162e-09   1.5445635e-09  -1.4448843e-09   1.3276649e-09  -1.2540793e-09
   0.0000000e+00  -6.9302617e-09  -1.6188269e-09  -5.0661768e-09  -6.3429384e-10  -3.8936139e-09  -4.9751903e-10  -9.2001107e-10   4.2226175e-10  -1.7658247e-09   1.0080844e-09  -1.5559521e-09   1.4063225e-09  -1.6278908e-09   1.5105189e-09  -1.6064386e-09   1.6103074e-09  -1.6424209e-09   1.6111861e-09  -1.5407559e-09   1.4437259e-09  -1.3499194e-09   1.2480631e-09
   0.0000000e+00   1.4235801e-10  -6.1564789e-09  -2.0655182e-09  -3.6463816e-09  -1.1841551e-09  -1.8667199e-09   5.9242006e-10  -1.4642811e-09   5.4886484e-10  -1.5150478e-09   1.2717418e-09  -1.6754984e-09   1.3993707e-09  -1.5885365e-09   1.5724506e-09  -1.6696343e-09   1.6347058e-09  -1.6073974e-09   1.5453540e-09  -1.4631489e-09   1.3458302e-09  -1.2425377e-09
   0.0000000e+00  -6.5360415e-09  -1.0006519e-09  -5.1986522e-09  -1.2844603e-09  -3.2327760e-09   2.8950300e-10  -1.5625550e-09   3.4296890e-10  -1.5399519e-09   9.4260910e-10  -1.6495599e-09   1.3475748e-09  -1.6074682e-09   1.5089336e-09  -1.6369186e-09   1.6296512e-09  -1.6505621e-09   1.5922224e-09  -1.5725576e-09   1.4734964e-09  -1.3408405e-09   1.2353533e-09
   0.0000000e+00   8.3265783e-10  -6.0863545e-09  -1.7340959e-09  -3.3500163e-09  -1.6105530e-09  -1.8923254e-09   8.2606516e-10  -1.6264066e-09   5.4651911e-10  -1.6400336e-09   1.1922613e-09  -1.6078333e-09   1.4473575e-09  -1.6195205e-09   1.5974476e-09  -1.6301186e-09   1.6292987e-09  -1.6244824e-09   1.5604253e-09  -1.4718144e-09   1.3365099e-09  -1.2484151e-09
   0.0000000e+00  -8.3548857e-09  -1.5091758e-09  -5.0394360e-09  -1.2694333e-09  -3.2636063e-09  -2.0655161e-10  -1.3656541e-09   3.5600650e-10  -1.6751482e-09   9.7474273e-10  -1.6022749e-09   1.3434864e-09  -1.6121040e-09   1.5521745e-09  -1.6316475e-09   1.5762163e-09  -1.6952391e-09   1.6365979e-09  -1.5603637e-09   1.4486371e-09  -1.3382458e-09   1.2660963e-09
   0.0000000e+00   1.0886319e-09  -5.7712959e-09  -2.1408104e-09  -3.4020247e-09  -1.2014446e-09  -1.6124010e-09   6.8374001e-10  -1.6620113e-09   6.0817684e-10  -1.6401864e-09   1.1917382e-09  -1.6115876e-09   1.5520165e-09  -1.6041786e-09   1.5304702e-09  -1.6582645e-09   1.6471237e-09  -1.6456252e-09   1.5508164e-09  -1.4472604e-09   1.3445484e-09  -1.2689821e-09
   0.0000000e+00  -7.1158652e-09  -1.1810937e-09  -4.9008606e-09  -1.1220602e-09  -3.0725871e-09  -1.1731806e-10  -1.5593992e-09   2.7306754e-10  -1.7014757e-09   9.6770281e-10  -1.5677716e-09   1.4850137e-09  -1.6092354e-09   1.5255777e-09  -1.6220832e-09   1.6232898e-09  -1.6649534e-09   1.6089025e-09  -1.5573528e-09   1.4691708e-09  -1.3483135e-09   1.2576665e-09
   0.0000000e+00  -2.2218735e-10  -6.5173076e-09  -1.6065820e-09  -3.2441223e-09  -1.6238034e-09  -1.6730044e-09   6.0566768e-10  -1.6796429e-09   7.0619738e-10  -1.5260756e-09   1.2551319e-09  -1.6336968e-09   1.4589677e-09  -1.5700418e-09   1.5917231e-09  -1.6552151e-09   1.6167854e-09  -1.6041838e-09   1.5703270e-09  -1.4914272e-09   1.3532317e-09  -1.2247694e-09
   0.0000000e+00  -6.2093291e-09  -1.4031446e-09  -5.8077343e-09  -7.1022810e-10  -3.1118095e-09  -7.7458273e-10  -1.1678183e-09   5.3590365e-10  -1.7202595e-09   1.0245046e-09  -1.6322369e-09   1.3647781e-09  -1.5975374e-09   1.5268420e-09  -1.6262099e-09   1.6203865e-09  -1.6184948e-09   1.6044388e-09  -1.5750979e-09   1.4706801e-09  -1.3607988e-09   1.2258173e-09
   0.0000000e+00  -3.7416753e-10  -5.8461369e-09  -1.3687007e-09  -4.0628270e-09  -1.5182828e-09  -1.6670559e-09   3.8535677e-10  -1.6417558e-09   7.5880952e-10  -1.6396979e-09   1.2077779e-09  -1.5858077e-09   1.4604793e-09  -1.6408066e-09   1.5596991e-09  -1.6257825e-09   1.6416662e-09  -1.6208178e-09   1.5475365e-09  -1.4587629e-09   1.3460824e-09  -1.2649161e-09
   0.0000000e+00  -6.8200197e-09  -1.6563287e-09  -5.1262403e-09  -9.7438824e-10  -3.3766294e-09  -4.5766328e-11  -9.4701469e-10   6.5311739e-10  -1.6346844e-09   8.9795071e-10  -1.5800928e-09   1.4113706e-09  -1.6348491e-09   1.4882032e-09  -1.6017810e-09   1.6133165e-09  -1.6489397e-09   1.6000415e-09  -1.5521511e-09   1.4355184e-09  -1.3584908e-09   1.2678329e-09
   0.0000000e+00   6.0018962e-11  -6.0992353e-09  -1.9616089e-09  -3.8356522e-09  -1.3686878e-09  -1.4563039e-09   6.6160516e-10  -1.7361907e-09   5.9394967e-10  -1.6408418e-09   1.2320001e-09  -1.6088290e-09   1.4754710e-09  -1.5894985e-09   1.5669920e-09  -1.6393569e-09   1.6196424e-09  -1.6074726e-09   1.5366691e-09  -1.4536189e-09   1.3476480e-09  -1.2604428e-09
   0.0000000e+00  -5.8976832e-09  -1.2957393e-09  -5.8292495e-09  -6.9749750e-10  -2.9284846e-09  -6.7889316e-10  -1.3476179e-09   4.8996673e-10  -1.7401118e-09   1.0557086e-09  -1.6135014e-09   1.3034873e-09  -1.5570877e-09   1.4915785e-09  -1.6609736e-09   1.5902316e-09  -1.6465792e-09   1.5757122e-09  -1.5545270e-09   1.4518973e-09  -1.3423831e-09   1.2387003e-09
   0.0000000e+00   8.9461116e-10  -6.0737144e-09  -1.2690843e-09  -3.6759147e-09  -1.6997520e-09  -1.4541901e-09   5.4663063e-10  -1.7409459e-09   8.2079987e-10  -1.6488724e-09   1.1192910e-09  -1.5379983e-09   1.4515495e-09  -1.5645655e-09   1.5798080e-09  -1.6605108e-09   1.5779258e-09  -1.6089254e-09   1.5275191e-09  -1.4549839e-09   1.3325252e-09  -1.2288991e-09
   0.0000000e+00  -8.6733394e-09  -1.2640627e-09  -5.0414375e-09  -1.4846703e-09  -3.3906524e-09  -5.1373639e-10  -1.5402287e-09   5.8299843e-10  -1.7293224e-09   9.7313058e-10  -1.4626405e-09   1.3514648e-09  -1.5262639e-09   1.5196132e-09  -1.6417353e-09   1.5802495e-09  -1.6404634e-09   1.5819048e-09  -1.5339308e-09   1.4150987e-09  -1.3392437e-09   1.2302038e-09
   0.0000000e+00   5.9455640e-10  -6.2634600e-09  -2.3150704e-09  -3.3961793e-09  -1.3076979e-09  -1.6045303e-09   5.6651484e-10  -1.8199323e-09   7.2800965e-10  -1.5697472e-09   1.1345553e-09  -1.4651399e-09   1.4214429e-09  -1.5625282e-09   1.5584581e-09  -1.6475785e-09   1.6195028e-09  -1.5934898e-09   1.5134783e-09  -1.4145779e-09   1.3112842e-09  -1.2419167e-09
   0.0000000e+00  -6.8067858e-09  -1.6917517e-09  -5.3004232e-09  -8.1526697e-10  -3.4221903e-09  -7.1462181e-10  -1.3642362e-09   3.0945235e-10  -1.7193033e-09   1.0583795e-09  -1.5089751e-09   1.2504066e-09  -1.4468660e-09   1.4709843e-09  -1.6357564e-09   1.6057015e-09  -1.6141729e-09   1.5847579e-09  -1.5155651e-09   1.4044577e-09  -1.3123113e-09   1.2067595e-09
   0.0000000e+00  -1.2190046e-09  -5.9397913e-09  -1.1493745e-09  -3.8583212e-09  -1.3213038e-09  -1.6433797e-09   3.6138875e-10  -1.6630857e-09   5.3439297e-10  -1.6637369e-09   1.1339321e-09  -1.4976013e-09   1.3118187e-09  -1.5947884e-09   1.5556845e-09  -1.6310816e-09   1.5771985e-09  -1.5927208e-09   1.4919478e-09  -1.4193839e-09   1.2841771e-09  -1.1951959e-09
   0.0000000e+00  -6.4649144e-09  -1.5404765e-09  -5.5263634e-09  -1.0364659e-09  -3.4639069e-09  -3.8993478e-10  -1.4920454e-09   2.9779498e-10  -1.6549555e-09   1.0371803e-09  -1.4505543e-09   1.1767780e-09  -1.5454024e-09   1.4360878e-09  -1.5999690e-09   1.5712730e-09  -1.6285077e-09   1.5423631e-09  -1.5049501e-09   1.3936163e-09  -1.2797574e-09   1.1878748e-09
   0.0000000e+00  -6.0972050e-10  -6.5191639e-09  -2.2662472e-09  -3.6870065e-09  -1.8772492e-09  -2.1692921e-09   3.1184977e-10  -1.5879867e-09   9.1227276e-10  -1.6115622e-09   1.0099498e-09  -1.4626916e-09   1.3364672e-09  -1.5245706e-09   1.4802400e-09  -1.6265870e-09   1.5920484e-09  -1.5642255e-09   1.4675785e-09  -1.3855265e-09   1.2794048e-09  -1.1822595e-09
   0.0000000e+00  -5.9780358e-09  -1.4931880e-09  -5.6690519e-09  -1.4439416e-09  -2.9542089e-09   6.6958529e-11  -8.5570390e-10   5.2095905e-10  -1.6395634e-09   1.0242672e-09  -1.4886884e-09   1.1595550e-09  -1.5480375e-09   1.4121790e-09  -1.5465925e-09   1.5568870e-09  -1.5954650e-09   1.5261908e-09  -1.4700159e-09   1.3783185e-09  -1.2753243e-09   1.1698587e-09
   0.0000000e+00  -1.5422408e-09  -6.3935439e-09  -1.5355073e-09  -3.4341094e-09  -1.6352626e-09  -1.5510012e-09   9.1777141e-10  -1.4724371e-09   5.9234484e-10  -1.4805537e-09   1.0667758e-09  -1.5156031e-09   1.3419620e-09  -1.5014926e-09   1.4883715e-09  -1.5642797e-09   1.5388610e-09  -1.5197965e-09   1.4720717e-09  -1.3799696e-09   1.2524942e-09  -1.1536284e-09
   0.0000000e+00  -6.3178174e-09  -1.2769961e-09  -5.1478444e-09  -1.4358402e-09  -2.8732521e-09  -8.0693917e-11  -1.6365129e-09   6.2917116e-10  -1.4420426e-09   7.7165796e-10  -1.4855668e-09   1.3004856e-09  -1.4712388e-09   1.3864324e-09  -1.5248970e-09   1.4891606e-09  -1.5402927e-09   1.5117801e-09  -1.4602736e-09   1.3609254e-09  -1.2453415e-09   1.1568091e-09
   0.0000000e+00   5.7193694e-10  -6.3998788e-09  -2.5378974e-09  -3.4499885e-09  -1.7079199e-09  -1.6518609e-09   9.0245128e-10  -1.6014405e-09   4.8950899e-10  -1.4879585e-09   1.1138490e-09  -1.5315406e-09   1.2917561e-09  -1.4998326e-09   1.4438276e-09  -1.5146984e-09   1.5044465e-09  -1.5038796e-09   1.4312486e-09  -1.3251266e-09   1.2516436e-09  -1.1584813e-09
   0.0000000e+00  -7.7972970e-09  -1.5130456e-09  -4.9942894e-09  -1.8394332e-09  -3.0975780e-09   9.1724794e-11  -1.1560167e-09   2.6307487e-10  -1.7216332e-09   8.1682738e-10  -1.5420200e-09   1.2027819e-09  -1.4672191e-09   1.4100332e-09  -1.4800015e-09   1.4607949e-09  -1.5069903e-09   1.4710645e-09  -1.4203380e-09   1.3307784e-09  -1.2321628e-09   1.1519770e-09
   0.0000000e+00  -1.1808310e-09  -6.8228982e-09  -2.4217828e-09  -3.2392629e-09  -1.6905582e-09  -2.4867459e-09   3.8407191e-11  -1.4376218e-09   6.2560296e-10  -1.4661227e-09   1.0707488e-09  -1.5364230e-09   1.3504838e-09  -1.4361701e-09   1.3801966e-09  -1.4756267e-09   1.4812512e-09  -1.4702460e-09   1.3937896e-09  -1.3417930e-09   1.2136152e-09  -1.1426340e-09
   0.0000000e+00  -6.4202395e-09  -2.0856425e-09  -5.0697948e-09  -9.5116348e-10  -3.2373542e-09   8.8134133e-13  -1.4063692e-09   3.2735525e-10  -1.3506345e-09   8.0629259e-10  -1.5239816e-09   1.3240226e-09  -1.4641105e-09   1.3183251e-09  -1.4382079e-09   1.4213604e-09  -1.5011071e-09   1.4339596e-09  -1.3934671e-09   1.3033726e-09  -1.2264797e-09   1.1148874e-09
   0.0000000e+00  -2.5498270e-10  -5.5887881e-09  -2.1565416e-09  -3.8245092e-09  -1.2327815e-09  -1.4329464e-09   6.9781259e-10  -1.3816076e-09   3.3226771e-10  -1.5606991e-09   1.2382896e-09  -1.4055364e-09   1.2400001e-09  -1.4344183e-09   1.3589354e-09  -1.4816928e-09   1.4413609e-09  -1.4309592e-09   1.3721516e-09  -1.3142148e-09   1.1978277e-09  -1.1008833e-09
   0.0000000e+00  -7.5828250e-09  -2.2622695e-09  -4.5996065e-09  -5.9630978e-10  -4.2850847e-09  -7.4478307e-10  -9.4600738e-10   1.0315597e-10  -1.4403210e-09   1.1765838e-09  -1.4624162e-09   1.0780882e-09  -1.3932199e-09   1.3618274e-09  -1.4283086e-09   1.3964654e-09  -1.4467949e-09   1.4150049e-09  -1.3774587e-09   1.2992148e-09  -1.1742335e-09   1.0869440e-09
   0.0000000e+00   5.2468579e-10  -5.4011742e-09  -2.4210738e-09  -3.9557353e-09  -3.6554476e-10  -1.6298759e-09  -4.5318230e-10  -1.3282334e-09   5.6543864e-10  -1.6091108e-09   1.0082454e-09  -1.3450148e-09   1.3147816e-09  -1.4284969e-09   1.3498770e-09  -1.4103912e-09   1.4326207e-09  -1.4121135e-09   1.3590259e-09  -1.2674064e-09   1.1761440e-09  -1.0579622e-09
   0.0000000e+00  -7.0071260e-09  -1.5258251e-09  -5.0082360e-09  -1.3032012e-09  -4.1391117e-09  -5.2032878e-10  -7.7608941e-10   2.2285687e-10  -1.5850579e-09   7.2663475e-10  -1.4634954e-09   1.1689582e-09  -1.3958911e-09   1.3070478e-09  -1.3398975e-09   1.3983337e-09  -1.4535073e-09   1.3996174e-09  -1.3149607e-09   1.2612562e-09  -1.1574722e-09   1.0634429e-09
   0.0000000e+00   7.7670620e-10  -5.7691887e-09  -1.9766093e-09  -3.0149148e-09  -1.3256584e-09  -1.7281799e-09  -3.7982385e-11  -1.5647992e-09   4.1141676e-10  -1.4088487e-09   1.0791512e-09  -1.4091791e-09   1.2079849e-09  -1.3220687e-09   1.3034407e-09  -1.4409164e-09   1.4298923e-09  -1.3625587e-09   1.3140060e-09  -1.2454989e-09   1.1444938e-09  -1.0563219e-09
   0.0000000e+00  -7.9797591e-09  -1.9620354e-09  -4.6910853e-09  -9.7035313e-10  -3.5256251e-09  -4.8857368e-10  -9.2088559e-10   1.6737096e-10  -1.5506976e-09   8.2713197e-10  -1.4210676e-09   1.1148673e-09  -1.3260616e-09   1.2601937e-09  -1.3957782e-09   1.3962843e-09  -1.3582813e-09   1.3606508e-09  -1.3105653e-09   1.2423226e-09  -1.1325670e-09   1.0410436e-09
   0.0000000e+00   1.2331711e-09  -5.6826388e-09  -2.8369700e-09  -4.2562291e-09  -1.2624138e-09  -1.7538063e-09   1.0209598e-10  -1.3540361e-09   6.3857519e-10  -1.4075378e-09   9.6989461e-10  -1.4166229e-09   1.1600046e-09  -1.3953765e-09   1.3306343e-09  -1.3405292e-09   1.3425201e-09  -1.3586311e-09   1.3091546e-09  -1.2321083e-09   1.1107381e-09  -1.0384091e-09
   0.0000000e+00  -8.4269400e-09  -2.4543847e-09  -4.5800341e-09  -7.5545026e-10  -3.2580754e-09  -1.9207528e-12  -8.9967500e-10   1.6461925e-10  -1.4142368e-09   7.9216328e-10  -1.4169668e-09   1.0944432e-09  -1.3888357e-09   1.2280340e-09  -1.3259889e-09   1.2784799e-09  -1.3983353e-09   1.3443177e-09  -1.3043204e-09   1.1883095e-09  -1.1127884e-09   1.0506143e-09
   0.0000000e+00  -1.1428576e-09  -5.9276735e-09  -1.3825193e-09  -3.0268703e-09  -1.9242383e-09  -2.0054050e-09   5.9349720e-10  -1.0851311e-09   4.0371614e-10  -1.4867674e-09   1.0185385e-09  -1.4147193e-09   1.1658736e-09  -1.2994454e-09   1.2203382e-09  -1.3628808e-09   1.3643607e-09  -1.3520199e-09   1.2592776e-09  -1.1806692e-09   1.1122826e-09  -1.0372860e-09
   0.0000000e+00  -6.2682601e-09  -1.5027622e-09  -5.3581592e-09  -1.3648916e-09  -2.9169220e-09   2.5717910e-11  -7.6422779e-10   5.4451242e-11  -1.5032467e-09   7.7537865e-10  -1.4700093e-09   1.1541299e-09  -1.2636513e-09   1.1605098e-09  -1.3026433e-09   1.3253818e-09  -1.3727846e-09   1.2958140e-09  -1.2925817e-09   1.1855544e-09  -1.1006422e-09   9.9572861e-10
   0.0000000e+00   5.6243659e-11  -5.7452674e-09  -2.3478028e-09  -3.7792702e-09  -7.0410983e-10  -1.2884067e-09  -4.0554249e-10  -1.3449150e-09   4.8472426e-10  -1.3969763e-09   1.0134613e-09  -1.3787912e-09   1.1527240e-09  -1.2030705e-09   1.2497494e-09  -1.3456319e-09   1.3163322e-09  -1.3205934e-09   1.2939174e-09  -1.1996906e-09   1.0693504e-09  -9.6004571e-10
   0.0000000e+00  -7.1294939e-09  -1.8243709e-09  -4.6455613e-09  -6.3677458e-10  -3.9900350e-09  -4.3022222e-10  -4.0420467e-10   8.3622075e-11  -1.3435707e-09   8.2614515e-10  -1.4409294e-09   1.1018569e-09  -1.2175643e-09   1.1732803e-09  -1.2660859e-09   1.3080595e-09  -1.3475883e-09   1.3310740e-09  -1.2715873e-09   1.1804415e-09  -1.0545579e-09   9.6209440e-10
   0.0000000e+00  -4.6811149e-10  -5.3330647e-09  -1.5202476e-09  -3.4969736e-09  -1.6251178e-09  -1.9533306e-09  -5.8244805e-11  -1.2579110e-09   2.9202443e-10  -1.5784211e-09   1.0504172e-09  -1.2328776e-09   1.1764868e-09  -1.1409839e-09   1.2166957e-09  -1.3191334e-09   1.3610929e-09  -1.3384033e-09   1.2377813e-09  -1.1586707e-09   1.0551157e-09  -9.5899000e-10
   0.0000000e+00  -5.9705001e-09  -1.3847832e-09  -5.4061928e-09  -2.0399540e-09  -3.3921301e-09  -4.7318682e-10  -9.4792674e-10  -9.9973772e-11  -1.3650991e-09   9.3273600e-10  -1.4061950e-09   1.1021980e-09  -1.2122664e-09   1.1089184e-09  -1.2471696e-09   1.2905953e-09  -1.3578770e-09   1.3399494e-09  -1.2378464e-09   1.1604846e-09  -1.0226762e-09   9.6810415e-10
   0.0000000e+00   8.7194962e-10  -5.9888841e-09  -2.8496989e-09  -3.4343064e-09  -1.0915363e-09  -1.7632250e-09  -1.1381873e-10  -1.2639033e-09   2.2128281e-10  -1.5644062e-09   1.0300698e-09  -1.2834691e-09   1.0578538e-09  -1.2561261e-09   1.1749801e-09  -1.3162569e-09   1.3388788e-09  -1.3109916e-09   1.2475571e-09  -1.1510324e-09   1.0445363e-09  -9.2857216e-10
   0.0000000e+00  -7.9765314e-09  -2.3884976e-09  -4.2869646e-09  -9.3212482e-10  -4.2760830e-09  -6.2320860e-10  -1.0857617e-09  -7.0637808e-11  -1.3687240e-09   8.4560198e-10  -1.3708755e-09   1.0474167e-09  -1.2767233e-09   1.0819017e-09  -1.2544236e-09   1.2994967e-09  -1.3294985e-09   1.2927964e-09  -1.2295465e-09   1.1534234e-09  -1.0482292e-09   9.2754571e-10
   0.0000000e+00   5.7022598e-10  -5.6339493e-09  -2.9427905e-09  -3.6263073e-09  -1.3546062e-09  -2.0633639e-09   4.0974230e-10  -1.1937230e-09   3.4519021e-10  -1.4047915e-09   9.0055258e-10  -1.3236975e-09   1.0822210e-09  -1.2028846e-09   1.2054618e-09  -1.3247450e-09   1.3125301e-09  -1.2874575e-09   1.2142168e-09  -1.1623387e-09   1.0202432e-09  -9.5658337e-10
   0.0000000e+00  -6.8110690e-09  -1.7096773e-09  -4.6302557e-09  -1.6037049e-09  -3.1668412e-09   6.8424169e-11  -1.0125756e-09  -7.4474212e-11  -1.2560198e-09   7.9322066e-10  -1.3661281e-09   1.0698791e-09  -1.2600998e-09   1.1523607e-09  -1.2492801e-09   1.2750300e-09  -1.2944319e-09   1.2537372e-09  -1.2397576e-09   1.1307477e-09  -1.0547803e-09   9.4416619e-10
   0.0000000e+00  -6.8398648e-10  -5.5924625e-09  -2.3185334e-09  -3.3218910e-09  -1.3570313e-09  -2.1932010e-09   1.2423482e-10  -1.0767156e-09   2.7487668e-10  -1.3242172e-09   9.3875341e-10  -1.3119510e-09   1.1265244e-09  -1.2713461e-09   1.1907469e-09  -1.2783357e-09   1.2675716e-09  -1.3037788e-09   1.2159124e-09  -1.1464794e-09   1.0351446e-09  -9.6931174e-10
   0.0000000e+00  -6.7201493e-09  -2.2930042e-09  -4.8219766e-09  -7.7378665e-10  -3.2008947e-09   2.0995466e-10  -8.0893064e-10  -1.6387638e-10  -1.3946729e-09   7.8767359e-10  -1.3819952e-09   9.9919151e-10  -1.2703423e-09   1.1533470e-09  -1.2527858e-09   1.1902095e-09  -1.3459850e-09   1.2656680e-09  -1.2453533e-09   1.1104037e-09  -1.0581133e-09   9.6080699e-10
   0.0000000e+00   4.6794324e-10  -5.2272564e-09  -1.8098155e-09  -3.4219239e-09  -1.1209207e-09  -1.5770047e-09  -5.5891260e-12  -1.5709652e-09   2.9423608e-10  -1.5691894e-09   9.2669727e-10  -1.3099754e-09   1.1143899e-09  -1.2541800e-09   1.1768116e-09  -1.2769388e-09   1.2632417e-09  -1.3127666e-09   1.1996678e-09  -1.1543988e-09   1.0469442e-09  -9.6277752e-10
   0.0000000e+00  -6.1500174e-09  -1.4858882e-09  -4.5317994e-09  -1.1823739e-09  -3.2236958e-09  -7.6055262e-10  -1.0543271e-09   3.0174979e-10  -1.3930528e-09   7.4806356e-10  -1.3462872e-09   1.0693195e-09  -1.2924514e-09   1.1269063e-09  -1.2264844e-09   1.2435087e-09  -1.3375623e-09   1.2496534e-09  -1.2461919e-09   1.1453458e-09  -1.0559907e-09   9.4753216e-10
   0.0000000e+00  -9.6096620e-10  -6.1266872e-09  -1.9386825e-09  -3.3483936e-09  -1.6194331e-09  -1.0203068e-09   5.0652527e-10  -1.6038946e-09   4.1997106e-10  -1.3393162e-09   9.5494657e-10  -1.3165504e-09   1.1732278e-09  -1.1974772e-09   1.1396886e-09  -1.3157236e-09   1.3054187e-09  -1.3058511e-09   1.2172796e-09  -1.1678064e-09   1.0467553e-09  -9.5126673e-10
   0.0000000e+00  -5.6527512e-09  -1.6176178e-09  -5.5633333e-09  -1.3313021e-09  -3.1451721e-09  -7.3328638e-10  -1.2277591e-09   3.7238052e-10  -1.3908201e-09   8.2630258e-10  -1.3291918e-09   1.0984650e-09  -1.2452280e-09   1.0994395e-09  -1.2318935e-09   1.2586963e-09  -1.3555779e-09   1.2772002e-09  -1.2333378e-09   1.1593686e-09  -1.0626111e-09   9.3857433e-10
   0.0000000e+00   1.0269231e-09  -5.3016813e-09  -2.0703446e-09  -3.5197545e-09  -1.6299816e-09  -1.6920816e-09   1.5864492e-10  -1.1824083e-09   5.9606498e-10  -1.4874825e-09   9.7240027e-10  -1.3061405e-09   1.1204420e-09  -1.2037582e-09   1.1711639e-09  -1.3285100e-09   1.3219847e-09  -1.2933502e-09   1.2340305e-09  -1.1761582e-09   1.0499709e-09  -9.5640340e-10
   0.0000000e+00  -7.8021571e-09  -2.3271391e-09  -4.9879025e-09  -1.0194838e-09  -3.1770129e-09  -1.2751175e-10  -7.1061551e-10   6.9247066e-11  -1.4255461e-09   8.5684104e-10  -1.3860737e-09   1.0174346e-09  -1.2820748e-09   1.1124897e-09  -1.2789234e-09   1.2737650e-09  -1.3287311e-09   1.2984968e-09  -1.2624669e-09   1.1621830e-09  -1.0570895e-09   9.6830899e-10
   0.0000000e+00   1.8886798e-10  -5.3452505e-09  -1.8796711e-09  -3.8517278e-09  -1.4015639e-09  -1.3475268e-09   2.2745281e-10  -1.4912652e-09   4.7829740e-10  -1.4534818e-09   8.9805130e-10  -1.3547667e-09   1.0775316e-09  -1.3007934e-09   1.2105551e-09  -1.2945709e-09   1.3111517e-09  -1.3327988e-09   1.2553381e-09  -1.1616715e-09   1.0707573e-09  -9.8079467e-10
   0.0000000e+00  -7.1924187e-09  -2.0522051e-09  -4.9899262e-09  -8.0792223e-10  -3.7946797e-09  -5.9055394e-10  -7.2312073e-10   1.3644848e-10  -1.6236809e-09   7.0493761e-10  -1.4334673e-09   1.0824599e-09  -1.3343109e-09   1.1428100e-09  -1.2994557e-09   1.2568675e-09  -1.3742190e-09   1.3171980e-09  -1.2657658e-09   1.1480636e-09  -1.0855720e-09   1.0017992e-09
   0.0000000e+00   6.2645855e-10  -5.9816352e-09  -2.3866220e-09  -3.6327614e-09  -6.0490724e-10  -1.5741224e-09  -2.3935601e-10  -1.1924034e-09   4.3070533e-10  -1.4827469e-09   9.2332192e-10  -1.4094915e-09   1.1530102e-09  -1.2678935e-09   1.2261430e-09  -1.3638405e-09   1.3223465e-09  -1.3405239e-09   1.2440543e-09  -1.1780694e-09   1.0881933e-09  -1.0188902e-09
   0.0000000e+00  -8.5996037e-09  -2.1346092e-09  -4.7325996e-09  -8.2161550e-10  -4.2586201e-09  -8.0484985e-10  -5.9004768e-10  -3.7574603e-11  -1.6448430e-09   7.2769202e-10  -1.4003380e-09   1.0999501e-09  -1.2669187e-09   1.2028423e-09  -1.3469253e-09   1.3238679e-09  -1.3725656e-09   1.2902822e-09  -1.2949294e-09   1.1926479e-09  -1.0990960e-09   1.0009996e-09
   0.0000000e+00  -2.0067145e-10  -5.5984155e-09  -2.3518270e-09  -4.1197201e-09  -1.4653696e-09  -1.4943992e-09   1.4211726e-10  -1.4486538e-09   4.9864352e-10  -1.4464167e-09   1.0103770e-09  -1.3429896e-09   1.1301430e-09  -1.3028475e-09   1.3035121e-09  -1.3992529e-09   1.3178532e-09  -1.3368919e-09   1.2928904e-09  -1.2092323e-09   1.0951235e-09  -1.0137886e-09
   0.0000000e+00  -7.9357250e-09  -2.5716149e-09  -5.4821019e-09  -7.8398810e-10  -3.1312366e-09  -7.4770490e-10  -1.3234300e-09   2.5018540e-10  -1.5013080e-09   7.9404289e-10  -1.2779469e-09   1.1237503e-09  -1.3251098e-09   1.2198522e-09  -1.3926613e-09   1.3349808e-09  -1.3759444e-09   1.3413478e-09  -1.3019218e-09   1.2112407e-09  -1.1088206e-09   1.0266236e-09
   0.0000000e+00  -6.5573530e-10  -5.6269753e-09  -1.6156597e-09  -3.5958341e-09  -1.7010022e-09  -1.4387094e-09   3.9050857e-10  -1.5397496e-09   4.2514056e-10  -1.3625615e-09   9.6810426e-10  -1.3586591e-09   1.1660848e-09  -1.3718813e-09   1.2982154e-09  -1.3871828e-09   1.3704100e-09  -1.3825188e-09   1.2969025e-09  -1.2247984e-09   1.1112927e-09  -1.0428581e-09
   0.0000000e+00  -7.3292630e-09  -1.5694870e-09  -4.7898574e-09  -1.2748009e-09  -3.8210675e-09  -9.1573649e-10  -1.2958687e-09   1.6891111e-10  -1.4878927e-09   7.0415118e-10  -1.5395550e-09   1.0307473e-09  -1.4012619e-09   1.2451914e-09  -1.3660647e-09   1.3607281e-09  -1.4174724e-09   1.3729697e-09  -1.3266678e-09   1.2060705e-09  -1.1366746e-09   1.0509154e-09
   0.0000000e+00  -3.3841310e-10  -6.1059562e-09  -2.3773954e-09  -3.5445598e-09  -1.3128010e-09  -1.5842785e-09   1.6571725e-10  -1.5141066e-09   3.4476030e-10  -1.5785869e-09   9.0335089e-10  -1.4997930e-09   1.2099304e-09  -1.3415651e-09   1.3276263e-09  -1.4122351e-09   1.3969071e-09  -1.3970411e-09   1.3200435e-09  -1.2371524e-09   1.1408273e-09  -1.0660638e-09
   0.0000000e+00  -7.3440423e-09  -1.7099862e-09  -5.3412927e-09  -1.6214013e-09  -3.6007037e-09  -5.8276040e-10  -1.0481062e-09   1.7300218e-10  -1.5442135e-09   7.8096229e-10  -1.4698702e-09   1.1876651e-09  -1.3862146e-09   1.2777669e-09  -1.4031588e-09   1.3729394e-09  -1.4183675e-09   1.3894611e-09  -1.3543349e-09   1.2513445e-09  -1.1566959e-09   1.0586105e-09
   0.0000000e+00  -6.3598038e-10  -5.8291456e-09  -2.0838244e-09  -3.6902721e-09  -1.5114620e-09  -1.7955689e-09   3.4570161e-10  -1.1552461e-09   4.9915805e-10  -1.4970748e-09   1.0459212e-09  -1.4591633e-09   1.2399156e-09  -1.3731003e-09   1.3096606e-09  -1.4260882e-09   1.4154801e-09  -1.4147410e-09   1.3586540e-09  -1.2740123e-09   1.1541792e-09  -1.0721858e-09
   0.0000000e+00  -7.6809359e-09  -1.6633603e-09  -5.0709525e-09  -1.4348822e-09  -3.6853736e-09  -2.3009666e-10  -9.5984498e-10  -1.4033690e-11  -1.5137014e-09   9.0351882e-10  -1.5326003e-09   1.2112149e-09  -1.3912073e-09   1.2091536e-09  -1.4245306e-09   1.4072352e-09  -1.4608613e-09   1.4133074e-09  -1.3797329e-09   1.2767805e-09  -1.1707350e-09   1.0833566e-09
   0.0000000e+00   5.1308330e-10  -6.2913363e-09  -2.7069011e-09  -3.6118795e-09  -1.6479766e-09  -1.9062445e-09   4.7648835e-10  -1.2309509e-09   4.1041534e-10  -1.6338986e-09   1.0724115e-09  -1.4688831e-09   1.2258076e-09  -1.3400479e-09   1.3678153e-09  -1.4743031e-09   1.4302212e-09  -1.4444347e-09   1.3822342e-09  -1.2841684e-09   1.1860886e-09  -1.0833564e-09
   0.0000000e+00  -7.8103684e-09  -2.2312228e-09  -5.0649103e-09  -1.4347999e-09  -3.3368748e-09  -1.3970118e-11  -1.0721157e-09  -2.1490724e-10  -1.6261292e-09   8.8151009e-10  -1.4641454e-09   1.2037716e-09  -1.4247982e-09   1.3074146e-09  -1.4096522e-09   1.4177394e-09  -1.4830773e-09   1.4597302e-09  -1.3881463e-09   1.3070517e-09  -1.1711023e-09   1.1106979e-09
   0.0000000e+00  -8.8603086e-10  -6.3450676e-09  -2.2867939e-09  -3.7470325e-09  -1.4143405e-09  -2.2783828e-09  -9.0295216e-11  -1.4577926e-09   6.0080219e-10  -1.4146022e-09   9.9429953e-10  -1.5395444e-09   1.3074828e-09  -1.4030719e-09   1.3544879e-09  -1.4831589e-09   1.4911038e-09  -1.4664936e-09   1.4089110e-09  -1.2842289e-09   1.2088121e-09  -1.0964665e-09
   0.0000000e+00  -7.4134516e-09  -1.5346682e-09  -5.1393094e-09  -1.4058074e-09  -3.8688608e-09  -3.4511113e-10  -1.0329470e-09   9.9285004e-11  -1.5642039e-09   8.4663326e-10  -1.4533754e-09   1.2552867e-09  -1.4383570e-09   1.3160895e-09  -1.4773006e-09   1.4605219e-09  -1.5251373e-09   1.4473763e-09  -1.4216835e-09   1.2813851e-09  -1.2398673e-09   1.0962595e-09
   0.0000000e+00  -7.7121129e-11  -5.7718865e-09  -2.7985181e-09  -3.8860377e-09  -1.1598272e-09  -2.1656412e-09   1.3582105e-10  -1.2659825e-09   3.9967607e-10  -1.6138243e-09   1.1185045e-09  -1.4629469e-09   1.2787289e-09  -1.4634831e-09   1.4452959e-09  -1.5323729e-09   1.4697213e-09  -1.4856057e-09   1.3973283e-09  -1.3421770e-09   1.2036271e-09  -1.1368142e-09
   0.0000000e+00  -7.2236781e-09  -2.1612161e-09  -4.7847579e-09  -1.0717783e-09  -3.6483168e-09  -1.2585633e-10  -1.2350682e-09  -5.4347884e-11  -1.4378937e-09   9.5808417e-10  -1.4991322e-09   1.2353576e-09  -1.4546692e-09   1.3953028e-09  -1.5044851e-09   1.4612772e-09  -1.5075904e-09   1.4794438e-09  -1.4392855e-09   1.3288811e-09  -1.2312059e-09   1.1210298e-09
   0.0000000e+00  -6.4112582e-10  -6.1064935e-09  -1.8733031e-09  -3.6626029e-09  -1.4531898e-09  -1.9114461e-09   3.4991862e-10  -1.3440680e-09   6.5937161e-10  -1.6121696e-09   1.0539106e-09  -1.4323990e-09   1.3760248e-09  -1.4655667e-09   1.4380723e-09  -1.4874009e-09   1.5162571e-09  -1.5117902e-09   1.4193102e-09  -1.3401856e-09   1.2315464e-09  -1.1520884e-09
