   0.0000000e+00   1.3244360e-07   3.3707062e-07   5.4087639e-07   5.8656173e-07   6.4739697e-07   6.5997637e-07   5.4892558e-07   3.7680269e-07   2.2736238e-07   1.9511978e-07   1.6211348e-07   1.0846832e-07   1.0431027e-07   6.0727338e-08   6.8760102e-08   4.3944205e-08   1.9634244e-08   2.3459785e-08   1.5511443e-08   1.2242503e-08   1.3416236e-08   1.3209295e-08
   0.0000000e+00   1.4367392e-07   3.4113867e-07   4.8693380e-07   5.6210803e-07   6.5495573e-07   6.8998867e-07   5.3051593e-07   3.7512254e-07   2.5475919e-07   1.8291900e-07   1.3685937e-07   1.2631556e-07   9.6310401e-08   8.5091862e-08   3.2514293e-08   4.4444473e-08   2.9608488e-08   3.0369375e-08   1.7868709e-08   1.2587870e-08   1.6225435e-08   1.1260955e-08
   0.0000000e+00   1.2869539e-07   3.5317007e-07   5.4606181e-07   5.9133498e-07   6.4411245e-07   6.7583710e-07   5.4442370e-07   3.3609186e-07   2.7795033e-07   2.0563559e-07   1.5098864e-07   1.2196678e-07   8.3665995e-08   6.8446830e-08   7.4711046e-08   2.7742914e-08   2.8089428e-08   2.3794817e-08   1.5177918e-08   2.5568193e-08   7.8619813e-09   5.5760929e-10
   0.0000000e+00   1.1271664e-07   3.7086832e-07   4.8318128e-07   5.8521891e-07   6.4318681e-07   6.5908341e-07   5.6155909e-07   3.8384172e-07   2.3668234e-07   1.6411371e-07   1.5439531e-07   1.2762632e-07   1.0443024e-07   7.8884348e-08   4.4313285e-08   3.7177134e-08   3.8496779e-08   2.4702214e-08   9.4718846e-09   6.8530519e-09   1.2038841e-08   1.6884124e-08
   0.0000000e+00   1.0751584e-07   3.2325161e-07   5.1250117e-07   5.8371893e-07   6.4203579e-07   6.8239763e-07   5.4455467e-07   3.8194557e-07   2.6728446e-07   2.1615610e-07   1.4799151e-07   1.0556275e-07   8.5906947e-08   6.9006951e-08   6.0686247e-08   3.5447691e-08   2.3282814e-08   1.0258990e-08   2.6989751e-08   1.7294839e-08  -6.3178102e-10  -7.6856468e-09
   0.0000000e+00   1.5993442e-07   3.6209198e-07   5.2850953e-07   5.9461365e-07   6.7418955e-07   6.7567333e-07   5.0907340e-07   3.5282119e-07   2.3396554e-07   1.8393459e-07   1.5075592e-07   1.3337551e-07   1.2282588e-07   5.7417139e-08   4.3824393e-08   4.2213941e-08   2.8143544e-08   2.2805288e-08   5.0103539e-09  -1.6823273e-10   5.8211418e-09   1.7288475e-08
   0.0000000e+00   1.2794114e-07   3.3322445e-07   5.0567354e-07   5.7250907e-07   6.2435521e-07   6.9946572e-07   5.8904232e-07   3.9330553e-07   2.9470996e-07   1.8577732e-07   1.4801526e-07   9.9598893e-08   7.9499102e-08   7.5836127e-08   6.4664178e-08   2.4206416e-08   2.7325097e-08   6.3325269e-09   1.8420744e-08   1.3308265e-08  -1.2939879e-09  -1.1139983e-08
   0.0000000e+00   9.9000900e-08   3.5320514e-07   5.0781841e-07   5.8431948e-07   6.5250691e-07   6.4143831e-07   5.2983160e-07   3.4376626e-07   2.2027346e-07   2.0101803e-07   1.5785233e-07   1.4106310e-07   8.7223043e-08   7.3819557e-08   3.9968619e-08   3.1413105e-08   3.2240202e-08   1.9291539e-08   8.6955634e-09  -1.8628904e-10   9.8079500e-09  -3.6256682e-09
   0.0000000e+00   1.3242312e-07   3.7380491e-07   5.3544267e-07   5.9114296e-07   6.9460839e-07   6.9974897e-07   5.6308897e-07   3.9874007e-07   2.8437987e-07   1.8588231e-07   1.4575829e-07   9.6471865e-08   1.0313799e-07   7.9870212e-08   4.8947708e-08   3.6616655e-08   1.9163211e-08   2.8022665e-08   5.5485438e-09   1.2447082e-08  -1.7084479e-09   1.9524011e-08
   0.0000000e+00   1.2439972e-07   3.2884864e-07   5.0826941e-07   5.9121066e-07   6.0173562e-07   6.8346503e-07   5.2029560e-07   3.5808438e-07   2.5020003e-07   1.9784724e-07   1.3589307e-07   1.4881488e-07   8.3942233e-08   5.6440452e-08   5.0141900e-08   4.6517989e-08   2.8161566e-08   5.2622844e-09   3.1657748e-08   1.3127006e-08   1.4237060e-08  -6.8643042e-09
   0.0000000e+00   1.6021616e-07   3.5696954e-07   5.0243574e-07   6.0369837e-07   6.8154679e-07   6.7617810e-07   5.7142199e-07   3.9735332e-07   2.3218433e-07   1.9025110e-07   1.7374425e-07   9.7658948e-08   1.0281617e-07   8.0919037e-08   4.5504592e-08   4.4793207e-08   2.1399291e-08   3.1129208e-08   1.3562090e-08   6.8096671e-09   1.4446954e-08   9.1414378e-09
   0.0000000e+00   1.0335847e-07   3.6120309e-07   5.3777018e-07   5.9619629e-07   6.3316077e-07   6.8798528e-07   5.6417610e-07   3.4131247e-07   2.9356232e-07   1.9265349e-07   1.3625133e-07   1.1240449e-07   9.4730069e-08   6.9831913e-08   5.6072455e-08   2.8750968e-08   2.6980743e-08   2.9639420e-08   1.1345778e-08   1.5723074e-08   2.8141856e-09   3.2059762e-09
   0.0000000e+00   1.3638356e-07   3.6328780e-07   5.2826198e-07   5.6188600e-07   6.7581828e-07   6.5795911e-07   5.1658367e-07   3.6374851e-07   2.3762411e-07   1.8155032e-07   1.4749577e-07   1.4326557e-07   8.6528374e-08   6.4647665e-08   5.1044292e-08   4.1647350e-08   3.4516397e-08   5.4134057e-09   1.4577975e-08   6.7717476e-09   6.4023764e-09  -8.3307805e-09
   0.0000000e+00   1.2426780e-07   3.3108466e-07   5.3800090e-07   5.9678729e-07   6.6580634e-07   7.2615484e-07   5.7360785e-07   4.0613546e-07   2.7207486e-07   1.9199790e-07   1.3884471e-07   9.5243479e-08   9.6986348e-08   7.3001424e-08   6.0251843e-08   2.1585253e-08   1.8940399e-08   2.6717601e-08   1.2373010e-08   7.5847444e-09  -7.5381595e-10   1.6777280e-09
   0.0000000e+00   1.8437684e-07   3.8458074e-07   4.8221807e-07   6.0919530e-07   6.3590056e-07   6.3375177e-07   5.0502513e-07   3.3642542e-07   2.0933072e-07   1.9595710e-07   1.5436149e-07   1.2148041e-07   8.7750216e-08   6.8519910e-08   3.2665156e-08   4.0081225e-08   3.5779156e-08   1.1911944e-08   1.2375343e-08   5.6577765e-09   3.8117918e-09   6.3870531e-09
   0.0000000e+00   8.9327308e-08   3.7421898e-07   5.2956392e-07   6.0034125e-07   6.5204569e-07   6.9413625e-07   5.9058766e-07   4.1505905e-07   2.6425585e-07   1.8036715e-07   1.3473060e-07   1.0771645e-07   9.8399923e-08   5.3924929e-08   6.5276801e-08   4.3104691e-08   1.3379260e-08   1.1274748e-08   1.8053845e-08   2.4195295e-08   1.8918709e-09  -7.3212947e-09
   0.0000000e+00   1.4717254e-07   3.2651062e-07   5.4459719e-07   5.7177607e-07   6.7067464e-07   6.7518368e-07   5.1278892e-07   3.0288217e-07   2.6530205e-07   1.6395373e-07   1.4805207e-07   1.2714693e-07   7.5211886e-08   7.9718390e-08   3.2929371e-08   2.6815473e-08   3.2295709e-08   3.7489986e-08   2.0045016e-08  -1.5068844e-08   1.7411107e-08   1.4881100e-08
   0.0000000e+00   1.4244735e-07   3.6525225e-07   5.1504190e-07   5.9744360e-07   6.3082962e-07   6.7511070e-07   5.5100384e-07   3.8852781e-07   2.5557088e-07   2.0915095e-07   1.3669371e-07   8.4959836e-08   9.3717283e-08   7.4420392e-08   6.0589862e-08   4.3158956e-08   1.4618786e-08   2.5056551e-08   8.9647978e-09   3.0714567e-08   1.0360582e-08  -7.2553767e-09
   0.0000000e+00   1.4182218e-07   3.5909244e-07   5.2178780e-07   5.7583838e-07   6.4878634e-07   6.8540476e-07   5.4545256e-07   3.6177940e-07   2.0341218e-07   1.6349924e-07   1.4125357e-07   1.4958486e-07   9.6171767e-08   6.0201423e-08   3.6847972e-08   3.4366639e-08   5.1111421e-08   2.2369315e-08   1.4750677e-08   1.2906048e-08   1.4952384e-08   1.0614649e-08
   0.0000000e+00   1.1391843e-07   3.9392219e-07   4.7934628e-07   6.0848726e-07   6.5848297e-07   6.5075039e-07   5.1537131e-07   3.8393722e-07   2.7934385e-07   2.1225684e-07   1.5334929e-07   8.2093962e-08   8.9725830e-08   7.1221841e-08   7.4177485e-08   4.9638373e-08   1.5676102e-08   2.0064473e-08   3.3227650e-08   1.9129358e-08   1.3873521e-08  -2.7711220e-09
   0.0000000e+00   1.5354699e-07   2.9886095e-07   5.6817447e-07   5.6365360e-07   6.5390930e-07   6.7537792e-07   5.6174241e-07   3.3921006e-07   2.3596259e-07   1.5992887e-07   1.2605922e-07   1.5326968e-07   1.0104227e-07   7.5885488e-08   4.9744706e-08   3.3090448e-08   4.0380865e-08   3.9268283e-08   1.5420163e-08   1.7485434e-08   4.6659676e-09   2.6048117e-08
   0.0000000e+00   1.3666927e-07   3.5548933e-07   4.9326496e-07   5.8703307e-07   6.2865831e-07   6.7593152e-07   5.5072070e-07   3.6242417e-07   2.6810235e-07   1.9103257e-07   1.7623607e-07   9.7194665e-08   9.0464205e-08   8.1306467e-08   6.3993269e-08   4.8938304e-08   4.1230404e-08   1.7086306e-08   2.2615616e-08   3.0471231e-08   9.9746504e-09  -1.2505216e-08
   0.0000000e+00   9.7262664e-08   3.7862242e-07   5.0870676e-07   5.8994050e-07   6.4908403e-07   6.6191126e-07   5.1307467e-07   3.5150379e-07   2.5311519e-07   1.9418302e-07   1.4281983e-07   1.2334763e-07   1.0359980e-07   8.7756334e-08   5.0747140e-08   3.4400735e-08   4.7124903e-08   3.4176654e-08   2.2289299e-08  -1.1375029e-09   1.0684367e-08   2.2084112e-08
   0.0000000e+00   1.4314848e-07   3.6109992e-07   5.0308392e-07   5.8338446e-07   6.3542353e-07   6.9741952e-07   5.5596797e-07   4.0510733e-07   2.2956145e-07   1.9430802e-07   1.4074510e-07   1.3050430e-07   1.0288924e-07   6.1982185e-08   7.2302754e-08   5.9722943e-08   1.7920923e-08   2.4009465e-08   2.4344248e-08   2.4731710e-08   2.4212810e-09  -1.2977756e-08
   0.0000000e+00   1.6281518e-07   3.0734378e-07   5.2186829e-07   5.6720722e-07   6.5263680e-07   6.4343283e-07   5.2866028e-07   3.4480800e-07   2.5524531e-07   1.8588119e-07   1.5085611e-07   1.2236997e-07   1.0222901e-07   8.5803293e-08   4.6685198e-08   4.7534435e-08   3.5969165e-08   2.8289580e-08   1.7496900e-08   2.5797449e-09   1.6229449e-09   8.9587440e-09
   0.0000000e+00   6.5975911e-08   3.4744599e-07   5.3101593e-07   5.9149619e-07   6.5022920e-07   6.7112904e-07   5.4504420e-07   3.6125786e-07   2.7002912e-07   1.9634810e-07   1.5439055e-07   1.1214283e-07   9.1419565e-08   8.0298229e-08   5.9789542e-08   3.4025977e-08   3.1902296e-08   2.7572320e-08   1.3714772e-08   3.3613952e-09   1.5206295e-08  -1.4500846e-08
   0.0000000e+00   1.4661354e-07   3.9092623e-07   4.7154109e-07   5.7256119e-07   6.5561727e-07   6.7754559e-07   5.4948202e-07   3.7352441e-07   2.3508204e-07   1.6942268e-07   1.6064637e-07   1.2365705e-07   1.0073964e-07   7.6402124e-08   4.3694428e-08   5.1415238e-08   3.4801246e-08   1.6096429e-08   7.4011659e-09   2.5479116e-08  -5.6915890e-09   1.4018806e-09
   0.0000000e+00   1.2841952e-07   3.3304491e-07   5.2131190e-07   5.8597840e-07   6.0797959e-07   6.8437009e-07   5.4031489e-07   3.5002475e-07   2.6836767e-07   2.0821120e-07   1.3190498e-07   1.1781532e-07   9.4323077e-08   7.0932799e-08   6.6667745e-08   3.6130075e-08   1.7653134e-08   2.8686248e-08   2.6404551e-08  -1.1217496e-09   1.2396825e-08   3.7370538e-09
   0.0000000e+00   1.4368364e-07   3.1279262e-07   5.2747799e-07   5.8855852e-07   6.7421502e-07   6.5904055e-07   5.2356398e-07   3.8914746e-07   2.2816626e-07   1.9668835e-07   1.4665581e-07   1.2061119e-07   1.0816915e-07   6.6826374e-08   5.1888520e-08   3.9940264e-08   3.7569244e-08   2.0101965e-08   1.5990658e-08   1.5771397e-08   1.3951428e-09   1.6409473e-08
   0.0000000e+00   8.5489113e-08   3.4540994e-07   5.2489264e-07   5.8149891e-07   6.4099771e-07   6.8003413e-07   5.6264662e-07   3.6943931e-07   2.7272137e-07   1.8645770e-07   1.4042287e-07   1.3694786e-07   8.6308276e-08   7.5255592e-08   6.4586892e-08   4.6094634e-08   3.0833728e-08   2.3285727e-08   1.5437950e-08   1.9870097e-08   1.6927775e-08  -9.9818687e-09
   0.0000000e+00   1.3344552e-07   4.2110852e-07   4.6183604e-07   5.7982970e-07   6.5673260e-07   6.6293330e-07   5.3573569e-07   3.4709157e-07   2.5047967e-07   1.6860821e-07   1.8222364e-07   1.1186805e-07   9.7937338e-08   9.5982998e-08   5.1063008e-08   3.1351746e-08   4.3685006e-08   2.7670508e-08   2.1816943e-08   1.5282954e-08   9.7232368e-11   2.6714801e-08
   0.0000000e+00   1.4614575e-07   2.8963379e-07   5.5075816e-07   5.8995602e-07   6.3717403e-07   7.0106984e-07   5.6749457e-07   3.7789931e-07   2.7504308e-07   2.1042835e-07   1.3875479e-07   1.1623185e-07   1.1084529e-07   7.0601367e-08   7.3187707e-08   4.9169049e-08   3.2129879e-08   2.9873974e-08   2.3784649e-08   1.4236352e-08   2.3485658e-08  -6.6990382e-09
   0.0000000e+00   9.8847153e-08   3.4586446e-07   5.2235572e-07   5.8022727e-07   6.4151897e-07   6.5835553e-07   5.0519066e-07   3.7098457e-07   2.2774125e-07   1.8794292e-07   1.6435644e-07   1.3620345e-07   1.0909083e-07   7.5642831e-08   4.6208704e-08   6.2187617e-08   4.0349203e-08   2.0701053e-08   2.7174471e-08   2.0277222e-08   7.0596315e-09   1.8731871e-08
   0.0000000e+00   1.4718437e-07   3.6381834e-07   5.1151852e-07   5.8819074e-07   6.8571160e-07   6.8372378e-07   5.8170747e-07   3.8868632e-07   2.6994033e-07   2.1396620e-07   1.3079870e-07   1.1341143e-07   1.0507178e-07   8.7065864e-08   7.6616324e-08   3.5775376e-08   2.4764176e-08   4.4942723e-08   1.6913127e-08   2.0244562e-08   1.3274955e-08  -1.2747488e-09
   0.0000000e+00   1.1421764e-07   3.6729475e-07   4.7786318e-07   5.9414469e-07   6.3059878e-07   6.6644799e-07   5.1377270e-07   3.5141812e-07   2.3748261e-07   1.7393512e-07   1.7355440e-07   1.4324257e-07   8.8979839e-08   7.9119168e-08   5.3215384e-08   4.0780577e-08   5.2455157e-08   2.1530514e-08   1.8488604e-08   9.4790904e-09   1.1414723e-08   1.0033149e-08
   0.0000000e+00   1.2404439e-07   3.3448464e-07   5.4714900e-07   5.8876032e-07   6.3339559e-07   6.8000480e-07   5.8778966e-07   3.6674837e-07   2.8925018e-07   1.9968283e-07   1.4035034e-07   1.2333383e-07   8.5908781e-08   8.6217291e-08   5.6980152e-08   5.9752665e-08   2.0282171e-08   1.4501818e-08   2.5778014e-08   2.5213497e-08   1.4380142e-09  -2.0655084e-09
   0.0000000e+00   1.3369052e-07   3.5395854e-07   5.2885389e-07   5.6642068e-07   6.5768728e-07   7.0497401e-07   5.0460289e-07   3.5792172e-07   2.3843538e-07   1.7796266e-07   1.5027133e-07   1.0866832e-07   1.2889765e-07   7.1824310e-08   4.8072245e-08   3.2250732e-08   3.8883879e-08   3.8163471e-08   1.7844746e-08   3.7194128e-10   1.9810096e-09   2.5664603e-08
   0.0000000e+00   1.3762237e-07   3.4188733e-07   4.9185189e-07   5.8751078e-07   6.7138626e-07   6.3240566e-07   5.4037326e-07   3.9876980e-07   2.4197607e-07   2.1200314e-07   1.5480215e-07   1.1510654e-07   8.0440401e-08   7.4655901e-08   6.9309920e-08   4.6533078e-08   3.0876922e-08   1.1217829e-08   2.2126345e-08   1.7739699e-08   1.7076077e-08  -1.9061069e-08
   0.0000000e+00   9.4420329e-08   3.6534237e-07   5.1081491e-07   6.1908997e-07   6.2983958e-07   6.7846372e-07   5.7732302e-07   3.5842069e-07   2.4186537e-07   1.7553826e-07   1.4651044e-07   1.3233732e-07   1.1070435e-07   6.7261226e-08   5.5319468e-08   3.6556539e-08   3.5259291e-08   3.7105998e-08   8.3403267e-09   6.1093792e-09   7.2132806e-09   1.4467693e-08
   0.0000000e+00   1.8038789e-07   3.3510548e-07   5.3710096e-07   5.4820856e-07   6.3047344e-07   6.9318122e-07   5.0506020e-07   3.4515213e-07   2.7174312e-07   2.0203912e-07   1.3949678e-07   1.1381292e-07   9.4734482e-08   7.4760607e-08   6.7525598e-08   3.4603179e-08   2.8417283e-08   1.4276496e-08   2.2379234e-08   1.2225852e-08  -1.4805098e-09  -2.5670004e-09
   0.0000000e+00   9.2901523e-08   3.7440418e-07   5.0121810e-07   5.9364640e-07   6.6238448e-07   6.8177616e-07   5.6364667e-07   3.5999358e-07   2.6028127e-07   1.7241608e-07   1.5072315e-07   1.3332462e-07   8.6945377e-08   7.8746623e-08   4.3519236e-08   4.7782844e-08   2.8601708e-08   1.5803362e-08   1.0025343e-08   3.5903545e-09   1.0534930e-09  -1.2073746e-08
   0.0000000e+00   1.2504816e-07   3.4494835e-07   5.2006760e-07   5.8241733e-07   6.7671766e-07   6.3677402e-07   5.2656975e-07   3.9808299e-07   2.2898223e-07   1.8804465e-07   1.5802854e-07   1.1551797e-07   9.7030693e-08   8.4299892e-08   4.4394035e-08   3.8351985e-08   2.5232080e-08   1.2740428e-08   1.7213710e-08  -7.0620700e-09  -3.9783510e-09  -5.6411578e-09
   0.0000000e+00   1.4317847e-07   3.3559667e-07   5.0374115e-07   6.0646954e-07   5.9476110e-07   6.7794076e-07   5.4544540e-07   3.4899040e-07   2.5709838e-07   2.0694898e-07   1.4431137e-07   1.1104905e-07   9.3928612e-08   7.0187497e-08   5.3905737e-08   3.9026649e-08   1.6231569e-08   2.4238986e-08  -5.9903544e-09   7.3693376e-09  -8.4494172e-09  -9.0333518e-09
   0.0000000e+00   1.4419800e-07   3.7304719e-07   5.2650716e-07   5.6329196e-07   6.8145511e-07   7.0863530e-07   5.6333414e-07   3.4661545e-07   2.6382875e-07   1.7901213e-07   1.2876818e-07   1.3857412e-07   1.0010582e-07   6.3359252e-08   4.8748419e-08   2.6134323e-08   2.7896109e-08   5.3115286e-09   1.4724173e-08  -1.1211188e-08   6.7890077e-10  -1.8879513e-08
   0.0000000e+00   1.1847418e-07   3.4154024e-07   5.2685039e-07   5.7632531e-07   6.4465939e-07   6.4680097e-07   5.0855238e-07   3.9275923e-07   2.4984590e-07   1.9416119e-07   1.7418293e-07   1.0175033e-07   8.6402345e-08   6.7363814e-08   6.0243558e-08   3.1619358e-08   7.5925364e-09   2.2352546e-08  -8.8249514e-09   7.8507192e-09  -4.3817985e-09  -1.6088469e-08
   0.0000000e+00   1.0282450e-07   3.5555038e-07   4.9041182e-07   6.1570131e-07   6.4966730e-07   6.6165393e-07   5.7332375e-07   3.7011299e-07   2.5164971e-07   1.6816509e-07   1.5864977e-07   1.0680817e-07   9.4879880e-08   7.4758802e-08   3.8283453e-08   1.9549470e-08   3.7788066e-08   3.3641883e-09   9.3081285e-09   4.3452353e-09  -8.1798124e-09   5.1901283e-09
   0.0000000e+00   1.5433601e-07   3.6496235e-07   5.3240746e-07   5.6743789e-07   6.5010533e-07   7.0869874e-07   5.3224994e-07   3.6142555e-07   2.5526842e-07   2.1281272e-07   1.3190228e-07   1.2884782e-07   1.0442070e-07   5.2365543e-08   4.4772349e-08   4.5208306e-08   2.1475394e-08   6.2837682e-09   1.5217521e-08   1.1655706e-08   6.5782277e-09  -1.1521566e-08
   0.0000000e+00   1.5871072e-07   3.3524574e-07   5.1539348e-07   5.8548784e-07   6.2770670e-07   6.7315381e-07   5.4635399e-07   3.6590200e-07   2.7982136e-07   1.8562773e-07   1.3946247e-07   1.1897643e-07   9.0072987e-08   8.0936850e-08   5.5696372e-08   3.1325957e-08   2.2145359e-08   2.4264015e-08   2.4222402e-08   5.2045035e-09  -6.3252237e-10   2.6545827e-08
   0.0000000e+00   1.0208789e-07   3.4758938e-07   5.0772923e-07   6.0326084e-07   6.8444723e-07   6.6375190e-07   5.6246631e-07   3.7834306e-07   2.2341058e-07   2.0090964e-07   1.5762875e-07   1.3632010e-07   6.9177325e-08   8.0517367e-08   5.3720242e-08   3.6666581e-08   3.5766824e-08   2.2611129e-08   1.5405657e-08   1.5306117e-08   1.7173287e-08   3.1418055e-09
   0.0000000e+00   1.0744201e-07   3.5709911e-07   5.3321844e-07   5.7065620e-07   6.4062846e-07   6.8336738e-07   5.2896706e-07   3.8139655e-07   2.5844204e-07   1.8549875e-07   1.6974778e-07   9.7131434e-08   1.1774469e-07   7.8039683e-08   4.8370396e-08   4.6283681e-08   3.4772629e-08   2.5146493e-08   2.4349283e-08   2.2835913e-08   1.3681332e-08   3.6503027e-09
   0.0000000e+00   1.6617086e-07   3.7943678e-07   5.0584504e-07   5.8620640e-07   6.3924040e-07   6.8508933e-07   5.4689281e-07   3.6224100e-07   2.8123387e-07   1.9479803e-07   1.2487607e-07   1.2923158e-07   1.0534765e-07   7.6096974e-08   4.9139018e-08   6.0829585e-08   2.4216034e-08   3.6783938e-08   2.9068341e-08   7.8744096e-09   1.7387249e-08   2.1020774e-08
   0.0000000e+00   1.0499160e-07   3.2624865e-07   5.1006799e-07   5.9686755e-07   6.6330358e-07   6.6460620e-07   5.6201333e-07   3.7063802e-07   2.3360356e-07   1.8711781e-07   1.6375203e-07   1.2425156e-07   1.0404802e-07   4.9822511e-08   8.0911903e-08   4.7843663e-08   2.8747234e-08   3.6669018e-08   2.3531525e-08   2.3480197e-08   2.0091157e-08   3.4598147e-09
   0.0000000e+00   1.6483786e-07   3.3850844e-07   5.1520232e-07   5.8066581e-07   6.4929230e-07   6.7952618e-07   5.2908160e-07   3.6226746e-07   2.6065732e-07   1.9338518e-07   1.4850833e-07   1.2469465e-07   8.4727375e-08   1.0384952e-07   5.2900067e-08   3.4570686e-08   4.1424229e-08   3.9492804e-08   1.6131088e-08   2.2776993e-08   2.0064622e-08  -1.1223106e-09
   0.0000000e+00   8.3373415e-08   3.8974019e-07   5.1311031e-07   5.8907756e-07   6.3790935e-07   6.7628838e-07   5.5079738e-07   3.7242950e-07   2.5432593e-07   1.9718313e-07   1.4806626e-07   1.0617239e-07   1.0789321e-07   7.8511455e-08   6.5057051e-08   3.9399215e-08   4.9636284e-08   2.3892923e-08   1.7720664e-08   2.8623521e-08   7.7568325e-09   1.2357916e-08
   0.0000000e+00   1.4799139e-07   3.1703433e-07   5.2910622e-07   5.7721672e-07   6.5992799e-07   6.9477164e-07   5.3909406e-07   3.7632893e-07   2.4567424e-07   1.7904226e-07   1.4259781e-07   1.5419036e-07   8.8385129e-08   7.5337944e-08   5.3357727e-08   6.0397475e-08   3.3191412e-08   2.4022842e-08   3.1553899e-08   1.0403197e-08   7.1305859e-09   9.2166292e-09
   0.0000000e+00   1.3494950e-07   3.4614558e-07   5.0354492e-07   6.1405780e-07   6.2841730e-07   6.4168893e-07   5.4963596e-07   3.5346653e-07   2.5585749e-07   2.0529743e-07   1.5276920e-07   1.0650825e-07   1.1623391e-07   7.7486575e-08   6.4587887e-08   4.0811290e-08   3.5625497e-08   2.5081203e-08   2.9284054e-08   7.6543030e-09   2.0609132e-09   1.0970662e-08
   0.0000000e+00   1.1697438e-07   3.9974475e-07   5.0857852e-07   5.4195408e-07   6.9509468e-07   6.8254957e-07   5.4062622e-07   3.7450664e-07   2.5844841e-07   1.8061124e-07   1.6106203e-07   1.2210626e-07   8.4153292e-08   9.2110206e-08   6.2716701e-08   4.7279560e-08   3.8287880e-08   2.3552131e-08   7.7908231e-09   1.6779907e-08   8.4361504e-09  -6.4412937e-09
   0.0000000e+00   1.3391028e-07   3.0310977e-07   5.2746549e-07   6.1680061e-07   6.1914142e-07   6.9899818e-07   5.5532183e-07   3.6511321e-07   2.5429227e-07   1.8761918e-07   1.5722541e-07   1.1817773e-07   1.2243947e-07   6.2392708e-08   6.4950150e-08   3.8527180e-08   3.2729787e-08   3.0788637e-08   7.7007414e-09   1.5739277e-08   4.6546287e-09  -1.5022868e-08
   0.0000000e+00   1.1435908e-07   3.5276511e-07   5.2445336e-07   5.9031220e-07   6.4099089e-07   6.5911701e-07   5.2364288e-07   3.7386889e-07   2.6627410e-07   1.9869410e-07   1.3954761e-07   1.3685944e-07   9.5810897e-08   8.5618289e-08   5.5917027e-08   3.3031846e-08   3.5149494e-08   2.1698806e-08   1.8552257e-08  -4.1305048e-09  -6.0016165e-09   1.3759736e-08
   0.0000000e+00   1.4775155e-07   3.6610993e-07   5.2446256e-07   5.9258980e-07   6.5785616e-07   6.8723926e-07   5.7476257e-07   3.5961176e-07   2.4528771e-07   1.9578322e-07   1.5797924e-07   1.1496203e-07   9.7952579e-08   6.7451701e-08   6.2024178e-08   6.0189855e-08   8.2414191e-09   1.7245290e-08   1.2792964e-08  -1.2615745e-09   1.0398198e-08  -1.5735566e-08
   0.0000000e+00   1.4595388e-07   3.8864354e-07   4.7909043e-07   5.6140402e-07   6.8623859e-07   6.8043414e-07   5.2303886e-07   3.9014463e-07   2.5314858e-07   1.9056206e-07   1.5977838e-07   1.3288077e-07   9.4607906e-08   8.8717691e-08   3.7404359e-08   3.2054878e-08   3.9654246e-08   6.3180750e-09   1.1169953e-08   1.6306107e-08  -1.4756303e-08   2.8617400e-09
   0.0000000e+00   6.5679878e-08   3.1252188e-07   5.5038248e-07   6.1900056e-07   6.2251507e-07   6.5995880e-07   5.5715367e-07   3.4948857e-07   2.7749982e-07   1.9379868e-07   1.4240568e-07   1.1705109e-07   9.6296432e-08   8.3322938e-08   5.8442676e-08   3.0940637e-08   2.3077559e-08   2.2023322e-08   5.0765636e-09  -3.2533611e-09   1.3775967e-08  -1.9037326e-08
   0.0000000e+00   2.1063963e-07   3.4653692e-07   5.3187449e-07   5.8732024e-07   6.5089210e-07   7.0332538e-07   5.3519136e-07   3.9204045e-07   2.3456276e-07   1.7376910e-07   1.6484073e-07   1.3077170e-07   9.4410389e-08   7.1144541e-08   4.6943654e-08   4.2253710e-08   2.7201779e-08   1.6650517e-08   9.3610577e-09   3.9058485e-09  -8.9913916e-09   2.0054143e-08
   0.0000000e+00   9.0274710e-08   3.9215624e-07   5.1018179e-07   5.6377525e-07   6.4548630e-07   6.6751198e-07   5.6128579e-07   3.6021828e-07   2.6593210e-07   2.2772990e-07   1.2944324e-07   1.1703210e-07   1.0640705e-07   6.1673411e-08   6.5137542e-08   3.1862925e-08   1.8393438e-08   1.2241972e-08   2.2271054e-08   6.7282109e-09   2.5930988e-09  -3.9548138e-09
   0.0000000e+00   1.3015611e-07   3.5174898e-07   4.8775087e-07   6.1270339e-07   6.9524276e-07   6.5263117e-07   5.3664951e-07   3.6090393e-07   2.3566727e-07   1.8570898e-07   1.6647813e-07   1.0151215e-07   1.1714114e-07   7.1792684e-08   4.2386922e-08   4.0485038e-08   2.2466885e-08   2.8557601e-08  -3.8135504e-09   7.2706592e-09   1.1272629e-08  -7.1424768e-09
   0.0000000e+00   1.5100514e-07   3.1653113e-07   5.5587049e-07   5.8935524e-07   6.0583591e-07   7.1108929e-07   5.4673006e-07   3.8200804e-07   2.7133350e-07   1.6444955e-07   1.4286000e-07   1.4451965e-07   6.5618437e-08   7.1747614e-08   5.8667300e-08   2.7020240e-08   3.7648395e-08  -1.2097305e-10   1.7771466e-08   6.5431078e-09  -3.8854373e-09   1.5075102e-09
   0.0000000e+00   1.1713001e-07   4.0071140e-07   4.9371704e-07   5.7451030e-07   6.3843981e-07   6.5982931e-07   5.2530294e-07   3.6169095e-07   2.5073848e-07   1.9615123e-07   1.6100240e-07   1.1076279e-07   1.0080041e-07   6.7544377e-08   4.9395432e-08   3.3244518e-08   1.0872787e-08   2.4252094e-08   1.1807223e-08   1.8988739e-09  -1.3732816e-09   3.1947680e-09
   0.0000000e+00   1.4040643e-07   3.1759512e-07   5.2782173e-07   5.9986860e-07   6.9223432e-07   6.8199898e-07   5.5557422e-07   3.6136876e-07   2.6498302e-07   1.9291092e-07   1.1559810e-07   1.1808883e-07   9.3486065e-08   8.0896889e-08   3.7362458e-08   3.8512205e-08   2.8046072e-08   1.3113399e-08   1.4047174e-08  -1.3150322e-09   1.0310401e-08  -9.1143519e-09
   0.0000000e+00   9.9939932e-08   3.6172520e-07   5.2285964e-07   5.5791986e-07   6.2450499e-07   6.5692393e-07   5.5616312e-07   3.6275364e-07   2.1513520e-07   2.0326027e-07   1.6346328e-07   1.1997294e-07   8.8507818e-08   6.6403942e-08   5.6967256e-08   3.4203222e-08   2.9036592e-08   2.0373843e-08   8.7737764e-09   2.1010173e-08   1.6374577e-10   8.8735685e-09
   0.0000000e+00   1.8068044e-07   3.6767182e-07   4.9212298e-07   5.9585290e-07   6.5145235e-07   6.6610437e-07   5.3775034e-07   3.8197612e-07   2.6616308e-07   1.8504542e-07   1.6088947e-07   1.1097747e-07   9.6138116e-08   7.6917885e-08   5.0993421e-08   3.9922423e-08   2.8264877e-08   2.9702745e-08   1.5822881e-08   1.0476618e-08   1.5472155e-08   9.6407380e-09
   0.0000000e+00   1.1020736e-07   3.1495333e-07   5.3899993e-07   6.0731833e-07   6.4640000e-07   7.1961006e-07   5.1724754e-07   3.5087777e-07   2.9392055e-07   1.5712506e-07   1.2743948e-07   1.2964747e-07   1.0840495e-07   6.7618153e-08   5.9033134e-08   4.4134623e-08   3.3086867e-08   2.6943471e-08   2.4285617e-08   1.8728674e-08   1.4614223e-08   1.2724907e-08
   0.0000000e+00   8.2813052e-08   4.0956493e-07   4.8797432e-07   5.6449773e-07   6.4928912e-07   6.2223410e-07   5.5666459e-07   3.8665740e-07   2.1069449e-07   2.2850197e-07   1.6983405e-07   1.2704398e-07   9.3381367e-08   7.4570039e-08   6.1606357e-08   5.0329138e-08   3.6395861e-08   1.8017856e-08   2.3793266e-08   2.9100265e-08   7.7358386e-09   7.0337625e-09
   0.0000000e+00   1.8002127e-07   3.0238462e-07   5.4891757e-07   5.8097226e-07   6.3090442e-07   7.0437767e-07   5.7683991e-07   3.5554481e-07   2.7114072e-07   1.8134092e-07   1.5823254e-07   1.1019221e-07   1.0120675e-07   9.6204694e-08   5.3741346e-08   3.9146663e-08   3.5022985e-08   3.6745877e-08   2.9753483e-08  -7.1803841e-10   1.3892775e-08   1.8402238e-08
   0.0000000e+00   1.5097186e-07   3.5684135e-07   4.9195893e-07   5.8824145e-07   6.7993471e-07   6.7364294e-07   4.9277213e-07   3.7714793e-07   2.5491056e-07   2.0277648e-07   1.4390645e-07   1.4029584e-07   9.6745829e-08   7.6385234e-08   6.5870118e-08   4.6880277e-08   3.4628638e-08   2.9187545e-08   7.2021900e-09   1.8546629e-08   1.3840591e-08  -5.8433387e-09
   0.0000000e+00   8.9411735e-08   3.6827512e-07   5.1718314e-07   5.8961427e-07   6.2824842e-07   6.7915113e-07   5.5737593e-07   3.7382134e-07   2.7486806e-07   1.8649986e-07   1.4734231e-07   1.3284863e-07   1.1049858e-07   7.7914599e-08   5.8672420e-08   3.6491517e-08   3.4562518e-08   1.5153054e-08   2.3180325e-08   2.1242933e-08  -5.1284976e-09   3.8516568e-09
   0.0000000e+00   1.2424606e-07   3.5943393e-07   5.2868438e-07   5.8324804e-07   6.2652799e-07   6.6463650e-07   5.6937824e-07   3.7635587e-07   2.3823964e-07   1.9326679e-07   1.8077678e-07   1.1404137e-07   1.0121215e-07   7.5210018e-08   4.5516309e-08   5.0661864e-08   3.1427358e-08   2.9031156e-08   1.4728061e-08  -7.7683531e-09   1.2337580e-08   8.6513685e-09
   0.0000000e+00   1.6653289e-07   3.4330253e-07   4.9214117e-07   5.8762436e-07   7.1257841e-07   6.3807710e-07   5.4327978e-07   3.6355416e-07   2.4639704e-07   2.3060409e-07   1.4507378e-07   1.1065971e-07   1.0260978e-07   7.7742847e-08   6.9873828e-08   3.9468134e-08   1.9933259e-08   9.2540562e-09   1.4046762e-08   2.0186420e-08   2.0758306e-09  -1.4117123e-08
   0.0000000e+00   1.1476179e-07   3.4080657e-07   5.1874019e-07   5.6889678e-07   5.9682162e-07   7.4921371e-07   5.2983984e-07   3.6656232e-07   2.9330263e-07   1.5286199e-07   1.3862140e-07   1.5163160e-07   1.0640814e-07   6.4444535e-08   4.0710230e-08   2.7757940e-08   3.5937525e-08   2.7062978e-08   7.3726492e-09   3.8060608e-09  -4.4240478e-09   1.0851678e-08
   0.0000000e+00   1.5078344e-07   3.5438913e-07   5.4628197e-07   5.7887479e-07   6.5652665e-07   6.3007064e-07   5.5276064e-07   3.8657589e-07   2.4521404e-07   2.0584011e-07   1.7607886e-07   1.0304223e-07   7.2389973e-08   8.2589374e-08   6.7634716e-08   3.8995275e-08   1.6615854e-08   1.3465738e-08   2.0611663e-08  -1.4957693e-09   1.0739455e-08  -1.2058877e-08
   0.0000000e+00   7.7503046e-08   3.8348722e-07   4.7042846e-07   6.4065046e-07   6.3594632e-07   6.9585468e-07   5.4186143e-07   3.6146349e-07   2.3973394e-07   2.1381767e-07   1.2519759e-07   1.3418425e-07   1.0456022e-07   7.5333666e-08   3.4219394e-08   3.0727101e-08   3.7696640e-08   1.8308933e-08   3.5067893e-10   1.0299925e-08   2.0263793e-10   2.2537348e-09
   0.0000000e+00   2.0937706e-07   2.9420664e-07   5.1356920e-07   5.2600262e-07   6.8668851e-07   6.5487984e-07   5.6145296e-07   3.8200426e-07   2.7837027e-07   1.6200785e-07   1.6931311e-07   1.0256981e-07   1.0109111e-07   6.7821389e-08   4.0800956e-08   4.3010349e-08   1.9259879e-08   1.9221575e-09   2.8081351e-08   7.7890085e-09  -8.5858582e-09   1.2565745e-09
   0.0000000e+00   5.8266362e-08   4.0283967e-07   5.4686819e-07   5.8655115e-07   6.1997355e-07   6.9014942e-07   5.3653821e-07   3.5850977e-07   2.4329313e-07   2.2127067e-07   1.4333824e-07   1.2784248e-07   8.7170804e-08   5.1026198e-08   6.7395924e-08   3.1264239e-08   7.2478095e-09   3.5739909e-08  -6.2598069e-09  -1.5143664e-09   1.2095696e-08  -1.3450066e-08
   0.0000000e+00   1.6939238e-07   3.2083568e-07   5.1250993e-07   5.9961900e-07   6.4857352e-07   6.8731379e-07   5.5911869e-07   3.6212560e-07   2.7787675e-07   1.6210501e-07   1.5638467e-07   1.0879030e-07   8.4169763e-08   8.4986588e-08   3.6511253e-08   1.4227878e-08   4.1689127e-08   1.1863391e-09   1.4311906e-08  -1.1006162e-09  -7.2758155e-09   5.7619520e-10
   0.0000000e+00   1.2144932e-07   3.4995105e-07   4.5080481e-07   6.0686875e-07   6.5326600e-07   6.5278965e-07   5.2653814e-07   4.0028880e-07   2.3389775e-07   2.1627187e-07   1.3653035e-07   1.1758280e-07   1.0526576e-07   5.1202871e-08   4.5021380e-08   4.1284512e-08   9.0022461e-09   1.7218628e-08  -6.0859495e-09   1.7886851e-08  -6.5370882e-09  -2.4042420e-08
   0.0000000e+00   1.2838726e-07   3.4554427e-07   5.8915009e-07   5.3243474e-07   6.6525439e-07   6.7983893e-07   5.7432186e-07   3.4899523e-07   2.6495434e-07   1.7931478e-07   1.4633709e-07   1.2235593e-07   7.9613592e-08   7.1982775e-08   3.8257994e-08   3.6997982e-08   2.3883279e-08   4.1065449e-09   1.9095030e-08  -7.3848097e-09  -4.5945452e-09   8.6554204e-09
   0.0000000e+00   1.1069852e-07   3.7468223e-07   4.7879723e-07   6.1664508e-07   6.1776240e-07   7.2384029e-07   5.1005941e-07   3.9099450e-07   2.4899225e-07   1.9961503e-07   1.5036267e-07   1.1078768e-07   7.9100104e-08   7.3094668e-08   5.2620290e-08   3.1790837e-08   1.4902383e-08   1.7954500e-08   1.9765652e-08  -3.7477541e-09   4.4850270e-09   3.0704717e-09
   0.0000000e+00   1.4705378e-07   3.2020657e-07   5.0886268e-07   5.6255311e-07   6.7123102e-07   6.1290751e-07   5.7600118e-07   3.3634615e-07   2.6433560e-07   1.7918552e-07   1.4398087e-07   1.2135784e-07   1.1221768e-07   5.7765639e-08   4.7467481e-08   3.2143326e-08   2.9431497e-08   3.2726053e-08  -8.7020942e-09   2.1327455e-08   1.2982175e-08  -9.2209369e-09
   0.0000000e+00   1.2728219e-07   3.8541222e-07   4.8629141e-07   6.3984629e-07   6.4508100e-07   7.2401298e-07   5.3321077e-07   4.1677154e-07   2.5811747e-07   1.9031543e-07   1.5489725e-07   1.1135914e-07   6.4332518e-08   9.9338109e-08   4.9027999e-08   4.2629178e-08   3.0725889e-08   8.2178202e-09   3.2193164e-08   1.2774584e-08   1.8032159e-09   1.3471979e-08
   0.0000000e+00   1.2681458e-07   2.8987913e-07   5.8227749e-07   5.2006698e-07   6.6181207e-07   6.3679295e-07   5.5922277e-07   3.3768117e-07   2.3599033e-07   2.0613253e-07   1.3903163e-07   1.2402838e-07   1.4124646e-07   3.2281822e-08   7.3325047e-08   3.2262562e-08   2.9860217e-08   4.3398419e-08   8.4513054e-09   7.9136537e-09   2.4968596e-08  -3.4795700e-09
   0.0000000e+00   1.0052958e-07   3.9401070e-07   4.7200044e-07   5.8983068e-07   6.3190896e-07   7.2495527e-07   5.3742019e-07   3.9801225e-07   2.8163217e-07   1.7829898e-07   1.7036574e-07   1.2032783e-07   6.5341645e-08   1.0125444e-07   5.2369725e-08   5.9461943e-08   3.7151846e-08   4.8075623e-09   3.5495535e-08   3.0484831e-08  -9.4842383e-09   2.4105963e-08
   0.0000000e+00   1.8229252e-07   3.4202716e-07   5.1083578e-07   6.4438069e-07   6.6359530e-07   6.6127319e-07   5.6061174e-07   3.3804895e-07   2.4872281e-07   1.9656582e-07   1.3169945e-07   1.3168896e-07   1.2721407e-07   7.4247872e-08   5.7149315e-08   2.8386003e-08   4.9170865e-08   4.7601397e-08   7.6038837e-09   9.6903641e-09   3.2730352e-08  -4.0284522e-09
   0.0000000e+00   7.2418516e-08   3.6387610e-07   5.0607866e-07   5.5181818e-07   6.5298030e-07   6.6756076e-07   5.3601036e-07   4.1759017e-07   2.6498356e-07   2.1374437e-07   1.6985324e-07   1.1541592e-07   7.7157928e-08   9.0753083e-08   7.2179766e-08   5.9357184e-08   2.7677549e-08   8.2430160e-09   4.3606146e-08   2.2998114e-08   5.2638521e-10   1.6005419e-08
   0.0000000e+00   1.4597460e-07   3.0597033e-07   5.5082097e-07   5.7171661e-07   6.4357312e-07   6.9366257e-07   5.8116689e-07   3.3254469e-07   2.5451382e-07   1.6513307e-07   1.4708638e-07   1.5285194e-07   1.1771380e-07   7.5147184e-08   5.3108458e-08   3.3106193e-08   4.8280562e-08   4.6145683e-08   1.0150765e-08   3.7174424e-09   1.5335113e-08   2.1618723e-08
   0.0000000e+00   1.4479382e-07   3.8614024e-07   5.0012454e-07   6.1635791e-07   6.6622289e-07   6.9448868e-07   5.1175402e-07   4.2415405e-07   2.5721326e-07   2.4163270e-07   1.6180557e-07   1.0125454e-07   9.6844012e-08   8.4329749e-08   6.2251353e-08   7.3594002e-08   9.5624486e-09   1.8216861e-08   3.0010717e-08   1.6258063e-08   1.6095159e-08  -1.3317112e-08
   0.0000000e+00   1.1373392e-07   3.3292739e-07   5.0570850e-07   5.6549231e-07   6.5716637e-07   6.5424939e-07   5.7551728e-07   3.3855963e-07   2.7149491e-07   1.4969233e-07   1.6280886e-07   1.3994688e-07   1.1284199e-07   7.5070488e-08   5.7000616e-08   2.1993918e-08   5.4175409e-08   2.7016084e-08   7.4936573e-09   1.2887427e-08   4.6042827e-09   1.3808449e-08
   0.0000000e+00   1.0292109e-07   3.6801947e-07   5.0254090e-07   6.1887738e-07   6.4166602e-07   7.1031235e-07   5.6022128e-07   3.9607752e-07   2.6579602e-07   2.3295958e-07   1.4762649e-07   1.1612761e-07   9.3038544e-08   8.5676028e-08   5.9218575e-08   5.3362406e-08   1.3096924e-08   2.8732080e-08   1.3172336e-08   8.0577811e-09   1.2684410e-08  -1.4571186e-08
   0.0000000e+00   1.3885432e-07   3.3408381e-07   5.7369357e-07   5.4533626e-07   6.7775437e-07   6.6737260e-07   5.1768370e-07   3.4930301e-07   2.5918229e-07   1.7689678e-07   1.6213799e-07   1.3477647e-07   1.0894292e-07   6.4400268e-08   5.8803415e-08   3.2429689e-08   3.4452157e-08   1.8180648e-08   1.1022765e-08   1.0483866e-08  -2.9222000e-09   1.2450241e-08
   0.0000000e+00   1.4871496e-07   3.4925097e-07   4.5177856e-07   6.5041183e-07   6.2633904e-07   6.8838887e-07   6.0657749e-07   4.1955624e-07   2.5376127e-07   2.2112650e-07   1.4137116e-07   1.2130373e-07   9.5744028e-08   8.8714565e-08   5.1549502e-08   4.2395886e-08   3.0824527e-08   1.3380736e-08   1.2646566e-08   1.2656860e-08   7.5256219e-09  -9.0584491e-09
   0.0000000e+00   1.2165182e-07   3.7155169e-07   5.4680368e-07   5.4928881e-07   6.6830017e-07   6.8672267e-07   5.1475183e-07   3.5223030e-07   2.5802333e-07   1.7538632e-07   1.7729525e-07   1.2527890e-07   1.0396560e-07   6.6566017e-08   6.4755298e-08   3.7185028e-08   2.3812524e-08   2.5621347e-08   1.8093722e-08   7.6152578e-09   4.8134221e-09   7.3386008e-09
   0.0000000e+00   8.5541188e-08   3.4772401e-07   5.3177104e-07   6.1305968e-07   6.6975053e-07   6.9008018e-07   5.5272500e-07   3.7993522e-07   2.8250773e-07   2.1670873e-07   1.3941140e-07   1.3949105e-07   7.9453017e-08   9.4309058e-08   4.8393513e-08   4.7100968e-08   2.5653382e-08   2.2918339e-08   1.7278550e-08   1.3747298e-08   6.7041990e-09   4.5054782e-09
   0.0000000e+00   1.9147814e-07   3.3931030e-07   5.0664346e-07   5.6203976e-07   6.6703996e-07   6.7115235e-07   5.7513222e-07   3.7375887e-07   2.7864343e-07   1.5706020e-07   1.6339357e-07   1.1703688e-07   1.3143901e-07   6.4571786e-08   5.7689835e-08   2.8470005e-08   4.5679240e-08   2.7296336e-08   9.2095345e-09   1.1421079e-08   9.9396429e-09   9.7173674e-09
   0.0000000e+00   9.1818286e-08   3.7122305e-07   5.4277035e-07   6.3303060e-07   6.2766804e-07   7.0496145e-07   5.4272772e-07   3.8961574e-07   2.2084426e-07   2.4651820e-07   1.6400426e-07   1.1900367e-07   7.5337383e-08   8.2362234e-08   5.7446002e-08   6.0902792e-08   1.2825701e-08   2.0844960e-08   2.0458137e-08   1.8947114e-08   1.5843076e-08  -1.2555265e-08
   0.0000000e+00   1.7813464e-07   3.7155206e-07   4.9557440e-07   5.8913082e-07   6.9416024e-07   6.6145014e-07   5.7153846e-07   3.7314075e-07   2.6597777e-07   1.8025247e-07   1.4343443e-07   1.2641891e-07   1.1526227e-07   7.6211606e-08   5.4920545e-08   2.5177298e-08   4.3279790e-08   2.6170479e-08   1.2600752e-08   1.4622772e-08  -1.2743001e-09   1.7277795e-08
   0.0000000e+00   7.0442674e-08   3.3999544e-07   5.3681555e-07   5.9867392e-07   6.1465153e-07   7.2644821e-07   5.1957329e-07   3.8133976e-07   2.8154562e-07   1.9894279e-07   1.4649926e-07   1.1981221e-07   9.9766105e-08   6.7355558e-08   5.7692869e-08   4.9172201e-08   1.7312656e-08   2.2638211e-08   1.3801579e-08   1.0347867e-08   1.1752954e-08  -9.7803756e-09
   0.0000000e+00   2.0830336e-07   3.6082955e-07   5.4595296e-07   5.7290202e-07   7.3155263e-07   6.4693705e-07   5.8463030e-07   3.6639008e-07   2.5030721e-07   1.7708513e-07   1.6430937e-07   1.2393549e-07   8.5883315e-08   8.0429935e-08   4.5784798e-08   3.1805889e-08   3.6038706e-08   1.0563280e-08   1.2165584e-08   1.0600259e-08  -4.3658999e-10   4.3553139e-09
   0.0000000e+00   8.4994113e-08   3.9177095e-07   5.1275276e-07   6.2715048e-07   6.0376669e-07   7.0094393e-07   5.5216157e-07   3.7592363e-07   2.6340442e-07   2.0285692e-07   1.3833088e-07   1.1989553e-07   1.0007231e-07   6.9393217e-08   5.3478104e-08   2.7561576e-08   2.0588127e-08   2.3858794e-08   1.2548456e-08   4.3929842e-09   1.4946216e-09   4.7077942e-09
   0.0000000e+00   1.6923819e-07   3.3265556e-07   5.3189143e-07   5.6886768e-07   6.8766002e-07   6.9351199e-07   5.2108368e-07   3.8038678e-07   2.4992781e-07   1.8496362e-07   1.7243276e-07   1.0568677e-07   9.0657032e-08   5.7784945e-08   5.4274309e-08   4.8349925e-08   1.6514365e-08   5.9277747e-09   1.2295689e-08   1.5583517e-08  -2.1070756e-09  -3.5910284e-09
   0.0000000e+00   1.3753258e-07   3.8203203e-07   5.1811219e-07   6.5287492e-07   6.3734490e-07   6.9614674e-07   5.9691820e-07   3.8906418e-07   2.3931011e-07   2.1795849e-07   1.0052580e-07   1.3925212e-07   9.2083994e-08   7.2629220e-08   4.9710490e-08   1.6622799e-08   2.9348953e-08   2.4934964e-08   1.0965409e-08  -5.7003029e-09   3.9130743e-09   1.9995732e-09
   0.0000000e+00   1.5081481e-07   3.5002151e-07   5.5565710e-07   5.4872015e-07   6.8728230e-07   6.5462268e-07   5.2331598e-07   3.4189378e-07   2.9257745e-07   1.6812535e-07   1.8300898e-07   9.9436143e-08   9.7103005e-08   7.3915302e-08   4.0543480e-08   4.0305228e-08   2.5856233e-08   1.3238381e-08   6.8783965e-09   9.3048058e-09   1.5859620e-09  -8.8812211e-09
   0.0000000e+00   1.1370197e-07   3.9753638e-07   4.8255913e-07   6.3608144e-07   6.5884399e-07   7.0842077e-07   5.6802907e-07   3.9467284e-07   2.4091921e-07   1.9612982e-07   1.3836673e-07   1.2660200e-07   8.9908220e-08   6.6755746e-08   5.6966947e-08   3.2554830e-08   2.5734375e-08   2.1589067e-08   6.6442802e-09   9.5506767e-09   4.0547588e-09  -5.1706528e-09
   0.0000000e+00   1.7277401e-07   3.5145237e-07   5.8647646e-07   5.6819516e-07   6.5017622e-07   6.7972985e-07   5.5452682e-07   3.6558228e-07   2.6724629e-07   1.8335881e-07   1.6220933e-07   1.2303012e-07   8.5144116e-08   7.9921705e-08   4.5782340e-08   4.4696634e-08   1.9466539e-08   1.6506599e-08   2.4088926e-08   5.5924358e-09   1.0614081e-09   4.8585407e-09
   0.0000000e+00   1.3715321e-07   3.7141953e-07   4.9435448e-07   6.1067163e-07   6.5511404e-07   7.0063800e-07   5.2803813e-07   4.0113804e-07   2.4424523e-07   2.0952167e-07   1.4704347e-07   1.0613471e-07   1.1551915e-07   6.0478129e-08   6.3366770e-08   3.8801154e-08   2.2116330e-08   2.4812968e-08   1.1100724e-08   6.2758407e-09   5.1714477e-09   5.7336980e-09
   0.0000000e+00   1.5727517e-07   3.2253291e-07   5.4507012e-07   5.9617105e-07   6.8495484e-07   6.6593316e-07   5.7917521e-07   3.4151225e-07   2.6183668e-07   1.9456571e-07   1.3711485e-07   1.4469003e-07   8.7557993e-08   7.6249023e-08   4.1230656e-08   3.0447882e-08   4.0360703e-08   1.8215362e-08   4.1939430e-09   1.1598406e-08   7.7519511e-09  -3.6784007e-09
   0.0000000e+00   1.1136731e-07   4.2814679e-07   5.0213396e-07   6.1244424e-07   6.3169347e-07   6.7651303e-07   5.3502595e-07   3.9904450e-07   2.7372991e-07   1.8787021e-07   1.6782505e-07   1.0465689e-07   8.6888654e-08   8.6971298e-08   6.2258998e-08   3.2953086e-08   2.1466274e-08   1.3240945e-08   1.3876339e-08   1.0026128e-08  -1.0374019e-09  -1.1871516e-09
   0.0000000e+00   1.7434571e-07   3.4004307e-07   5.4962521e-07   5.6595206e-07   6.6452424e-07   6.9488891e-07   5.8227607e-07   3.3425866e-07   2.4890886e-07   1.8575881e-07   1.4384690e-07   1.2532325e-07   1.0946377e-07   5.5036800e-08   5.0570367e-08   2.7068536e-08   3.3150606e-08   1.7576090e-08   8.0419458e-09   2.3201732e-09   2.7611600e-09  -6.8867765e-09
   0.0000000e+00   1.2257074e-07   3.5467517e-07   5.0521209e-07   6.0363317e-07   6.5033908e-07   6.9742225e-07   5.0008862e-07   3.9983365e-07   2.6142675e-07   1.9904137e-07   1.4921881e-07   1.1604894e-07   8.6415035e-08   7.8389881e-08   4.0592820e-08   5.3109609e-08   1.8836426e-08  -6.6766384e-09   2.2146443e-08   1.2749803e-08  -1.6989151e-08   8.2759906e-09
   0.0000000e+00   1.5573207e-07   3.3979140e-07   5.3625536e-07   5.9599847e-07   6.6227301e-07   6.3462619e-07   5.6949284e-07   3.6897282e-07   2.3378111e-07   1.8256651e-07   1.5063904e-07   1.1706523e-07   1.1121204e-07   6.0557696e-08   5.3911716e-08   2.3980526e-08   1.7034537e-08   3.5905131e-08   3.7624446e-09  -1.6946769e-08   1.0199974e-08  -1.2759112e-09
   0.0000000e+00   1.2889903e-07   3.9867803e-07   5.2017805e-07   5.8026461e-07   6.4260905e-07   7.0958373e-07   5.3415397e-07   3.7180098e-07   2.7169580e-07   1.9551952e-07   1.4558000e-07   1.1806064e-07   6.6247338e-08   7.7082944e-08   5.8363089e-08   2.6889074e-08   2.4821560e-08   6.3835519e-09   1.2015201e-08   8.9558672e-09   3.2700609e-10  -6.6930532e-09
   0.0000000e+00   1.3255757e-07   3.2877486e-07   5.0757791e-07   5.7636947e-07   6.5467111e-07   6.6411820e-07   5.5260665e-07   3.3965682e-07   2.4500343e-07   1.8362982e-07   1.4514140e-07   1.2698349e-07   1.0798944e-07   7.0017066e-08   3.7945227e-08   4.3471772e-08   2.3099036e-08   2.3005416e-08  -5.1481985e-10   1.0567937e-08   2.6914586e-09   5.6936140e-09
   0.0000000e+00   1.3621417e-07   3.7824088e-07   5.0597345e-07   6.0676376e-07   6.4074368e-07   6.7685909e-07   5.3386844e-07   3.8114936e-07   2.6652600e-07   1.8753502e-07   1.4203955e-07   1.1410054e-07   8.5351928e-08   7.4840706e-08   4.2650420e-08   3.5912290e-08   2.8996448e-08   1.3945853e-08   2.3581491e-08   9.4505879e-09   8.4633793e-09   2.3096132e-09
