   0.0000000e+00   2.7812595e-07   6.8904507e-07   1.1020294e-06   1.1836096e-06   1.3043565e-06   1.3226519e-06   1.0985015e-06   7.5302449e-07   4.5473266e-07   3.8712574e-07   3.2424728e-07   2.1450033e-07   2.0857986e-07   1.1964245e-07   1.3805547e-07   8.6347050e-08   4.0489805e-08   4.4940190e-08   3.2923325e-08   2.2732122e-08   2.8264420e-08   2.5555831e-08
   0.0000000e+00   2.9295472e-07   7.0337524e-07   9.8860380e-07   1.1390039e-06   1.3157785e-06   1.3842621e-06   1.0614742e-06   7.5046046e-07   5.0751697e-07   3.6593448e-07   2.7072718e-07   2.5241448e-07   1.9091691e-07   1.7059645e-07   6.3133683e-08   8.9910742e-08   5.7427783e-08   6.2326194e-08   3.3901724e-08   2.6734289e-08   3.1496555e-08   2.3816346e-08
   0.0000000e+00   2.7175815e-07   7.1934591e-07   1.1133234e-06   1.1925216e-06   1.2983730e-06   1.3537806e-06   1.0903233e-06   6.7127485e-07   5.5583826e-07   4.0835525e-07   3.0196458e-07   2.4213790e-07   1.6716558e-07   1.3492756e-07   1.5079844e-07   5.3368304e-08   5.7547116e-08   4.5678668e-08   3.1965481e-08   4.9800249e-08   1.6824892e-08   4.2429593e-10
   0.0000000e+00   2.2929352e-07   7.6392251e-07   9.7981990e-07   1.1857601e-06   1.2923873e-06   1.3222436e-06   1.1225983e-06   7.6851654e-07   4.7134364e-07   3.2837050e-07   3.0623667e-07   2.5470834e-07   2.0733825e-07   1.5864073e-07   8.6270447e-08   7.5625522e-08   7.5073785e-08   5.1039411e-08   1.7078175e-08   1.4979719e-08   2.3261705e-08   3.4367439e-08
   0.0000000e+00   2.2963529e-07   6.5885888e-07   1.0466667e-06   1.1770246e-06   1.2934772e-06   1.3670309e-06   1.0906210e-06   7.6259857e-07   5.3492124e-07   4.2986744e-07   2.9564947e-07   2.0928903e-07   1.7200317e-07   1.3561545e-07   1.2244507e-07   6.9003242e-08   4.7642324e-08   1.8619213e-08   5.5413501e-08   3.3375251e-08  -6.0965044e-10  -1.5894367e-08
   0.0000000e+00   3.2396940e-07   7.4628468e-07   1.0710132e-06   1.2039455e-06   1.3552518e-06   1.3558646e-06   1.0182100e-06   7.0637611e-07   4.6626960e-07   3.6711057e-07   2.9945664e-07   2.6638060e-07   2.4331592e-07   1.1571075e-07   8.5471761e-08   8.5226915e-08   5.4497608e-08   4.6891675e-08   8.4128180e-09   7.1849093e-10   1.0555114e-08   3.5453819e-08
   0.0000000e+00   2.7007073e-07   6.7916136e-07   1.0318245e-06   1.1559096e-06   1.2570071e-06   1.4008015e-06   1.1793832e-06   7.8611163e-07   5.8883285e-07   3.7007686e-07   2.9505628e-07   1.9702725e-07   1.5927662e-07   1.4941823e-07   1.2999497e-07   4.6364203e-08   5.5851267e-08   1.0591653e-08   3.8052843e-08   2.4923766e-08  -1.6446716e-09  -2.3908894e-08
   0.0000000e+00   2.0264274e-07   7.2758320e-07   1.0307486e-06   1.1825396e-06   1.3125160e-06   1.2869091e-06   1.0603073e-06   6.8727985e-07   4.3964221e-07   4.0058887e-07   3.1399216e-07   2.8176942e-07   1.7204192e-07   1.4812669e-07   7.7894775e-08   6.3789734e-08   6.2015921e-08   4.0114902e-08   1.5230016e-08   7.4926948e-10   1.7528667e-08  -6.1835719e-09
   0.0000000e+00   2.7837072e-07   7.6160785e-07   1.0910081e-06   1.1930724e-06   1.3980350e-06   1.4029586e-06   1.1264798e-06   7.9801947e-07   5.6762605e-07   3.7077348e-07   2.9022470e-07   1.9078431e-07   2.0675309e-07   1.5728862e-07   9.8469776e-08   7.1076791e-08   3.9858637e-08   5.3643248e-08   1.2755135e-08   2.2804336e-08  -1.7710833e-09   3.7300566e-08
   0.0000000e+00   2.5359793e-07   6.7778535e-07   1.0315697e-06   1.1969537e-06   1.2105407e-06   1.3703171e-06   1.0421994e-06   7.1520401e-07   4.9997607e-07   3.9414115e-07   2.7033551e-07   2.9741764e-07   1.6509706e-07   1.1387229e-07   9.8155454e-08   9.4229797e-08   5.4097058e-08   1.2699163e-08   6.1519764e-08   2.8119057e-08   2.7334853e-08  -1.1897269e-08
   0.0000000e+00   3.3386917e-07   7.2931010e-07   1.0246719e-06   1.2181882e-06   1.3724971e-06   1.3559263e-06   1.1430519e-06   7.9536790e-07   4.6347867e-07   3.7894711e-07   3.4680374e-07   1.9285987e-07   2.0665885e-07   1.5929010e-07   9.2052936e-08   8.7700641e-08   4.4621679e-08   6.0453083e-08   2.9048476e-08   1.2728724e-08   3.0329360e-08   1.7877245e-08
   0.0000000e+00   2.1313575e-07   7.4195106e-07   1.0916715e-06   1.2065133e-06   1.2740428e-06   1.3795391e-06   1.1294630e-06   6.8247903e-07   5.8596328e-07   3.8502068e-07   2.6991717e-07   2.2533710e-07   1.8677628e-07   1.4085882e-07   1.1020059e-07   5.8588249e-08   5.2398583e-08   6.0620913e-08   2.1348185e-08   3.2601459e-08   4.5351394e-09   7.4782429e-09
   0.0000000e+00   2.8512841e-07   7.4198169e-07   1.0761792e-06   1.1358441e-06   1.3607466e-06   1.3200283e-06   1.0344600e-06   7.2713203e-07   4.7507666e-07   3.6036755e-07   2.9519546e-07   2.8366685e-07   1.7398587e-07   1.2688302e-07   1.0319220e-07   8.1468983e-08   6.9904630e-08   9.3350288e-09   2.9952734e-08   1.1891911e-08   1.3728544e-08  -1.8312345e-08
   0.0000000e+00   2.5516110e-07   6.8140889e-07   1.0925075e-06   1.2077227e-06   1.3392726e-06   1.4560229e-06   1.1477890e-06   8.1282820e-07   5.4214627e-07   3.8421655e-07   2.7444253e-07   1.9098979e-07   1.9124097e-07   1.4681201e-07   1.1831165e-07   4.4131369e-08   3.6030094e-08   5.4350753e-08   2.3113511e-08   1.6158534e-08  -3.0474632e-09   4.3739981e-09
   0.0000000e+00   3.8177157e-07   7.8584486e-07   9.8385544e-07   1.2302474e-06   1.2810481e-06   1.2710201e-06   1.0112013e-06   6.7187710e-07   4.1878576e-07   3.8852664e-07   3.0910314e-07   2.3965450e-07   1.7613633e-07   1.3469132e-07   6.5880130e-08   7.8212985e-08   7.2613290e-08   2.2025617e-08   2.5903596e-08   9.8200204e-09   8.7278575e-09   1.1625881e-08
   0.0000000e+00   1.8540140e-07   7.6767827e-07   1.0761989e-06   1.2147697e-06   1.3117120e-06   1.3915102e-06   1.1816639e-06   8.3019705e-07   5.2662574e-07   3.6075954e-07   2.6596155e-07   2.1607930e-07   1.9364279e-07   1.0852473e-07   1.2839712e-07   8.7166811e-08   2.4985429e-08   2.3816531e-08   3.4756479e-08   4.9662635e-08   2.6447589e-09  -1.3540800e-08
   0.0000000e+00   3.0713250e-07   6.6916175e-07   1.1081528e-06   1.1556556e-06   1.3503837e-06   1.3541925e-06   1.0265175e-06   6.0561376e-07   5.2988264e-07   3.2507762e-07   2.9609006e-07   2.5084182e-07   1.5124665e-07   1.5666987e-07   6.6851499e-08   5.1516199e-08   6.5716115e-08   7.3623738e-08   4.1393463e-08  -3.1460111e-08   3.6063671e-08   2.8708422e-08
   0.0000000e+00   2.9344380e-07   7.4960684e-07   1.0473321e-06   1.2086940e-06   1.2692228e-06   1.3534739e-06   1.1028479e-06   7.7669910e-07   5.0973108e-07   4.1775613e-07   2.7008983e-07   1.7025511e-07   1.8454654e-07   1.4946468e-07   1.1903010e-07   8.7053664e-08   2.7781409e-08   5.1215199e-08   1.6315033e-08   6.3077280e-08   1.9265583e-08  -1.3106771e-08
   0.0000000e+00   2.9441438e-07   7.3523557e-07   1.0618577e-06   1.1640981e-06   1.3061252e-06   1.3739369e-06   1.0913628e-06   7.2332028e-07   4.0588395e-07   3.2426118e-07   2.8253243e-07   2.9617664e-07   1.9263140e-07   1.1835479e-07   7.4001896e-08   6.7308555e-08   1.0284840e-07   4.3264318e-08   3.1118741e-08   2.4090168e-08   3.1526941e-08   2.0123101e-08
   0.0000000e+00   2.3660766e-07   8.0553463e-07   9.7719953e-07   1.2292608e-06   1.3250398e-06   1.3051696e-06   1.0310958e-06   7.6730970e-07   5.5732664e-07   4.2427519e-07   3.0371470e-07   1.6421728e-07   1.7727722e-07   1.4289492e-07   1.4657485e-07   9.9963827e-08   2.9690685e-08   4.1680853e-08   6.4461716e-08   4.0286086e-08   2.6275329e-08  -3.7615466e-09
   0.0000000e+00   3.1780311e-07   6.1590572e-07   1.1531387e-06   1.1404740e-06   1.3158989e-06   1.3537307e-06   1.1244109e-06   6.7772368e-07   4.7179870e-07   3.1705528e-07   2.5208027e-07   3.0425318e-07   2.0251480e-07   1.4972127e-07   1.0040326e-07   6.4302753e-08   8.2323858e-08   7.6494096e-08   3.2894555e-08   3.3290586e-08   1.1256951e-08   5.0858098e-08
   0.0000000e+00   2.8331218e-07   7.2792864e-07   1.0053063e-06   1.1863751e-06   1.2648337e-06   1.3547608e-06   1.1016558e-06   7.2537682e-07   5.3409900e-07   3.8246719e-07   3.4957029e-07   1.9477243e-07   1.7865568e-07   1.6353569e-07   1.2619363e-07   9.9083870e-08   8.0713008e-08   3.5905973e-08   4.4010658e-08   6.2484247e-08   1.8762197e-08  -2.3456382e-08
   0.0000000e+00   2.0308022e-07   7.7544695e-07   1.0351397e-06   1.1923937e-06   1.3064728e-06   1.3272631e-06   1.0269139e-06   7.0206914e-07   5.0630962e-07   3.8523515e-07   2.8609205e-07   2.4412378e-07   2.0820002e-07   1.7333035e-07   1.0231464e-07   6.7210593e-08   9.5865936e-08   6.7075561e-08   4.6068362e-08  -3.3547471e-09   2.3070752e-08   4.2301018e-08
   0.0000000e+00   2.9593068e-07   7.4014793e-07   1.0238491e-06   1.1796251e-06   1.2779971e-06   1.3977301e-06   1.1126093e-06   8.1023671e-07   4.5738673e-07   3.8875964e-07   2.7887660e-07   2.6133191e-07   2.0336770e-07   1.2475793e-07   1.4321492e-07   1.2043475e-07   3.4475256e-08   4.9455842e-08   4.7806829e-08   5.0817050e-08   2.9331413e-09  -2.4277565e-08
   0.0000000e+00   3.3674425e-07   6.3098901e-07   1.0617928e-06   1.1457161e-06   1.3144120e-06   1.2904824e-06   1.0577853e-06   6.8900300e-07   5.1001996e-07   3.6959835e-07   3.0122601e-07   2.4269815e-07   2.0496489e-07   1.6985885e-07   9.3937217e-08   9.3662884e-08   7.3339685e-08   5.5244268e-08   3.6004522e-08   3.5904624e-09   4.5850101e-09   1.5730070e-08
   0.0000000e+00   1.3787496e-07   7.1367765e-07   1.0779944e-06   1.1975736e-06   1.3075884e-06   1.3455158e-06   1.0907569e-06   7.2240277e-07   5.3893450e-07   3.9151811e-07   3.0694579e-07   2.2394596e-07   1.8072967e-07   1.6104535e-07   1.1797255e-07   6.9124589e-08   6.1850642e-08   5.6542877e-08   2.5757794e-08   7.8319431e-09   2.8351224e-08  -2.7660024e-08
   0.0000000e+00   3.0630403e-07   7.9701510e-07   9.6320389e-07   1.1554682e-06   1.3204126e-06   1.3580611e-06   1.0994173e-06   7.4686847e-07   4.6912299e-07   3.3725698e-07   3.2016928e-07   2.4491970e-07   2.0158684e-07   1.5082655e-07   8.7789552e-08   1.0090454e-07   7.0881029e-08   3.0347724e-08   1.5996168e-08   4.9011376e-08  -9.8942357e-09   9.2449676e-10
   0.0000000e+00   2.6284781e-07   6.8695454e-07   1.0579283e-06   1.1868524e-06   1.2223313e-06   1.3721543e-06   1.0816294e-06   6.9958634e-07   5.3551599e-07   4.1521088e-07   2.6134202e-07   2.3548114e-07   1.8606048e-07   1.4208182e-07   1.3119977e-07   7.3343344e-08   3.3176192e-08   5.8727132e-08   5.0926626e-08  -5.3971738e-10   2.3025331e-08   9.2346033e-09
   0.0000000e+00   3.0083442e-07   6.3894623e-07   1.0748865e-06   1.1878982e-06   1.3581521e-06   1.3210819e-06   1.0473170e-06   7.7801343e-07   4.5557209e-07   3.9121585e-07   2.9267969e-07   2.3835074e-07   2.1667692e-07   1.3127858e-07   1.0480357e-07   7.7428091e-08   7.6546861e-08   3.8232585e-08   3.3559942e-08   2.9738111e-08   4.4154516e-09   3.1704850e-08
   0.0000000e+00   1.7515977e-07   7.1189561e-07   1.0649837e-06   1.1775254e-06   1.2887149e-06   1.3640280e-06   1.1263568e-06   7.3865641e-07   5.4397958e-07   3.7197694e-07   2.7835148e-07   2.7408632e-07   1.7002155e-07   1.5138556e-07   1.2694115e-07   9.3464223e-08   5.9789848e-08   4.7789133e-08   2.8961082e-08   4.1358401e-08   3.2354126e-08  -1.8613784e-08
   0.0000000e+00   2.8158846e-07   8.5622128e-07   9.4467197e-07   1.1696693e-06   1.3228748e-06   1.3285744e-06   1.0724569e-06   6.9384851e-07   5.0037113e-07   3.3507595e-07   3.6409727e-07   2.2097041e-07   1.9679648e-07   1.8985691e-07   1.0312699e-07   6.1038612e-08   8.8344706e-08   5.3786486e-08   4.5147239e-08   2.8592561e-08   1.8163228e-09   5.1835723e-08
   0.0000000e+00   2.9653543e-07   6.0102695e-07   1.1159404e-06   1.1956386e-06   1.2808332e-06   1.4062443e-06   1.1352798e-06   7.5605294e-07   5.4865404e-07   4.2046634e-07   2.7484319e-07   2.3318049e-07   2.1935463e-07   1.4217834e-07   1.4484456e-07   9.9302341e-08   6.2989734e-08   6.1028572e-08   4.5947878e-08   3.0466261e-08   4.5328925e-08  -1.1644481e-08
   0.0000000e+00   2.1268808e-07   7.0455098e-07   1.0664777e-06   1.1705350e-06   1.2930707e-06   1.3194251e-06   1.0118735e-06   7.4119004e-07   4.5515324e-07   3.7333260e-07   3.2905299e-07   2.6982724e-07   2.1922611e-07   1.4951394e-07   9.3465502e-08   1.2302210e-07   8.1765954e-08   4.0173525e-08   5.5994498e-08   3.9217497e-08   1.5798205e-08   3.6451027e-08
   0.0000000e+00   2.9852879e-07   7.5100286e-07   1.0370026e-06   1.1916104e-06   1.3782607e-06   1.3717031e-06   1.1632409e-06   7.7771688e-07   5.3833440e-07   4.2816475e-07   2.5871410e-07   2.2747111e-07   2.0775647e-07   1.7531167e-07   1.5144983e-07   7.2411787e-08   4.8243773e-08   9.1105186e-08   3.2554283e-08   4.1940954e-08   2.5483677e-08  -1.4162768e-09
   0.0000000e+00   2.4366517e-07   7.4654486e-07   9.7803149e-07   1.1989973e-06   1.2708859e-06   1.3359180e-06   1.0289612e-06   7.0213110e-07   4.7475953e-07   3.4506309e-07   3.4718994e-07   2.8398145e-07   1.7871592e-07   1.5591652e-07   1.0712906e-07   8.0016193e-08   1.0576598e-07   4.1529770e-08   3.8320469e-08   1.7338605e-08   2.4070635e-08   1.8650930e-08
   0.0000000e+00   2.5121707e-07   6.9215270e-07   1.1080168e-06   1.1926372e-06   1.2739745e-06   1.3629165e-06   1.1754976e-06   7.3383211e-07   5.7707490e-07   3.9896523e-07   2.7810700e-07   2.4653906e-07   1.6932465e-07   1.7290191e-07   1.1196571e-07   1.2023972e-07   3.8712670e-08   3.0137425e-08   4.9933785e-08   5.1529835e-08   1.4652891e-09  -3.0990492e-09
   0.0000000e+00   2.8403340e-07   7.2046407e-07   1.0797744e-06   1.1438967e-06   1.3240716e-06   1.4136419e-06   1.0107223e-06   7.1521771e-07   4.7606929e-07   3.5372565e-07   2.9986828e-07   2.1488704e-07   2.5794995e-07   1.4134740e-07   9.7061445e-08   6.2192861e-08   7.9422819e-08   7.4449531e-08   3.7040586e-08  -6.7212091e-10   5.2196918e-09   4.9870430e-08
   0.0000000e+00   2.7820931e-07   7.0706591e-07   9.9817817e-07   1.1896565e-06   1.3503392e-06   1.2684035e-06   1.0805421e-06   7.9737231e-07   4.8254077e-07   4.2321463e-07   3.0727881e-07   2.2983552e-07   1.5854565e-07   1.5014325e-07   1.3626018e-07   9.4827136e-08   5.9569281e-08   2.4199974e-08   4.2774509e-08   3.7141202e-08   3.2852551e-08  -3.6450583e-08
   0.0000000e+00   2.0436774e-07   7.4248277e-07   1.0434926e-06   1.2487427e-06   1.2690937e-06   1.3593605e-06   1.1555564e-06   7.1634327e-07   4.8330821e-07   3.4869919e-07   2.9218950e-07   2.6263353e-07   2.2181293e-07   1.3217388e-07   1.1218268e-07   7.0954762e-08   7.2220402e-08   7.2658253e-08   1.8255051e-08   1.1008896e-08   1.6069622e-08   2.8031913e-08
   0.0000000e+00   3.6491269e-07   6.9417649e-07   1.0880409e-06   1.1115960e-06   1.2670201e-06   1.3904439e-06   1.0105223e-06   6.8998634e-07   5.4190218e-07   4.0352174e-07   2.7674380e-07   2.2726756e-07   1.8722301e-07   1.5095537e-07   1.3255941e-07   7.0856245e-08   5.4889309e-08   3.0112147e-08   4.3258712e-08   2.5921938e-08  -3.9660795e-09  -3.9871968e-09
   0.0000000e+00   2.0155674e-07   7.6086252e-07   1.0238883e-06   1.1976805e-06   1.3343541e-06   1.3656389e-06   1.1284053e-06   7.1967173e-07   5.1980072e-07   3.4249257e-07   3.0099051e-07   2.6441612e-07   1.7472041e-07   1.5486347e-07   8.8704674e-08   9.3405994e-08   5.8623865e-08   2.9767417e-08   2.1354325e-08   5.7464984e-09   2.9150420e-09  -2.5155904e-08
   0.0000000e+00   2.5451095e-07   7.1218074e-07   1.0549850e-06   1.1793272e-06   1.3603795e-06   1.2783493e-06   1.0529055e-06   7.9573908e-07   4.5651817e-07   3.7554986e-07   3.1358596e-07   2.3126940e-07   1.9158642e-07   1.6989480e-07   8.6669026e-08   7.8097905e-08   4.8515073e-08   2.7121036e-08   3.2401694e-08  -1.2804310e-08  -9.3971275e-09  -1.0646074e-08
   0.0000000e+00   3.0081878e-07   6.8576736e-07   1.0278362e-06   1.2236679e-06   1.1986507e-06   1.3575465e-06   1.0920908e-06   6.9723683e-07   5.1383614e-07   4.1172484e-07   2.8836581e-07   2.1950319e-07   1.8878120e-07   1.3834818e-07   1.0886610e-07   7.6216992e-08   3.4125193e-08   4.6125024e-08  -9.8508117e-09   1.2779671e-08  -1.5642156e-08  -1.9294060e-08
   0.0000000e+00   2.9540561e-07   7.6670329e-07   1.0690231e-06   1.1409688e-06   1.3692716e-06   1.4216168e-06   1.1270703e-06   6.9410021e-07   5.2575911e-07   3.5730184e-07   2.5492773e-07   2.7788957e-07   1.9756573e-07   1.2765054e-07   9.5598388e-08   5.3386355e-08   5.3474885e-08   1.2515753e-08   2.7077698e-08  -2.0829695e-08  -2.2796430e-10  -3.6896942e-08
   0.0000000e+00   2.4880330e-07   6.9841536e-07   1.0733346e-06   1.1640108e-06   1.2985058e-06   1.2962674e-06   1.0184817e-06   7.8415724e-07   4.9987131e-07   3.8605782e-07   3.4844493e-07   2.0030997e-07   1.7376418e-07   1.3233866e-07   1.2122347e-07   6.0796332e-08   1.6424762e-08   4.2233633e-08  -1.6323165e-08   1.3649372e-08  -7.9582554e-09  -3.3634336e-08
   0.0000000e+00   2.1382246e-07   7.3085783e-07   9.9690442e-07   1.2446070e-06   1.3072416e-06   1.3276017e-06   1.1465207e-06   7.4114030e-07   5.0128227e-07   3.3612832e-07   3.1435638e-07   2.1406649e-07   1.8717810e-07   1.4966635e-07   7.4195079e-08   3.9973141e-08   7.3064946e-08   7.9806064e-09   1.6493924e-08   9.6996366e-09  -1.7700248e-08   1.1060352e-08
   0.0000000e+00   3.2000889e-07   7.4648301e-07   1.0841738e-06   1.1471949e-06   1.3086649e-06   1.4203291e-06   1.0664328e-06   7.2177261e-07   5.1108844e-07   4.2296219e-07   2.6392365e-07   2.5499824e-07   2.0860101e-07   1.0284509e-07   8.9830955e-08   8.8176741e-08   4.4128974e-08   1.0464077e-08   3.1936587e-08   2.1984842e-08   1.4196480e-08  -2.3560828e-08
   0.0000000e+00   3.2545756e-07   6.8870332e-07   1.0480099e-06   1.1845502e-06   1.2632278e-06   1.3500377e-06   1.0927337e-06   7.3298997e-07   5.5706141e-07   3.7175468e-07   2.7608883e-07   2.3805644e-07   1.7810123e-07   1.6191674e-07   1.0947430e-07   6.3635497e-08   4.2302545e-08   5.0050875e-08   4.6785274e-08   1.1952368e-08  -2.2187521e-09   5.4281326e-08
   0.0000000e+00   2.1581091e-07   7.1239293e-07   1.0335710e-06   1.2186638e-06   1.3776968e-06   1.3307042e-06   1.1268313e-06   7.5505409e-07   4.4808087e-07   3.9887337e-07   3.1555172e-07   2.7001229e-07   1.3875723e-07   1.5906159e-07   1.0846694e-07   7.1063369e-08   7.3135730e-08   4.3483780e-08   3.2413890e-08   2.9184397e-08   3.5736718e-08   5.1374252e-09
   0.0000000e+00   2.2249323e-07   7.3222998e-07   1.0840398e-06   1.1541601e-06   1.2890232e-06   1.3711133e-06   1.0569281e-06   7.6452125e-07   5.1438002e-07   3.7142067e-07   3.3649420e-07   1.9497067e-07   2.3310886e-07   1.5707325e-07   9.4404115e-08   9.4452574e-08   6.7558560e-08   5.1888556e-08   4.7426262e-08   4.7191698e-08   2.6062535e-08   8.7441681e-09
   0.0000000e+00   3.4311836e-07   7.7544320e-07   1.0301277e-06   1.1849570e-06   1.2867409e-06   1.3720817e-06   1.0967640e-06   7.2268097e-07   5.6318510e-07   3.8658712e-07   2.5022314e-07   2.5528476e-07   2.1186423e-07   1.4949045e-07   9.9998154e-08   1.1918473e-07   5.0300361e-08   7.2015396e-08   5.9723881e-08   1.4212857e-08   3.6540872e-08   4.0508016e-08
   0.0000000e+00   2.1717679e-07   6.7075672e-07   1.0366016e-06   1.2066191e-06   1.3345984e-06   1.3334609e-06   1.1229487e-06   7.4249823e-07   4.6475196e-07   3.7444534e-07   3.2407235e-07   2.4939538e-07   2.0456847e-07   1.0139792e-07   1.5885615e-07   9.7603213e-08   5.5416162e-08   7.5078923e-08   4.5445983e-08   4.8809106e-08   3.8565407e-08   8.5079792e-09
   0.0000000e+00   3.4209523e-07   6.9333140e-07   1.0494367e-06   1.1734832e-06   1.3067094e-06   1.3620389e-06   1.0599147e-06   7.2311360e-07   5.2151421e-07   3.8347198e-07   2.9719376e-07   2.4571227e-07   1.7090395e-07   2.0431942e-07   1.0747776e-07   6.6891552e-08   8.4413358e-08   7.7158646e-08   3.3978424e-08   4.4178851e-08   4.1628272e-08  -3.0636664e-09
   0.0000000e+00   1.7349095e-07   7.9790686e-07   1.0426758e-06   1.1911627e-06   1.2837406e-06   1.3555855e-06   1.1014171e-06   7.4554839e-07   5.0617814e-07   3.9430040e-07   2.9241525e-07   2.1309616e-07   2.1228921e-07   1.5838653e-07   1.2784281e-07   8.0022183e-08   9.7154704e-08   4.9657324e-08   3.3547337e-08   5.8826835e-08   1.4623585e-08   2.5890646e-08
   0.0000000e+00   3.0718456e-07   6.5019020e-07   1.0768659e-06   1.1666554e-06   1.3272980e-06   1.3931749e-06   1.0795333e-06   7.5109642e-07   4.9159712e-07   3.5450572e-07   2.8576096e-07   3.0463653e-07   1.7777639e-07   1.4842165e-07   1.0775420e-07   1.1883316e-07   6.8177464e-08   4.5822766e-08   6.4874634e-08   1.9456960e-08   1.5435212e-08   1.7413194e-08
   0.0000000e+00   2.7834076e-07   7.1070997e-07   1.0237610e-06   1.2404961e-06   1.2657206e-06   1.2858794e-06   1.0993616e-06   7.0819800e-07   5.0851321e-07   4.1121800e-07   3.0144415e-07   2.1394548e-07   2.3011363e-07   1.5577133e-07   1.2742001e-07   8.3274209e-08   6.9314545e-08   5.2009185e-08   5.7140340e-08   1.6638564e-08   2.6532605e-09   2.3143919e-08
   0.0000000e+00   2.4371752e-07   8.1677052e-07   1.0359278e-06   1.0963481e-06   1.3972233e-06   1.3698759e-06   1.0819575e-06   7.4683305e-07   5.1819984e-07   3.5723232e-07   3.2303791e-07   2.4149347e-07   1.6882326e-07   1.8235154e-07   1.2690684e-07   9.2465328e-08   7.8540793e-08   4.5345363e-08   1.7267688e-08   3.1918056e-08   1.8269976e-08  -1.4634335e-08
   0.0000000e+00   2.7670160e-07   6.2372578e-07   1.0719377e-06   1.2464641e-06   1.2473876e-06   1.4001929e-06   1.1117693e-06   7.3138671e-07   5.0529707e-07   3.7613032e-07   3.1133163e-07   2.3655907e-07   2.4300181e-07   1.2589352e-07   1.2776489e-07   7.8559651e-08   6.3591365e-08   6.3289860e-08   1.3540698e-08   3.2936015e-08   7.8242284e-09  -2.9056672e-08
   0.0000000e+00   2.3958469e-07   7.2256029e-07   1.0672159e-06   1.1932710e-06   1.2893787e-06   1.3225613e-06   1.0470426e-06   7.4638388e-07   5.3344002e-07   3.9411489e-07   2.7936176e-07   2.7137685e-07   1.9221442e-07   1.6913791e-07   1.1298758e-07   6.4318456e-08   7.1424729e-08   4.1486647e-08   3.8816424e-08  -1.0285667e-08  -1.0717159e-08   2.5959785e-08
   0.0000000e+00   3.0322229e-07   7.5126906e-07   1.0657413e-06   1.1986814e-06   1.3244977e-06   1.3765008e-06   1.1508987e-06   7.1990240e-07   4.8796090e-07   3.9209789e-07   3.1285370e-07   2.3022943e-07   1.9368910e-07   1.3576270e-07   1.2190684e-07   1.2152972e-07   1.4426763e-08   3.5948904e-08   2.3202899e-08  -7.8564355e-10   1.8592361e-08  -2.9910019e-08
   0.0000000e+00   3.0271465e-07   7.9275310e-07   9.7857185e-07   1.1340868e-06   1.3798903e-06   1.3659366e-06   1.0464381e-06   7.7926791e-07   5.0697929e-07   3.7790934e-07   3.1970615e-07   2.6331205e-07   1.8947424e-07   1.7547428e-07   7.5893865e-08   6.1601760e-08   8.0734630e-08   1.0399551e-08   2.3754176e-08   3.0283065e-08  -2.7783907e-08   3.6090617e-09
   0.0000000e+00   1.3768150e-07   6.4513745e-07   1.1158114e-06   1.2525775e-06   1.2537572e-06   1.3222099e-06   1.1153350e-06   6.9968820e-07   5.5246858e-07   3.8763562e-07   2.8214501e-07   2.3423486e-07   1.9058338e-07   1.6721563e-07   1.1475798e-07   6.3175861e-08   4.3915438e-08   4.5328669e-08   7.9464160e-09  -4.8535389e-09   2.5255357e-08  -3.6278809e-08
   0.0000000e+00   4.3551790e-07   7.0793197e-07   1.0840715e-06   1.1860683e-06   1.3105296e-06   1.4108358e-06   1.0715440e-06   7.8287400e-07   4.6943606e-07   3.4474300e-07   3.2964567e-07   2.5902068e-07   1.8969016e-07   1.4026027e-07   9.4929980e-08   8.2605105e-08   5.5620269e-08   3.1169190e-08   2.0487469e-08   5.5059606e-09  -1.6234553e-08   3.8538239e-08
   0.0000000e+00   1.8638087e-07   8.0496835e-07   1.0362818e-06   1.1421648e-06   1.2982175e-06   1.3385949e-06   1.1227211e-06   7.2119457e-07   5.2948639e-07   4.5543121e-07   2.5637806e-07   2.3450444e-07   2.1049307e-07   1.2463654e-07   1.2816234e-07   6.4991539e-08   3.4756653e-08   2.6306738e-08   4.2356241e-08   1.5323925e-08   3.9606465e-09  -6.4909194e-09
   0.0000000e+00   2.7376038e-07   7.1836098e-07   9.9618637e-07   1.2359809e-06   1.4002467e-06   1.3084803e-06   1.0748233e-06   7.2076449e-07   4.7133119e-07   3.6893874e-07   3.3235165e-07   2.0131813e-07   2.3488958e-07   1.4112183e-07   8.6358156e-08   7.8440102e-08   4.6659643e-08   5.4938319e-08  -5.7626268e-09   1.3128433e-08   2.3907365e-08  -1.5010681e-08
   0.0000000e+00   3.0821565e-07   6.5390708e-07   1.1260319e-06   1.1939942e-06   1.2180760e-06   1.4262190e-06   1.0933993e-06   7.6422913e-07   5.4115571e-07   3.2797928e-07   2.8414567e-07   2.8853415e-07   1.2912288e-07   1.4488644e-07   1.1421611e-07   5.5800722e-08   7.2656192e-08   1.4097592e-09   3.3715558e-08   1.4411948e-08  -8.9813144e-09   3.9240104e-09
   0.0000000e+00   2.4886421e-07   8.1537246e-07   1.0086999e-06   1.1592759e-06   1.2869195e-06   1.3221043e-06   1.0521466e-06   7.2267221e-07   5.0043042e-07   3.9048854e-07   3.2106064e-07   2.1931332e-07   2.0246058e-07   1.3192376e-07   1.0026100e-07   6.3540583e-08   2.3167141e-08   4.6282683e-08   2.4760832e-08   2.1903082e-09  -2.1544129e-09   5.0201794e-09
   0.0000000e+00   2.8492860e-07   6.5715756e-07   1.0708962e-06   1.2147522e-06   1.3910516e-06   1.3687246e-06   1.1109025e-06   7.2264800e-07   5.2856444e-07   3.8472953e-07   2.2879897e-07   2.3648201e-07   1.8380295e-07   1.6289945e-07   7.1959427e-08   7.8020634e-08   5.3837937e-08   2.7511684e-08   2.6104731e-08  -1.6013639e-09   1.8970896e-08  -1.7439030e-08
   0.0000000e+00   2.1475326e-07   7.3701023e-07   1.0665069e-06   1.1269034e-06   1.2582736e-06   1.3154150e-06   1.1134991e-06   7.2441651e-07   4.2940277e-07   4.0441756e-07   3.2646648e-07   2.3720361e-07   1.7770935e-07   1.2994518e-07   1.1467406e-07   6.6356456e-08   5.9058440e-08   3.8943082e-08   1.8971342e-08   4.0315040e-08   1.5426150e-09   1.6560037e-08
   0.0000000e+00   3.6665676e-07   7.5708903e-07   9.9939803e-07   1.2054608e-06   1.3096676e-06   1.3363926e-06   1.0744435e-06   7.6449737e-07   5.3068095e-07   3.6937340e-07   3.1945882e-07   2.2183063e-07   1.8967511e-07   1.5471785e-07   9.9710441e-08   8.0620097e-08   5.5109194e-08   6.0606219e-08   3.0205971e-08   2.2306558e-08   2.9862374e-08   2.0362656e-08
   0.0000000e+00   2.3462523e-07   6.4342987e-07   1.0977878e-06   1.2263041e-06   1.3014228e-06   1.4410125e-06   1.0369071e-06   6.9992331e-07   5.8792671e-07   3.1199497e-07   2.5441668e-07   2.5698120e-07   2.1738205e-07   1.3278847e-07   1.1917815e-07   8.6822318e-08   6.7280254e-08   5.2587012e-08   5.0319649e-08   3.6357235e-08   3.0618537e-08   2.5035641e-08
   0.0000000e+00   1.6986679e-07   8.4089572e-07   9.9212116e-07   1.1427588e-06   1.3055267e-06   1.2490704e-06   1.1119827e-06   7.7474789e-07   4.1918574e-07   4.5685374e-07   3.3728608e-07   2.5415736e-07   1.8439771e-07   1.5037216e-07   1.2119224e-07   1.0178847e-07   7.1418008e-08   3.7588638e-08   4.6306997e-08   5.9456578e-08   1.4924128e-08   1.5054761e-08
   0.0000000e+00   3.7554477e-07   6.1830605e-07   1.1178230e-06   1.1735258e-06   1.2711630e-06   1.4099911e-06   1.1559654e-06   7.0943594e-07   5.4297124e-07   3.6016957e-07   3.1633564e-07   2.1821594e-07   2.0309665e-07   1.9011574e-07   1.0882972e-07   7.6531400e-08   7.1376149e-08   7.2119967e-08   6.0599803e-08  -2.4907270e-09   2.8698601e-08   3.5737770e-08
   0.0000000e+00   3.0745829e-07   7.3632782e-07   9.9962676e-07   1.1908090e-06   1.3662724e-06   1.3529202e-06   9.8517728e-07   7.5537122e-07   5.0733746e-07   4.0582773e-07   2.8525341e-07   2.8079231e-07   1.9156064e-07   1.5369332e-07   1.2995007e-07   9.4925312e-08   6.7944157e-08   5.9258475e-08   1.3247667e-08   3.8227480e-08   2.5966546e-08  -1.0249533e-08
   0.0000000e+00   1.9361350e-07   7.5060433e-07   1.0547351e-06   1.1894907e-06   1.2663288e-06   1.3600594e-06   1.1166439e-06   7.4633886e-07   5.5032763e-07   3.6983741e-07   2.9521098e-07   2.6341334e-07   2.2149716e-07   1.5415006e-07   1.1815812e-07   7.1453790e-08   6.9912225e-08   2.9150902e-08   4.7387630e-08   4.0867796e-08  -8.4738279e-09   5.8569047e-09
   0.0000000e+00   2.5327807e-07   7.3968755e-07   1.0730990e-06   1.1813510e-06   1.2591753e-06   1.3330799e-06   1.1386395e-06   7.5299249e-07   4.7428125e-07   3.8738335e-07   3.5840196e-07   2.2856113e-07   2.0038667e-07   1.5109784e-07   8.9224457e-08   1.0205553e-07   6.1113475e-08   5.9195354e-08   2.7798867e-08  -1.3954472e-08   2.2981851e-08   1.8900064e-08
   0.0000000e+00   3.4796963e-07   7.0231749e-07   1.0031989e-06   1.1859569e-06   1.4355443e-06   1.2794517e-06   1.0869989e-06   7.2705114e-07   4.9277241e-07   4.5798561e-07   2.9046944e-07   2.1887827e-07   2.0583035e-07   1.5337409e-07   1.4028583e-07   7.7106741e-08   4.1028493e-08   1.6463401e-08   2.9609764e-08   3.8719715e-08   5.5024749e-09  -2.9411737e-08
   0.0000000e+00   2.3515115e-07   7.0031899e-07   1.0548466e-06   1.1516933e-06   1.1995699e-06   1.5017338e-06   1.0616048e-06   7.3231797e-07   5.8509124e-07   3.0573003e-07   2.7471847e-07   3.0330349e-07   2.1045061e-07   1.2944544e-07   7.9603083e-08   5.6374155e-08   6.9750079e-08   5.5683575e-08   1.3052453e-08   8.5582332e-09  -9.8613340e-09   2.2259002e-08
   0.0000000e+00   3.1395402e-07   7.2532202e-07   1.1107694e-06   1.1697067e-06   1.3227037e-06   1.2637835e-06   1.1053590e-06   7.7346459e-07   4.9008406e-07   4.0944263e-07   3.5165587e-07   2.0394249e-07   1.4497164e-07   1.6319073e-07   1.3573583e-07   7.6114482e-08   3.4509018e-08   2.5234863e-08   4.2097021e-08  -3.8180281e-09   2.1949745e-08  -2.4817767e-08
   0.0000000e+00   1.6228321e-07   7.8493753e-07   9.5792359e-07   1.2943289e-06   1.2790981e-06   1.3948564e-06   1.0852235e-06   7.2280153e-07   4.7804673e-07   4.2706509e-07   2.4841756e-07   2.6785921e-07   2.0711040e-07   1.5091162e-07   6.6684322e-08   6.2149120e-08   7.3829590e-08   3.7654551e-08  -4.0792045e-10   2.1599382e-08  -5.1304450e-10   5.7055534e-09
   0.0000000e+00   4.3018244e-07   6.0573285e-07   1.0451407e-06   1.0632371e-06   1.3820412e-06   1.3135552e-06   1.1233351e-06   7.6383913e-07   5.5660502e-07   3.2236736e-07   3.3767401e-07   2.0337812e-07   2.0221236e-07   1.3363902e-07   8.1850445e-08   8.4739284e-08   3.9112440e-08   2.8290523e-09   5.7424625e-08   1.4539051e-08  -1.5734805e-08   1.5824838e-09
   0.0000000e+00   1.2452080e-07   8.2330166e-07   1.1115093e-06   1.1870679e-06   1.2476906e-06   1.3832570e-06   1.0743997e-06   7.1704079e-07   4.8559366e-07   4.4143411e-07   2.8532892e-07   2.5532347e-07   1.7226714e-07   1.0220968e-07   1.3327946e-07   6.2465986e-08   1.3590372e-08   7.2341152e-08  -1.3749850e-08  -1.6432780e-09   2.3017527e-08  -2.5739764e-08
   0.0000000e+00   3.5024132e-07   6.5954305e-07   1.0425549e-06   1.2110149e-06   1.3047315e-06   1.3782936e-06   1.1183299e-06   7.2457851e-07   5.5470190e-07   3.2343414e-07   3.1176327e-07   2.1564713e-07   1.6825179e-07   1.6804543e-07   7.2967630e-08   2.7297737e-08   8.3710539e-08   1.0873715e-09   2.9848071e-08  -3.8348418e-09  -1.3480848e-08  -2.8417166e-10
   0.0000000e+00   2.5292206e-07   7.1750736e-07   9.1819112e-07   1.2257096e-06   1.3153656e-06   1.3085787e-06   1.0544805e-06   7.9971448e-07   4.6788830e-07   4.3087863e-07   2.7144310e-07   2.3466136e-07   2.0841615e-07   1.0243005e-07   8.8183441e-08   8.2929006e-08   1.6819516e-08   3.5005197e-08  -1.3700298e-08   3.6678177e-08  -1.4765678e-08  -4.7435464e-08
   0.0000000e+00   2.6658739e-07   7.0815724e-07   1.1965917e-06   1.0773944e-06   1.3379914e-06   1.3631712e-06   1.1482709e-06   6.9886107e-07   5.2806064e-07   3.5809930e-07   2.9148117e-07   2.4241322e-07   1.5886974e-07   1.4179115e-07   7.7224257e-08   7.2071181e-08   4.8446950e-08   6.8256738e-09   3.9035719e-08  -1.6639442e-08  -8.1380085e-09   1.5630704e-08
   0.0000000e+00   2.2945571e-07   7.6703384e-07   9.7488328e-07   1.2466693e-06   1.2424922e-06   1.4505562e-06   1.0224022e-06   7.8100589e-07   4.9857124e-07   3.9674316e-07   2.9891598e-07   2.2082989e-07   1.5607584e-07   1.4624101e-07   1.0302227e-07   6.4813626e-08   2.7787207e-08   3.7180744e-08   3.7786741e-08  -6.0313545e-09   7.4277708e-09   7.5629893e-09
   0.0000000e+00   3.0594805e-07   6.5685600e-07   1.0361617e-06   1.1359042e-06   1.3521177e-06   1.2289357e-06   1.1517984e-06   6.7353869e-07   5.2606299e-07   3.5782122e-07   2.8650419e-07   2.4062152e-07   2.2367524e-07   1.1393320e-07   9.5431822e-08   6.2106047e-08   6.0618952e-08   6.3361433e-08  -1.5762570e-08   4.1265306e-08   2.7390561e-08  -1.9487338e-08
   0.0000000e+00   2.6149240e-07   7.8986892e-07   9.8788701e-07   1.2942968e-06   1.2969807e-06   1.4526523e-06   1.0675971e-06   8.3264075e-07   5.1650284e-07   3.7887457e-07   3.0771565e-07   2.2152582e-07   1.2734736e-07   1.9806353e-07   9.6772517e-08   8.6294811e-08   5.9356985e-08   1.8206455e-08   6.2785574e-08   2.6737798e-08   2.3228757e-09   2.7890261e-08
   0.0000000e+00   2.6613952e-07   5.9384604e-07   1.1851944e-06   1.0510552e-06   1.3337249e-06   1.2760928e-06   1.1193292e-06   6.7588155e-07   4.7050040e-07   4.1014178e-07   2.7715666e-07   2.4655637e-07   2.8133238e-07   6.3879789e-08   1.4670510e-07   6.3148889e-08   6.1176678e-08   8.5164963e-08   1.8073299e-08   1.4613157e-08   5.0842537e-08  -8.0854878e-09
   0.0000000e+00   2.0519938e-07   8.0905903e-07   9.5958785e-07   1.1950685e-06   1.2697725e-06   1.4544065e-06   1.0760269e-06   7.9543565e-07   5.6243141e-07   3.5620238e-07   3.3830653e-07   2.3945401e-07   1.3004087e-07   2.0187234e-07   1.0397535e-07   1.1993062e-07   7.2601544e-08   1.1053000e-08   6.9826008e-08   6.1653111e-08  -2.0038261e-08   4.8839773e-08
   0.0000000e+00   3.7977836e-07   6.9879246e-07   1.0416185e-06   1.2985712e-06   1.3380194e-06   1.3256861e-06   1.1221508e-06   6.7636870e-07   4.9671650e-07   3.9040077e-07   2.6307023e-07   2.6166344e-07   2.5367751e-07   1.4797936e-07   1.1430162e-07   5.5445156e-08   9.9979808e-08   9.3646818e-08   1.6101527e-08   1.8582954e-08   6.6102047e-08  -8.7014698e-09
   0.0000000e+00   1.4893895e-07   7.4790057e-07   1.0280093e-06   1.1186065e-06   1.3126066e-06   1.3395696e-06   1.0724956e-06   8.3515823e-07   5.2851544e-07   4.2756076e-07   3.3674468e-07   2.3090952e-07   1.5273697e-07   1.8120797e-07   1.4372542e-07   1.1950338e-07   5.3720996e-08   1.7931809e-08   8.6019966e-08   4.6925617e-08   1.1713999e-10   3.2998887e-08
   0.0000000e+00   3.0610360e-07   6.2664407e-07   1.1212370e-06   1.1547979e-06   1.2965702e-06   1.3899520e-06   1.1636503e-06   6.6456909e-07   5.0888644e-07   3.2737330e-07   2.9460986e-07   3.0301646e-07   2.3574457e-07   1.4917246e-07   1.0626765e-07   6.5201228e-08   9.7648780e-08   9.0809635e-08   2.1583087e-08   6.0244472e-09   3.1787959e-08   4.2138787e-08
   0.0000000e+00   2.9441304e-07   7.9186123e-07   1.0161291e-06   1.2465737e-06   1.3392536e-06   1.3933525e-06   1.0241408e-06   8.4874802e-07   5.1282342e-07   4.8328093e-07   3.2070949e-07   2.0282086e-07   1.9177470e-07   1.6889743e-07   1.2353550e-07   1.4762600e-07   1.7859723e-08   3.7634749e-08   5.8311013e-08   3.3860239e-08   3.0689428e-08  -2.5510456e-08
   0.0000000e+00   2.4223482e-07   6.8086740e-07   1.0309392e-06   1.1418178e-06   1.3235560e-06   1.3112049e-06   1.1520079e-06   6.7645550e-07   5.4287619e-07   2.9678552e-07   3.2576767e-07   2.7744358e-07   2.2597094e-07   1.4853106e-07   1.1429238e-07   4.2930395e-08   1.0920230e-07   5.2469908e-08   1.6404144e-08   2.4071412e-08   1.0290043e-08   2.6603018e-08
   0.0000000e+00   2.0831219e-07   7.5635097e-07   1.0198440e-06   1.2518215e-06   1.2901276e-06   1.4242339e-06   1.1209205e-06   7.9324059e-07   5.2991481e-07   4.6573703e-07   2.9242017e-07   2.3234007e-07   1.8388613e-07   1.7169185e-07   1.1700789e-07   1.0718459e-07   2.4683050e-08   5.8620362e-08   2.4391110e-08   1.7214585e-08   2.3926694e-08  -2.8177494e-08
   0.0000000e+00   2.9331073e-07   6.8065100e-07   1.1677470e-06   1.1014913e-06   1.3643383e-06   1.3380920e-06   1.0369403e-06   6.9696318e-07   5.1806751e-07   3.5159400e-07   3.2366520e-07   2.6739616e-07   2.1782994e-07   1.2707142e-07   1.1796241e-07   6.3116879e-08   6.9871781e-08   3.4229735e-08   2.3059060e-08   1.9047263e-08  -4.9165791e-09   2.3471593e-08
   0.0000000e+00   3.0003034e-07   7.2131508e-07   9.1750212e-07   1.3151734e-06   1.2602887e-06   1.3801574e-06   1.2126372e-06   8.4033104e-07   5.0585584e-07   4.4124300e-07   2.8096935e-07   2.4171979e-07   1.9000288e-07   1.7754290e-07   1.0137620e-07   8.5798447e-08   5.9461481e-08   2.7791261e-08   2.3598458e-08   2.6140397e-08   1.3603523e-08  -1.6978630e-08
   0.0000000e+00   2.5914287e-07   7.5506000e-07   1.1153974e-06   1.1094903e-06   1.3452867e-06   1.3763205e-06   1.0315579e-06   7.0286495e-07   5.1595327e-07   3.4876390e-07   3.5362567e-07   2.4922980e-07   2.0741781e-07   1.3175921e-07   1.3008886e-07   7.2416839e-08   4.8879937e-08   4.9523340e-08   3.7118692e-08   1.4042445e-08   1.0773560e-08   1.3618063e-08
   0.0000000e+00   1.7206835e-07   7.1727953e-07   1.0780564e-06   1.2407615e-06   1.3469961e-06   1.3849129e-06   1.1051376e-06   7.6094625e-07   5.6287450e-07   4.3338176e-07   2.7669142e-07   2.7831766e-07   1.5766844e-07   1.8835556e-07   9.5610488e-08   9.4770904e-08   4.9761404e-08   4.6963955e-08   3.3221234e-08   2.8672357e-08   1.2148960e-08   9.9898489e-09
   0.0000000e+00   3.9988302e-07   6.9237524e-07   1.0340891e-06   1.1348191e-06   1.3433627e-06   1.3442374e-06   1.1522299e-06   7.4617793e-07   5.5788701e-07   3.1135914e-07   3.2677244e-07   2.3216509e-07   2.6246502e-07   1.2816389e-07   1.1528375e-07   5.5853626e-08   9.2229207e-08   5.3187573e-08   1.9814204e-08   2.1423952e-08   2.0917815e-08   1.8555227e-08
   0.0000000e+00   1.8731565e-07   7.6313233e-07   1.1005056e-06   1.2810817e-06   1.2622595e-06   1.4144917e-06   1.0850703e-06   7.8065347e-07   4.3940400e-07   4.9348074e-07   3.2507293e-07   2.3817998e-07   1.4905457e-07   1.6462943e-07   1.1379699e-07   1.2239937e-07   2.4322636e-08   4.3004167e-08   3.9359168e-08   3.9271324e-08   3.0600276e-08  -2.3905180e-08
   0.0000000e+00   3.7063259e-07   7.5824300e-07   1.0113587e-06   1.1890796e-06   1.3985948e-06   1.3254839e-06   1.1447354e-06   7.4503527e-07   5.3269309e-07   3.5729610e-07   2.8757404e-07   2.4995219e-07   2.3083741e-07   1.5112808e-07   1.1026761e-07   4.9109577e-08   8.7475399e-08   5.1021583e-08   2.6466074e-08   2.7627696e-08  -1.0743291e-09   3.3347067e-08
   0.0000000e+00   1.4655853e-07   6.9959270e-07   1.0902626e-06   1.2115963e-06   1.2352430e-06   1.4572749e-06   1.0396823e-06   7.6319060e-07   5.6069092e-07   3.9834896e-07   2.8951129e-07   2.4033130e-07   1.9729232e-07   1.3510729e-07   1.1399023e-07   9.9056834e-08   3.3387412e-08   4.5874692e-08   2.6062619e-08   2.2073756e-08   2.1919742e-08  -1.8104187e-08
   0.0000000e+00   4.3016706e-07   7.3890152e-07   1.1103998e-06   1.1575822e-06   1.4734849e-06   1.2971980e-06   1.1699655e-06   7.3213619e-07   5.0093661e-07   3.5117299e-07   3.2864821e-07   2.4485163e-07   1.7233450e-07   1.5888865e-07   9.2189651e-08   6.2005398e-08   7.2563594e-08   1.9647443e-08   2.5314280e-08   1.9517138e-08   3.4505721e-10   7.7166291e-09
   0.0000000e+00   1.7848143e-07   8.0115069e-07   1.0436764e-06   1.2678612e-06   1.2151796e-06   1.4054008e-06   1.1050839e-06   7.5216565e-07   5.2454692e-07   4.0528386e-07   2.7388623e-07   2.4008165e-07   1.9741236e-07   1.3939258e-07   1.0508501e-07   5.5552754e-08   3.9476191e-08   4.8722953e-08   2.3297019e-08   1.0297863e-08   2.2340314e-09   1.0371087e-08
   0.0000000e+00   3.5056513e-07   6.8398197e-07   1.0818494e-06   1.1504858e-06   1.3836835e-06   1.3909214e-06   1.0433660e-06   7.5990647e-07   4.9993224e-07   3.6745087e-07   3.4416249e-07   2.0846231e-07   1.8212228e-07   1.1317144e-07   1.0903324e-07   9.4728712e-08   3.3983124e-08   9.8234274e-09   2.6330149e-08   2.9900807e-08  -3.0466019e-09  -7.6563511e-09
   0.0000000e+00   2.8376957e-07   7.8177004e-07   1.0542108e-06   1.3184170e-06   1.2830634e-06   1.3958265e-06   1.1944113e-06   7.7861131e-07   4.7671637e-07   4.3500995e-07   1.9883328e-07   2.7849117e-07   1.8146770e-07   1.4587896e-07   9.7096610e-08   3.4302680e-08   5.6557106e-08   5.1266536e-08   2.0391372e-08  -1.0129232e-08   6.6947718e-09   4.6942201e-09
   0.0000000e+00   3.1426424e-07   7.1677567e-07   1.1289777e-06   1.1104991e-06   1.3838901e-06   1.3128782e-06   1.0480675e-06   6.8331030e-07   5.8479475e-07   3.3450758e-07   3.6507396e-07   1.9666616e-07   1.9434334e-07   1.4558258e-07   8.2068006e-08   7.8213269e-08   5.3038001e-08   2.4982628e-08   1.4790334e-08   1.7111269e-08   4.1884274e-09  -1.9451717e-08
   0.0000000e+00   2.3454842e-07   8.1472882e-07   9.8300939e-07   1.2853501e-06   1.3252804e-06   1.4211909e-06   1.1366081e-06   7.8967219e-07   4.8061298e-07   3.9125641e-07   2.7492780e-07   2.5284169e-07   1.7773414e-07   1.3406053e-07   1.1157319e-07   6.6611399e-08   4.9627257e-08   4.4324064e-08   1.1835356e-08   2.0411150e-08   6.5033379e-09  -9.2782768e-09
   0.0000000e+00   3.5892143e-07   7.1855453e-07   1.1921420e-06   1.1493743e-06   1.3095170e-06   1.3624430e-06   1.1105313e-06   7.3067491e-07   5.3403340e-07   3.6511238e-07   3.2353080e-07   2.4407913e-07   1.7061734e-07   1.5773146e-07   9.2933114e-08   8.7299433e-08   4.0302137e-08   3.1473590e-08   4.9791058e-08   9.6583763e-09   3.5347123e-09   8.8067686e-09
   0.0000000e+00   2.8185829e-07   7.6265644e-07   1.0058080e-06   1.2346364e-06   1.3184583e-06   1.4053936e-06   1.0563310e-06   8.0240341e-07   4.8714378e-07   4.1818893e-07   2.9234093e-07   2.1207198e-07   2.2915776e-07   1.2197656e-07   1.2469448e-07   7.8823696e-08   4.2644803e-08   5.1025129e-08   2.0473145e-08   1.4259517e-08   9.2230783e-09   1.2565434e-08
   0.0000000e+00   3.2768503e-07   6.6102558e-07   1.1089784e-06   1.2054522e-06   1.3783034e-06   1.3353139e-06   1.1594279e-06   6.8250625e-07   5.2357956e-07   3.8685124e-07   2.7392269e-07   2.8743253e-07   1.7556404e-07   1.5059227e-07   8.3556174e-08   5.9141971e-08   8.1706155e-08   3.4707462e-08   1.0003685e-08   2.1632927e-08   1.6706407e-08  -7.9968441e-09
   0.0000000e+00   2.2971398e-07   8.7597937e-07   1.0222047e-06   1.2378036e-06   1.2722493e-06   1.3563017e-06   1.0704497e-06   7.9841936e-07   5.4543369e-07   3.7609166e-07   3.3280872e-07   2.0951821e-07   1.7177923e-07   1.7465743e-07   1.2247574e-07   6.6954591e-08   4.1027963e-08   2.7883491e-08   2.5781699e-08   2.1385562e-08  -2.9773608e-09  -1.7969440e-09
   0.0000000e+00   3.6180438e-07   6.9694312e-07   1.1181695e-06   1.1447937e-06   1.3370037e-06   1.3933471e-06   1.1654068e-06   6.6802585e-07   4.9813218e-07   3.6843397e-07   2.8796794e-07   2.4810450e-07   2.1926591e-07   1.0817804e-07   1.0184493e-07   5.2213881e-08   6.7478048e-08   3.3115612e-08   1.7546592e-08   3.2289580e-09   6.1693304e-09  -1.4312499e-08
   0.0000000e+00   2.5319969e-07   7.2915140e-07   1.0272709e-06   1.2207743e-06   1.3086882e-06   1.3984145e-06   1.0011287e-06   7.9994129e-07   5.2083755e-07   3.9787216e-07   2.9565470e-07   2.3243538e-07   1.7064089e-07   1.5707992e-07   7.9547469e-08   1.0693932e-07   3.5849556e-08  -1.1983414e-08   4.2542524e-08   2.6566298e-08  -3.4859255e-08   1.6741312e-08
   0.0000000e+00   3.2478030e-07   6.9532859e-07   1.0921340e-06   1.2039576e-06   1.3336145e-06   1.2726715e-06   1.1395339e-06   7.3734623e-07   4.6725003e-07   3.6266380e-07   3.0113000e-07   2.3140687e-07   2.2291702e-07   1.1915454e-07   1.0827335e-07   4.6234451e-08   3.5112986e-08   6.9988467e-08   8.9509999e-09  -3.5342421e-08   2.1040496e-08  -3.5093384e-09
   0.0000000e+00   2.6406647e-07   8.1666764e-07   1.0571231e-06   1.1748630e-06   1.2920590e-06   1.4228148e-06   1.0691674e-06   7.4321110e-07   5.4176053e-07   3.9068777e-07   2.8843985e-07   2.3629796e-07   1.2997515e-07   1.5478284e-07   1.1467241e-07   5.4515269e-08   4.7853721e-08   1.3954037e-08   2.2120973e-08   1.9193934e-08  -9.7971631e-10  -1.2562499e-08
   0.0000000e+00   2.7897298e-07   6.7383456e-07   1.0344456e-06   1.1634430e-06   1.3187309e-06   1.3310460e-06   1.1055902e-06   6.7926618e-07   4.8947129e-07   3.6456163e-07   2.8996709e-07   2.5139639e-07   2.1634305e-07   1.3763263e-07   7.6736576e-08   8.4997573e-08   4.7170129e-08   4.4073815e-08   4.6497325e-10   1.8901600e-08   6.5523205e-09   9.5719734e-09
   0.0000000e+00   2.7863180e-07   7.7608689e-07   1.0275569e-06   1.2282363e-06   1.2880682e-06   1.3574322e-06   1.0684331e-06   7.6179992e-07   5.3110557e-07   3.7500701e-07   2.8120411e-07   2.2803374e-07   1.6841749e-07   1.5024304e-07   8.3314255e-08   7.2712766e-08   5.6238765e-08   2.9483175e-08   4.4978989e-08   2.0491964e-08   1.5315630e-08   5.8199499e-09
