   0.0000000e+00   4.3718347e-07   1.0703800e-06   1.6942486e-06   1.7995472e-06   1.9730733e-06   1.9889208e-06   1.6474004e-06   1.1277968e-06   6.7892256e-07   5.7495481e-07   4.8346521e-07   3.1791822e-07   3.0992135e-07   1.7769383e-07   2.0550992e-07   1.2875017e-07   6.0782121e-08   6.5548655e-08   5.1081258e-08   3.2562504e-08   4.3414442e-08   3.8520170e-08
   0.0000000e+00   4.5497782e-07   1.0963947e-06   1.5174824e-06   1.7389607e-06   1.9858483e-06   2.0827488e-06   1.5926942e-06   1.1236201e-06   7.5703923e-07   5.4619773e-07   4.0092098e-07   3.7524316e-07   2.8461849e-07   2.5399052e-07   9.3205600e-08   1.3425041e-07   8.4665153e-08   9.4511343e-08   4.9240736e-08   4.1149868e-08   4.7411170e-08   3.6774619e-08
   0.0000000e+00   4.2937785e-07   1.1120802e-06   1.7136451e-06   1.8115441e-06   1.9653974e-06   2.0352106e-06   1.6362379e-06   1.0044880e-06   8.3118567e-07   6.0720993e-07   4.4990844e-07   3.6096816e-07   2.4771430e-07   2.0043770e-07   2.2606451e-07   7.7970867e-08   8.6622407e-08   6.6679576e-08   4.8901878e-08   7.4267831e-08   2.5539544e-08   1.0484718e-09
   0.0000000e+00   3.5656745e-07   1.1898420e-06   1.5021058e-06   1.8097518e-06   1.9504389e-06   1.9899733e-06   1.6838716e-06   1.1518730e-06   7.0275672e-07   4.8991114e-07   4.5530143e-07   3.7821840e-07   3.0952307e-07   2.3698590e-07   1.2679868e-07   1.1331566e-07   1.1083202e-07   7.7543454e-08   2.4184278e-08   2.2658561e-08   3.5316873e-08   5.0877745e-08
   0.0000000e+00   3.6755478e-07   1.0198964e-06   1.6139458e-06   1.7887182e-06   1.9573331e-06   2.0552936e-06   1.6373111e-06   1.1412384e-06   8.0008226e-07   6.4034708e-07   4.3992884e-07   3.1143250e-07   2.5557969e-07   2.0038139e-07   1.8322369e-07   1.0170599e-07   7.1094348e-08   2.6264116e-08   8.3519780e-08   4.9898336e-08  -1.7513306e-09  -2.2920155e-08
   0.0000000e+00   4.9816117e-07   1.1628108e-06   1.6401042e-06   1.8353617e-06   2.0466166e-06   2.0404771e-06   1.5275606e-06   1.0583432e-06   6.9637861e-07   5.4630584e-07   4.4587466e-07   3.9589116e-07   3.6193651e-07   1.7264600e-07   1.2562829e-07   1.2690592e-07   8.0312780e-08   7.0372792e-08   1.1612494e-08   9.4435781e-10   1.5653610e-08   5.3067506e-08
   0.0000000e+00   4.2722462e-07   1.0517545e-06   1.5895769e-06   1.7592213e-06   1.9004719e-06   2.1065262e-06   1.7698649e-06   1.1780902e-06   8.7893511e-07   5.5263882e-07   4.3751706e-07   2.9258419e-07   2.3646871e-07   2.2140962e-07   1.9367214e-07   6.7409431e-08   8.3493447e-08   1.3916696e-08   5.7070128e-08   3.5969627e-08  -2.7764668e-09  -3.7482103e-08
   0.0000000e+00   3.1772498e-07   1.1329032e-06   1.5819135e-06   1.8020564e-06   1.9839836e-06   1.9360602e-06   1.5923079e-06   1.0276043e-06   6.5821672e-07   5.9494749e-07   4.6856789e-07   4.1883641e-07   2.5480921e-07   2.2025297e-07   1.1463447e-07   9.4838612e-08   9.0172065e-08   6.0639479e-08   2.0543171e-08   9.8964881e-10   2.3702782e-08  -9.1774393e-09
   0.0000000e+00   4.3818719e-07   1.1775855e-06   1.6772120e-06   1.8153974e-06   2.1125675e-06   2.1112844e-06   1.6887905e-06   1.1982931e-06   8.4581052e-07   5.5496531e-07   4.2956685e-07   2.8292868e-07   3.0821786e-07   2.3275648e-07   1.4602506e-07   1.0431965e-07   6.0126389e-08   7.7917633e-08   2.0036403e-08   3.1858658e-08  -1.1988630e-09   5.3996072e-08
   0.0000000e+00   3.9548598e-07   1.0568216e-06   1.5841322e-06   1.8245103e-06   1.8305185e-06   2.0610271e-06   1.5665350e-06   1.0681503e-06   7.4988077e-07   5.8485773e-07   4.0363048e-07   4.4278218e-07   2.4347113e-07   1.6999223e-07   1.4489397e-07   1.4109595e-07   7.9111160e-08   2.0930598e-08   9.1056393e-08   4.4094584e-08   4.0617980e-08  -1.5508396e-08
   0.0000000e+00   5.2076456e-07   1.1312309e-06   1.5776995e-06   1.8535385e-06   2.0751718e-06   2.0409627e-06   1.7139511e-06   1.1943156e-06   6.9008411e-07   5.6623463e-07   5.1558095e-07   2.8567416e-07   3.0920521e-07   2.3563479e-07   1.3751232e-07   1.2997228e-07   6.8174700e-08   8.9579551e-08   4.5369323e-08   1.9525578e-08   4.6791911e-08   2.8134926e-08
   0.0000000e+00   3.3696378e-07   1.1521246e-06   1.6756228e-06   1.8385747e-06   1.9268950e-06   2.0750324e-06   1.6962313e-06   1.0206810e-06   8.7689079e-07   5.7367430e-07   4.0083657e-07   3.3603229e-07   2.7637816e-07   2.1096695e-07   1.6347585e-07   8.7532477e-08   7.7727577e-08   9.1282594e-08   3.1563825e-08   4.9034927e-08   6.6572423e-09   1.1409082e-08
   0.0000000e+00   4.4656184e-07   1.1518658e-06   1.6546248e-06   1.7317697e-06   2.0569255e-06   1.9875688e-06   1.5525388e-06   1.0896016e-06   7.0930196e-07   5.3561706e-07   4.4007928e-07   4.2106734e-07   2.6016090e-07   1.8727782e-07   1.5429281e-07   1.2067748e-07   1.0405009e-07   1.3151085e-08   4.3934214e-08   1.6574170e-08   2.0043357e-08  -2.9028232e-08
   0.0000000e+00   4.0133693e-07   1.0606529e-06   1.6782650e-06   1.8400825e-06   2.0250232e-06   2.1897110e-06   1.7228481e-06   1.2173645e-06   8.0903891e-07   5.7363684e-07   4.0592533e-07   2.8454440e-07   2.8270827e-07   2.1913490e-07   1.7512171e-07   6.5424047e-08   5.2494464e-08   8.0705213e-08   3.3572494e-08   2.3788772e-08  -5.6786940e-09   6.5743233e-09
   0.0000000e+00   5.9144691e-07   1.2188298e-06   1.5156050e-06   1.8734547e-06   1.9375457e-06   1.9136969e-06   1.5167312e-06   1.0059171e-06   6.2537896e-07   5.7648924e-07   4.6123972e-07   3.5378434e-07   2.6263186e-07   1.9906487e-07   9.7158470e-08   1.1551377e-07   1.0835070e-07   3.1683975e-08   3.8734576e-08   1.3780127e-08   1.3347505e-08   1.6945483e-08
   0.0000000e+00   2.9767003e-07   1.1902843e-06   1.6543428e-06   1.8505175e-06   1.9833790e-06   2.0921075e-06   1.7744964e-06   1.2421173e-06   7.8594144e-07   5.3797709e-07   3.9255681e-07   3.2235445e-07   2.8557463e-07   1.6132751e-07   1.9023891e-07   1.3004168e-07   3.6189231e-08   3.5838024e-08   5.1749566e-08   7.5071668e-08   3.5875560e-09  -1.9829354e-08
   0.0000000e+00   4.7860647e-07   1.0437927e-06   1.7013541e-06   1.7617006e-06   2.0408932e-06   2.0385544e-06   1.5383282e-06   9.0784653e-07   7.9007174e-07   4.8230595e-07   4.4105332e-07   3.7037293e-07   2.2555102e-07   2.3123415e-07   9.9418187e-08   7.5040013e-08   9.8402268e-08   1.1009995e-07   6.2401988e-08  -4.7721286e-08   5.4658386e-08   4.2768676e-08
   0.0000000e+00   4.6174975e-07   1.1618502e-06   1.6117954e-06   1.8402899e-06   1.9196784e-06   2.0346615e-06   1.6564225e-06   1.1605906e-06   7.6195801e-07   6.2228821e-07   3.9915466e-07   2.5300920e-07   2.7258503e-07   2.2243096e-07   1.7619368e-07   1.2946624e-07   4.0899131e-08   7.6527165e-08   2.3553619e-08   9.5664156e-08   2.7840352e-08  -1.8565403e-08
   0.0000000e+00   4.5698053e-07   1.1448102e-06   1.6296652e-06   1.7751440e-06   1.9733029e-06   2.0676418e-06   1.6354088e-06   1.0845041e-06   6.0348680e-07   4.8130573e-07   4.2076530e-07   4.3953594e-07   2.8653670e-07   1.7525018e-07   1.0878019e-07   1.0014249e-07   1.5288870e-07   6.4378511e-08   4.7322615e-08   3.4859259e-08   4.8774332e-08   2.9681607e-08
   0.0000000e+00   3.7787927e-07   1.2430402e-06   1.5086292e-06   1.8685985e-06   2.0040736e-06   1.9618658e-06   1.5481082e-06   1.1471279e-06   8.3321049e-07   6.3280106e-07   4.5036398e-07   2.4341227e-07   2.6305145e-07   2.1255279e-07   2.1819456e-07   1.4868657e-07   4.3481645e-08   6.2879380e-08   9.5167465e-08   6.2373850e-08   3.8318237e-08  -3.4793159e-09
   0.0000000e+00   4.9021656e-07   9.6727467e-07   1.7638984e-06   1.7410458e-06   1.9869701e-06   2.0374748e-06   1.6858601e-06   1.0147656e-06   7.0425114e-07   4.7027891e-07   3.7515053e-07   4.5305273e-07   3.0196856e-07   2.2220682e-07   1.4977307e-07   9.4859310e-08   1.2399016e-07   1.1309045e-07   5.1087163e-08   4.8764836e-08   1.9161188e-08   7.5589000e-08
   0.0000000e+00   4.4946398e-07   1.1252331e-06   1.5513706e-06   1.8035446e-06   1.9131567e-06   2.0357870e-06   1.6533656e-06   1.0861429e-06   7.9676721e-07   5.7166449e-07   5.1940088e-07   2.9001745e-07   2.6493018e-07   2.4443247e-07   1.8792527e-07   1.4844905e-07   1.1997139e-07   5.4940031e-08   6.6018337e-08   9.4897246e-08   2.7696801e-08  -3.3693386e-08
   0.0000000e+00   3.1643000e-07   1.2063464e-06   1.5876469e-06   1.8175982e-06   1.9736988e-06   1.9977408e-06   1.5395256e-06   1.0509827e-06   7.5696573e-07   5.7199532e-07   4.2710954e-07   3.6217631e-07   3.1150412e-07   2.5760312e-07   1.5241521e-07   9.9906401e-08   1.4466450e-07   1.0057076e-07   6.9962653e-08  -4.9668065e-09   3.6181032e-08   6.1381634e-08
   0.0000000e+00   4.6701345e-07   1.1448631e-06   1.5768223e-06   1.7956179e-06   1.9315962e-06   2.1005121e-06   1.6705864e-06   1.2125706e-06   6.8252660e-07   5.8044668e-07   4.1400500e-07   3.8981887e-07   3.0182917e-07   1.8608496e-07   2.1416888e-07   1.8005531e-07   5.1506142e-08   7.4665941e-08   7.2411638e-08   7.6828734e-08   2.4599542e-09  -3.5050260e-08
   0.0000000e+00   5.2018476e-07   9.8657108e-07   1.6301874e-06   1.7446960e-06   1.9870838e-06   1.9423446e-06   1.5854926e-06   1.0324632e-06   7.6101679e-07   5.5077783e-07   4.4770206e-07   3.6127861e-07   3.0590340e-07   2.5307574e-07   1.3941579e-07   1.4005849e-07   1.1014563e-07   8.2689446e-08   5.3648996e-08   4.1967776e-09   7.2917539e-09   2.0912262e-08
   0.0000000e+00   2.2524947e-07   1.1082019e-06   1.6547386e-06   1.8256237e-06   1.9751835e-06   2.0232519e-06   1.6376630e-06   1.0801629e-06   8.0648294e-07   5.8183224e-07   4.5778398e-07   3.3225419e-07   2.6832925e-07   2.3983182e-07   1.7579822e-07   1.0309628e-07   9.1288335e-08   8.5040902e-08   3.7386670e-08   1.1626916e-08   4.0284181e-08  -4.0950923e-08
   0.0000000e+00   4.7793947e-07   1.2324095e-06   1.4855540e-06   1.7572636e-06   1.9973163e-06   2.0425248e-06   1.6482298e-06   1.1199960e-06   6.9817202e-07   5.0320699e-07   4.7482243e-07   3.6384031e-07   2.9956536e-07   2.2403783e-07   1.2970868e-07   1.4969454e-07   1.0620815e-07   4.4126590e-08   2.3946710e-08   7.1546594e-08  -1.4071887e-08  -5.9896621e-10
   0.0000000e+00   4.1082166e-07   1.0712306e-06   1.6228696e-06   1.8108932e-06   1.8460370e-06   2.0641155e-06   1.6244099e-06   1.0453590e-06   8.0118258e-07   6.1709761e-07   3.8796779e-07   3.4954783e-07   2.7547813e-07   2.1063447e-07   1.9439143e-07   1.0953027e-07   4.7705413e-08   8.8259213e-08   7.4759427e-08   5.0709170e-10   3.2992144e-08   1.5650929e-08
   0.0000000e+00   4.7133034e-07   9.9314786e-07   1.6538285e-06   1.8060236e-06   2.0547297e-06   1.9870408e-06   1.5696860e-06   1.1665201e-06   6.7857496e-07   5.8308206e-07   4.3440483e-07   3.5308761e-07   3.2271436e-07   1.9392346e-07   1.5650598e-07   1.1329808e-07   1.1492579e-07   5.5684158e-08   5.1173362e-08   4.3003762e-08   8.0245597e-09   4.7306944e-08
   0.0000000e+00   2.7712227e-07   1.1095060e-06   1.6332149e-06   1.7964588e-06   1.9461800e-06   2.0523198e-06   1.6915939e-06   1.1044992e-06   8.1326482e-07   5.5293413e-07   4.1337438e-07   4.0845887e-07   2.5131621e-07   2.2615131e-07   1.8803583e-07   1.4002570e-07   8.8253223e-08   7.1514435e-08   4.1658573e-08   6.3259805e-08   4.7397325e-08  -2.6944631e-08
   0.0000000e+00   4.4447802e-07   1.3189476e-06   1.4595521e-06   1.7786639e-06   2.0017026e-06   1.9981005e-06   1.6084714e-06   1.0401327e-06   7.4611859e-07   4.9894174e-07   5.4242446e-07   3.2703821e-07   2.9445263e-07   2.8244278e-07   1.5412303e-07   9.0524281e-08   1.3180731e-07   7.9863767e-08   6.8357210e-08   4.0959065e-08   4.0019987e-09   7.6338239e-08
   0.0000000e+00   4.5792402e-07   9.4451809e-07   1.7085750e-06   1.8249857e-06   1.9341962e-06   2.1162950e-06   1.7038543e-06   1.1311913e-06   8.2042123e-07   6.2681539e-07   4.0783098e-07   3.4853520e-07   3.2592163e-07   2.1281242e-07   2.1648566e-07   1.4824928e-07   9.4414432e-08   9.1560075e-08   6.8140267e-08   4.7574609e-08   6.6708246e-08  -1.5616763e-08
   0.0000000e+00   3.4296150e-07   1.0898325e-06   1.6440030e-06   1.7793910e-06   1.9576335e-06   1.9843280e-06   1.5187942e-06   1.1105460e-06   6.7915266e-07   5.5548992e-07   4.9141181e-07   4.0095375e-07   3.2857807e-07   2.2264811e-07   1.3958986e-07   1.8429901e-07   1.2216866e-07   6.0417868e-08   8.4974801e-08   5.8413743e-08   2.5314961e-08   5.4534631e-08
   0.0000000e+00   4.5937841e-07   1.1717863e-06   1.5894083e-06   1.8190088e-06   2.0808993e-06   2.0640693e-06   1.7450510e-06   1.1644596e-06   8.0430402e-07   6.3972618e-07   3.8344714e-07   3.3977352e-07   3.0841088e-07   2.6268316e-07   2.2584179e-07   1.0761074e-07   7.2265060e-08   1.3663485e-07   4.8656997e-08   6.3777030e-08   3.8083193e-08  -1.6508522e-09
   0.0000000e+00   3.9107729e-07   1.1516706e-06   1.5117869e-06   1.8232215e-06   1.9233589e-06   2.0100931e-06   1.5442149e-06   1.0517225e-06   7.0862967e-07   5.1281859e-07   5.1788555e-07   4.2203567e-07   2.6676128e-07   2.3116748e-07   1.5924421e-07   1.1911273e-07   1.5773183e-07   6.1436950e-08   5.7838040e-08   2.4706482e-08   3.6617788e-08   2.6845788e-08
   0.0000000e+00   3.8737070e-07   1.0837830e-06   1.6962676e-06   1.8193015e-06   1.9254319e-06   2.0489808e-06   1.7639817e-06   1.0979304e-06   8.6308046e-07   5.9436763e-07   4.1272290e-07   3.6651056e-07   2.5053728e-07   2.5722480e-07   1.6603130e-07   1.7912582e-07   5.6410112e-08   4.4909388e-08   7.3750428e-08   7.7298097e-08   1.2449705e-09  -4.5508166e-09
   0.0000000e+00   4.5254646e-07   1.1130733e-06   1.6639500e-06   1.7414563e-06   2.0018244e-06   2.1275803e-06   1.5160398e-06   1.0718239e-06   7.0920044e-07   5.2659811e-07   4.4532436e-07   3.1849069e-07   3.8408575e-07   2.0936629e-07   1.4457129e-07   9.0639126e-08   1.2002403e-07   1.1017421e-07   5.5872217e-08  -1.7292313e-09   8.2859710e-09   7.3686500e-08
   0.0000000e+00   4.2765748e-07   1.1062507e-06   1.5317025e-06   1.8142449e-06   2.0399611e-06   1.9073268e-06   1.6213991e-06   1.1928362e-06   7.2108929e-07   6.3010839e-07   4.5692391e-07   3.4083845e-07   2.3474946e-07   2.2396426e-07   2.0172735e-07   1.4335697e-07   8.7205883e-08   3.7420307e-08   6.3639369e-08   5.6918442e-08   4.8790092e-08  -5.3053725e-08
   0.0000000e+00   3.3308328e-07   1.1450832e-06   1.6096260e-06   1.8978672e-06   1.9199395e-06   2.0445120e-06   1.7331697e-06   1.0730431e-06   7.2062630e-07   5.1883262e-07   4.3362317e-07   3.9104333e-07   3.3063765e-07   1.9557005e-07   1.6874375e-07   1.0428988e-07   1.0932098e-07   1.0834742e-07   2.8149550e-08   1.6484625e-08   2.5408273e-08   4.2387164e-08
   0.0000000e+00   5.5782471e-07   1.0878340e-06   1.6659264e-06   1.6975565e-06   1.9134466e-06   2.0914165e-06   1.5163289e-06   1.0313987e-06   8.0992356e-07   6.0099904e-07   4.1138807e-07   3.3734713e-07   2.7794934e-07   2.2649671e-07   1.9598605e-07   1.0712152e-07   8.0626606e-08   4.5872131e-08   6.4242279e-08   3.9594862e-08  -5.6369487e-09  -5.6369753e-09
   0.0000000e+00   3.2828831e-07   1.1729700e-06   1.5791517e-06   1.8210687e-06   2.0179548e-06   2.0529960e-06   1.6921921e-06   1.0787513e-06   7.7499953e-07   5.0945533e-07   4.4760083e-07   3.9332201e-07   2.6098448e-07   2.2901079e-07   1.3376018e-07   1.3791244e-07   8.8299885e-08   4.3152035e-08   3.2199505e-08   7.8906011e-09   3.7146841e-09  -3.7817600e-08
   0.0000000e+00   3.9485084e-07   1.1121782e-06   1.6181494e-06   1.7982444e-06   2.0540763e-06   1.9239021e-06   1.5798262e-06   1.1899209e-06   6.8198216e-07   5.5913040e-07   4.6632584e-07   3.4441490e-07   2.8416957e-07   2.5484567e-07   1.2797430e-07   1.1733032e-07   7.1216405e-08   4.1441680e-08   4.6691156e-08  -1.8811974e-08  -1.5093216e-08  -1.6798660e-08
   0.0000000e+00   4.7286656e-07   1.0643810e-06   1.5828930e-06   1.8607846e-06   1.8139616e-06   2.0406039e-06   1.6382327e-06   1.0440308e-06   7.6684870e-07   6.1383798e-07   4.2891142e-07   3.2557483e-07   2.8233734e-07   2.0549720e-07   1.6275041e-07   1.1313018e-07   5.1796995e-08   6.6859599e-08  -1.2727532e-08   1.7328167e-08  -2.2964572e-08  -2.9530506e-08
   0.0000000e+00   4.6133752e-07   1.1902673e-06   1.6411441e-06   1.7402344e-06   2.0674304e-06   2.1390338e-06   1.6908435e-06   1.0397479e-06   7.8493025e-07   5.3163910e-07   3.7828988e-07   4.1544948e-07   2.9274256e-07   1.9068743e-07   1.4170300e-07   7.9415670e-08   7.8001229e-08   1.9964613e-08   3.8003261e-08  -3.0209478e-08  -1.6220905e-09  -5.5642143e-08
   0.0000000e+00   3.9065247e-07   1.0860552e-06   1.6499289e-06   1.7723121e-06   1.9639203e-06   1.9492272e-06   1.5288047e-06   1.1732524e-06   7.4722033e-07   5.7507106e-07   5.1975195e-07   2.9545239e-07   2.5965178e-07   1.9542706e-07   1.8037609e-07   8.8460723e-08   2.4179478e-08   6.0501286e-08  -2.4301604e-08   1.8121170e-08  -1.2513725e-08  -5.1741608e-08
   0.0000000e+00   3.4158523e-07   1.1346717e-06   1.5338354e-06   1.8946751e-06   1.9757197e-06   1.9981890e-06   1.7198964e-06   1.1109992e-06   7.4785817e-07   5.0081161e-07   4.6662504e-07   3.1870476e-07   2.7713287e-07   2.2173629e-07   1.0846878e-07   5.8667155e-08   1.0672227e-07   1.1729555e-08   2.2452403e-08   1.4238475e-08  -2.7445981e-08   1.5940650e-08
   0.0000000e+00   4.9625879e-07   1.1598552e-06   1.6654068e-06   1.7485291e-06   1.9782381e-06   2.1361921e-06   1.6011620e-06   1.0802922e-06   7.6496366e-07   6.2965614e-07   3.9283239e-07   3.7840888e-07   3.0920722e-07   1.5236556e-07   1.3227609e-07   1.2993929e-07   6.5721139e-08   1.3798340e-08   4.8492570e-08   3.2552776e-08   2.1440339e-08  -3.4237019e-08
   0.0000000e+00   5.0903191e-07   1.0696410e-06   1.6120850e-06   1.8037960e-06   1.9107931e-06   2.0310149e-06   1.6394182e-06   1.0994919e-06   8.3091192e-07   5.5555995e-07   4.0938477e-07   3.5413416e-07   2.6489317e-07   2.3990822e-07   1.6247348e-07   9.4587179e-08   6.1826711e-08   7.5489837e-08   6.9304562e-08   1.8810994e-08  -3.0180485e-09   8.1904844e-08
   0.0000000e+00   3.4022662e-07   1.1099227e-06   1.5876103e-06   1.8566798e-06   2.0809214e-06   2.0021571e-06   1.6927837e-06   1.1291764e-06   6.7170578e-07   5.9306171e-07   4.7102671e-07   4.0121549e-07   2.0591717e-07   2.3663520e-07   1.6206057e-07   1.0419618e-07   1.1035460e-07   6.4201167e-08   4.9401248e-08   4.3258925e-08   5.4231428e-08   7.4174564e-09
   0.0000000e+00   3.5408564e-07   1.1338408e-06   1.6670359e-06   1.7568944e-06   1.9499196e-06   2.0634170e-06   1.5837898e-06   1.1478630e-06   7.6652367e-07   5.5519848e-07   4.9973164e-07   2.9094875e-07   3.4654343e-07   2.3483969e-07   1.3899752e-07   1.4306013e-07   9.9693104e-08   7.8636084e-08   7.1094604e-08   7.1588673e-08   3.8701803e-08   1.4084385e-08
   0.0000000e+00   5.3024183e-07   1.2042655e-06   1.5824015e-06   1.8064632e-06   1.9439799e-06   2.0628634e-06   1.6486993e-06   1.0802021e-06   8.4338348e-07   5.7438541e-07   3.7327339e-07   3.7768993e-07   3.1722598e-07   2.2081009e-07   1.5081984e-07   1.7597378e-07   7.6769226e-08   1.0737738e-07   9.0295757e-08   2.0657366e-08   5.6216482e-08   5.9742760e-08
   0.0000000e+00   3.4589456e-07   1.0420123e-06   1.5943498e-06   1.8356283e-06   2.0184750e-06   2.0064008e-06   1.6832087e-06   1.1132329e-06   6.9215071e-07   5.5885522e-07   4.7995167e-07   3.7288922e-07   3.0130744e-07   1.5272001e-07   2.3437109e-07   1.4781723e-07   8.1272319e-08   1.1361221e-07   6.7461585e-08   7.4610703e-08   5.6808226e-08   1.3934935e-08
   0.0000000e+00   5.2957392e-07   1.0798606e-06   1.6126271e-06   1.7887327e-06   1.9731542e-06   2.0495320e-06   1.5908923e-06   1.0816617e-06   7.7942644e-07   5.6893595e-07   4.4298645e-07   3.6215718e-07   2.5631735e-07   3.0151205e-07   1.6193501e-07   9.7927277e-08   1.2707875e-07   1.1456312e-07   5.2048929e-08   6.5800165e-08   6.3512196e-08  -4.1037609e-09
   0.0000000e+00   2.7949335e-07   1.2335305e-06   1.6028698e-06   1.8125447e-06   1.9429906e-06   2.0372061e-06   1.6526731e-06   1.1163961e-06   7.5424822e-07   5.8807836e-07   4.3168541e-07   3.1813798e-07   3.1294812e-07   2.3760036e-07   1.8922654e-07   1.1966480e-07   1.4391006e-07   7.5604845e-08   4.8838317e-08   8.9292350e-08   2.2336552e-08   3.9345078e-08
   0.0000000e+00   4.7673595e-07   1.0150961e-06   1.6532564e-06   1.7787930e-06   2.0029051e-06   2.0977650e-06   1.6190044e-06   1.1234290e-06   7.3435370e-07   5.2486229e-07   4.2676984e-07   4.5068072e-07   2.6585209e-07   2.2001916e-07   1.6099975e-07   1.7672610e-07   1.0314169e-07   6.6653534e-08   9.8431777e-08   2.8787687e-08   2.3424045e-08   2.6099197e-08
   0.0000000e+00   4.3830977e-07   1.1018915e-06   1.5756488e-06   1.8856889e-06   1.9170736e-06   1.9315767e-06   1.6500361e-06   1.0613098e-06   7.5667197e-07   6.1503891e-07   4.4475618e-07   3.1973207e-07   3.4216768e-07   2.3266003e-07   1.8992704e-07   1.2565297e-07   1.0259338e-07   7.9319719e-08   8.5345754e-08   2.5305585e-08   3.0587861e-09   3.5183600e-08
   0.0000000e+00   3.7976588e-07   1.2667238e-06   1.5908653e-06   1.6741941e-06   2.1072842e-06   2.0640612e-06   1.6220105e-06   1.1161710e-06   7.7655523e-07   5.2834156e-07   4.8333840e-07   3.5825636e-07   2.5146761e-07   2.7175997e-07   1.9080666e-07   1.3691114e-07   1.1930204e-07   6.7042663e-08   2.6841338e-08   4.6845003e-08   2.8043852e-08  -2.3810733e-08
   0.0000000e+00   4.3703724e-07   9.7074201e-07   1.6488358e-06   1.8946640e-06   1.8897214e-06   2.1024355e-06   1.6705052e-06   1.0962247e-06   7.5162234e-07   5.6301400e-07   4.6173207e-07   3.5224633e-07   3.6250478e-07   1.8847284e-07   1.8945606e-07   1.1823045e-07   9.4167582e-08   9.5774560e-08   1.9000026e-08   4.9961617e-08   1.0771986e-08  -4.3623761e-08
   0.0000000e+00   3.7437960e-07   1.1247562e-06   1.6381164e-06   1.8192773e-06   1.9463896e-06   1.9934159e-06   1.5679231e-06   1.1174128e-06   7.9889429e-07   5.8494180e-07   4.1657390e-07   4.0392973e-07   2.8666602e-07   2.5135466e-07   1.6916117e-07   9.5386795e-08   1.0661162e-07   6.0787322e-08   5.9155720e-08  -1.7409295e-08  -1.5669642e-08   3.7618314e-08
   0.0000000e+00   4.7571581e-07   1.1645537e-06   1.6380889e-06   1.8249913e-06   2.0045352e-06   2.0669663e-06   1.7302800e-06   1.0778552e-06   7.2681269e-07   5.8613563e-07   4.6397426e-07   3.4294357e-07   2.8781912e-07   2.0263744e-07   1.8074446e-07   1.8175642e-07   1.9889733e-08   5.4153372e-08   3.2174043e-08  -6.6678420e-11   2.5351437e-08  -4.3743864e-08
   0.0000000e+00   4.7008075e-07   1.2276082e-06   1.5086533e-06   1.7280212e-06   2.0833179e-06   2.0587486e-06   1.5679816e-06   1.1670201e-06   7.5852284e-07   5.6104807e-07   4.7677719e-07   3.9125371e-07   2.8187722e-07   2.6118423e-07   1.1309429e-07   8.9606672e-08   1.2099683e-07   1.3416689e-08   3.5799054e-08   4.2787544e-08  -4.0402206e-08   2.9214200e-09
   0.0000000e+00   2.2599298e-07   1.0076737e-06   1.7103224e-06   1.9084866e-06   1.8975800e-06   1.9866684e-06   1.6754301e-06   1.0479622e-06   8.2403244e-07   5.7823968e-07   4.1871974e-07   3.4872096e-07   2.8354202e-07   2.4927130e-07   1.7000794e-07   9.4409813e-08   6.3793529e-08   6.7620384e-08   9.7112842e-09  -6.3440151e-09   3.5074674e-08  -5.2624102e-08
   0.0000000e+00   6.7200574e-07   1.0989149e-06   1.6683523e-06   1.8048906e-06   1.9815545e-06   2.1240703e-06   1.6074819e-06   1.1718059e-06   7.0150315e-07   5.1220786e-07   4.9143472e-07   3.8491578e-07   2.8370033e-07   2.0831139e-07   1.4180786e-07   1.2239160e-07   8.2940971e-08   4.4955339e-08   3.1691325e-08   5.5674390e-09  -2.2815053e-08   5.6364669e-08
   0.0000000e+00   2.9745547e-07   1.2484722e-06   1.5909701e-06   1.7437579e-06   1.9617044e-06   2.0138477e-06   1.6845001e-06   1.0802493e-06   7.8965439e-07   6.7986412e-07   3.8059738e-07   3.5000355e-07   3.1283187e-07   1.8699151e-07   1.9013156e-07   9.7368414e-08   5.0443298e-08   4.0501984e-08   6.1489708e-08   2.4601228e-08   5.5299294e-09  -8.5388772e-09
   0.0000000e+00   4.3074922e-07   1.1138020e-06   1.5369692e-06   1.8786367e-06   2.1181636e-06   1.9681702e-06   1.6133711e-06   1.0784953e-06   7.0369214e-07   5.4934560e-07   4.9427592e-07   2.9989909e-07   3.5104162e-07   2.0869210e-07   1.2997218e-07   1.1467454e-07   7.1006667e-08   8.0342424e-08  -7.2501338e-09   1.9192932e-08   3.6654036e-08  -2.1901705e-08
   0.0000000e+00   4.7797755e-07   1.0227575e-06   1.7240005e-06   1.8223926e-06   1.8397722e-06   2.1461008e-06   1.6395925e-06   1.1439389e-06   8.0858416e-07   4.8662616e-07   4.2425762e-07   4.2890571e-07   1.9098709e-07   2.1721522e-07   1.6711296e-07   8.4538733e-08   1.0561828e-07   3.0182854e-09   4.9100205e-08   2.1987830e-08  -1.3800595e-08   5.7164393e-09
   0.0000000e+00   3.9639832e-07   1.2577302e-06   1.5564348e-06   1.7624573e-06   1.9484542e-06   1.9873737e-06   1.5792702e-06   1.0818145e-06   7.4536024e-07   5.8296183e-07   4.7649732e-07   3.2577478e-07   3.0247503e-07   1.9330875e-07   1.5034698e-07   9.1338443e-08   3.4916894e-08   6.6954627e-08   3.6926423e-08   2.1108555e-09  -4.4231383e-09   6.4886443e-09
   0.0000000e+00   4.3969388e-07   1.0287274e-06   1.6417766e-06   1.8528511e-06   2.0987745e-06   2.0603329e-06   1.6653130e-06   1.0810288e-06   7.9036778e-07   5.7165119e-07   3.3922575e-07   3.5229880e-07   2.7072574e-07   2.4373733e-07   1.0414379e-07   1.1619113e-07   7.8331546e-08   4.1249294e-08   3.7263110e-08  -2.7765037e-09   2.6975657e-08  -2.6681839e-08
   0.0000000e+00   3.4648457e-07   1.1398608e-06   1.6413451e-06   1.7155068e-06   1.9042773e-06   1.9764257e-06   1.6712037e-06   1.0843643e-06   6.3933459e-07   6.0291495e-07   4.8574918e-07   3.5130628e-07   2.6504617e-07   1.9054092e-07   1.7083887e-07   9.7362040e-08   8.7923368e-08   5.7079443e-08   2.8876773e-08   5.9208414e-08   2.6335238e-09   2.4330747e-08
   0.0000000e+00   5.6322057e-07   1.1779746e-06   1.5360059e-06   1.8357628e-06   1.9779434e-06   2.0111956e-06   1.6105307e-06   1.1449243e-06   7.9272303e-07   5.4990619e-07   4.7522039e-07   3.2949413e-07   2.8062047e-07   2.3125517e-07   1.4676056e-07   1.1989607e-07   8.2089571e-08   9.0816322e-08   4.4832017e-08   3.3916610e-08   4.4636653e-08   3.0914272e-08
   0.0000000e+00   3.7462527e-07   9.9992803e-07   1.6866106e-06   1.8667099e-06   1.9671193e-06   2.1656833e-06   1.5572381e-06   1.0467724e-06   8.7928885e-07   4.6361808e-07   3.7780526e-07   3.8218045e-07   3.2444839e-07   1.9602892e-07   1.7843857e-07   1.2953971e-07   1.0073806e-07   7.8753175e-08   7.6853794e-08   5.4552704e-08   4.7099480e-08   3.8651816e-08
   0.0000000e+00   2.6888935e-07   1.3036808e-06   1.5258398e-06   1.7411041e-06   1.9726265e-06   1.8805099e-06   1.6665150e-06   1.1617777e-06   6.2440256e-07   6.8217633e-07   5.0201902e-07   3.7833303e-07   2.7344424e-07   2.2531067e-07   1.7983895e-07   1.5248062e-07   1.0671275e-07   5.7195177e-08   6.9182356e-08   8.9839730e-08   2.3170806e-08   2.3119682e-08
   0.0000000e+00   5.8654894e-07   9.6202587e-07   1.7172064e-06   1.7870053e-06   1.9226572e-06   2.1184710e-06   1.7363793e-06   1.0608026e-06   8.1258452e-07   5.3549877e-07   4.7133506e-07   3.2412157e-07   3.0331762e-07   2.8248795e-07   1.6341393e-07   1.1349058e-07   1.0726613e-07   1.0779140e-07   9.0738887e-08  -3.8530321e-09   4.3068670e-08   5.3118303e-08
   0.0000000e+00   4.7524924e-07   1.1479360e-06   1.5364490e-06   1.8148112e-06   2.0625680e-06   2.0372079e-06   1.4767451e-06   1.1323990e-06   7.5618152e-07   6.0661375e-07   4.2339948e-07   4.1892480e-07   2.8497595e-07   2.3000645e-07   1.9336814e-07   1.4224096e-07   1.0167425e-07   8.8195357e-08   1.9713555e-08   5.7440939e-08   3.7221078e-08  -1.4336431e-08
   0.0000000e+00   3.1433319e-07   1.1605260e-06   1.6233424e-06   1.8092719e-06   1.9165775e-06   2.0443094e-06   1.6763828e-06   1.1167598e-06   8.2406291e-07   5.4870674e-07   4.4114509e-07   3.9182433e-07   3.3082870e-07   2.2955838e-07   1.7640683e-07   1.0622136e-07   1.0391625e-07   4.3541679e-08   7.0951728e-08   6.0031390e-08  -1.1089136e-08   6.8329684e-09
   0.0000000e+00   3.9383465e-07   1.1516025e-06   1.6468282e-06   1.8013949e-06   1.9015366e-06   2.0055961e-06   1.7083336e-06   1.1274368e-06   7.0671996e-07   5.7982447e-07   5.3241581e-07   3.4120148e-07   2.9799372e-07   2.2535731e-07   1.3211545e-07   1.5187302e-07   9.0186532e-08   8.8734517e-08   4.0392788e-08  -1.9854708e-08   3.3038198e-08   2.9823767e-08
   0.0000000e+00   5.4450601e-07   1.0907402e-06   1.5442596e-06   1.8048580e-06   2.1705305e-06   1.9250376e-06   1.6298623e-06   1.0897994e-06   7.3642138e-07   6.8144954e-07   4.3355348e-07   3.2443938e-07   3.0719414e-07   2.2779354e-07   2.0870922e-07   1.1395370e-07   6.1415058e-08   2.2615877e-08   4.5234554e-08   5.6738365e-08   9.1553174e-09  -4.4782659e-08
   0.0000000e+00   3.6954401e-07   1.0887994e-06   1.6220148e-06   1.7551680e-06   1.8125342e-06   2.2576992e-06   1.5948649e-06   1.0945623e-06   8.7452565e-07   4.5557189e-07   4.0761833e-07   4.5241012e-07   3.1256320e-07   1.9243822e-07   1.1764287e-07   8.3916547e-08   1.0224841e-07   8.4453035e-08   1.8148082e-08   1.2751078e-08  -1.5174255e-08   3.2832219e-08
   0.0000000e+00   4.8908635e-07   1.1280922e-06   1.7036056e-06   1.7817996e-06   2.0001705e-06   1.9022807e-06   1.6566937e-06   1.1602882e-06   7.3139728e-07   6.1002402e-07   5.2348480e-07   3.0267668e-07   2.1505153e-07   2.4253421e-07   2.0213764e-07   1.1214821e-07   5.2107293e-08   3.6425515e-08   6.2737655e-08  -5.4809748e-09   3.2030510e-08  -3.7041989e-08
   0.0000000e+00   2.6414887e-07   1.2132688e-06   1.4767945e-06   1.9684951e-06   1.9332642e-06   2.0968776e-06   1.6301059e-06   1.0811829e-06   7.1431867e-07   6.3623742e-07   3.6973327e-07   3.9785081e-07   3.0800098e-07   2.2424014e-07   9.8157777e-08   9.2266262e-08   1.0958962e-07   5.6340117e-08  -6.9326511e-10   3.2372689e-08  -7.5853407e-10   9.4128882e-09
   0.0000000e+00   6.5972205e-07   9.4996096e-07   1.6047943e-06   1.6215398e-06   2.0873470e-06   1.9776683e-06   1.6845339e-06   1.1450471e-06   8.3147853e-07   4.8118545e-07   5.0152829e-07   3.0266622e-07   3.0074881e-07   1.9794595e-07   1.2076597e-07   1.2643576e-07   5.7656209e-08   4.5112971e-09   8.6493415e-08   2.1965144e-08  -2.2362089e-08   2.2305533e-09
   0.0000000e+00   2.0966519e-07   1.2698083e-06   1.7076150e-06   1.8070739e-06   1.8880688e-06   2.0785874e-06   1.6139848e-06   1.0732007e-06   7.2691631e-07   6.5702005e-07   4.2627335e-07   3.7945964e-07   2.5542846e-07   1.5100377e-07   1.9849945e-07   9.1219391e-08   2.0632470e-08   1.0781191e-07  -2.0715900e-08  -1.7081442e-09   3.3865547e-08  -3.7698449e-08
   0.0000000e+00   5.3906984e-07   1.0310853e-06   1.5998373e-06   1.8448610e-06   1.9691515e-06   2.0757000e-06   1.6760873e-06   1.0872576e-06   8.2726660e-07   4.8426915e-07   4.6272390e-07   3.2066751e-07   2.4946411e-07   2.4943208e-07   1.0694460e-07   4.0309057e-08   1.2370050e-07   1.2981224e-09   4.4882473e-08  -7.2176785e-09  -1.9769784e-08  -1.9926782e-09
   0.0000000e+00   4.0260912e-07   1.1109209e-06   1.4174118e-06   1.8629011e-06   1.9908578e-06   1.9659949e-06   1.5854213e-06   1.1956828e-06   7.0209313e-07   6.4001290e-07   4.0486705e-07   3.4795517e-07   3.0942590e-07   1.5129031e-07   1.2994087e-07   1.2264563e-07   2.4955819e-08   5.1231957e-08  -2.1765540e-08   5.4760786e-08  -2.4071021e-08  -7.1744068e-08
   0.0000000e+00   4.1376759e-07   1.1033395e-06   1.8315689e-06   1.6449011e-06   2.0195689e-06   2.0527439e-06   1.7199993e-06   1.0497548e-06   7.8543167e-07   5.3657249e-07   4.3162234e-07   3.6004400e-07   2.3499997e-07   2.0944343e-07   1.1484947e-07   1.0623622e-07   7.1555860e-08   9.2352535e-09   5.8127984e-08  -2.7186642e-08  -1.2101084e-08   2.1464777e-08
   0.0000000e+00   3.6510812e-07   1.1861919e-06   1.5019766e-06   1.8962229e-06   1.8793163e-06   2.1801352e-06   1.5375336e-06   1.1668885e-06   7.4917324e-07   5.8716591e-07   4.4548821e-07   3.2664988e-07   2.3083150e-07   2.1714852e-07   1.5178517e-07   9.7132038e-08   3.9605734e-08   5.6224977e-08   5.4941399e-08  -7.9317370e-09   9.7359907e-09   1.2737321e-08
   0.0000000e+00   4.7564751e-07   1.0243189e-06   1.5927787e-06   1.7301588e-06   2.0439754e-06   1.8494903e-06   1.7264282e-06   1.0116072e-06   7.8114203e-07   5.3601326e-07   4.2358315e-07   3.5770339e-07   3.3144329e-07   1.6896122e-07   1.4173644e-07   9.0795893e-08   9.2189481e-08   9.2775871e-08  -2.2223320e-08   6.0998353e-08   4.2348354e-08  -2.9648415e-08
   0.0000000e+00   4.1024845e-07   1.2238999e-06   1.5184652e-06   1.9708282e-06   1.9590987e-06   2.1861974e-06   1.6033287e-06   1.2448560e-06   7.7482309e-07   5.6164311e-07   4.5823958e-07   3.2695709e-07   1.8960627e-07   2.9370227e-07   1.4435813e-07   1.2910341e-07   8.6888591e-08   2.8848754e-08   9.2734226e-08   4.0605450e-08   2.6304940e-09   4.1978662e-08
   0.0000000e+00   4.1879318e-07   9.2597594e-07   1.8197574e-06   1.6009060e-06   2.0182397e-06   1.9188612e-06   1.6792425e-06   1.0138240e-06   7.0036452e-07   6.1125638e-07   4.1072505e-07   3.6806100e-07   4.1714716e-07   9.5893490e-08   2.1776201e-07   9.4144013e-08   9.2475588e-08   1.2634678e-07   2.7738231e-08   2.1193134e-08   7.6239601e-08  -1.2729847e-08
   0.0000000e+00   3.2239970e-07   1.2553237e-06   1.4747453e-06   1.8237113e-06   1.9176168e-06   2.1887531e-06   1.6158964e-06   1.1898755e-06   8.4107734e-07   5.3056772e-07   5.0342891e-07   3.5383934e-07   1.9502086e-07   2.9910765e-07   1.5642196e-07   1.7954187e-07   1.0756002e-07   1.7661442e-08   1.0400204e-07   9.2055423e-08  -3.0584047e-08   7.2748584e-08
   0.0000000e+00   5.9159055e-07   1.0834877e-06   1.6042535e-06   1.9717911e-06   2.0246396e-06   1.9944418e-06   1.6833376e-06   1.0141163e-06   7.4117310e-07   5.8029440e-07   3.9107496e-07   3.9003888e-07   3.7643224e-07   2.2253396e-07   1.6897378e-07   8.2714983e-08   1.5118773e-07   1.3915029e-07   2.4181286e-08   2.7932844e-08   9.8688055e-08  -1.2716046e-08
   0.0000000e+00   2.3718260e-07   1.1620745e-06   1.5783481e-06   1.7076086e-06   1.9829658e-06   2.0159664e-06   1.6100236e-06   1.2504920e-06   7.8951712e-07   6.3880657e-07   4.9955958e-07   3.4392332e-07   2.2716300e-07   2.6874059e-07   2.1641313e-07   1.7849416e-07   7.9298253e-08   2.7907946e-08   1.2835514e-07   7.0493378e-08  -7.5595412e-11   4.9914302e-08
   0.0000000e+00   4.8095075e-07   9.7631721e-07   1.7218240e-06   1.7585112e-06   1.9611618e-06   2.0908999e-06   1.7463959e-06   9.9517308e-07   7.6050884e-07   4.8551334e-07   4.4024335e-07   4.4997341e-07   3.5181631e-07   2.2326077e-07   1.5713752e-07   9.7767760e-08   1.4661757e-07   1.3504813e-07   3.3063763e-08   7.8948865e-09   4.8141789e-08   6.2568269e-08
   0.0000000e+00   4.5481710e-07   1.2267922e-06   1.5619078e-06   1.8974710e-06   2.0235761e-06   2.0960772e-06   1.5375442e-06   1.2717858e-06   7.6582540e-07   7.2243358e-07   4.7569546e-07   3.0233142e-07   2.8515018e-07   2.5145957e-07   1.8512219e-07   2.2015308e-07   2.6119771e-08   5.6718079e-08   8.5856605e-08   5.1571956e-08   4.4554518e-08  -3.7582133e-08
   0.0000000e+00   3.8636551e-07   1.0574399e-06   1.5858288e-06   1.7393878e-06   2.0008167e-06   1.9734171e-06   1.7284051e-06   1.0126437e-06   8.1123807e-07   4.4021510e-07   4.8628283e-07   4.1208327e-07   3.3709199e-07   2.2093899e-07   1.6988824e-07   6.4001966e-08   1.6319181e-07   7.7638511e-08   2.5305468e-08   3.4297415e-08   1.5982984e-08   3.9234997e-08
   0.0000000e+00   3.2278760e-07   1.1754661e-06   1.5657803e-06   1.9056744e-06   1.9502763e-06   2.1416342e-06   1.6821778e-06   1.1889515e-06   7.9130831e-07   6.9510850e-07   4.3346878e-07   3.4593222e-07   2.7251156e-07   2.5607144e-07   1.7405536e-07   1.5950584e-07   3.5957314e-08   8.7803201e-08   3.4503223e-08   2.6031541e-08   3.4347575e-08  -4.1692683e-08
   0.0000000e+00   4.6545560e-07   1.0533672e-06   1.7935414e-06   1.6779002e-06   2.0614270e-06   2.0133702e-06   1.5565198e-06   1.0420964e-06   7.7347653e-07   5.2327880e-07   4.8129743e-07   3.9778183e-07   3.2413109e-07   1.8827663e-07   1.7550515e-07   9.2889074e-08   1.0425698e-07   4.8858553e-08   3.4261245e-08   2.6143679e-08  -7.2100694e-09   3.3474706e-08
   0.0000000e+00   4.5852099e-07   1.1265105e-06   1.4100764e-06   2.0018638e-06   1.9058037e-06   2.0761022e-06   1.8185125e-06   1.2597516e-06   7.5538532e-07   6.5699919e-07   4.1866616e-07   3.5799943e-07   2.8326841e-07   2.6438224e-07   1.5021364e-07   1.2821100e-07   8.6715573e-08   4.1372573e-08   3.3616423e-08   3.8946045e-08   1.8874514e-08  -2.4583191e-08
   0.0000000e+00   4.1542754e-07   1.1637635e-06   1.7167472e-06   1.6894344e-06   2.0333757e-06   2.0695393e-06   1.5491818e-06   1.0511144e-06   7.7100128e-07   5.1956084e-07   5.2573557e-07   3.7226974e-07   3.0779077e-07   1.9626732e-07   1.9387696e-07   1.0674312e-07   7.3363644e-08   7.2660228e-08   5.5593102e-08   2.0421520e-08   1.6823599e-08   1.9864098e-08
   0.0000000e+00   2.6643525e-07   1.1199977e-06   1.6515579e-06   1.8910005e-06   2.0351354e-06   2.0853129e-06   1.6571303e-06   1.1412823e-06   8.4024350e-07   6.4710315e-07   4.1159063e-07   4.1351115e-07   2.3517229e-07   2.7971774e-07   1.4288543e-07   1.4066408e-07   7.3622793e-08   7.0643836e-08   4.8939970e-08   4.3591744e-08   1.7299072e-08   1.5335168e-08
   0.0000000e+00   6.2553750e-07   1.0720308e-06   1.5940401e-06   1.7274485e-06   2.0320028e-06   2.0203461e-06   1.7310714e-06   1.1161499e-06   8.3530091e-07   4.6217986e-07   4.8718448e-07   3.4536311e-07   3.9043817e-07   1.9162020e-07   1.7024938e-07   8.3732928e-08   1.3769862e-07   7.9007556e-08   3.0684198e-08   3.0869707e-08   3.1873508e-08   2.7523740e-08
   0.0000000e+00   2.9351474e-07   1.1867191e-06   1.6863668e-06   1.9519127e-06   1.9072322e-06   2.1299654e-06   1.6268594e-06   1.1711965e-06   6.5455907e-07   7.3815124e-07   4.8242225e-07   3.5488262e-07   2.2136358e-07   2.4446362e-07   1.7021303e-07   1.8238872e-07   3.6097600e-08   6.4866207e-08   5.7791237e-08   6.0038538e-08   4.5260112e-08  -3.4735290e-08
   0.0000000e+00   5.7754863e-07   1.1740566e-06   1.5587847e-06   1.8091624e-06   2.1159401e-06   1.9927686e-06   1.7193091e-06   1.1145353e-06   7.9754290e-07   5.2967056e-07   4.2987293e-07   3.7005458e-07   3.4445836e-07   2.2545646e-07   1.6408211e-07   7.3160415e-08   1.3054236e-07   7.6124351e-08   4.0148642e-08   3.9795676e-08  -1.9414301e-10   4.9103509e-08
   0.0000000e+00   2.3716456e-07   1.0882146e-06   1.6736351e-06   1.8467580e-06   1.8658836e-06   2.1934345e-06   1.5597558e-06   1.1435542e-06   8.3591311e-07   5.9557112e-07   4.2765322e-07   3.5918148e-07   2.9265451e-07   2.0131661e-07   1.6978665e-07   1.4773640e-07   4.9689270e-08   6.7520119e-08   3.7782797e-08   3.4051624e-08   3.1260246e-08  -2.5672463e-08
   0.0000000e+00   6.6294666e-07   1.1492814e-06   1.7043373e-06   1.7636024e-06   2.2276197e-06   1.9513730e-06   1.7554062e-06   1.0962044e-06   7.4882786e-07   5.2077883e-07   4.9020730e-07   3.6201493e-07   2.5723776e-07   2.3577911e-07   1.3731149e-07   9.1565219e-08   1.0725689e-07   2.8424363e-08   3.7674802e-08   2.7523544e-08   1.2685610e-09   1.1128939e-08
   0.0000000e+00   2.8989786e-07   1.2371160e-06   1.6069080e-06   1.9289237e-06   1.8382138e-06   2.1140290e-06   1.6588201e-06   1.1259807e-06   7.8233796e-07   6.0398736e-07   4.0578198e-07   3.5803993e-07   2.9181703e-07   2.0785652e-07   1.5550073e-07   8.1622936e-08   5.7718122e-08   7.2611670e-08   3.3290643e-08   1.6712724e-08   3.6959968e-09   1.6024295e-08
   0.0000000e+00   5.4111956e-07   1.0691989e-06   1.6593930e-06   1.7553233e-06   2.0902357e-06   2.0932034e-06   1.5655378e-06   1.1379727e-06   7.4676649e-07   5.4665918e-07   5.1210446e-07   3.0780410e-07   2.7212198e-07   1.6645136e-07   1.6193749e-07   1.3983042e-07   5.0353318e-08   1.2672527e-08   4.0956589e-08   4.4312923e-08  -3.7897032e-09  -1.0617745e-08
   0.0000000e+00   4.4787839e-07   1.2080251e-06   1.6237005e-06   2.0034338e-06   1.9413492e-06   2.0998639e-06   1.7928213e-06   1.1659060e-06   7.1141818e-07   6.4757717e-07   2.9446574e-07   4.1489420e-07   2.6803406e-07   2.1741485e-07   1.4245293e-07   5.1203127e-08   8.2462797e-08   7.7381358e-08   2.9542305e-08  -1.4536374e-08   9.5017221e-09   6.6279626e-09
   0.0000000e+00   4.8885812e-07   1.1161691e-06   1.7300722e-06   1.6954473e-06   2.0915645e-06   1.9755396e-06   1.5729998e-06   1.0237919e-06   8.7323610e-07   4.9874274e-07   5.4241411e-07   2.9141262e-07   2.8897750e-07   2.1518703e-07   1.2279995e-07   1.1425290e-07   7.9801168e-08   3.6638099e-08   2.2053237e-08   2.4418926e-08   6.3380816e-09  -3.1140800e-08
   0.0000000e+00   3.7077510e-07   1.2606490e-06   1.5157879e-06   1.9547540e-06   2.0035691e-06   2.1390397e-06   1.7061031e-06   1.1822104e-06   7.1844852e-07   5.8143411e-07   4.0946327e-07   3.7541506e-07   2.6367263e-07   1.9985077e-07   1.6416755e-07   1.0061479e-07   7.2903021e-08   6.6408248e-08   1.6848409e-08   3.1240198e-08   8.2469862e-09  -1.3642182e-08
   0.0000000e+00   5.5808022e-07   1.1162974e-06   1.8268099e-06   1.7534459e-06   1.9799520e-06   2.0494265e-06   1.6668125e-06   1.0948336e-06   7.9701289e-07   5.4500316e-07   4.8039414e-07   3.6338167e-07   2.5404702e-07   2.3386113e-07   1.3992138e-07   1.2870557e-07   6.0838779e-08   4.6343697e-08   7.5820822e-08   1.3462055e-08   6.3065109e-09   1.3240603e-08
   0.0000000e+00   4.4157440e-07   1.1835155e-06   1.5490516e-06   1.8781326e-06   1.9945649e-06   2.1142143e-06   1.5854214e-06   1.2015669e-06   7.2802430e-07   6.2263001e-07   4.3589054e-07   3.1497862e-07   3.4138384e-07   1.8276754e-07   1.8472616e-07   1.1833272e-07   6.2911504e-08   7.7083207e-08   2.9381251e-08   2.2820805e-08   1.3567315e-08   1.9350836e-08
   0.0000000e+00   5.1053473e-07   1.0305559e-06   1.7016275e-06   1.8385813e-06   2.0810223e-06   2.0103378e-06   1.7396158e-06   1.0219629e-06   7.8248894e-07   5.7604927e-07   4.0741304e-07   4.2840901e-07   2.6183858e-07   2.2361027e-07   1.2503676e-07   8.7272845e-08   1.2203840e-07   5.0668017e-08   1.6067702e-08   3.1317981e-08   2.5621471e-08  -1.1399850e-08
   0.0000000e+00   3.6381527e-07   1.3526403e-06   1.5744315e-06   1.8819735e-06   1.9266672e-06   2.0385678e-06   1.6068257e-06   1.1961583e-06   8.1356796e-07   5.6193966e-07   4.9421431e-07   3.1190567e-07   2.5503016e-07   2.6101361e-07   1.8157655e-07   9.9837862e-08   5.9886489e-08   4.2166000e-08   3.6693191e-08   3.2753000e-08  -4.4012958e-09  -3.2598115e-09
   0.0000000e+00   5.6155938e-07   1.0852733e-06   1.7156084e-06   1.7471280e-06   2.0184084e-06   2.0980713e-06   1.7480228e-06   9.9976864e-07   7.4499724e-07   5.4672245e-07   4.2956171e-07   3.6827564e-07   3.2689979e-07   1.6007070e-07   1.5169090e-07   7.6536196e-08   1.0086275e-07   4.7823288e-08   2.6988564e-08   3.9230943e-09   8.7300096e-09  -2.0771330e-08
   0.0000000e+00   3.9909403e-07   1.1325618e-06   1.5803768e-06   1.8575091e-06   1.9800184e-06   2.1015805e-06   1.5030184e-06   1.1978788e-06   7.7706608e-07   5.9362816e-07   4.3860345e-07   3.4627223e-07   2.5310058e-07   2.3367792e-07   1.1773015e-07   1.5935051e-07   5.2308554e-08  -1.7695589e-08   6.2423076e-08   4.0012988e-08  -5.2229780e-08   2.3549880e-08
   0.0000000e+00   5.0667336e-07   1.0816512e-06   1.6778635e-06   1.8337342e-06   2.0147575e-06   1.9160284e-06   1.7086164e-06   1.1039874e-06   6.9738451e-07   5.3927437e-07   4.4855994e-07   3.4291554e-07   3.3247505e-07   1.7655253e-07   1.6073813e-07   6.7752502e-08   5.2281933e-08   1.0346959e-07   1.4018677e-08  -5.4018919e-08   3.0745991e-08  -5.5538516e-09
   0.0000000e+00   4.1356674e-07   1.2636265e-06   1.6239881e-06   1.7903027e-06   1.9527126e-06   2.1387852e-06   1.6049688e-06   1.1117667e-06   8.0889390e-07   5.8229932e-07   4.2790762e-07   3.5186713e-07   1.9152053e-07   2.3049240e-07   1.6977293e-07   8.0654196e-08   7.0235906e-08   2.0742270e-08   3.1449307e-08   2.9194821e-08  -3.1437437e-09  -1.9018030e-08
   0.0000000e+00   4.3865163e-07   1.0494460e-06   1.5914413e-06   1.7705923e-06   1.9937002e-06   2.0022071e-06   1.6572365e-06   1.0176797e-06   7.3039496e-07   5.4190605e-07   4.3130484e-07   3.7306393e-07   3.2233771e-07   2.0337350e-07   1.1417884e-07   1.2548908e-07   7.0101869e-08   6.4453793e-08   1.2627591e-09   2.5543727e-08   1.0246903e-08   1.1930571e-08
   0.0000000e+00   4.3472508e-07   1.2029153e-06   1.5783087e-06   1.8716436e-06   1.9454471e-06   2.0415000e-06   1.6037754e-06   1.1393206e-06   7.9281256e-07   5.5912648e-07   4.1675347e-07   3.3885252e-07   2.4951834e-07   2.2384825e-07   1.2286861e-07   1.0838353e-07   8.3065615e-08   4.5003656e-08   6.5106789e-08   3.1861415e-08   2.1374152e-08   9.5033172e-09
