   0.0000000e+00   6.1828365e-07   1.5011477e-06   2.3364209e-06   2.4457754e-06   2.6578905e-06   2.6589526e-06   2.1947633e-06   1.4990102e-06   8.9857082e-07   7.5701530e-07   6.3791964e-07   4.1730908e-07   4.0704930e-07   2.3418956e-07   2.7042341e-07   1.7090464e-07   8.0638756e-08   8.4881798e-08   7.0095098e-08   4.1610168e-08   5.9074107e-08   5.2285586e-08
   0.0000000e+00   6.4009822e-07   1.5407179e-06   2.0916304e-06   2.3731673e-06   2.6696168e-06   2.7861645e-06   2.1228079e-06   1.4935987e-06   1.0012876e-06   7.2216653e-07   5.2584028e-07   4.9347136e-07   3.7639703e-07   3.3440656e-07   1.2259801e-07   1.7703380e-07   1.1070638e-07   1.2711133e-07   6.3730816e-08   5.5784227e-08   6.4276499e-08   5.0720292e-08
   0.0000000e+00   6.1068465e-07   1.5513097e-06   2.3658399e-06   2.4595486e-06   2.6499074e-06   2.7207759e-06   2.1812334e-06   1.3337529e-06   1.1029582e-06   8.0044936e-07   5.9350941e-07   4.7718385e-07   3.2451538e-07   2.6452949e-07   2.9973558e-07   1.0119306e-07   1.1517725e-07   8.6372275e-08   6.5750328e-08   9.9329348e-08   3.4063099e-08   2.4744951e-09
   0.0000000e+00   5.0452712e-07   1.6689349e-06   2.0682885e-06   2.4682599e-06   2.6218638e-06   2.6626342e-06   2.2444406e-06   1.5329279e-06   9.2906856e-07   6.4763026e-07   6.0005459e-07   4.9709263e-07   4.1004637e-07   3.1318325e-07   1.6556717e-07   1.4977337e-07   1.4533600e-07   1.0408865e-07   3.1108346e-08   2.9325580e-08   4.8429978e-08   6.6275121e-08
   0.0000000e+00   5.3033676e-07   1.4262763e-06   2.2327645e-06   2.4302965e-06   2.6380442e-06   2.7483077e-06   2.1837111e-06   1.5163537e-06   1.0616967e-06   8.4574606e-07   5.7969265e-07   4.1067099e-07   3.3565917e-07   2.6238683e-07   2.4246319e-07   1.3290057e-07   9.3410542e-08   3.2912510e-08   1.1076097e-07   6.7257517e-08  -4.3956505e-09  -2.8513330e-08
   0.0000000e+00   6.9239707e-07   1.6318626e-06   2.2541533e-06   2.4995265e-06   2.7532051e-06   2.7298638e-06   2.0361551e-06   1.4074623e-06   9.2273012e-07   7.2036426e-07   5.8831279e-07   5.2044015e-07   4.7766281e-07   2.2748399e-07   1.6344806e-07   1.6692060e-07   1.0513265e-07   9.2920899e-08   1.4676569e-08   2.6510594e-10   2.1196241e-08   7.0067607e-08
   0.0000000e+00   6.0831303e-07   1.4710981e-06   2.1972746e-06   2.3940754e-06   2.5589347e-06   2.8176687e-06   2.3597690e-06   1.5679265e-06   1.1635346e-06   7.3180064e-07   5.7385216e-07   3.8516777e-07   3.0953228e-07   2.9106710e-07   2.5511585e-07   8.6574843e-08   1.0969769e-07   1.6060289e-08   7.5147483e-08   4.6060595e-08  -5.1356839e-09  -5.2133181e-08
   0.0000000e+00   4.5434999e-07   1.5888750e-06   2.1798774e-06   2.4537169e-06   2.6719692e-06   2.5893323e-06   2.1247158e-06   1.3633718e-06   8.7477787e-07   7.8256306e-07   6.2010469e-07   5.5050236e-07   3.3472941e-07   2.8902531e-07   1.4924171e-07   1.2404385e-07   1.1610751e-07   8.0378030e-08   2.4011923e-08   1.8822743e-10   2.7531255e-08  -1.3336277e-08
   0.0000000e+00   6.2061480e-07   1.6424643e-06   2.3122777e-06   2.4696781e-06   2.8427046e-06   2.8257921e-06   2.2495542e-06   1.5982362e-06   1.1173214e-06   7.3730916e-07   5.6214003e-07   3.7154572e-07   4.0600131e-07   3.0536827e-07   1.9087868e-07   1.3545548e-07   7.9481595e-08   1.0048772e-07   2.7269898e-08   3.8859984e-08   5.8395989e-11   6.9268836e-08
   0.0000000e+00   5.6029813e-07   1.4856646e-06   2.1849239e-06   2.4851824e-06   2.4665044e-06   2.7565643e-06   2.0919133e-06   1.4159639e-06   9.9889940e-07   7.6814700e-07   5.3461980e-07   5.8337008e-07   3.1807681e-07   2.2373881e-07   1.8957174e-07   1.8686130e-07   1.0306586e-07   2.9970721e-08   1.2044103e-07   6.1678264e-08   5.4091291e-08  -1.6747860e-08
   0.0000000e+00   7.3010705e-07   1.5834785e-06   2.1799499e-06   2.5214749e-06   2.7948563e-06   2.7318888e-06   2.2842296e-06   1.5925079e-06   9.1056415e-07   7.5116628e-07   6.7821765e-07   3.7507286e-07   4.0920639e-07   3.0933492e-07   1.8140352e-07   1.7117992e-07   9.2212119e-08   1.1887126e-07   6.2983091e-08   2.7519292e-08   6.4698035e-08   4.0550475e-08
   0.0000000e+00   4.8491290e-07   1.6119408e-06   2.3089317e-06   2.5039787e-06   2.5963973e-06   2.7759754e-06   2.2628851e-06   1.3551678e-06   1.1648451e-06   7.5696755e-07   5.2787158e-07   4.4313614e-07   3.6272772e-07   2.7949960e-07   2.1542574e-07   1.1542935e-07   1.0281031e-07   1.2159478e-07   4.1995836e-08   6.4899858e-08   9.3621786e-09   1.4768414e-08
   0.0000000e+00   6.3054108e-07   1.6139844e-06   2.2823169e-06   2.3615753e-06   2.7698877e-06   2.6613343e-06   2.0704954e-06   1.4494201e-06   9.3900974e-07   7.0568836e-07   5.8057890e-07   5.5414205e-07   3.4435536e-07   2.4494705e-07   2.0394265e-07   1.5885765e-07   1.3654142e-07   1.6437895e-08   5.5902433e-08   2.0533450e-08   2.4402366e-08  -4.0717254e-08
   0.0000000e+00   5.7268272e-07   1.4891044e-06   2.3146813e-06   2.5058089e-06   2.7278707e-06   2.9281669e-06   2.2978734e-06   1.6182610e-06   1.0710673e-06   7.5861652e-07   5.3171368e-07   3.7461319e-07   3.6980217e-07   2.8943325e-07   2.2988753e-07   8.4937284e-08   6.7921427e-08   1.0523994e-07   4.3472234e-08   2.9914357e-08  -8.6622380e-09   7.9401481e-09
   0.0000000e+00   8.2385429e-07   1.7048022e-06   2.0965051e-06   2.5505622e-06   2.6106875e-06   2.5628963e-06   2.0202826e-06   1.3374025e-06   8.2723233e-07   7.5827751e-07   6.0887839e-07   4.6206549e-07   3.4628650e-07   2.6029309e-07   1.2594022e-07   1.5129491e-07   1.4253916e-07   4.0565450e-08   5.0478924e-08   1.7376138e-08   1.7645799e-08   2.2228814e-08
   0.0000000e+00   4.3608895e-07   1.6625237e-06   2.2833092e-06   2.5193763e-06   2.6719997e-06   2.7965364e-06   2.3685384e-06   1.6484748e-06   1.0410048e-06   7.1001455e-07   5.1277863e-07   4.2510521e-07   3.7252715e-07   2.1153427e-07   2.4997431e-07   1.7140354e-07   4.6640388e-08   4.7288061e-08   6.9184914e-08   1.0062047e-07   4.6421427e-09  -2.5979396e-08
   0.0000000e+00   6.7167258e-07   1.4715747e-06   2.3430418e-06   2.4019637e-06   2.7468852e-06   2.7291262e-06   2.0465386e-06   1.2087520e-06   1.0434590e-06   6.3392639e-07   5.8122595e-07   4.8379923e-07   2.9699058e-07   3.0246318e-07   1.2970726e-07   9.6736834e-08   1.3028846e-07   1.4695186e-07   8.3038977e-08  -6.3765761e-08   7.3249240e-08   5.7111759e-08
   0.0000000e+00   6.5795439e-07   1.6223507e-06   2.2278214e-06   2.5032125e-06   2.5874708e-06   2.7190063e-06   2.2110114e-06   1.5375327e-06   1.0109469e-06   8.2094090e-07   5.2181241e-07   3.3182880e-07   3.5648225e-07   2.9201198e-07   2.3147672e-07   1.6995632e-07   5.3450378e-08   1.0084271e-07   3.0768692e-08   1.2824135e-07   3.6038241e-08  -2.3484972e-08
   0.0000000e+00   6.3910625e-07   1.6088304e-06   2.2436652e-06   2.4211372e-06   2.6541172e-06   2.7676447e-06   2.1756432e-06   1.4444078e-06   7.9418527e-07   6.3265384e-07   5.5436078e-07   5.7796217e-07   3.7673612e-07   2.3014469e-07   1.4023291e-07   1.3220023e-07   2.0102172e-07   8.5668070e-08   6.2897982e-08   4.5338581e-08   6.7070097e-08   3.9122277e-08
   0.0000000e+00   5.4808095e-07   1.7267489e-06   2.0927005e-06   2.5371539e-06   2.7012509e-06   2.6203629e-06   2.0659334e-06   1.5212031e-06   1.1053188e-06   8.3640361e-07   5.9153177e-07   3.1852977e-07   3.4573748e-07   2.7929471e-07   2.8846523e-07   1.9539769e-07   5.6656191e-08   8.3159257e-08   1.2563318e-07   8.5449670e-08   4.9835869e-08  -1.1479619e-09
   0.0000000e+00   6.8050423e-07   1.3735146e-06   2.4188789e-06   2.3771104e-06   2.6705475e-06   2.7281717e-06   2.2442127e-06   1.3489489e-06   9.3197258e-07   6.1763780e-07   4.9402564e-07   5.9808525e-07   3.9879581e-07   2.9274747e-07   1.9706168e-07   1.2441143e-07   1.6511028e-07   1.4912361e-07   6.9840191e-08   6.4046510e-08   2.9146527e-08   1.0025011e-07
   0.0000000e+00   6.4512301e-07   1.5676879e-06   2.1500100e-06   2.4494077e-06   2.5789141e-06   2.7185781e-06   2.2050515e-06   1.4431836e-06   1.0541768e-06   7.5759738e-07   6.8403028e-07   3.8218872e-07   3.4819269e-07   3.2305462e-07   2.4917972e-07   1.9670705e-07   1.5900329e-07   7.4211471e-08   8.8929632e-08   1.2824232e-07   3.6731461e-08  -4.2846793e-08
   0.0000000e+00   4.4673192e-07   1.6916575e-06   2.1848077e-06   2.4767787e-06   2.6547821e-06   2.6743094e-06   2.0495117e-06   1.3965847e-06   1.0038633e-06   7.5267923e-07   5.6475290e-07   4.7601606e-07   4.1268530e-07   3.4004680e-07   2.0038932e-07   1.3223595e-07   1.9353297e-07   1.3509208e-07   9.4385207e-08  -5.7710943e-09   5.0230689e-08   7.9224201e-08
   0.0000000e+00   6.6655815e-07   1.5953661e-06   2.1803937e-06   2.4426868e-06   2.6007644e-06   2.8061220e-06   2.2286986e-06   1.6105079e-06   9.0346856e-07   7.6805367e-07   5.4469712e-07   5.1490031e-07   3.9724756e-07   2.4538105e-07   2.8474150e-07   2.3839559e-07   6.9395654e-08   9.9654514e-08   9.8526783e-08   1.0297126e-07   9.2645080e-10  -4.5828234e-08
   0.0000000e+00   7.2226999e-07   1.3945670e-06   2.2456450e-06   2.3749442e-06   2.6755663e-06   2.5992297e-06   2.1107489e-06   1.3738653e-06   1.0065869e-06   7.2797860e-07   5.8890174e-07   4.7690997e-07   4.0436979e-07   3.3468362e-07   1.8276275e-07   1.8682339e-07   1.4589709e-07   1.1092297e-07   7.0419262e-08   3.8433270e-09   9.1606429e-09   2.4289553e-08
   0.0000000e+00   3.3829173e-07   1.5509600e-06   2.2796169e-06   2.4877006e-06   2.6567980e-06   2.7055080e-06   2.1842923e-06   1.4328168e-06   1.0714058e-06   7.6580056e-07   6.0541572e-07   4.3575943e-07   3.5309642e-07   3.1605632e-07   2.3277971e-07   1.3525108e-07   1.2045616e-07   1.1264351e-07   4.8132399e-08   1.4444360e-08   5.0749378e-08  -5.5060923e-08
   0.0000000e+00   6.7043101e-07   1.7175425e-06   2.0577013e-06   2.3881396e-06   2.6919736e-06   2.7306919e-06   2.1953563e-06   1.4914523e-06   9.2045565e-07   6.6554020e-07   6.2274455e-07   4.7910197e-07   3.9316873e-07   2.9499438e-07   1.6868684e-07   1.9746446e-07   1.4018114e-07   5.7335107e-08   3.0990318e-08   9.2603045e-08  -1.8765059e-08  -3.2886847e-09
   0.0000000e+00   5.8281222e-07   1.5061275e-06   2.2337897e-06   2.4706924e-06   2.4826772e-06   2.7616620e-06   2.1668834e-06   1.3859583e-06   1.0637674e-06   8.1200091e-07   5.1025125e-07   4.5778822e-07   3.6140312e-07   2.7547131e-07   2.5519756e-07   1.4419413e-07   6.0890869e-08   1.1694888e-07   9.7593102e-08   2.0625008e-09   4.2400682e-08   2.3196350e-08
   0.0000000e+00   6.6371098e-07   1.3955070e-06   2.2840723e-06   2.4530600e-06   2.7696001e-06   2.6568810e-06   2.0903046e-06   1.5528618e-06   8.9547427e-07   7.7072696e-07   5.6964160e-07   4.6352886e-07   4.2486769e-07   2.5368672e-07   2.0638981e-07   1.4697325e-07   1.5210942e-07   7.2271071e-08   6.8731417e-08   5.5382955e-08   1.2475759e-08   6.3481465e-08
   0.0000000e+00   4.0213251e-07   1.5586548e-06   2.2470883e-06   2.4507390e-06   2.6172142e-06   2.7462243e-06   2.2567963e-06   1.4655500e-06   1.0791455e-06   7.2735423e-07   5.4406462e-07   5.3851556e-07   3.2895525e-07   2.9888020e-07   2.4743215e-07   1.8520650e-07   1.1603001e-07   9.4061086e-08   5.3074345e-08   8.5740133e-08   6.1833248e-08  -3.4672023e-08
   0.0000000e+00   6.3066454e-07   1.8295922e-06   2.0260093e-06   2.4173896e-06   2.6988328e-06   2.6718537e-06   2.1430249e-06   1.3846045e-06   9.8588646e-07   6.5879016e-07   7.1542843e-07   4.2861504e-07   3.9025096e-07   3.7306475e-07   2.0367759e-07   1.1952444e-07   1.7377239e-07   1.0566931e-07   9.1122956e-08   5.2212442e-08   6.5875732e-09   1.0000937e-07
   0.0000000e+00   6.4089704e-07   1.3403002e-06   2.3469208e-06   2.4901360e-06   2.6016223e-06   2.8322361e-06   2.2721169e-06   1.5017205e-06   1.0889023e-06   8.2784760e-07   5.3643328e-07   4.6137251e-07   4.2957006e-07   2.8231943e-07   2.8789114e-07   1.9585067e-07   1.2639838e-07   1.2114414e-07   9.0835606e-08   6.5557273e-08   8.7748255e-08  -1.8193361e-08
   0.0000000e+00   4.9866770e-07   1.5223757e-06   2.2738400e-06   2.4180563e-06   2.6402056e-06   2.6538153e-06   2.0252573e-06   1.4774976e-06   8.9849311e-07   7.3304108e-07   6.5002831e-07   5.2855665e-07   4.3701871e-07   2.9460105e-07   1.8424214e-07   2.4607016e-07   1.6125347e-07   8.1921137e-08   1.1408906e-07   7.8166558e-08   3.6180317e-08   7.3097183e-08
   0.0000000e+00   6.4000608e-07   1.6463243e-06   2.1877570e-06   2.4820940e-06   2.7987053e-06   2.7616804e-06   2.3257342e-06   1.5478079e-06   1.0661653e-06   8.4719551e-07   5.0404844e-07   4.4942101e-07   4.0591559e-07   3.4879127e-07   2.9956766e-07   1.4083150e-07   9.6936830e-08   1.8137349e-07   6.5513944e-08   8.5928413e-08   5.1198143e-08  -1.8738255e-09
   0.0000000e+00   5.6592262e-07   1.6035615e-06   2.0978575e-06   2.4784804e-06   2.5926740e-06   2.6895625e-06   2.0588486e-06   1.3986040e-06   9.3768847e-07   6.7593209e-07   6.8388636e-07   5.5603039e-07   3.5228661e-07   3.0406505e-07   2.0875783e-07   1.5762679e-07   2.0800759e-07   8.1000380e-08   7.6822801e-08   3.1379358e-08   4.8913929e-08   3.4387945e-08
   0.0000000e+00   5.4250336e-07   1.5296735e-06   2.3309826e-06   2.4803301e-06   2.5927370e-06   2.7390645e-06   2.3521175e-06   1.4573684e-06   1.1457794e-06   7.8416008e-07   5.4267730e-07   4.8170909e-07   3.2823360e-07   3.3788010e-07   2.1846783e-07   2.3589305e-07   7.2649449e-08   5.8408936e-08   9.6875219e-08   1.0234150e-07   5.4452720e-10  -6.6127219e-09
   0.0000000e+00   6.4908755e-07   1.5525751e-06   2.3002938e-06   2.3707230e-06   2.6955954e-06   2.8471945e-06   2.0193818e-06   1.4264276e-06   9.3619167e-07   6.9489471e-07   5.8478241e-07   4.1778264e-07   5.0573379e-07   2.7515694e-07   1.8985871e-07   1.1677601e-07   1.6064240e-07   1.4519900e-07   7.4226051e-08  -2.9678551e-09   1.1092554e-08   9.6946614e-08
   0.0000000e+00   5.9589820e-07   1.5598648e-06   2.1113262e-06   2.4726260e-06   2.7449921e-06   2.5500226e-06   2.1617577e-06   1.5834623e-06   9.5593987e-07   8.3084223e-07   6.0218241e-07   4.4644642e-07   3.0800956e-07   2.9507515e-07   2.6509727e-07   1.9223316e-07   1.1357749e-07   5.0810797e-08   8.5009411e-08   7.7285428e-08   6.5178710e-08  -6.8635089e-08
   0.0000000e+00   4.9034207e-07   1.5939307e-06   2.2278780e-06   2.5781160e-06   2.5867644e-06   2.7341846e-06   2.3089756e-06   1.4268525e-06   9.5218587e-07   6.8444712e-07   5.6891992e-07   5.1623726e-07   4.3609663e-07   2.5702346e-07   2.2477700e-07   1.3609595e-07   1.4664478e-07   1.4445418e-07   3.7856250e-08   2.3047280e-08   3.5270919e-08   5.8195106e-08
   0.0000000e+00   7.6921845e-07   1.5363672e-06   2.2898919e-06   2.3169675e-06   2.5746722e-06   2.7964286e-06   2.0212985e-06   1.3677256e-06   1.0740273e-06   7.9280142e-07   5.4186097e-07   4.4281086e-07   3.6603467e-07   3.0056287e-07   2.5737873e-07   1.4342952e-07   1.0517201e-07   6.1426682e-08   8.5594458e-08   5.3064834e-08  -5.8032223e-09  -7.5544877e-09
   0.0000000e+00   4.8280248e-07   1.6313603e-06   2.1851897e-06   2.4757237e-06   2.7170051e-06   2.7446779e-06   2.2535219e-06   1.4355546e-06   1.0244188e-06   6.7150631e-07   5.8909052e-07   5.1862867e-07   3.4472998e-07   3.0079929e-07   1.7822103e-07   1.8077812e-07   1.1755519e-07   5.5573107e-08   4.2187828e-08   9.9715409e-09   2.9578251e-09  -5.0027030e-08
   0.0000000e+00   5.5598974e-07   1.5654215e-06   2.2287659e-06   2.4496283e-06   2.7630219e-06   2.5733441e-06   2.1061724e-06   1.5791061e-06   9.0357878e-07   7.3724084e-07   6.1477868e-07   4.5360406e-07   3.7399232e-07   3.3859297e-07   1.6799666e-07   1.5586605e-07   9.3128847e-08   5.5397333e-08   5.9799433e-08  -2.5241267e-08  -2.1459581e-08  -2.4528800e-08
   0.0000000e+00   6.6932785e-07   1.4918387e-06   2.1871344e-06   2.5298386e-06   2.4446315e-06   2.7279455e-06   2.1828780e-06   1.3874296e-06   1.0146236e-06   8.1177802e-07   5.6430241e-07   4.2828077e-07   3.7385479e-07   2.7106219e-07   2.1541535e-07   1.4965052e-07   6.8866427e-08   8.6468035e-08  -1.4438820e-08   2.0805153e-08  -3.0272368e-08  -3.9859323e-08
   0.0000000e+00   6.5191495e-07   1.6643025e-06   2.2618203e-06   2.3718408e-06   2.7807459e-06   2.8614731e-06   2.2529819e-06   1.3824651e-06   1.0396342e-06   7.0056581e-07   4.9750520e-07   5.5004796e-07   3.8485743e-07   2.5204434e-07   1.8649247e-07   1.0360827e-07   1.0132210e-07   2.7394186e-08   4.7111229e-08  -3.9215543e-08  -3.7916394e-09  -7.5341653e-08
   0.0000000e+00   5.5395395e-07   1.5249688e-06   2.2753802e-06   2.4127178e-06   2.6458022e-06   2.6060022e-06   2.0392065e-06   1.5581104e-06   9.9060026e-07   7.5949953e-07   6.8672972e-07   3.8605637e-07   3.4287419e-07   2.5565649e-07   2.3677887e-07   1.1398438e-07   2.9990606e-08   7.6406288e-08  -3.3073515e-08   2.0422958e-08  -1.8496154e-08  -7.0968390e-08
   0.0000000e+00   4.9631359e-07   1.5877000e-06   2.1196429e-06   2.5777535e-06   2.6592984e-06   2.6746641e-06   2.2917595e-06   1.4787125e-06   9.8983924e-07   6.6093628e-07   6.1382133e-07   4.1898582e-07   3.6352938e-07   2.8965559e-07   1.4004362e-07   7.4482095e-08   1.3811521e-07   1.3975670e-08   2.6510177e-08   1.7513933e-08  -3.7801144e-08   1.9506412e-08
   0.0000000e+00   6.9286739e-07   1.6254063e-06   2.2954657e-06   2.3822586e-06   2.6641919e-06   2.8566285e-06   2.1361247e-06   1.4354766e-06   1.0157652e-06   8.3125963e-07   5.1710254e-07   4.9760388e-07   4.0467097e-07   1.9977124e-07   1.7100740e-07   1.6994632e-07   8.5569809e-08   1.5962694e-08   6.4768592e-08   4.3576232e-08   2.8467815e-08  -4.3025889e-08
   0.0000000e+00   7.1975330e-07   1.4987787e-06   2.2259542e-06   2.4552753e-06   2.5748918e-06   2.7170629e-06   2.1852825e-06   1.4645525e-06   1.0999413e-06   7.3594782e-07   5.3777336e-07   4.6576912e-07   3.4938716e-07   3.1381384e-07   2.1418371e-07   1.2347141e-07   8.0420001e-08   1.0044132e-07   9.1929941e-08   2.5771849e-08  -2.5872564e-09   1.0946037e-07
   0.0000000e+00   4.8481178e-07   1.5606898e-06   2.1887220e-06   2.5285185e-06   2.7988422e-06   2.6789476e-06   2.2596523e-06   1.4992819e-06   8.9347196e-07   7.8195683e-07   6.2290923e-07   5.2865767e-07   2.6960865e-07   3.1262846e-07   2.1389340e-07   1.3554001e-07   1.4735227e-07   8.4645613e-08   6.6286852e-08   5.7806801e-08   7.2416221e-08   1.0178448e-08
   0.0000000e+00   5.1241892e-07   1.5820312e-06   2.3011332e-06   2.3900079e-06   2.6283140e-06   2.7608687e-06   2.1088197e-06   1.5304557e-06   1.0133227e-06   7.3566957e-07   6.5789897e-07   3.8423249e-07   4.5712616e-07   3.1064394e-07   1.8162736e-07   1.9233094e-07   1.3092883e-07   1.0563062e-07   9.5562775e-08   9.6088051e-08   5.1939498e-08   1.9606615e-08
   0.0000000e+00   7.3712692e-07   1.6866755e-06   2.1807618e-06   2.4627418e-06   2.6150160e-06   2.7584649e-06   2.2014397e-06   1.4335114e-06   1.1204834e-06   7.5673773e-07   4.9280129e-07   4.9478257e-07   4.2042362e-07   2.8949262e-07   2.0127064e-07   2.3063421e-07   1.0380712e-07   1.4284313e-07   1.2075348e-07   2.7497181e-08   7.6211343e-08   7.9137344e-08
   0.0000000e+00   5.0065404e-07   1.4597796e-06   2.2026443e-06   2.4940907e-06   2.7206056e-06   2.6835414e-06   2.2424581e-06   1.4811696e-06   9.1426080e-07   7.3845257e-07   6.2953382e-07   4.9341583e-07   3.9301293e-07   2.0277510e-07   3.0672700e-07   1.9860815e-07   1.0591305e-07   1.5235892e-07   8.9822166e-08   1.0078750e-07   7.5155143e-08   1.9458684e-08
   0.0000000e+00   7.3719247e-07   1.5189268e-06   2.2224501e-06   2.4390356e-06   2.6518994e-06   2.7434612e-06   2.1202322e-06   1.4365426e-06   1.0325358e-06   7.4789818e-07   5.8407744e-07   4.7203142e-07   3.3977270e-07   3.9441426e-07   2.1595262e-07   1.2695573e-07   1.6937000e-07   1.5160285e-07   7.0441203e-08   8.7788635e-08   8.5976168e-08  -3.8527510e-09
   0.0000000e+00   4.1069467e-07   1.7162496e-06   2.2132533e-06   2.4632852e-06   2.6217397e-06   2.7210519e-06   2.2041495e-06   1.4828902e-06   9.9671604e-07   7.7660297e-07   5.6360329e-07   4.1994124e-07   4.0826075e-07   3.1559580e-07   2.4845929e-07   1.5787177e-07   1.8959392e-07   1.0145234e-07   6.3548633e-08   1.2015357e-07   3.1213233e-08   5.2954263e-08
   0.0000000e+00   6.6637347e-07   1.4324930e-06   2.2759889e-06   2.4259241e-06   2.6901992e-06   2.8098104e-06   2.1556311e-06   1.4922756e-06   9.7156510e-07   6.8807719e-07   5.6403144e-07   5.9041838e-07   3.5180599e-07   2.8922554e-07   2.1274720e-07   2.3381256e-07   1.3775413e-07   8.6356621e-08   1.3204587e-07   3.8603279e-08   3.0993391e-08   3.5570178e-08
   0.0000000e+00   6.2446117e-07   1.5397924e-06   2.1784922e-06   2.5603110e-06   2.5881222e-06   2.5789068e-06   2.2011886e-06   1.4101340e-06   9.9917406e-07   8.1489634e-07   5.8079320e-07   4.2264713e-07   4.5137102e-07   3.0781013e-07   2.5191321e-07   1.6793780e-07   1.3552388e-07   1.0722550e-07   1.1408649e-07   3.3558436e-08   3.3101113e-09   4.6810232e-08
   0.0000000e+00   5.3469211e-07   1.7698463e-06   2.1915860e-06   2.2872023e-06   2.8292716e-06   2.7662859e-06   2.1590465e-06   1.4816654e-06   1.0313769e-06   6.9221238e-07   6.4075823e-07   4.7112761e-07   3.3146748e-07   3.5968839e-07   2.5427201e-07   1.8057101e-07   1.6068945e-07   8.8807283e-08   3.6502261e-08   6.1624583e-08   3.7488544e-08  -3.4396191e-08
   0.0000000e+00   6.2507894e-07   1.3646977e-06   2.2770421e-06   2.5727172e-06   2.5512197e-06   2.8057700e-06   2.2311060e-06   1.4576025e-06   9.9192221e-07   7.4705531e-07   6.0675376e-07   4.6430949e-07   4.7987805e-07   2.4991996e-07   2.4950404e-07   1.5729378e-07   1.2437798e-07   1.2808475e-07   2.4206244e-08   6.6555430e-08   1.3336966e-08  -5.8775107e-08
   0.0000000e+00   5.2777045e-07   1.5798613e-06   2.2557906e-06   2.4795129e-06   2.6167820e-06   2.6730540e-06   2.0846026e-06   1.4860790e-06   1.0609108e-06   7.6943667e-07   5.4998918e-07   5.3322367e-07   3.7857598e-07   3.3143854e-07   2.2411250e-07   1.2598626e-07   1.4033034e-07   7.9485865e-08   7.9181603e-08  -2.5681814e-08  -2.0951559e-08   4.8342987e-08
   0.0000000e+00   6.7621642e-07   1.6262558e-06   2.2603294e-06   2.4832877e-06   2.7023768e-06   2.7590640e-06   2.3126311e-06   1.4314550e-06   9.6071528e-07   7.7632899e-07   6.0959280e-07   4.5201080e-07   3.7922868e-07   2.6749453e-07   2.3809682e-07   2.4023922e-07   2.4404649e-08   7.1280212e-08   3.9413042e-08   5.4063143e-10   3.0227266e-08  -5.7336749e-08
   0.0000000e+00   6.5696656e-07   1.7138765e-06   2.0882546e-06   2.3545324e-06   2.8021075e-06   2.7596298e-06   2.0866546e-06   1.5523458e-06   1.0057881e-06   7.3836901e-07   6.2963363e-07   5.1504105e-07   3.7095796e-07   3.4499621e-07   1.4818505e-07   1.1571208e-07   1.5946780e-07   1.5087121e-08   4.6844477e-08   5.3248016e-08  -5.2747957e-08   4.0706913e-10
   0.0000000e+00   3.4130451e-07   1.4209666e-06   2.3524892e-06   2.5986233e-06   2.5580580e-06   2.6549360e-06   2.2361278e-06   1.3929356e-06   1.0908101e-06   7.6381593e-07   5.5046632e-07   4.5946325e-07   3.7400190e-07   3.2896415e-07   2.2362872e-07   1.2377426e-07   8.2627203e-08   8.8119400e-08   9.8272563e-09  -7.8317335e-09   4.2621529e-08  -6.7913042e-08
   0.0000000e+00   9.2957157e-07   1.5395057e-06   2.3042621e-06   2.4549463e-06   2.6700088e-06   2.8429706e-06   2.1427104e-06   1.5569753e-06   9.2907180e-07   6.7475327e-07   6.4862820e-07   5.0738794e-07   3.7588461e-07   2.7471887e-07   1.8726298e-07   1.6132581e-07   1.0846612e-07   5.7922460e-08   4.2643610e-08   3.5171908e-09  -2.8592778e-08   7.3171826e-08
   0.0000000e+00   4.3371557e-07   1.7438001e-06   2.1923297e-06   2.3811660e-06   2.6398770e-06   2.6950927e-06   2.2450629e-06   1.4361361e-06   1.0446827e-06   8.9916102e-07   5.0105461e-07   4.6249380e-07   4.1290505e-07   2.4824561e-07   2.5063133e-07   1.2875144e-07   6.5184423e-08   5.4557560e-08   7.9683737e-08   3.4650025e-08   7.3800517e-09  -9.4883461e-09
   0.0000000e+00   6.1065538e-07   1.5581336e-06   2.1299022e-06   2.5510774e-06   2.8549380e-06   2.6316757e-06   2.1517310e-06   1.4320449e-06   9.3110890e-07   7.2567423e-07   6.5067962e-07   3.9634639e-07   4.6485059e-07   2.7407029e-07   1.7262153e-07   1.4851548e-07   9.5528065e-08   1.0456009e-07  -8.2998985e-09   2.5858405e-08   4.9750188e-08  -2.7365832e-08
   0.0000000e+00   6.7050507e-07   1.4438903e-06   2.3677478e-06   2.4875012e-06   2.4749565e-06   2.8722613e-06   2.1834135e-06   1.5199366e-06   1.0717035e-06   6.3841856e-07   5.6221035e-07   5.6447698e-07   2.5029448e-07   2.8777319e-07   2.1670267e-07   1.1274493e-07   1.3564139e-07   4.7103343e-09   6.3757930e-08   2.9088609e-08  -1.8066865e-08   6.5986732e-09
   0.0000000e+00   5.6893242e-07   1.7480924e-06   2.1563849e-06   2.3942189e-06   2.6284938e-06   2.6552948e-06   2.1062158e-06   1.4365884e-06   9.8399858e-07   7.7218999e-07   6.2529500e-07   4.2912805e-07   3.9964453e-07   2.5078404e-07   1.9858078e-07   1.1563491e-07   4.5644160e-08   8.5538083e-08   4.7854055e-08   1.4183436e-09  -8.9983017e-09   7.2506401e-09
   0.0000000e+00   6.1543119e-07   1.4524836e-06   2.2587699e-06   2.5264967e-06   2.8192790e-06   2.7580195e-06   2.2167001e-06   1.4352266e-06   1.0482518e-06   7.5197084e-07   4.4569308e-07   4.6372588e-07   3.5305692e-07   3.2234985e-07   1.3276063e-07   1.5237970e-07   1.0084602e-07   5.3835304e-08   4.7270671e-08  -5.4929372e-09   3.3974668e-08  -3.7450079e-08
   0.0000000e+00   5.0376912e-07   1.5913431e-06   2.2659444e-06   2.3345169e-06   2.5674638e-06   2.6399175e-06   2.2282261e-06   1.4408229e-06   8.4360119e-07   7.9683178e-07   6.3963250e-07   4.6090466e-07   3.4918227e-07   2.4666389e-07   2.2482284e-07   1.2623535e-07   1.1528421e-07   7.4712595e-08   3.8128842e-08   7.7777649e-08   3.1612131e-09   3.2313739e-08
   0.0000000e+00   7.8122275e-07   1.6497838e-06   2.1209185e-06   2.4977053e-06   2.6606788e-06   2.6908083e-06   2.1450617e-06   1.5214218e-06   1.0506192e-06   7.2554292e-07   6.2641669e-07   4.3253149e-07   3.6762376e-07   3.0570001e-07   1.9116514e-07   1.5744769e-07   1.0887081e-07   1.2010962e-07   5.9955219e-08   4.5036000e-08   5.9920218e-08   4.1206047e-08
   0.0000000e+00   5.3945229e-07   1.4057508e-06   2.3234952e-06   2.5406262e-06   2.6473272e-06   2.8948830e-06   2.0765358e-06   1.3906152e-06   1.1665225e-06   6.1019909e-07   4.9632877e-07   5.0397415e-07   4.2846688e-07   2.5679105e-07   2.3636078e-07   1.7199687e-07   1.3364560e-07   1.0574249e-07   1.0408044e-07   7.3774430e-08   6.4574593e-08   5.3984806e-08
   0.0000000e+00   3.8999281e-07   1.8174992e-06   2.1084290e-06   2.3694004e-06   2.6562570e-06   2.5158993e-06   2.2200784e-06   1.5455744e-06   8.2514083e-07   9.0315791e-07   6.6249612e-07   4.9812814e-07   3.5983066e-07   2.9841237e-07   2.3729272e-07   2.0233136e-07   1.4218132e-07   7.6872787e-08   9.2755627e-08   1.2042946e-07   3.2506577e-08   3.1923825e-08
   0.0000000e+00   8.2271436e-07   1.3549653e-06   2.3648597e-06   2.4341507e-06   2.5886450e-06   2.8316963e-06   2.3161842e-06   1.4089443e-06   1.0783078e-06   7.0566563e-07   6.2195500e-07   4.2660932e-07   4.0080377e-07   3.7293961e-07   2.1695317e-07   1.4991036e-07   1.4248235e-07   1.4394982e-07   1.1974234e-07  -4.8642437e-09   5.7117894e-08   7.0370668e-08
   0.0000000e+00   6.6476827e-07   1.6111359e-06   2.1221167e-06   2.4702565e-06   2.7745193e-06   2.7260332e-06   1.9669901e-06   1.5062622e-06   1.0000306e-06   8.0397393e-07   5.5665316e-07   5.5390348e-07   3.7602891e-07   3.0484000e-07   2.5608568e-07   1.8837598e-07   1.3607783e-07   1.1564850e-07   2.6577606e-08   7.5953864e-08   4.7326566e-08  -1.8438685e-08
   0.0000000e+00   4.6109091e-07   1.6193803e-06   2.2408185e-06   2.4612316e-06   2.5828895e-06   2.7332155e-06   2.2352112e-06   1.4838291e-06   1.0945923e-06   7.2157354e-07   5.8409250e-07   5.1685350e-07   4.3803058e-07   3.0362114e-07   2.3283501e-07   1.4071175e-07   1.3611348e-07   5.8078079e-08   9.3937928e-08   7.8583831e-08  -1.3111119e-08   6.9191795e-09
   0.0000000e+00   5.5618358e-07   1.6154493e-06   2.2692063e-06   2.4543301e-06   2.5585650e-06   2.6823832e-06   2.2773643e-06   1.4982112e-06   9.3405049e-07   7.6913841e-07   7.0164924e-07   4.5090411e-07   3.9332645e-07   2.9708610e-07   1.7375599e-07   1.9928657e-07   1.1816943e-07   1.1745553e-07   5.2149851e-08  -2.5447523e-08   4.2682966e-08   4.1381426e-08
   0.0000000e+00   7.6630818e-07   1.5289697e-06   2.1339604e-06   2.4556673e-06   2.9223224e-06   2.5754455e-06   2.1710712e-06   1.4499205e-06   9.7612497e-07   8.9954182e-07   5.7303538e-07   4.2621039e-07   4.0540434e-07   3.0058476e-07   2.7408291e-07   1.4951337e-07   8.0621781e-08   2.7402196e-08   6.0763931e-08   7.4141198e-08   1.3063085e-08  -6.0107375e-08
   0.0000000e+00   5.2776926e-07   1.5271610e-06   2.2388049e-06   2.3910059e-06   2.4398239e-06   3.0180834e-06   2.1279404e-06   1.4524489e-06   1.1597053e-06   6.0104492e-07   5.3562866e-07   5.9771230e-07   4.1193286e-07   2.5229994e-07   1.5422739e-07   1.1004257e-07   1.3292555e-07   1.1318141e-07   2.2501105e-08   1.6257880e-08  -2.0626512e-08   4.2388240e-08
   0.0000000e+00   6.8633562e-07   1.5829464e-06   2.3436551e-06   2.4261722e-06   2.6940597e-06   2.5456293e-06   2.2063994e-06   1.5450750e-06   9.6769099e-07   8.0622937e-07   6.8986566e-07   3.9790751e-07   2.8131313e-07   3.1989967e-07   2.6628959e-07   1.4632060e-07   6.9236087e-08   4.6854595e-08   8.2175873e-08  -6.5585479e-09   4.0800423e-08  -4.8765134e-08
   0.0000000e+00   3.9304857e-07   1.6887629e-06   2.0457162e-06   2.6742109e-06   2.6029165e-06   2.8029863e-06   2.1749956e-06   1.4353733e-06   9.4749214e-07   8.3906173e-07   4.8814127e-07   5.2248987e-07   4.0625065e-07   2.9421778e-07   1.2780127e-07   1.2076923e-07   1.4466654e-07   7.4055023e-08  -2.9806765e-10   4.2422798e-08  -2.9458325e-10   1.3457571e-08
   0.0000000e+00   9.0763120e-07   1.3477396e-06   2.2103529e-06   2.2127645e-06   2.8066097e-06   2.6477555e-06   2.2444494e-06   1.5243761e-06   1.1012241e-06   6.3783204e-07   6.5910541e-07   3.9938990e-07   3.9543730e-07   2.5977022e-07   1.5695723e-07   1.6749682e-07   7.4797029e-08   7.3207724e-09   1.1515231e-07   3.0683719e-08  -2.8193465e-08   3.4980181e-09
   0.0000000e+00   3.2382553e-07   1.7616168e-06   2.3546895e-06   2.4565525e-06   2.5466384e-06   2.7764993e-06   2.1543256e-06   1.4257070e-06   9.6637336e-07   8.6668882e-07   5.6520349e-07   4.9895527e-07   3.3552436e-07   1.9646072e-07   2.6199589e-07   1.1713695e-07   2.8163262e-08   1.4163386e-07  -2.6493916e-08  -1.8715578e-09   4.4554046e-08  -4.8896570e-08
   0.0000000e+00   7.4508631e-07   1.4566610e-06   2.2014244e-06   2.5133738e-06   2.6451257e-06   2.7808844e-06   2.2312197e-06   1.4492317e-06   1.0943554e-06   6.4352093e-07   6.0791677e-07   4.2271466e-07   3.2652983e-07   3.2773244e-07   1.3780380e-07   5.2495533e-08   1.6106290e-07   2.0968618e-09   5.8724190e-08  -1.1271259e-08  -2.6040659e-08  -5.2184665e-09
   0.0000000e+00   5.8056594e-07   1.5496151e-06   1.9678935e-06   2.5285874e-06   2.6854402e-06   2.6246973e-06   2.1191099e-06   1.5866311e-06   9.3548789e-07   8.4236939e-07   5.3559518e-07   4.5574279e-07   4.0670179e-07   1.9694335e-07   1.6928136e-07   1.5980373e-07   3.3268645e-08   6.5381549e-08  -3.0526877e-08   7.1632407e-08  -3.5009649e-08  -9.7583388e-08
   0.0000000e+00   5.7948444e-07   1.5514067e-06   2.5119041e-06   2.2468075e-06   2.7135573e-06   2.7502224e-06   2.2879765e-06   1.4007954e-06   1.0356572e-06   7.1326815e-07   5.6489654e-07   4.7370472e-07   3.0667982e-07   2.7361193e-07   1.5027447e-07   1.3939037e-07   9.2637258e-08   1.0703021e-08   7.6156439e-08  -3.9674482e-08  -1.7217255e-08   2.5875083e-08
   0.0000000e+00   5.2724312e-07   1.6527191e-06   2.0786365e-06   2.5759632e-06   2.5335180e-06   2.9126261e-06   2.0550085e-06   1.5472256e-06   9.9935505e-07   7.6945423e-07   5.8835724e-07   4.2621488e-07   3.0176008e-07   2.8475600e-07   1.9857438e-07   1.2774322e-07   5.0196377e-08   7.5005779e-08   7.0768479e-08  -9.4189092e-09   1.1561408e-08   1.8640250e-08
   0.0000000e+00   6.6601154e-07   1.4423772e-06   2.1974604e-06   2.3569673e-06   2.7510534e-06   2.4756887e-06   2.2988231e-06   1.3491799e-06   1.0283416e-06   7.1174918e-07   5.5324580e-07   4.7113218e-07   4.3402491e-07   2.2185078e-07   1.8537757e-07   1.1824941e-07   1.2375104e-07   1.2079735e-07  -2.7896389e-08   8.0654672e-08   5.8060444e-08  -3.9344428e-08
   0.0000000e+00   5.8343159e-07   1.7080529e-06   2.0962416e-06   2.6804375e-06   2.6365428e-06   2.9251969e-06   2.1396297e-06   1.6523076e-06   1.0311467e-06   7.3724266e-07   6.0480460e-07   4.2556155e-07   2.4997337e-07   3.8533602e-07   1.9164835e-07   1.7025351e-07   1.1331754e-07   4.0150837e-08   1.2174544e-07   5.4259200e-08   2.7578693e-09   5.5220074e-08
   0.0000000e+00   5.9406381e-07   1.3065785e-06   2.5047973e-06   2.1813980e-06   2.7195340e-06   2.5661775e-06   2.2380475e-06   1.3496614e-06   9.2460317e-07   8.0730177e-07   5.3773203e-07   4.8747512e-07   5.4741793e-07   1.2784592e-07   2.8547541e-07   1.2574370e-07   1.2339233e-07   1.6671194e-07   3.7810583e-08   2.7470525e-08   1.0064331e-07  -1.7063714e-08
   0.0000000e+00   4.6242096e-07   1.7528654e-06   2.0361485e-06   2.4865556e-06   2.5810134e-06   2.9286309e-06   2.1561191e-06   1.5805665e-06   1.1152132e-06   7.0009958e-07   6.6417181e-07   4.6180159e-07   2.5931752e-07   3.9206890e-07   2.1010050e-07   2.3752264e-07   1.4229167e-07   2.4889184e-08   1.3743691e-07   1.2160417e-07  -4.1098751e-08   9.5060408e-08
   0.0000000e+00   8.2685403e-07   1.5165870e-06   2.2167749e-06   2.6761822e-06   2.7275489e-06   2.6685254e-06   2.2433715e-06   1.3493443e-06   9.8107705e-07   7.6418371e-07   5.1420920e-07   5.1533323e-07   4.9444668e-07   2.9757314e-07   2.2017197e-07   1.1070131e-07   2.0255224e-07   1.8391941e-07   3.2056285e-08   3.7442526e-08   1.3022226e-07  -1.5640303e-08
   0.0000000e+00   3.4707602e-07   1.6261857e-06   2.1766184e-06   2.3293042e-06   2.6696773e-06   2.6975567e-06   2.1479107e-06   1.6623700e-06   1.0463450e-06   8.4615573e-07   6.5644599e-07   4.5337165e-07   2.9936169e-07   3.5229053e-07   2.9060521e-07   2.3569544e-07   1.0458844e-07   3.8203499e-08   1.7030281e-07   9.3854247e-08   3.5764357e-11   6.6543592e-08
   0.0000000e+00   6.7971223e-07   1.3756691e-06   2.3696691e-06   2.3952866e-06   2.6411408e-06   2.7976778e-06   2.3281241e-06   1.3233382e-06   1.0078029e-06   6.3798001e-07   5.8287770e-07   5.9212414e-07   4.6506969e-07   2.9720073e-07   2.0493611e-07   1.3097254e-07   1.9491033e-07   1.7872479e-07   4.4689600e-08   9.1420205e-09   6.4101769e-08   8.3115872e-08
   0.0000000e+00   6.3582002e-07   1.7101829e-06   2.1574931e-06   2.5791053e-06   2.7253773e-06   2.8030297e-06   2.0517887e-06   1.6915271e-06   1.0151462e-06   9.5785720e-07   6.2502932e-07   3.9878341e-07   3.7601276e-07   3.3133824e-07   2.4687782e-07   2.9067311e-07   3.4269632e-08   7.5164856e-08   1.1248147e-07   6.9157018e-08   5.7467190e-08  -4.9701448e-08
   0.0000000e+00   5.5504347e-07   1.4836028e-06   2.1873780e-06   2.3708249e-06   2.6922119e-06   2.6423611e-06   2.3032546e-06   1.3462353e-06   1.0748487e-06   5.7830846e-07   6.4307704e-07   5.4252172e-07   4.4524177e-07   2.9148563e-07   2.2331722e-07   8.5051468e-08   2.1571492e-07   1.0267666e-07   3.3883289e-08   4.3240846e-08   2.1794845e-08   5.1409838e-08
   0.0000000e+00   4.5630236e-07   1.6445090e-06   2.1598689e-06   2.5906068e-06   2.6281632e-06   2.8628058e-06   2.2435729e-06   1.5812017e-06   1.0487688e-06   9.1938460e-07   5.6919424e-07   4.5524166e-07   3.5772621e-07   3.3824145e-07   2.2960296e-07   2.0998054e-07   4.6795641e-08   1.1560516e-07   4.3372946e-08   3.4072421e-08   4.3416531e-08  -5.4908725e-08
   0.0000000e+00   6.6408165e-07   1.4731778e-06   2.4688541e-06   2.2865613e-06   2.7729350e-06   2.6942221e-06   2.0747389e-06   1.3837074e-06   1.0232362e-06   6.9036258e-07   6.3306504e-07   5.2477515e-07   4.2665374e-07   2.4688120e-07   2.3088616e-07   1.2121581e-07   1.3688309e-07   6.1660735e-08   4.3649671e-08   3.1144765e-08  -1.0160934e-08   4.1935746e-08
   0.0000000e+00   6.3431202e-07   1.5840443e-06   1.9483248e-06   2.7215449e-06   2.5676711e-06   2.7767046e-06   2.4237504e-06   1.6756604e-06   1.0010262e-06   8.6672708e-07   5.5310954e-07   4.6857457e-07   3.7442720e-07   3.4858550e-07   1.9777187e-07   1.6873940e-07   1.1229570e-07   5.3369405e-08   4.2168796e-08   5.0691828e-08   2.3020604e-08  -3.1879598e-08
   0.0000000e+00   5.9932745e-07   1.6186893e-06   2.3693494e-06   2.3002815e-06   2.7378996e-06   2.7670874e-06   2.0659368e-06   1.3959357e-06   1.0215757e-06   6.8631090e-07   6.9215537e-07   4.9320954e-07   4.0433690e-07   2.5945053e-07   2.5516258e-07   1.4026091e-07   9.6538002e-08   9.4729145e-08   7.3392386e-08   2.6774629e-08   2.2899330e-08   2.6435384e-08
   0.0000000e+00   3.7873363e-07   1.5754180e-06   2.2708371e-06   2.5757051e-06   2.7380188e-06   2.7922840e-06   2.2083361e-06   1.5193043e-06   1.1135338e-06   8.5642512e-07   5.4296646e-07   5.4378040e-07   3.1080029e-07   3.6756410e-07   1.9010533e-07   1.8378913e-07   9.7198637e-08   9.3805099e-08   6.4350473e-08   5.8449690e-08   2.2222348e-08   2.0143995e-08
   0.0000000e+00   8.7773196e-07   1.4991579e-06   2.2053162e-06   2.3510333e-06   2.7389374e-06   2.7001674e-06   2.3105201e-06   1.4827368e-06   1.1093572e-06   6.0852193e-07   6.4291021e-07   4.5541069e-07   5.1438468e-07   2.5413141e-07   2.2166434e-07   1.1228119e-07   1.8152838e-07   1.0492145e-07   4.1891145e-08   3.9481773e-08   4.2772044e-08   3.6548013e-08
   0.0000000e+00   4.2042518e-07   1.6618908e-06   2.3191803e-06   2.6575372e-06   2.5668046e-06   2.8525526e-06   2.1674605e-06   1.5599175e-06   8.6514160e-07   9.7887278e-07   6.3479587e-07   4.6779678e-07   2.9099192e-07   3.2121514e-07   2.2642334e-07   2.4013212e-07   4.8562356e-08   8.6057568e-08   7.5678756e-08   8.1502115e-08   5.9638133e-08  -4.4584763e-08
   0.0000000e+00   8.0834292e-07   1.6399952e-06   2.1566555e-06   2.4605929e-06   2.8516888e-06   2.6639775e-06   2.2944159e-06   1.4801877e-06   1.0591065e-06   6.9584337e-07   5.6874939e-07   4.8527363e-07   4.5533480e-07   2.9855593e-07   2.1587363e-07   9.7461857e-08   1.7192797e-07   1.0166915e-07   5.3494592e-08   5.0781157e-08   1.5608345e-09   6.4542178e-08
   0.0000000e+00   3.5265123e-07   1.5257959e-06   2.3057310e-06   2.5163890e-06   2.5111299e-06   2.9360565e-06   2.0786829e-06   1.5210622e-06   1.1054867e-06   7.8895624e-07   5.5913517e-07   4.7510076e-07   3.8478095e-07   2.6547823e-07   2.2472919e-07   1.9487169e-07   6.6116989e-08   8.6977771e-08   4.8494471e-08   4.6198494e-08   3.9689382e-08  -3.2293059e-08
   0.0000000e+00   9.1590977e-07   1.6130498e-06   2.3468726e-06   2.4017763e-06   2.9989860e-06   2.6097189e-06   2.3401733e-06   1.4571062e-06   9.9215924e-07   6.8405569e-07   6.4734496e-07   4.7370563e-07   3.3965480e-07   3.1026389e-07   1.8077394e-07   1.1999938e-07   1.3931431e-07   3.6562124e-08   4.8663502e-08   3.4231004e-08   2.2141420e-09   1.4624280e-08
   0.0000000e+00   4.3005605e-07   1.7198445e-06   2.2209313e-06   2.6225887e-06   2.4776284e-06   2.8283482e-06   2.2120371e-06   1.4955323e-06   1.0354644e-06   7.9693103e-07   5.3218702e-07   4.7246550e-07   3.8215833e-07   2.7394577e-07   2.0393826e-07   1.0493146e-07   7.5017127e-08   9.4601575e-08   4.2531990e-08   2.3808484e-08   6.2681731e-09   2.2023837e-08
   0.0000000e+00   7.4990800e-07   1.5092211e-06   2.2838137e-06   2.3943801e-06   2.8123748e-06   2.8003019e-06   2.0870696e-06   1.5135246e-06   9.8801434e-07   7.2133349e-07   6.7451191e-07   4.0233684e-07   3.5933201e-07   2.1680781e-07   2.1211208e-07   1.8289784e-07   6.4667098e-08   1.4449153e-08   5.6073823e-08   5.9178205e-08  -3.8726857e-09  -1.2044789e-08
   0.0000000e+00   6.4094957e-07   1.6809498e-06   2.2451109e-06   2.7201033e-06   2.6168475e-06   2.8100849e-06   2.3910447e-06   1.5490353e-06   9.4267796e-07   8.5330248e-07   3.8604296e-07   5.4683539e-07   3.5070960e-07   2.8613914e-07   1.8473966e-07   6.6686667e-08   1.0679515e-07   1.0287752e-07   3.8516550e-08  -1.8847810e-08   1.2301175e-08   7.4329578e-09
   0.0000000e+00   6.8364568e-07   1.5693191e-06   2.3780144e-06   2.3147386e-06   2.8157763e-06   2.6431139e-06   2.0972864e-06   1.3623974e-06   1.1556054e-06   6.5985347e-07   7.1295199e-07   3.8230829e-07   3.7960280e-07   2.8151180e-07   1.6227004e-07   1.4790487e-07   1.0564908e-07   4.8192678e-08   2.8481997e-08   3.0947437e-08   7.5208293e-09  -4.4330786e-08
   0.0000000e+00   5.3288448e-07   1.7552750e-06   2.0998932e-06   2.6561054e-06   2.6983457e-06   2.8629511e-06   2.2760717e-06   1.5705907e-06   9.5333894e-07   7.6446429e-07   5.4077782e-07   4.9244795e-07   3.4655821e-07   2.6346436e-07   2.1387446e-07   1.3417338e-07   9.5544131e-08   8.7533941e-08   2.1512241e-08   4.1834664e-08   9.2322141e-09  -1.8768841e-08
   0.0000000e+00   7.8034338e-07   1.5657758e-06   2.5088968e-06   2.3923064e-06   2.6665953e-06   2.7419512e-06   2.2219785e-06   1.4568984e-06   1.0545351e-06   7.2182473e-07   6.3093387e-07   4.7995542e-07   3.3445772e-07   3.0753893e-07   1.8651328e-07   1.6864405e-07   8.0808277e-08   6.1234509e-08   1.0215408e-07   1.7314433e-08   9.3172785e-09   1.8591258e-08
   0.0000000e+00   6.2580551e-07   1.6541918e-06   2.1436688e-06   2.5520442e-06   2.6884709e-06   2.8274551e-06   2.1149197e-06   1.5971098e-06   9.6539509e-07   8.2153161e-07   5.7631269e-07   4.1387531e-07   4.5134635e-07   2.4249294e-07   2.4305871e-07   1.5711889e-07   8.2682782e-08   1.0284565e-07   3.8068656e-08   3.1794308e-08   1.8589622e-08   2.6089754e-08
   0.0000000e+00   7.1658081e-07   1.4521094e-06   2.3411144e-06   2.5081843e-06   2.7975573e-06   2.6923794e-06   2.3184946e-06   1.3585153e-06   1.0374230e-06   7.6020518e-07   5.3662484e-07   5.6619217e-07   3.4587165e-07   2.9475316e-07   1.6504887e-07   1.1447821e-07   1.6106407e-07   6.5814675e-08   2.2105111e-08   4.0900574e-08   3.4391416e-08  -1.3503268e-08
   0.0000000e+00   5.2316210e-07   1.8783520e-06   2.1786118e-06   2.5553475e-06   2.6006696e-06   2.7234992e-06   2.1434046e-06   1.5909799e-06   1.0760649e-06   7.4435889e-07   6.5025159e-07   4.1079969e-07   3.3559863e-07   3.4523285e-07   2.3931801e-07   1.3088015e-07   7.7767034e-08   5.5594484e-08   4.6428870e-08   4.3892712e-08  -5.1290430e-09  -5.6323937e-09
   0.0000000e+00   7.8404730e-07   1.5261544e-06   2.3598500e-06   2.3858186e-06   2.7123360e-06   2.8106556e-06   2.3289472e-06   1.3276675e-06   9.8842031e-07   7.1867294e-07   5.6708501e-07   4.8459242e-07   4.3135083e-07   2.1000899e-07   1.9938859e-07   9.9762758e-08   1.3250320e-07   6.1665865e-08   3.5955019e-08   4.3607460e-09   1.0365287e-08  -2.6117064e-08
   0.0000000e+00   5.7025881e-07   1.5849645e-06   2.1843500e-06   2.5239863e-06   2.6705331e-06   2.8066315e-06   2.0047792e-06   1.5923349e-06   1.0280445e-06   7.8491183e-07   5.7662845e-07   4.5613098e-07   3.3282666e-07   3.0730754e-07   1.5444581e-07   2.0986428e-07   6.8006052e-08  -2.4278695e-08   8.1826805e-08   5.3038224e-08  -6.9152414e-08   2.8222969e-08
   0.0000000e+00   7.1094644e-07   1.5197207e-06   2.3113014e-06   2.4978754e-06   2.7089407e-06   2.5659244e-06   2.2754703e-06   1.4668897e-06   9.2291407e-07   7.1053779e-07   5.9153894e-07   4.5034463e-07   4.3849136e-07   2.3230022e-07   2.1059518e-07   8.7809752e-08   6.8288330e-08   1.3619729e-07   1.8797756e-08  -7.3104204e-08   3.8972058e-08  -7.5858777e-09
   0.0000000e+00   5.8830625e-07   1.7596651e-06   2.2400236e-06   2.4369883e-06   2.6300929e-06   2.8576681e-06   2.1400629e-06   1.4762460e-06   1.0710327e-06   7.6893201e-07   5.6222541e-07   4.6328978e-07   2.5024960e-07   3.0272429e-07   2.2304908e-07   1.0481957e-07   9.1410861e-08   2.6280738e-08   3.9830248e-08   3.8815337e-08  -6.6793651e-09  -2.6206381e-08
   0.0000000e+00   6.2006080e-07   1.4761633e-06   2.1969627e-06   2.4096371e-06   2.6833793e-06   2.6778312e-06   2.2066545e-06   1.3527099e-06   9.6643510e-07   7.1396931e-07   5.6745108e-07   4.9063101e-07   4.2442591e-07   2.6655584e-07   1.4956447e-07   1.6415321e-07   9.1460755e-08   8.3895060e-08   1.5181822e-09   2.9674622e-08   1.3647955e-08   1.1662006e-08
   0.0000000e+00   6.1565743e-07   1.6790863e-06   2.1766532e-06   2.5477898e-06   2.6177324e-06   2.7298197e-06   2.1382116e-06   1.5125872e-06   1.0497671e-06   7.3805063e-07   5.4724433e-07   4.4489960e-07   3.2758442e-07   2.9474293e-07   1.6062891e-07   1.4271538e-07   1.0915178e-07   6.0426423e-08   8.3613571e-08   4.3561609e-08   2.6023239e-08   1.3703864e-08
