   0.0000000e+00   8.3437908e-07   2.0090833e-06   3.0520453e-06   3.1351724e-06   3.3615722e-06   3.3314959e-06   2.7381520e-06   1.8636694e-06   1.1122154e-06   9.3173082e-07   7.8549908e-07   5.1162999e-07   4.9834443e-07   2.8829783e-07   3.3243799e-07   2.1230792e-07   1.0045552e-07   1.0274028e-07   8.9836817e-08   4.9858308e-08   7.5500388e-08   6.6994282e-08
   0.0000000e+00   8.6317078e-07   2.0644325e-06   2.7343108e-06   3.0530286e-06   3.3712720e-06   3.4937609e-06   2.6493565e-06   1.8583734e-06   1.2378143e-06   8.9224125e-07   6.4407385e-07   6.0573058e-07   4.6506733e-07   4.1138549e-07   1.5080913e-07   2.1818092e-07   1.3483222e-07   1.6005087e-07   7.7467632e-08   7.0466726e-08   8.2435328e-08   6.6529687e-08
   0.0000000e+00   8.2891847e-07   2.0652844e-06   3.0924521e-06   3.1494062e-06   3.3547783e-06   3.4096131e-06   2.7230485e-06   1.6564335e-06   1.3697198e-06   9.8636724e-07   7.3169957e-07   5.8926071e-07   3.9737353e-07   3.2645860e-07   3.7126819e-07   1.2256831e-07   1.4289012e-07   1.0457035e-07   8.2013621e-08   1.2547315e-07   4.2592774e-08   4.5836046e-09
   0.0000000e+00   6.8802245e-07   2.2281761e-06   2.7025812e-06   3.1725390e-06   3.3110266e-06   3.3391457e-06   2.8020852e-06   1.9097590e-06   1.1483146e-06   8.0038836e-07   7.3901822e-07   6.1087900e-07   5.0748724e-07   3.8677280e-07   2.0227446e-07   1.8452653e-07   1.7831188e-07   1.3035178e-07   3.8475861e-08   3.4385458e-08   6.2543137e-08   8.0661309e-08
   0.0000000e+00   7.3088171e-07   1.9068067e-06   2.9248549e-06   3.1146064e-06   3.3384945e-06   3.4458369e-06   2.7275496e-06   1.8858593e-06   1.3182853e-06   1.0443642e-06   7.1400888e-07   5.0539046e-07   4.1159916e-07   3.2061843e-07   2.9951568e-07   1.6186580e-07   1.1432567e-07   3.8356209e-08   1.3640563e-07   8.5776122e-08  -8.6020524e-09  -3.2689602e-08
   0.0000000e+00   9.2115084e-07   2.1802971e-06   2.9372613e-06   3.2077498e-06   3.4791178e-06   3.4227849e-06   2.5420677e-06   1.7515077e-06   1.1433095e-06   8.8826772e-07   7.2500382e-07   6.3889581e-07   5.8915350e-07   2.7952589e-07   1.9818341e-07   2.0491788e-07   1.2862230e-07   1.1407045e-07   1.7853719e-08  -1.4162241e-09   2.7208561e-08   8.6588187e-08
   0.0000000e+00   8.2667697e-07   1.9655204e-06   2.8772008e-06   3.0730887e-06   3.2355856e-06   3.5338880e-06   2.9468213e-06   1.9533579e-06   1.4412483e-06   9.0554192e-07   7.0286620e-07   4.7336491e-07   3.7721998e-07   3.5747826e-07   3.1382368e-07   1.0317999e-07   1.3360683e-07   1.7042957e-08   9.2005706e-08   5.4627524e-08  -9.1232328e-09  -6.8105209e-08
   0.0000000e+00   6.2666362e-07   2.1225389e-06   2.8481541e-06   3.1489640e-06   3.3805122e-06   3.2456740e-06   2.6550715e-06   1.6928587e-06   1.0871695e-06   9.6233737e-07   7.6699490e-07   6.7514634e-07   4.1087250e-07   3.5338252e-07   1.8054206e-07   1.5082645e-07   1.3938556e-07   9.8700241e-08   2.4821031e-08  -1.9149291e-09   2.8075037e-08  -1.9961151e-08
   0.0000000e+00   8.3881025e-07   2.1849878e-06   3.0187957e-06   3.1688542e-06   3.5917178e-06   3.5460507e-06   2.8074103e-06   1.9948150e-06   1.3810401e-06   9.1634126e-07   6.8655527e-07   4.5536598e-07   4.9817066e-07   3.7428100e-07   2.3237379e-07   1.6329487e-07   9.7472515e-08   1.2080326e-07   3.4460381e-08   4.2946052e-08   1.5086343e-09   8.3161019e-08
   0.0000000e+00   7.6281430e-07   1.9910738e-06   2.8580741e-06   3.1904954e-06   3.1227917e-06   3.4565496e-06   2.6151279e-06   1.7579212e-06   1.2449231e-06   9.4268063e-07   6.6204905e-07   7.1747934e-07   3.8839602e-07   2.7365627e-07   2.3129088e-07   2.3153481e-07   1.2570469e-07   4.0068645e-08   1.4991777e-07   8.1485318e-08   6.8106786e-08  -1.4793176e-08
   0.0000000e+00   9.7500026e-07   2.1153003e-06   2.8537381e-06   3.2354628e-06   3.5355115e-06   3.4277632e-06   2.8531590e-06   1.9866579e-06   1.1239119e-06   9.3243835e-07   8.3321908e-07   4.6013031e-07   5.0505400e-07   3.7997364e-07   2.2332590e-07   2.1080280e-07   1.1702438e-07   1.4906023e-07   8.2442256e-08   3.7212779e-08   8.5118778e-08   5.6033855e-08
   0.0000000e+00   6.7195026e-07   2.1487222e-06   3.0165904e-06   3.2147407e-06   3.2865662e-06   3.4827362e-06   2.8264385e-06   1.6847105e-06   1.4476591e-06   9.3352867e-07   6.4979707e-07   5.4550907e-07   4.4522071e-07   3.4586799e-07   2.6550404e-07   1.4221060e-07   1.2772777e-07   1.5139234e-07   5.2724790e-08   8.0044160e-08   1.2865150e-08   1.7327947e-08
   0.0000000e+00   8.5093109e-07   2.1574760e-06   2.9821981e-06   3.0385520e-06   3.5043677e-06   3.3403908e-06   2.5866686e-06   1.8039501e-06   1.1625933e-06   8.6894738e-07   7.1529416e-07   6.8164263e-07   4.2593723e-07   2.9902972e-07   2.5182155e-07   1.9570319e-07   1.6681489e-07   1.8648251e-08   6.5213356e-08   2.3158588e-08   2.5712559e-08  -5.3897544e-08
   0.0000000e+00   7.8367520e-07   1.9949707e-06   3.0260849e-06   3.2179207e-06   3.4515792e-06   3.6712745e-06   2.8705749e-06   2.0131972e-06   1.3263187e-06   9.3721218e-07   6.5055519e-07   4.5973269e-07   4.5098423e-07   3.5719862e-07   2.8169669e-07   1.0217651e-07   8.1940549e-08   1.2743156e-07   5.2331423e-08   3.4099401e-08  -1.2094183e-08   8.2615470e-09
   0.0000000e+00   1.0942241e-06   2.2725123e-06   2.7508047e-06   3.2741968e-06   3.3051238e-06   3.2179653e-06   2.5195986e-06   1.6640164e-06   1.0219861e-06   9.3287036e-07   7.4967022e-07   5.6298762e-07   4.2592717e-07   3.1670095e-07   1.5207473e-07   1.8457435e-07   1.7478065e-07   4.8225353e-08   6.0628032e-08   2.0494832e-08   2.1544784e-08   2.7397871e-08
   0.0000000e+00   6.1418916e-07   2.2133511e-06   2.9866590e-06   3.2344851e-06   3.3812705e-06   3.5042883e-06   2.9613518e-06   2.0465559e-06   1.2903979e-06   8.7434245e-07   6.2548389e-07   5.2258576e-07   4.5279984e-07   2.5858182e-07   3.0651353e-07   2.1110968e-07   5.5992533e-08   5.8261978e-08   8.7399094e-08   1.2651651e-07   5.9340737e-09  -3.1840489e-08
   0.0000000e+00   9.0245692e-07   1.9805327e-06   3.0577226e-06   3.0890546e-06   3.4725740e-06   3.4251043e-06   2.5485938e-06   1.5060557e-06   1.2872221e-06   7.7868100e-07   7.1461864e-07   5.8919898e-07   3.6459508e-07   3.6929143e-07   1.5657125e-07   1.1618368e-07   1.6124011e-07   1.8430792e-07   1.0342811e-07  -7.9425732e-08   9.1778297e-08   7.1903031e-08
   0.0000000e+00   8.9511997e-07   2.1608134e-06   2.9184389e-06   3.2101229e-06   3.2763057e-06   3.4054256e-06   2.7641813e-06   1.9043678e-06   1.2549823e-06   1.0115499e-06   6.3617301e-07   4.0556120e-07   4.3449555e-07   3.5698048e-07   2.8435983e-07   2.0784115e-07   6.4922013e-08   1.2418836e-07   3.7973521e-08   1.6033826e-07   4.3995918e-08  -2.7939635e-08
   0.0000000e+00   8.5701561e-07   2.1542030e-06   2.9285620e-06   3.1141792e-06   3.3520369e-06   3.4734182e-06   2.7090182e-06   1.8007868e-06   9.7589805e-07   7.7642540e-07   6.8168049e-07   7.0950034e-07   4.6242195e-07   2.8219665e-07   1.6729619e-07   1.6275347e-07   2.4740123e-07   1.0668970e-07   7.7491144e-08   5.5721443e-08   8.6730154e-08   4.8359677e-08
   0.0000000e+00   7.5989283e-07   2.2867157e-06   2.7514761e-06   3.2476999e-06   3.4204641e-06   3.2789951e-06   2.5823485e-06   1.8869340e-06   1.3712549e-06   1.0337404e-06   7.2548494e-07   3.8875939e-07   4.2392000e-07   3.4196046e-07   3.5701862e-07   2.3971995e-07   6.8488539e-08   1.0228165e-07   1.5599856e-07   1.0946981e-07   6.0834353e-08   3.8173971e-09
   0.0000000e+00   9.0473816e-07   1.8611657e-06   3.1428738e-06   3.0599520e-06   3.3697679e-06   3.4254124e-06   2.7966273e-06   1.6778600e-06   1.1534484e-06   7.5714206e-07   6.0780457e-07   7.3754256e-07   4.9251179e-07   3.6107301e-07   2.4120121e-07   1.5260630e-07   2.0545819e-07   1.8452407e-07   8.8967468e-08   7.9425995e-08   4.1932598e-08   1.2521113e-07
   0.0000000e+00   8.8288715e-07   2.0846803e-06   2.8228922e-06   3.1368249e-06   3.2657997e-06   3.4016600e-06   2.7543790e-06   1.7939425e-06   1.3043041e-06   9.3914701e-07   8.4175241e-07   4.7103595e-07   4.2731807e-07   3.9834765e-07   3.0995136e-07   2.4376141e-07   1.9786444e-07   9.3789680e-08   1.1295294e-07   1.6331587e-07   4.5919396e-08  -5.0702237e-08
   0.0000000e+00   6.0939351e-07   2.2583756e-06   2.8510401e-06   3.1812906e-06   3.3529741e-06   3.3561050e-06   2.5542536e-06   1.7365180e-06   1.2451793e-06   9.2581070e-07   6.9810261e-07   5.8397586e-07   5.1085840e-07   4.2002858e-07   2.4579418e-07   1.6370305e-07   2.4236087e-07   1.7137832e-07   1.1997503e-07  -5.4886491e-09   6.5259123e-08   9.6121092e-08
   0.0000000e+00   9.0784374e-07   2.1201770e-06   2.8569109e-06   3.1332384e-06   3.2890564e-06   3.5135970e-06   2.7841318e-06   2.0016755e-06   1.1184546e-06   9.5021312e-07   6.6959529e-07   6.3563266e-07   4.8875245e-07   3.0208156e-07   3.5414257e-07   2.9557057e-07   8.8718984e-08   1.2453749e-07   1.2650507e-07   1.2973817e-07  -1.5546032e-09  -5.7619584e-08
   0.0000000e+00   9.5740108e-07   1.8828442e-06   2.9315822e-06   3.0485303e-06   3.3837184e-06   3.2596422e-06   2.6315270e-06   1.7106255e-06   1.2451122e-06   8.9975413e-07   7.2370716e-07   5.8851145e-07   4.9956714e-07   4.1398229e-07   2.2395507e-07   2.3395320e-07   1.8012531e-07   1.4022116e-07   8.6675627e-08   1.4964013e-09   9.4801083e-09   2.5703446e-08
   0.0000000e+00   4.9087674e-07   2.0696129e-06   2.9761161e-06   3.1961004e-06   3.3553715e-06   3.3921451e-06   2.7274143e-06   1.7784104e-06   1.3316670e-06   9.4226931e-07   7.4833366e-07   5.3330143e-07   4.3403043e-07   3.8917565e-07   2.8829365e-07   1.6494535e-07   1.4976700e-07   1.3889806e-07   5.7280676e-08   1.6143771e-08   5.9379794e-08  -7.0743553e-08
   0.0000000e+00   8.9778217e-07   2.2806971e-06   2.7028184e-06   3.0602739e-06   3.4087270e-06   3.4208367e-06   2.7393598e-06   1.8583276e-06   1.1343583e-06   8.2219321e-07   7.6231851e-07   5.8922592e-07   4.8091596e-07   3.6231702e-07   2.0407244e-07   2.4385926e-07   1.7223569e-07   6.9909369e-08   3.6933418e-08   1.1151223e-07  -2.4688470e-08  -7.3829187e-09
   0.0000000e+00   7.9275486e-07   2.0195605e-06   2.9137559e-06   3.1786726e-06   3.1354568e-06   3.4644456e-06   2.7055828e-06   1.7196874e-06   1.3210820e-06   9.9820818e-07   6.2641521e-07   5.5810011e-07   4.4221864e-07   3.3563921e-07   3.1230275e-07   1.7682984e-07   7.2342033e-08   1.4454901e-07   1.1907064e-07   4.1070338e-09   5.1517947e-08   3.2183515e-08
   0.0000000e+00   8.9182618e-07   1.8738724e-06   2.9895270e-06   3.1410520e-06   3.5067169e-06   3.3295298e-06   2.6078915e-06   1.9339655e-06   1.1043321e-06   9.5244997e-07   6.9649269e-07   5.6805925e-07   5.2197515e-07   3.0924775e-07   2.5382448e-07   1.7795642e-07   1.8749409e-07   8.7739856e-08   8.6081457e-08   6.6853509e-08   1.8074791e-08   8.0527514e-08
   0.0000000e+00   5.6457503e-07   2.0873010e-06   2.9293371e-06   3.1529466e-06   3.3052643e-06   3.4452848e-06   2.8186244e-06   1.8200269e-06   1.3397349e-06   8.9343467e-07   6.6880659e-07   6.6280302e-07   4.0169391e-07   3.6886959e-07   3.0489053e-07   2.2842561e-07   1.4277803e-07   1.1510314e-07   6.2713326e-08   1.0882449e-07   7.5454025e-08  -4.1288832e-08
   0.0000000e+00   8.5340332e-07   2.4166604e-06   2.6674952e-06   3.0980984e-06   3.4184811e-06   3.3489657e-06   2.6745327e-06   1.7244856e-06   1.2177934e-06   8.1292643e-07   8.8141780e-07   5.2452185e-07   4.8313257e-07   4.6131152e-07   2.5146755e-07   1.4759063e-07   2.1425457e-07   1.3066467e-07   1.1295333e-07   6.2305745e-08   9.3672110e-09   1.2255047e-07
   0.0000000e+00   8.6054422e-07   1.8154237e-06   3.0550714e-06   3.2032517e-06   3.2871151e-06   3.5534395e-06   2.8373590e-06   1.8656779e-06   1.3519676e-06   1.0220920e-06   6.5955174e-07   5.7045133e-07   5.2989310e-07   3.5049749e-07   3.5877386e-07   2.4236735e-07   1.5857276e-07   1.4969855e-07   1.1463109e-07   8.4346183e-08   1.0870690e-07  -1.8935935e-08
   0.0000000e+00   6.9251814e-07   2.0317029e-06   2.9783532e-06   3.0999063e-06   3.3442520e-06   3.3273952e-06   2.5293161e-06   1.8394500e-06   1.1117719e-06   9.0471082e-07   8.0354721e-07   6.5207252e-07   5.4439334e-07   3.6518554e-07   2.2729070e-07   3.0810841e-07   1.9910568e-07   1.0498401e-07   1.4352165e-07   9.8787815e-08   4.9170669e-08   9.2333167e-08
   0.0000000e+00   8.5616443e-07   2.2012252e-06   2.8569907e-06   3.1926588e-06   3.5363298e-06   3.4639870e-06   2.9025994e-06   1.9257811e-06   1.3219598e-06   1.0490088e-06   6.1991608e-07   5.5562083e-07   4.9938131e-07   4.3314370e-07   3.7236862e-07   1.7177217e-07   1.2216438e-07   2.2544660e-07   8.3459440e-08   1.0860832e-07   6.5107486e-08  -2.0153801e-09
   0.0000000e+00   7.8072941e-07   2.1322764e-06   2.7589517e-06   3.1780521e-06   3.2824396e-06   3.3729887e-06   2.5709382e-06   1.7402277e-06   1.1603528e-06   8.3332202e-07   8.4346192e-07   6.8459053e-07   4.3440508e-07   3.7372283e-07   2.5497866e-07   1.9484058e-07   2.5635441e-07   9.9949446e-08   9.4785008e-08   3.7426084e-08   6.0466078e-08   4.1168150e-08
   0.0000000e+00   7.3231308e-07   2.0566295e-06   3.0367071e-06   3.1881025e-06   3.2797500e-06   3.4333216e-06   2.9371529e-06   1.8099976e-06   1.4228740e-06   9.6676513e-07   6.6652927e-07   5.9060130e-07   4.0083134e-07   4.1365684e-07   2.6819038e-07   2.9004693e-07   8.6611983e-08   7.0015744e-08   1.1885503e-07   1.2648282e-07  -8.6125013e-10  -9.4618606e-09
   0.0000000e+00   8.8680707e-07   2.0687532e-06   3.0120027e-06   3.0443975e-06   3.4093071e-06   3.5705818e-06   2.5185491e-06   1.7763903e-06   1.1557697e-06   8.5671257e-07   7.1631075e-07   5.1092815e-07   6.2132523e-07   3.3769214e-07   2.3225908e-07   1.3994871e-07   2.0093907e-07   1.7956665e-07   9.2197922e-08  -4.8493352e-09   1.3592317e-08   1.1942255e-07
   0.0000000e+00   7.9847018e-07   2.0950829e-06   2.7613307e-06   3.1771267e-06   3.4690206e-06   3.1964330e-06   2.6990165e-06   1.9669778e-06   1.1846267e-06   1.0236326e-06   7.4166326e-07   5.4498503e-07   3.7708804e-07   3.6255429e-07   3.2574971e-07   2.4141434e-07   1.3895084e-07   6.4264142e-08   1.0708770e-07   9.8753837e-08   8.2356053e-08  -8.2971532e-08
   0.0000000e+00   6.8887965e-07   2.1187514e-06   2.9210755e-06   3.3020428e-06   3.2729147e-06   3.4268423e-06   2.8802697e-06   1.7751792e-06   1.1762909e-06   8.4407515e-07   6.9625463e-07   6.3675577e-07   5.3735516e-07   3.1610901e-07   2.8022512e-07   1.6602938e-07   1.8425675e-07   1.8134105e-07   4.7331000e-08   3.1103561e-08   4.5817497e-08   7.6105380e-08
   0.0000000e+00   1.0152729e-06   2.0666316e-06   2.9844628e-06   2.9816395e-06   3.2547389e-06   3.5042710e-06   2.5230543e-06   1.6965749e-06   1.3317527e-06   9.7735699e-07   6.6655599e-07   5.4272999e-07   4.5057658e-07   3.7217737e-07   3.1644927e-07   1.7977875e-07   1.2813331e-07   7.6460864e-08   1.0773513e-07   6.6252618e-08  -3.7824952e-09  -9.3417336e-09
   0.0000000e+00   6.7781821e-07   2.1655851e-06   2.8643328e-06   3.1745328e-06   3.4340194e-06   3.4401069e-06   2.8095785e-06   1.7871099e-06   1.2667256e-06   8.2670022e-07   7.2417720e-07   6.3881163e-07   4.2479675e-07   3.7023921e-07   2.2136082e-07   2.2156233e-07   1.4623193e-07   6.6712353e-08   5.0688733e-08   1.1841858e-08   3.1288538e-10  -6.2067919e-08
   0.0000000e+00   7.5292928e-07   2.0993273e-06   2.9111518e-06   3.1446402e-06   3.4916427e-06   3.2248292e-06   2.6292885e-06   1.9613126e-06   1.1188163e-06   9.0851745e-07   7.5746948e-07   5.5751212e-07   4.6042214e-07   4.2042970e-07   2.0654154e-07   1.9371979e-07   1.1399406e-07   6.8452415e-08   7.1614295e-08  -3.2369648e-08  -2.9111833e-08  -3.4193661e-08
   0.0000000e+00   9.0484275e-07   1.9967267e-06   2.8632926e-06   3.2439305e-06   3.0933356e-06   3.4192535e-06   2.7236999e-06   1.7244311e-06   1.2554406e-06   1.0039014e-06   6.9306617e-07   5.2673141e-07   4.6264660e-07   3.3452079e-07   2.6712939e-07   1.8542264e-07   8.5182023e-08   1.0519578e-07  -1.4894355e-08   2.3273740e-08  -3.7212505e-08  -5.0497412e-08
   0.0000000e+00   8.8079099e-07   2.2170925e-06   2.9547086e-06   3.0472017e-06   3.5132207e-06   3.5875962e-06   2.8105699e-06   1.7201982e-06   1.2878997e-06   8.6273258e-07   6.1140037e-07   6.8039395e-07   4.7357290e-07   3.1137745e-07   2.2925589e-07   1.2568793e-07   1.2307120e-07   3.4647279e-08   5.4197148e-08  -4.7687362e-08  -6.9729231e-09  -9.6152867e-08
   0.0000000e+00   7.5415437e-07   2.0432522e-06   2.9731168e-06   3.0979265e-06   3.3478959e-06   3.2658795e-06   2.5480456e-06   1.9360436e-06   1.2282173e-06   9.3771598e-07   8.4786171e-07   4.7168146e-07   4.2184089e-07   3.1216916e-07   2.8941571e-07   1.3654540e-07   3.3099088e-08   8.8933845e-08  -4.3122370e-08   1.9802139e-08  -2.6682901e-08  -9.1963479e-08
   0.0000000e+00   6.9146699e-07   2.1189267e-06   2.7776775e-06   3.3062722e-06   3.3613883e-06   3.3565905e-06   2.8589425e-06   1.8424714e-06   1.2255780e-06   8.1515543e-07   7.5466983e-07   5.1280523e-07   4.4505330e-07   3.5202220e-07   1.6762125e-07   8.6157002e-08   1.6640368e-07   1.4052080e-08   2.8068069e-08   1.8589660e-08  -4.9045010e-08   2.1268718e-08
   0.0000000e+00   9.2558668e-07   2.1705791e-06   2.9982655e-06   3.0605968e-06   3.3708570e-06   3.5805660e-06   2.6698656e-06   1.7850737e-06   1.2619657e-06   1.0262444e-06   6.3519718e-07   6.1089503e-07   4.9370789e-07   2.4333289e-07   2.0497842e-07   2.0760187e-07   1.0313146e-07   1.6508162e-08   8.0627224e-08   5.5631325e-08   3.5555022e-08  -4.9305083e-08
   0.0000000e+00   9.7080010e-07   2.0055061e-06   2.9127189e-06   3.1518427e-06   3.2589935e-06   3.4076720e-06   2.7280284e-06   1.8262839e-06   1.3627882e-06   9.1182346e-07   6.5972654e-07   5.7174282e-07   4.3008279e-07   3.8283585e-07   2.6416851e-07   1.4951326e-07   9.7608144e-08   1.2505704e-07   1.1482565e-07   3.2839928e-08  -4.1179482e-10   1.3712948e-07
   0.0000000e+00   6.6505208e-07   2.0919483e-06   2.8609822e-06   3.2461057e-06   3.5354929e-06   3.3605409e-06   2.8249947e-06   1.8637185e-06   1.1120652e-06   9.6428926e-07   7.7010844e-07   6.5118661e-07   3.2902739e-07   3.8633758e-07   2.6312352e-07   1.6484729e-07   1.8398764e-07   1.0459549e-07   8.3040362e-08   7.3122244e-08   8.9972261e-08   1.3497516e-08
   0.0000000e+00   7.1059867e-07   2.1057442e-06   3.0090437e-06   3.0661079e-06   3.3277045e-06   3.4622856e-06   2.6308148e-06   1.9100582e-06   1.2532128e-06   9.1157210e-07   8.0985723e-07   4.7407562e-07   5.6386807e-07   3.8396439e-07   2.2202448e-07   2.4225128e-07   1.6142965e-07   1.3323874e-07   1.2098232e-07   1.2095684e-07   6.6124173e-08   2.5304377e-08
   0.0000000e+00   9.7899419e-07   2.2499573e-06   2.8490676e-06   3.1661266e-06   3.3033766e-06   3.4588249e-06   2.7516169e-06   1.7809356e-06   1.3926500e-06   9.3250281e-07   6.0747738e-07   6.0508154e-07   5.2049523e-07   3.5495370e-07   2.5087340e-07   2.8300528e-07   1.3136230e-07   1.7833450e-07   1.5122390e-07   3.4909075e-08   9.6321003e-08   9.9243628e-08
   0.0000000e+00   6.9428171e-07   1.9526412e-06   2.8845820e-06   3.1935049e-06   3.4450618e-06   3.3632471e-06   2.7997364e-06   1.8435396e-06   1.1295011e-06   9.1082831e-07   7.7133149e-07   6.0940272e-07   4.7854235e-07   2.5016723e-07   3.7546957e-07   2.4989558e-07   1.2906155e-07   1.9152796e-07   1.1275039e-07   1.2727658e-07   9.3933771e-08   2.4599206e-08
   0.0000000e+00   9.7974237e-07   2.0380864e-06   2.9019448e-06   3.1375866e-06   3.3460951e-06   3.4437287e-06   2.6446762e-06   1.7855710e-06   1.2782941e-06   9.1895026e-07   7.1817794e-07   5.7353924e-07   4.1957580e-07   4.8238769e-07   2.6900071e-07   1.5324207e-07   2.1134521e-07   1.8815123e-07   8.9281180e-08   1.1033298e-07   1.0938158e-07  -1.9354511e-09
   0.0000000e+00   5.8064751e-07   2.2741508e-06   2.8975280e-06   3.1548650e-06   3.3238180e-06   3.4062064e-06   2.7538858e-06   1.8422771e-06   1.2314501e-06   9.5738460e-07   6.8636632e-07   5.1672197e-07   4.9685457e-07   3.9159195e-07   3.0475721e-07   1.9427112e-07   2.3373764e-07   1.2667419e-07   7.7838038e-08   1.5140910e-07   4.1672163e-08   6.7155014e-08
   0.0000000e+00   8.9002555e-07   1.9302749e-06   2.9681687e-06   3.1205066e-06   3.3932552e-06   3.5282742e-06   2.6866326e-06   1.8555123e-06   1.2002566e-06   8.4243936e-07   6.9536759e-07   7.2225311e-07   4.3467995e-07   3.5512480e-07   2.6283149e-07   2.8967685e-07   1.7159317e-07   1.0484824e-07   1.6531308e-07   4.9196526e-08   3.8033999e-08   4.6266113e-08
   0.0000000e+00   8.5074169e-07   2.0528064e-06   2.8553816e-06   3.2768896e-06   3.2820010e-06   3.2274636e-06   2.7507335e-06   1.7507840e-06   1.2349290e-06   1.0083015e-06   7.0822034e-07   5.2133976e-07   5.5666487e-07   3.8107854e-07   3.1334682e-07   2.1021152e-07   1.6833980e-07   1.3614671e-07   1.4351208e-07   4.1372125e-08   3.6735999e-09   5.7439554e-08
   0.0000000e+00   7.2293341e-07   2.3534042e-06   2.8620768e-06   2.9471000e-06   3.5674973e-06   3.4753907e-06   2.6902794e-06   1.8421281e-06   1.2794358e-06   8.4775735e-07   7.9412303e-07   5.7867675e-07   4.0863642e-07   4.4558814e-07   3.1688785e-07   2.2375886e-07   2.0282994e-07   1.1087238e-07   4.6352952e-08   7.6427071e-08   4.6057149e-08  -4.6773255e-08
   0.0000000e+00   8.5445402e-07   1.8348198e-06   2.9789462e-06   3.2936462e-06   3.2349747e-06   3.5097241e-06   2.7911517e-06   1.8123469e-06   1.2252443e-06   9.2677095e-07   7.4465822e-07   5.7258131e-07   5.9363595e-07   3.0992211e-07   3.0763289e-07   1.9545826e-07   1.5401726e-07   1.6012380e-07   2.9432195e-08   8.2420065e-08   1.5235683e-08  -7.4264477e-08
   0.0000000e+00   7.1456287e-07   2.1150804e-06   2.9445580e-06   3.1854790e-06   3.3050726e-06   3.3601752e-06   2.5952802e-06   1.8506056e-06   1.3170044e-06   9.4614097e-07   6.7869468e-07   6.5763390e-07   4.6769657e-07   4.0863949e-07   2.7758435e-07   1.5561395e-07   1.7251006e-07   9.7544124e-08   9.8077656e-08  -3.5041154e-08  -2.6485221e-08   5.7500174e-08
   0.0000000e+00   9.1856771e-07   2.1655082e-06   2.9556404e-06   3.1864540e-06   3.4208626e-06   3.4531995e-06   2.8951054e-06   1.7780809e-06   1.1886050e-06   9.6074416e-07   7.4813113e-07   5.5648269e-07   4.6668211e-07   3.2980233e-07   2.9353140e-07   2.9649556e-07   2.7699715e-08   8.6439293e-08   4.5034639e-08   3.6296011e-10   3.2721250e-08  -7.0784182e-08
   0.0000000e+00   8.7861201e-07   2.2791928e-06   2.7406309e-06   3.0262074e-06   3.5412902e-06   3.4665829e-06   2.6012681e-06   1.9333197e-06   1.2460720e-06   9.0845492e-07   7.7687463e-07   6.3285171e-07   4.5602087e-07   4.2581647e-07   1.8023368e-07   1.3961996e-07   1.9494536e-07   1.5093494e-08   5.6504952e-08   6.0912392e-08  -6.4910665e-08  -4.3421542e-09
   0.0000000e+00   4.9672093e-07   1.9141883e-06   3.0666470e-06   3.3351312e-06   3.2383386e-06   3.3282495e-06   2.7942722e-06   1.7322772e-06   1.3512632e-06   9.4249418e-07   6.7570829e-07   5.6555848e-07   4.6054461e-07   4.0598988e-07   2.7502998e-07   1.5026741e-07   1.0025676e-07   1.0627696e-07   7.3541133e-09  -9.3659915e-09   4.7352387e-08  -8.2198660e-08
   0.0000000e+00   1.2241215e-06   2.0571995e-06   3.0149527e-06   3.1493796e-06   3.3806587e-06   3.5655730e-06   2.6757361e-06   1.9357969e-06   1.1500208e-06   8.3089475e-07   7.9962297e-07   6.2573656e-07   4.6567436e-07   3.3907494e-07   2.3112304e-07   1.9903628e-07   1.3172733e-07   6.9756986e-08   5.2987321e-08  -1.1149858e-09  -3.3813208e-08   8.8728640e-08
   0.0000000e+00   6.0804081e-07   2.3198547e-06   2.8642414e-06   3.0669751e-06   3.3365131e-06   3.3829047e-06   2.8017582e-06   1.7865917e-06   1.2922934e-06   1.1114037e-06   6.1710921e-07   5.7070173e-07   5.1084101e-07   3.0771290e-07   3.0939830e-07   1.5900982e-07   7.8644476e-08   6.8240034e-08   9.7081056e-08   4.5405219e-08   9.7436068e-09  -8.5002432e-09
   0.0000000e+00   8.2852137e-07   2.0795096e-06   2.7985427e-06   3.2659432e-06   3.6148276e-06   3.2975674e-06   2.6878026e-06   1.7784154e-06   1.1517998e-06   8.9652480e-07   8.0026518e-07   4.9003296e-07   5.7550051e-07   3.3706831e-07   2.1349415e-07   1.7945560e-07   1.2010918e-07   1.2758123e-07  -8.9132026e-09   3.3673981e-08   6.3650816e-08  -3.0898715e-08
   0.0000000e+00   9.0003493e-07   1.9450631e-06   3.0812048e-06   3.2018675e-06   3.1276841e-06   3.6048564e-06   2.7217950e-06   1.8902215e-06   1.3277322e-06   7.8182063e-07   6.9680038e-07   6.9452551e-07   3.0607063e-07   3.5557926e-07   2.6240915e-07   1.3963131e-07   1.6209704e-07   6.3428955e-09   7.7573659e-08   3.5666591e-08  -2.1419044e-08   6.3775532e-09
   0.0000000e+00   7.7951404e-07   2.3156633e-06   2.8314225e-06   3.0672174e-06   3.3306710e-06   3.3240885e-06   2.6308714e-06   1.7832859e-06   1.2149023e-06   9.5631469e-07   7.6584519e-07   5.2839681e-07   4.9271932e-07   3.0339214e-07   2.4380071e-07   1.3532572e-07   5.4583754e-08   1.0131782e-07   5.7086122e-08  -3.6547820e-10  -1.6648881e-08   6.6162773e-09
   0.0000000e+00   8.2849243e-07   1.9550480e-06   2.9460055e-06   3.2478515e-06   3.5561268e-06   3.4611207e-06   2.7618212e-06   1.7830463e-06   1.2992847e-06   9.2429724e-07   5.4713814e-07   5.6877633e-07   4.2990658e-07   3.9742585e-07   1.5650429e-07   1.8595779e-07   1.2077318e-07   6.4617240e-08   5.5918164e-08  -1.0389307e-08   3.9359026e-08  -5.0409508e-08
   0.0000000e+00   6.9812347e-07   2.1214721e-06   2.9630066e-06   2.9958553e-06   3.2514686e-06   3.3046069e-06   2.7818164e-06   1.7911177e-06   1.0407201e-06   9.8420946e-07   7.8655086e-07   5.6468855e-07   4.2833616e-07   2.9697978e-07   2.7563553e-07   1.5195592e-07   1.4081830e-07   9.1891344e-08   4.6487010e-08   9.6042697e-08   3.0327438e-09   4.0566928e-08
   0.0000000e+00   1.0373050e-06   2.1987930e-06   2.7778328e-06   3.2036817e-06   3.3608451e-06   3.3738311e-06   2.6758264e-06   1.8914290e-06   1.3024902e-06   8.9515174e-07   7.7121661e-07   5.2978669e-07   4.4937894e-07   3.7661761e-07   2.3228976e-07   1.9292959e-07   1.3487364e-07   1.4853261e-07   7.5597065e-08   5.5527696e-08   7.5566064e-08   5.1061651e-08
   0.0000000e+00   7.4178394e-07   1.8906424e-06   3.0313838e-06   3.2599830e-06   3.3455128e-06   3.6284657e-06   2.5918248e-06   1.7298178e-06   1.4477679e-06   7.5019733e-07   6.0910378e-07   6.2079158e-07   5.2837476e-07   3.1498487e-07   2.9235693e-07   2.1383545e-07   1.6667853e-07   1.3389389e-07   1.3224643e-07   9.4855480e-08   8.3492537e-08   7.1648721e-08
   0.0000000e+00   5.4858504e-07   2.4091757e-06   2.7636847e-06   3.0394074e-06   3.3604431e-06   3.1527868e-06   2.7715671e-06   1.9230270e-06   1.0200674e-06   1.1183305e-06   8.1714199e-07   6.1238535e-07   4.4283246e-07   3.6850830e-07   2.9328243e-07   2.5164030e-07   1.7748289e-07   9.6696603e-08   1.1765061e-07   1.5115579e-07   4.3081819e-08   4.2346159e-08
   0.0000000e+00   1.0971638e-06   1.8268762e-06   3.0833928e-06   3.1279808e-06   3.2716853e-06   3.5506771e-06   2.8913753e-06   1.7527328e-06   1.3379737e-06   8.6919312e-07   7.6689770e-07   5.2430624e-07   4.9434993e-07   4.6118419e-07   2.6893986e-07   1.8549818e-07   1.7701693e-07   1.8070439e-07   1.4705488e-07  -5.6855720e-09   7.0977642e-08   8.7410307e-08
   0.0000000e+00   8.9214086e-07   2.1524800e-06   2.7810906e-06   3.1682614e-06   3.5069277e-06   3.4169086e-06   2.4549570e-06   1.8736661e-06   1.2373179e-06   9.9649446e-07   6.8370673e-07   6.8486236e-07   4.6394416e-07   3.7767640e-07   3.1823799e-07   2.3297973e-07   1.7147666e-07   1.4145158e-07   3.3642948e-08   9.3546589e-08   5.6032054e-08  -2.3283258e-08
   0.0000000e+00   6.4661782e-07   2.1570654e-06   2.9295809e-06   3.1588547e-06   3.2677508e-06   3.4268337e-06   2.7899434e-06   1.8456549e-06   1.3599025e-06   8.8732992e-07   7.2276902e-07   6.3768755e-07   5.4264120e-07   3.7596271e-07   2.8687995e-07   1.7491841e-07   1.6600691e-07   7.2373936e-08   1.1667073e-07   9.6278775e-08  -1.4719705e-08   6.4386048e-09
   0.0000000e+00   7.5593380e-07   2.1586466e-06   2.9644132e-06   3.1515824e-06   3.2350099e-06   3.3621761e-06   2.8433394e-06   1.8629883e-06   1.1545459e-06   9.5351965e-07   8.6545640e-07   5.5654795e-07   4.8578659e-07   3.6550654e-07   2.1344196e-07   2.4341617e-07   1.4449215e-07   1.4513483e-07   6.2483892e-08  -3.0431366e-08   5.2019971e-08   5.3591155e-08
   0.0000000e+00   1.0277951e-06   2.0455061e-06   2.7959022e-06   3.1511279e-06   3.6937777e-06   3.2297414e-06   2.7086596e-06   1.8043893e-06   1.2103581e-06   1.1111287e-06   7.0762525e-07   5.2320280e-07   4.9925171e-07   3.7088566e-07   3.3571007e-07   1.8298103e-07   9.8139068e-08   3.0609186e-08   7.6069355e-08   9.0769873e-08   1.7308432e-08  -7.5041065e-08
   0.0000000e+00   7.2373069e-07   2.0444363e-06   2.9280664e-06   3.0716058e-06   3.0855283e-06   3.7823959e-06   2.6575769e-06   1.8047582e-06   1.4382556e-06   7.4067299e-07   6.5722708e-07   7.3794769e-07   5.0760758e-07   3.0834536e-07   1.8827595e-07   1.3456740e-07   1.6156592e-07   1.4143679e-07   2.6110234e-08   1.8884554e-08  -2.6408546e-08   5.0540425e-08
   0.0000000e+00   9.2136821e-07   2.1170299e-06   3.0551425e-06   3.1149498e-06   3.4077327e-06   3.1924105e-06   2.7530164e-06   1.9244596e-06   1.1973648e-06   9.9673514e-07   8.4902257e-07   4.8838007e-07   3.4252923e-07   3.9416909e-07   3.2794335e-07   1.7795827e-07   8.5329425e-08   5.6574628e-08   1.0004908e-07  -7.3165864e-09   4.8033495e-08  -5.9958552e-08
   0.0000000e+00   5.6175435e-07   2.2407849e-06   2.6875248e-06   3.4231628e-06   3.2919654e-06   3.5128940e-06   2.7169692e-06   1.7836840e-06   1.1758378e-06   1.0333500e-06   6.0259782e-07   6.4011101e-07   5.0071679e-07   3.5993628e-07   1.5450379e-07   1.4723337e-07   1.7901412e-07   9.0466770e-08   7.3196171e-10   5.1739722e-08   1.2007400e-09   1.7771960e-08
   0.0000000e+00   1.1899195e-06   1.8261711e-06   2.8846346e-06   2.8497943e-06   3.5428220e-06   3.3225951e-06   2.8012103e-06   1.8995576e-06   1.3641751e-06   7.9130990e-07   8.0914077e-07   4.9250866e-07   4.8501948e-07   3.1790225e-07   1.9005186e-07   2.0723610e-07   9.0731717e-08   1.1463051e-08   1.4378560e-07   4.1228510e-08  -3.2785795e-08   5.8709535e-09
   0.0000000e+00   4.7941523e-07   2.3268951e-06   3.0765011e-06   3.1464128e-06   3.2273717e-06   3.4763564e-06   2.6931202e-06   1.7725656e-06   1.2025049e-06   1.0699124e-06   7.0105477e-07   6.1272544e-07   4.1151026e-07   2.3760546e-07   3.2243500e-07   1.4011880e-07   3.5587139e-08   1.7364570e-07  -3.0532661e-08  -2.1210733e-09   5.4958232e-08  -5.8817974e-08
   0.0000000e+00   9.8378973e-07   1.9641791e-06   2.8693516e-06   3.2291782e-06   3.3357189e-06   3.4930956e-06   2.7815086e-06   1.8087238e-06   1.3549089e-06   7.9976849e-07   7.4659567e-07   5.2070783e-07   3.9811289e-07   4.0137132e-07   1.6490745e-07   6.2783215e-08   1.9549417e-07   3.6590402e-09   7.0576107e-08  -1.5876493e-08  -3.2092171e-08  -1.0730549e-08
   0.0000000e+00   7.9947006e-07   2.0614079e-06   2.5933100e-06   3.2343003e-06   3.4030188e-06   3.2833534e-06   2.6534742e-06   1.9704546e-06   1.1664787e-06   1.0372484e-06   6.6223834e-07   5.5655261e-07   4.9829134e-07   2.3845422e-07   2.0519143e-07   1.9396688e-07   4.1396341e-08   7.7227263e-08  -4.0278913e-08   8.6722714e-08  -4.8297540e-08  -1.2561567e-07
   0.0000000e+00   7.7923312e-07   2.0797497e-06   3.2603127e-06   2.8953966e-06   3.4229240e-06   3.4555501e-06   2.8501304e-06   1.7497966e-06   1.2776121e-06   8.8615161e-07   6.8991341e-07   5.8142501e-07   3.7271309e-07   3.3290388e-07   1.8260950e-07   1.7145274e-07   1.1147569e-07   1.0222177e-08   9.2863907e-08  -5.4804737e-08  -2.4555003e-08   2.8536631e-08
   0.0000000e+00   7.2850412e-07   2.1953033e-06   2.7280410e-06   3.2976182e-06   3.2093892e-06   3.6464528e-06   2.5724021e-06   1.9205081e-06   1.2465597e-06   9.4314771e-07   7.2522806e-07   5.1766676e-07   3.6694402e-07   3.4795352e-07   2.4312121e-07   1.5576246e-07   5.9249075e-08   9.3455647e-08   8.4954799e-08  -1.0595309e-08   1.3287354e-08   2.5362379e-08
   0.0000000e+00   8.9235681e-07   1.9384850e-06   2.8733955e-06   3.0290548e-06   3.4761572e-06   3.1078694e-06   2.8670213e-06   1.6834607e-06   1.2671368e-06   8.8191479e-07   6.7423917e-07   5.7905589e-07   5.2985240e-07   2.7150375e-07   2.2549330e-07   1.4434656e-07   1.5498769e-07   1.4751667e-07  -3.2645570e-08   1.0048176e-07   7.5067874e-08  -4.8235265e-08
   0.0000000e+00   7.9466781e-07   2.2702936e-06   2.7447411e-06   3.4345474e-06   3.3342289e-06   3.6677513e-06   2.6744690e-06   2.0534580e-06   1.2826276e-06   9.0508513e-07   7.4504902e-07   5.1558396e-07   3.0720028e-07   4.7209377e-07   2.3830928e-07   2.0925300e-07   1.3865808e-07   5.1883681e-08   1.4958509e-07   6.7662057e-08   2.3910005e-09   6.7130244e-08
   0.0000000e+00   8.0606912e-07   1.7642518e-06   3.2630219e-06   2.8060560e-06   3.4399966e-06   3.2186006e-06   2.7935371e-06   1.6805784e-06   1.1420670e-06   9.9568103e-07   6.5676153e-07   6.0324072e-07   6.7109966e-07   1.5922193e-07   3.4911275e-07   1.5829191e-07   1.5354290e-07   2.0634967e-07   4.8604978e-08   3.3274347e-08   1.2355446e-07  -2.0707242e-08
   0.0000000e+00   6.3978791e-07   2.3290008e-06   2.6680859e-06   3.1944433e-06   3.2652188e-06   3.6728125e-06   2.6943540e-06   1.9661891e-06   1.3820754e-06   8.6353492e-07   8.1859287e-07   5.6229374e-07   3.2157172e-07   4.8021514e-07   2.6510853e-07   2.9339432e-07   1.7737965e-07   3.2673231e-08   1.6968200e-07   1.5006654e-07  -5.1595439e-08   1.1481501e-07
   0.0000000e+00   1.0989161e-06   2.0265331e-06   2.9011933e-06   3.4256532e-06   3.4495145e-06   3.3476992e-06   2.8003617e-06   1.6788832e-06   1.2151180e-06   9.4004741e-07   6.3121809e-07   6.3568456e-07   6.0701507e-07   3.7218683e-07   2.6756078e-07   1.3969121e-07   2.5365233e-07   2.2811062e-07   3.9814960e-08   4.6674256e-08   1.6046576e-07  -1.6998616e-08
   0.0000000e+00   4.9344851e-07   2.1675653e-06   2.8473053e-06   2.9945265e-06   3.3778076e-06   3.3834435e-06   2.6843554e-06   2.0688794e-06   1.2970387e-06   1.0479314e-06   8.0592889e-07   5.5810136e-07   3.6800810e-07   4.3132491e-07   3.6603015e-07   2.9086667e-07   1.3007356e-07   4.8581402e-08   2.1157321e-07   1.1733972e-07   5.4667887e-10   8.2614086e-08
   0.0000000e+00   9.1495161e-07   1.8531216e-06   3.0866206e-06   3.0786832e-06   3.3389638e-06   3.5104674e-06   2.9058467e-06   1.6473284e-06   1.2487500e-06   7.8382556e-07   7.2097680e-07   7.2807654e-07   5.7488472e-07   3.7030685e-07   2.4946934e-07   1.6490104e-07   2.4203638e-07   2.2189562e-07   5.6646460e-08   9.4781294e-09   7.9342449e-08   1.0396475e-07
   0.0000000e+00   8.5269232e-07   2.2687059e-06   2.8272298e-06   3.3025342e-06   3.4501106e-06   3.5129460e-06   2.5658289e-06   2.1053224e-06   1.2596180e-06   1.1879804e-06   7.6750297e-07   4.9131654e-07   4.6308639e-07   4.0831515e-07   3.0853965e-07   3.5863036e-07   4.2307864e-08   9.2626316e-08   1.3795797e-07   8.6368004e-08   6.9068406e-08  -6.2163501e-08
   0.0000000e+00   7.6016096e-07   1.9883630e-06   2.8574125e-06   3.0494946e-06   3.4001730e-06   3.3180643e-06   2.8736724e-06   1.6756783e-06   1.3316204e-06   7.0964938e-07   7.9481606e-07   6.6736908e-07   5.4965574e-07   3.5932268e-07   2.7401663e-07   1.0603798e-07   2.6653746e-07   1.2765270e-07   4.2018847e-08   5.0482850e-08   2.7927417e-08   6.2750210e-08
   0.0000000e+00   6.2468490e-07   2.1897092e-06   2.8265249e-06   3.3177403e-06   3.3285769e-06   3.5868406e-06   2.8035306e-06   1.9668503e-06   1.3008115e-06   1.1367721e-06   6.9809801e-07   5.5859988e-07   4.3834407e-07   4.1734435e-07   2.8306337e-07   2.5848433e-07   5.6814244e-08   1.4168532e-07   5.0718622e-08   4.0804792e-08   5.0619079e-08  -6.7672964e-08
   0.0000000e+00   9.0046149e-07   1.9693450e-06   3.2155101e-06   2.9405587e-06   3.5022026e-06   3.3800304e-06   2.5884228e-06   1.7201492e-06   1.2646320e-06   8.5097054e-07   7.7724775e-07   6.4700566e-07   5.2407455e-07   3.0183654e-07   2.8348617e-07   1.4736817e-07   1.6727518e-07   7.1961125e-08   4.9968978e-08   3.3435267e-08  -1.4578971e-08   4.8547612e-08
   0.0000000e+00   8.4384635e-07   2.1201408e-06   2.5564523e-06   3.4858779e-06   3.2492501e-06   3.4809595e-06   3.0264725e-06   2.0846965e-06   1.2410936e-06   1.0690311e-06   6.8256549e-07   5.7231449e-07   4.6222294e-07   4.2956819e-07   2.4383917e-07   2.0664295e-07   1.3573872e-07   6.2963643e-08   4.8566420e-08   6.0829670e-08   2.5955195e-08  -3.9085148e-08
   0.0000000e+00   8.2216718e-07   2.1493138e-06   3.0956519e-06   2.9544217e-06   3.4635839e-06   3.4682669e-06   2.5787781e-06   1.7356244e-06   1.2655453e-06   8.4758136e-07   8.5187037e-07   6.1065458e-07   4.9654011e-07   3.2067382e-07   3.1320579e-07   1.7284623e-07   1.1778937e-07   1.1535674e-07   9.0497615e-08   3.3244991e-08   2.9008634e-08   3.3885339e-08
   0.0000000e+00   5.2489810e-07   2.1097308e-06   2.9600023e-06   3.3073507e-06   3.4583602e-06   3.5050941e-06   2.7571959e-06   1.8921677e-06   1.3819592e-06   1.0598562e-06   6.6979288e-07   6.6799777e-07   3.8335398e-07   4.5113234e-07   2.3677147e-07   2.2364804e-07   1.2009384e-07   1.1634150e-07   7.9628606e-08   7.3079391e-08   2.7045862e-08   2.3824105e-08
   0.0000000e+00   1.1690687e-06   2.0037119e-06   2.8903357e-06   3.0184310e-06   3.4691600e-06   3.3835129e-06   2.8878999e-06   1.8447970e-06   1.3778487e-06   7.4955392e-07   7.9248952e-07   5.6099316e-07   6.3321977e-07   3.1474090e-07   2.6892349e-07   1.4122139e-07   2.2355538e-07   1.3127523e-07   5.3212244e-08   4.7238419e-08   5.3372307e-08   4.5423363e-08
   0.0000000e+00   5.8315811e-07   2.2149620e-06   3.0238771e-06   3.4098427e-06   3.2449336e-06   3.5813791e-06   2.7054098e-06   1.9441673e-06   1.0700959e-06   1.2140686e-06   7.8083906e-07   5.7580456e-07   3.5654554e-07   3.9418032e-07   2.8212614e-07   2.9513708e-07   6.1892742e-08   1.0634251e-07   9.3108987e-08   1.0374519e-07   7.3600603e-08  -5.2823960e-08
   0.0000000e+00   1.0765121e-06   2.1856852e-06   2.8273300e-06   3.1571726e-06   3.6093816e-06   3.3391350e-06   2.8675081e-06   1.8401735e-06   1.3152169e-06   8.5456560e-07   7.0256095e-07   5.9414464e-07   5.6280589e-07   3.6996872e-07   2.6497750e-07   1.2218604e-07   2.1158532e-07   1.2746237e-07   6.6491054e-08   6.0301019e-08   4.2148200e-09   7.9751814e-08
   0.0000000e+00   5.0768688e-07   2.0398638e-06   3.0109584e-06   3.2320611e-06   3.1758245e-06   3.6840543e-06   2.5942438e-06   1.8932726e-06   1.3677434e-06   9.7621557e-07   6.8262852e-07   5.8672401e-07   4.7258561e-07   3.2704145e-07   2.7891784e-07   2.4020272e-07   8.2197126e-08   1.0410951e-07   5.7390075e-08   5.8180657e-08   4.7465271e-08  -3.7829903e-08
   0.0000000e+00   1.2037018e-06   2.1586052e-06   3.0614106e-06   3.0851934e-06   3.7906691e-06   3.2714254e-06   2.9221353e-06   1.8122892e-06   1.2285561e-06   8.3949976e-07   7.9796729e-07   5.7832790e-07   4.1868574e-07   3.8156060e-07   2.2210260e-07   1.4690821e-07   1.6815268e-07   4.3267534e-08   5.7526695e-08   3.9324256e-08   2.8006577e-09   1.8170423e-08
   0.0000000e+00   6.1238825e-07   2.2782108e-06   2.9088935e-06   3.3612821e-06   3.1373959e-06   3.5482676e-06   2.7620013e-06   1.8584003e-06   1.2821523e-06   9.8179237e-07   6.5167046e-07   5.8185401e-07   4.6737230e-07   3.3700914e-07   2.4946513e-07   1.2475331e-07   9.0746489e-08   1.1371156e-07   5.1174162e-08   3.1739599e-08   1.0447613e-08   2.9122294e-08
   0.0000000e+00   9.9289207e-07   2.0314060e-06   2.9797206e-06   3.0796689e-06   3.5546527e-06   3.5106395e-06   2.6060488e-06   1.8845451e-06   1.2208965e-06   8.9034205e-07   8.2941938e-07   4.9121871e-07   4.4232570e-07   2.6327046e-07   2.5883975e-07   2.2287630e-07   7.5872279e-08   1.5168940e-08   7.1480706e-08   7.5166177e-08  -2.4076399e-09  -1.1562246e-08
   0.0000000e+00   8.7593179e-07   2.2299459e-06   2.9406579e-06   3.4819413e-06   3.3125634e-06   3.5269634e-06   2.9870248e-06   1.9252179e-06   1.1694646e-06   1.0497934e-06   4.7251530e-07   6.7244071e-07   4.2849561e-07   3.5095664e-07   2.2284397e-07   7.9870802e-08   1.2940001e-07   1.2741182e-07   4.7491646e-08  -2.2858663e-08   1.4990077e-08   6.7981092e-09
   0.0000000e+00   9.1403189e-07   2.1036926e-06   3.0977633e-06   2.9800381e-06   3.5616911e-06   3.3149454e-06   2.6186649e-06   1.6972831e-06   1.4293787e-06   8.1670254e-07   8.7473393e-07   4.6804351e-07   4.6477797e-07   3.4315531e-07   1.9978047e-07   1.7906717e-07   1.3010128e-07   5.9375552e-08   3.4162014e-08   3.6327052e-08   7.0133646e-09  -5.9397237e-08
   0.0000000e+00   7.3461297e-07   2.3271930e-06   2.7580795e-06   3.4026430e-06   3.4130137e-06   3.5922603e-06   2.8447703e-06   1.9525862e-06   1.1835352e-06   9.3845102e-07   6.6756564e-07   6.0191894e-07   4.2510095e-07   3.2417580e-07   2.6003733e-07   1.6667661e-07   1.1747728e-07   1.0771181e-07   2.5413105e-08   5.1899995e-08   9.5047952e-09  -2.5330154e-08
   0.0000000e+00   1.0408388e-06   2.0953457e-06   3.2621415e-06   3.0782207e-06   3.3739645e-06   3.4399270e-06   2.7735423e-06   1.8144887e-06   1.3049706e-06   8.9402630e-07   7.7352348e-07   5.9293319e-07   4.1084775e-07   3.7821107e-07   2.3233858e-07   2.0697243e-07   1.0012800e-07   7.6197381e-08   1.2879104e-07   2.1758670e-08   1.2677462e-08   2.5171362e-08
   0.0000000e+00   8.4783511e-07   2.2028496e-06   2.8134671e-06   3.2690684e-06   3.4036152e-06   3.5441601e-06   2.6429350e-06   1.9867055e-06   1.1973857e-06   1.0139432e-06   7.1210593e-07   5.0816521e-07   5.5831651e-07   3.0077749e-07   2.9947176e-07   1.9518890e-07   1.0148788e-07   1.2821609e-07   4.7113229e-08   4.0885183e-08   2.4489944e-08   3.3119402e-08
   0.0000000e+00   9.6164490e-07   1.9542013e-06   3.0508013e-06   3.2267887e-06   3.5321716e-06   3.3810468e-06   2.8935017e-06   1.6903646e-06   1.2866242e-06   9.3737282e-07   6.6097607e-07   6.9917178e-07   4.2743514e-07   3.6357497e-07   2.0291914e-07   1.4004877e-07   1.9888749e-07   7.9723335e-08   2.7512900e-08   5.0883315e-08   4.3053916e-08  -1.4138061e-08
   0.0000000e+00   7.2132281e-07   2.4813296e-06   2.8588292e-06   3.2702617e-06   3.2984319e-06   3.4102122e-06   2.6783466e-06   1.9801914e-06   1.3308409e-06   9.2200531e-07   7.9922432e-07   5.0542678e-07   4.1229578e-07   4.2633741e-07   2.9558404e-07   1.5965085e-07   9.3947044e-08   6.7734703e-08   5.4948369e-08   5.4269222e-08  -4.9365165e-09  -8.6938332e-09
   0.0000000e+00   1.0440878e-06   2.0484110e-06   3.0739154e-06   3.0741617e-06   3.4218126e-06   3.5309799e-06   2.9055689e-06   1.6493207e-06   1.2269351e-06   8.8241666e-07   6.9894116e-07   5.9572210e-07   5.3169560e-07   2.5745382e-07   2.4411440e-07   1.2146246e-07   1.6182648e-07   7.4423497e-08   4.3823761e-08   4.7459858e-09   1.1052657e-08  -3.0267017e-08
   0.0000000e+00   7.8148838e-07   2.1142421e-06   2.8635404e-06   3.2315359e-06   3.3854815e-06   3.5120036e-06   2.5041802e-06   1.9810859e-06   1.2710929e-06   9.7039367e-07   7.0851144e-07   5.6073696e-07   4.0870870e-07   3.7699454e-07   1.8912176e-07   2.5798838e-07   8.2649464e-08  -3.2154212e-08   1.0103586e-07   6.5568344e-08  -8.5690772e-08   3.0419884e-08
   0.0000000e+00   9.5123943e-07   2.0380876e-06   3.0152469e-06   3.2099192e-06   3.4181392e-06   3.2220635e-06   2.8372990e-06   1.8231201e-06   1.1423509e-06   8.7472898e-07   7.2864765e-07   5.5249922e-07   5.3968654e-07   2.8602739e-07   2.5699933e-07   1.0576491e-07   8.2973678e-08   1.6807923e-07   2.3114019e-08  -9.2642736e-08   4.5453529e-08  -9.9470014e-09
   0.0000000e+00   8.0372183e-07   2.3329130e-06   2.9289104e-06   3.1260199e-06   3.3291444e-06   3.5779503e-06   2.6717667e-06   1.8345561e-06   1.3257601e-06   9.4892340e-07   6.8998042e-07   5.6914416e-07   3.0552621e-07   3.6983337e-07   2.7393747e-07   1.2650926e-07   1.1055494e-07   3.0288788e-08   4.7053987e-08   4.7949051e-08  -1.1961806e-08  -3.4334704e-08
   0.0000000e+00   8.3597615e-07   1.9819724e-06   2.8743868e-06   3.0936048e-06   3.3899676e-06   3.3567710e-06   2.7514147e-06   1.6811080e-06   1.1961454e-06   8.7922928e-07   6.9654021e-07   6.0287732e-07   5.2086386e-07   3.2666068e-07   1.8198709e-07   2.0007113e-07   1.1102908e-07   1.0189945e-07   9.0539404e-10   3.0502640e-08   1.6193649e-08   7.5548892e-09
   0.0000000e+00   8.3705481e-07   2.2329048e-06   2.8455527e-06   3.2679768e-06   3.3093072e-06   3.4214916e-06   2.6688583e-06   1.8798867e-06   1.2994658e-06   9.0992654e-07   6.7159323e-07   5.4417046e-07   4.0184068e-07   3.6175152e-07   1.9599791e-07   1.7569486e-07   1.3412966e-07   7.5752439e-08   1.0027451e-07   5.5422383e-08   2.8609454e-08   1.8822796e-08
