   0.0000000e+00   1.1055562e-06   2.6348393e-06   3.8712269e-06   3.8812318e-06   4.0851037e-06   4.0036989e-06   3.2731939e-06   2.2181896e-06   1.3177233e-06   1.0970481e-06   9.2429900e-07   6.0010831e-07   5.8158838e-07   3.3921785e-07   3.9122628e-07   2.5271186e-07   1.2049864e-07   1.1940128e-07   1.1001626e-07   5.7293796e-08   9.2831485e-08   8.3018158e-08
   0.0000000e+00   1.1473501e-06   2.7070409e-06   3.4763898e-06   3.7903139e-06   4.0937507e-06   4.2030952e-06   3.1689028e-06   2.2140871e-06   1.4638258e-06   1.0547394e-06   7.5414852e-07   7.1035544e-07   5.4989471e-07   4.8452722e-07   1.7724236e-07   2.5755898e-07   1.5664570e-07   1.9281303e-07   9.0498503e-08   8.5175486e-08   1.0238034e-07   8.5202046e-08
   0.0000000e+00   1.1034441e-06   2.6964485e-06   3.9214879e-06   3.8952326e-06   4.0805389e-06   4.0988862e-06   3.2578691e-06   1.9694312e-06   1.6290452e-06   1.1630375e-06   8.6364116e-07   6.9604687e-07   4.6613764e-07   3.8564986e-07   4.4019473e-07   1.4168295e-07   1.6895295e-07   1.2115281e-07   9.7498898e-08   1.5289379e-07   5.1467122e-08   7.3529112e-09
   0.0000000e+00   9.3069218e-07   2.9049947e-06   3.4371851e-06   3.9342244e-06   4.0212426e-06   4.0170767e-06   3.3531828e-06   2.2792171e-06   1.3582588e-06   9.4688437e-07   8.7094992e-07   7.1937683e-07   6.0054782e-07   4.5735462e-07   2.3675028e-07   2.1704123e-07   2.0975475e-07   1.5624545e-07   4.6553630e-08   3.7778761e-08   7.7196546e-08   9.4143083e-08
   0.0000000e+00   9.8826865e-07   2.5045761e-06   3.7176283e-06   3.8548874e-06   4.0596824e-06   4.1455010e-06   3.2652924e-06   2.2468462e-06   1.5677327e-06   1.2346692e-06   8.4186416e-07   5.9410047e-07   4.8278531e-07   3.7417763e-07   3.5341060e-07   1.8792994e-07   1.3344004e-07   4.2108546e-08   1.5997706e-07   1.0535011e-07  -1.4182526e-08  -3.5558880e-08
   0.0000000e+00   1.2069207e-06   2.8460895e-06   3.7209288e-06   3.9723682e-06   4.2265060e-06   4.1166318e-06   3.0423371e-06   2.0871923e-06   1.3553199e-06   1.0486165e-06   8.5449642e-07   7.5031016e-07   6.9481581e-07   3.2792602e-07   2.2948409e-07   2.4033389e-07   1.5055261e-07   1.3343428e-07   2.1493564e-08  -3.9793817e-09   3.3843936e-08   1.0285800e-07
   0.0000000e+00   1.1029754e-06   2.5761199e-06   3.6577558e-06   3.8092105e-06   3.9323068e-06   4.2527786e-06   3.5268636e-06   2.3309176e-06   1.7104559e-06   1.0717197e-06   8.2328478e-07   5.5546786e-07   4.3885566e-07   4.1967502e-07   3.6911260e-07   1.1675360e-07   1.5413556e-07   1.7076351e-08   1.0743904e-07   6.0989137e-08  -1.5138943e-08  -8.5633189e-08
   0.0000000e+00   8.5547117e-07   2.7736712e-06   3.6171136e-06   3.8997032e-06   4.1115645e-06   3.9025890e-06   3.1798656e-06   2.0135803e-06   1.2921295e-06   1.1330192e-06   9.0788325e-07   7.9141046e-07   4.8187343e-07   4.1239423e-07   2.0742279e-07   1.7419099e-07   1.5981325e-07   1.1477694e-07   2.2133859e-08  -5.6827916e-09   2.4147230e-08  -3.1040322e-08
   0.0000000e+00   1.1141249e-06   2.8456077e-06   3.8260150e-06   3.9267688e-06   4.3612540e-06   4.2696006e-06   3.3594383e-06   2.3834275e-06   1.6359302e-06   1.0905376e-06   8.0135629e-07   5.3312272e-07   5.8273264e-07   4.3862647e-07   2.6948010e-07   1.8675728e-07   1.1339213e-07   1.3817112e-07   4.1517264e-08   4.3275445e-08   1.8735751e-09   9.6048652e-08
   0.0000000e+00   1.0243606e-06   2.6125613e-06   3.6343763e-06   3.9523284e-06   3.8023663e-06   4.1589537e-06   3.1318330e-06   2.0928414e-06   1.4846315e-06   1.1073694e-06   7.8467679e-07   8.4347562e-07   4.5396996e-07   3.1811294e-07   2.6930965e-07   2.7495713e-07   1.4680782e-07   5.1869939e-08   1.7988702e-07   1.0399247e-07   8.3569027e-08  -9.0396197e-09
   0.0000000e+00   1.2762710e-06   2.7685426e-06   3.6279268e-06   4.0100267e-06   4.2988695e-06   4.1261706e-06   3.4182613e-06   2.3721943e-06   1.3291881e-06   1.1082662e-06   9.7941211e-07   5.3980790e-07   5.9526013e-07   4.4701338e-07   2.6282862e-07   2.4845750e-07   1.4305938e-07   1.8131730e-07   1.0454131e-07   4.9453639e-08   1.0925711e-07   7.6047925e-08
   0.0000000e+00   9.2052079e-07   2.8020095e-06   3.8308262e-06   3.9834949e-06   4.0006944e-06   4.1939857e-06   3.3830702e-06   2.0069488e-06   1.7224282e-06   1.1020335e-06   7.6534445e-07   6.4245347e-07   5.2342722e-07   4.0981249e-07   3.1304921e-07   1.6782612e-07   1.5292567e-07   1.8041877e-07   6.3836701e-08   9.4327874e-08   1.7347453e-08   1.9009535e-08
   0.0000000e+00   1.1286356e-06   2.8240897e-06   3.7839541e-06   3.7770669e-06   4.2631004e-06   4.0219506e-06   3.0976339e-06   2.1496958e-06   1.3776478e-06   1.0235293e-06   8.4304577e-07   8.0256166e-07   5.0428417e-07   3.4885792e-07   2.9763535e-07   2.3107728e-07   1.9407101e-07   1.9051663e-08   7.1176743e-08   2.3189259e-08   2.2884521e-08  -6.9784498e-08
   0.0000000e+00   1.0567364e-06   2.6195473e-06   3.8436265e-06   3.9902948e-06   4.1987687e-06   4.4177445e-06   3.4372681e-06   2.3986590e-06   1.5722624e-06   1.1073548e-06   7.6105016e-07   5.3837806e-07   5.2515060e-07   4.2142645e-07   3.2984045e-07   1.1649701e-07   9.4392369e-08   1.4672663e-07   5.9411743e-08   3.6199591e-08  -1.6291011e-08   7.6909723e-09
   0.0000000e+00   1.4252425e-06   2.9626060e-06   3.5102148e-06   4.0578680e-06   4.0237915e-06   3.8761054e-06   3.0113167e-06   1.9819747e-06   1.2069171e-06   1.0988834e-06   8.8155474e-07   6.5511830e-07   4.9966178e-07   3.6687717e-07   1.7535031e-07   2.1440354e-07   2.0444304e-07   5.4072608e-08   6.8467230e-08   2.3041689e-08   2.4894454e-08   3.2479186e-08
   0.0000000e+00   8.5230960e-07   2.8853024e-06   3.7942862e-06   4.0100394e-06   4.1131957e-06   4.2135057e-06   3.5486171e-06   2.4332135e-06   1.5317011e-06   1.0285451e-06   7.2948626e-07   6.1278593e-07   5.2509074e-07   3.0183756e-07   3.5877039e-07   2.4893083e-07   6.4142398e-08   6.9038961e-08   1.0700398e-07   1.5309936e-07   7.8506188e-09  -3.7371471e-08
   0.0000000e+00   1.1964298e-06   2.6102205e-06   3.8777544e-06   3.8358517e-06   4.2211213e-06   4.1236699e-06   3.0408735e-06   1.7954339e-06   1.5182062e-06   9.1527943e-07   8.3907105e-07   6.8493898e-07   4.2741252e-07   4.3045910e-07   1.7868091e-07   1.3324976e-07   1.9083905e-07   2.2258330e-07   1.2406005e-07  -9.4699367e-08   1.1021599e-07   8.7342102e-08
   0.0000000e+00   1.1912830e-06   2.8211639e-06   3.7123168e-06   3.9753713e-06   3.9872816e-06   4.0913901e-06   3.3114511e-06   2.2575218e-06   1.4915394e-06   1.1912822e-06   7.4066520e-07   4.7302422e-07   5.0463393e-07   4.1648249e-07   3.3408682e-07   2.4188941e-07   7.5360802e-08   1.4652656e-07   4.4942013e-08   1.9142951e-07   5.1830355e-08  -3.2179116e-08
   0.0000000e+00   1.1373090e-06   2.8184322e-06   3.7175009e-06   3.8659300e-06   4.0700079e-06   4.1819753e-06   3.2315381e-06   2.1496467e-06   1.1461022e-06   9.1090862e-07   8.0073499e-07   8.3226797e-07   5.4311840e-07   3.3023207e-07   1.8881538e-07   1.9153477e-07   2.9190065e-07   1.2688055e-07   9.0943715e-08   6.6103503e-08   1.0803980e-07   5.7558950e-08
   0.0000000e+00   1.0306800e-06   2.9676248e-06   3.5121300e-06   4.0147570e-06   4.1625694e-06   3.9351930e-06   3.0929612e-06   2.2410986e-06   1.6279182e-06   1.2231726e-06   8.5064090e-07   4.5343643e-07   4.9625879e-07   3.9928761e-07   4.2358874e-07   2.8090491e-07   7.8386066e-08   1.2016721e-07   1.8602478e-07   1.3440861e-07   7.1612725e-08   1.1555353e-08
   0.0000000e+00   1.1889767e-06   2.4675148e-06   3.9687129e-06   3.8004168e-06   4.0873497e-06   4.1259677e-06   3.3392962e-06   1.9980519e-06   1.3664278e-06   8.8675233e-07   7.1580297e-07   8.6977263e-07   5.8277703e-07   4.2694847e-07   2.8114457e-07   1.7909477e-07   2.4462327e-07   2.1900962e-07   1.0836030e-07   9.5367305e-08   5.8097552e-08   1.5148714e-07
   0.0000000e+00   1.1804179e-06   2.7192634e-06   3.5974201e-06   3.8799549e-06   3.9746606e-06   4.0827149e-06   3.2974183e-06   2.1343865e-06   1.5448875e-06   1.1149817e-06   9.9097349e-07   5.5668488e-07   5.0127647e-07   4.6948821e-07   3.6993009e-07   2.8989373e-07   2.3683558e-07   1.1371544e-07   1.3833788e-07   2.0105503e-07   5.5577921e-08  -5.7260714e-08
   0.0000000e+00   8.2935429e-07   2.9452058e-06   3.6179615e-06   3.9426682e-06   4.0705618e-06   4.0398249e-06   3.0496278e-06   2.0674868e-06   1.4783686e-06   1.0898312e-06   8.2650047e-07   6.8436822e-07   6.0498581e-07   4.9673696e-07   2.8828504e-07   1.9363723e-07   2.9074397e-07   2.1068396e-07   1.4751309e-07  -3.5801997e-09   8.1240614e-08   1.1250790e-07
   0.0000000e+00   1.2099042e-06   2.7607052e-06   3.6351355e-06   3.8802236e-06   3.9981392e-06   4.2203105e-06   3.3325280e-06   2.3828634e-06   1.3248927e-06   1.1256273e-06   7.8724179e-07   7.5126394e-07   5.7585618e-07   3.5535240e-07   4.2145510e-07   3.5186292e-07   1.1026404e-07   1.4958263e-07   1.5705190e-07   1.5786317e-07  -4.8794635e-09  -7.1597412e-08
   0.0000000e+00   1.2484767e-06   2.4914605e-06   3.7181810e-06   3.7789725e-06   4.1134595e-06   3.9204492e-06   3.1442698e-06   2.0385471e-06   1.4749747e-06   1.0645851e-06   8.5122588e-07   6.9523452e-07   5.9053372e-07   4.9066074e-07   2.6321811e-07   2.8113004e-07   2.1276354e-07   1.7089947e-07   1.0269488e-07  -4.0491983e-09   7.3189250e-09   2.4682519e-08
   0.0000000e+00   7.0346294e-07   2.7043345e-06   3.7749608e-06   3.9626016e-06   4.0729346e-06   4.0808241e-06   3.2624907e-06   2.1145052e-06   1.5842791e-06   1.1098775e-06   8.8538815e-07   6.2393758e-07   5.1038342e-07   4.5863874e-07   3.4152833e-07   1.9203272e-07   1.7930871e-07   1.6332437e-07   6.4331857e-08   1.6322074e-08   6.5636080e-08  -8.8430156e-08
   0.0000000e+00   1.1821610e-06   2.9628422e-06   3.4499742e-06   3.7883647e-06   4.1493327e-06   4.1099784e-06   3.2771297e-06   2.2162421e-06   1.3379586e-06   9.7101167e-07   8.9180793e-07   6.9255492e-07   5.6134581e-07   4.2435965e-07   2.3515612e-07   2.8830124e-07   2.0219881e-07   8.1880707e-08   4.1337287e-08   1.2750810e-07  -3.2664829e-08  -1.3704687e-08
   0.0000000e+00   1.0609413e-06   2.6515502e-06   3.6939746e-06   3.9460929e-06   3.8069045e-06   4.1697604e-06   3.2359908e-06   2.0440548e-06   1.5701922e-06   1.1737433e-06   7.3441754e-07   6.4853549e-07   5.1586437e-07   3.8997413e-07   3.6435804e-07   2.0675543e-07   8.1601662e-08   1.7085424e-07   1.3895860e-07   6.4785315e-09   6.0685771e-08   4.3324761e-08
   0.0000000e+00   1.1779231e-06   2.4690721e-06   3.7994384e-06   3.8844396e-06   4.2673964e-06   4.0027862e-06   3.1193931e-06   2.3055854e-06   1.3026930e-06   1.1262266e-06   8.1333519e-07   6.6477747e-07   6.1311687e-07   3.5921906e-07   2.9796485e-07   2.0584487e-07   2.2048185e-07   1.0184267e-07   1.0284703e-07   7.7756823e-08   2.5125713e-08   9.8825190e-08
   0.0000000e+00   7.8554552e-07   2.7352150e-06   3.7107629e-06   3.9148508e-06   4.0130030e-06   4.1467852e-06   3.3725173e-06   2.1653259e-06   1.5923533e-06   1.0494881e-06   7.8575226e-07   7.7996987e-07   4.6835495e-07   4.3550963e-07   3.6036559e-07   2.6910124e-07   1.6813640e-07   1.3415242e-07   7.0242727e-08   1.3210256e-07   8.8275030e-08  -4.6077211e-08
   0.0000000e+00   1.1333930e-06   3.1219790e-06   3.4128461e-06   3.8350563e-06   4.1625049e-06   4.0273048e-06   3.2000059e-06   2.0553639e-06   1.4397068e-06   9.5909138e-07   1.0387846e-06   6.1386703e-07   5.7166989e-07   5.4686905e-07   2.9725510e-07   1.7440439e-07   2.5316893e-07   1.5420555e-07   1.3307594e-07   7.1174249e-08   1.2088929e-08   1.4341957e-07
   0.0000000e+00   1.1398736e-06   2.4082306e-06   3.8652479e-06   3.9759316e-06   3.9938491e-06   4.2773318e-06   3.3953720e-06   2.2205461e-06   1.6064874e-06   1.2081289e-06   7.7599350e-07   6.7437099e-07   6.2708131e-07   4.1739256e-07   4.2884827e-07   2.8812133e-07   1.9064350e-07   1.7727952e-07   1.4014168e-07   1.0413888e-07   1.2986062e-07  -1.7442543e-08
   0.0000000e+00   9.4350105e-07   2.6612174e-06   3.7854197e-06   3.8402500e-06   4.0712616e-06   4.0029690e-06   3.0276026e-06   2.1925741e-06   1.3170915e-06   1.0689834e-06   9.5111221e-07   7.7139276e-07   6.5077444e-07   4.3450206e-07   2.6884288e-07   3.7008300e-07   2.3592074e-07   1.2981239e-07   1.7379962e-07   1.2054080e-07   6.5249900e-08   1.1276265e-07
   0.0000000e+00   1.1325213e-06   2.8740094e-06   3.6300244e-06   3.9626893e-06   4.2969477e-06   4.1687777e-06   3.4715908e-06   2.2952297e-06   1.5692681e-06   1.2436653e-06   7.3034028e-07   6.5798332e-07   5.8840885e-07   5.1507516e-07   4.4394099e-07   2.0022865e-07   1.4785795e-07   2.6932628e-07   1.0280981e-07   1.3223362e-07   8.0240717e-08  -2.0003710e-09
   0.0000000e+00   1.0534775e-06   2.7821484e-06   3.5238695e-06   3.9363317e-06   3.9949578e-06   4.0570239e-06   3.0771394e-06   2.0728562e-06   1.3744462e-06   9.8373209e-07   9.9530541e-07   8.0636647e-07   5.1189829e-07   4.3932658e-07   2.9717080e-07   2.2999163e-07   3.0239369e-07   1.1805017e-07   1.1101183e-07   4.3012964e-08   7.0559196e-08   4.7012055e-08
   0.0000000e+00   9.8215639e-07   2.7024337e-06   3.8457670e-06   3.9558677e-06   3.9883816e-06   4.1304602e-06   3.5145497e-06   2.1529752e-06   1.6913033e-06   1.1405626e-06   7.8274041e-07   6.9153623e-07   4.6669038e-07   4.8326655e-07   3.1384101e-07   3.4071283e-07   9.7542937e-08   7.8728483e-08   1.3908296e-07   1.4952917e-07  -3.1648761e-09  -1.3157472e-08
   0.0000000e+00   1.1840731e-06   2.7055071e-06   3.8284966e-06   3.7759103e-06   4.1455260e-06   4.2936640e-06   3.0103627e-06   2.1175313e-06   1.3663181e-06   1.0099610e-06   8.3784249e-07   5.9604844e-07   7.2910655e-07   3.9569375e-07   2.7097818e-07   1.5991566e-07   2.4020554e-07   2.1353456e-07   1.1010099e-07  -8.0162428e-09   1.5581309e-08   1.4078813e-07
   0.0000000e+00   1.0604161e-06   2.7505544e-06   3.5135386e-06   3.9410265e-06   4.2136771e-06   3.8449934e-06   3.2287401e-06   2.3403622e-06   1.4040161e-06   1.2065383e-06   8.7397217e-07   6.3471265e-07   4.4066991e-07   4.2551727e-07   3.8321383e-07   2.9052279e-07   1.6413679e-07   7.7890114e-08   1.2983743e-07   1.2218213e-07   1.0081131e-07  -9.5828021e-08
   0.0000000e+00   9.4713965e-07   2.7628387e-06   3.7186062e-06   4.0825107e-06   3.9802144e-06   4.1188500e-06   3.4430543e-06   2.1143317e-06   1.3905836e-06   9.9603631e-07   8.1402533e-07   7.5111063e-07   6.3388677e-07   3.7246241e-07   3.3519359e-07   1.9409107e-07   2.2226986e-07   2.1914229e-07   5.7016141e-08   4.0707615e-08   5.7495619e-08   9.6553720e-08
   0.0000000e+00   1.3210674e-06   2.7171193e-06   3.7810848e-06   3.7045913e-06   3.9556548e-06   4.2121255e-06   3.0176914e-06   2.0142841e-06   1.5800935e-06   1.1529042e-06   7.8385841e-07   6.3649503e-07   5.3057516e-07   4.4054488e-07   3.7289800e-07   2.1596998e-07   1.4924065e-07   9.0622464e-08   1.3098453e-07   7.9542204e-08   9.3124719e-10  -9.8589776e-09
   0.0000000e+00   9.3226373e-07   2.8187485e-06   3.6458193e-06   3.9304309e-06   4.1701842e-06   4.1365097e-06   3.3560671e-06   2.1294188e-06   1.4998343e-06   9.7319696e-07   8.5147497e-07   7.5228559e-07   5.0026927e-07   4.3728252e-07   2.6236322e-07   2.5998764e-07   1.7398851e-07   7.6164916e-08   5.6936610e-08   1.3096300e-08  -4.4093156e-09  -7.4483260e-08
   0.0000000e+00   1.0090710e-06   2.7529336e-06   3.6961294e-06   3.8956723e-06   4.2419629e-06   3.8750095e-06   3.1450979e-06   2.3333298e-06   1.3247495e-06   1.0712888e-06   8.9306747e-07   6.5488837e-07   5.4276541e-07   4.9971294e-07   2.4363743e-07   2.3103112e-07   1.3345388e-07   8.0000945e-08   8.2013997e-08  -4.0748361e-08  -3.8656026e-08  -4.6442480e-08
   0.0000000e+00   1.2010235e-06   2.6207929e-06   3.6412125e-06   4.0161644e-06   3.7616464e-06   4.1122935e-06   3.2566159e-06   2.0510340e-06   1.4869765e-06   1.1883272e-06   8.1380819e-07   6.2005967e-07   5.4825159e-07   3.9571532e-07   3.1820275e-07   2.2014734e-07   1.0093920e-07   1.2334051e-07  -1.3920515e-08   2.5346457e-08  -4.3431093e-08  -6.1508288e-08
   0.0000000e+00   1.1691808e-06   2.8893180e-06   3.7498094e-06   3.7786615e-06   4.2668121e-06   4.3140340e-06   3.3596759e-06   2.0497075e-06   1.5268735e-06   1.0168510e-06   7.1889571e-07   8.0554889e-07   5.5906128e-07   3.6826989e-07   2.6954373e-07   1.4551847e-07   1.4259530e-07   4.1831026e-08   5.9333690e-08  -5.5471691e-08  -1.1168420e-08  -1.1826477e-07
   0.0000000e+00   1.0148516e-06   2.6814212e-06   3.7733416e-06   3.8414505e-06   4.0721625e-06   3.9270217e-06   3.0518588e-06   2.3030834e-06   1.4579736e-06   1.1078523e-06   1.0015864e-06   5.5241082e-07   4.9492400e-07   3.6418339e-07   3.3703955e-07   1.5502334e-07   3.2909721e-08   9.6661282e-08  -5.5206385e-08   1.5588093e-08  -3.8310752e-08  -1.1559011e-07
   0.0000000e+00   9.4698879e-07   2.7702570e-06   3.5386263e-06   4.0928085e-06   4.0842842e-06   4.0412497e-06   3.4171051e-06   2.1996543e-06   1.4526653e-06   9.6198130e-07   8.8827136e-07   5.9779586e-07   5.2008511e-07   4.0719098e-07   1.8951955e-07   9.2400512e-08   1.9037435e-07   1.1337761e-08   2.6485900e-08   1.6034440e-08  -6.1602897e-08   2.0602029e-08
   0.0000000e+00   1.2193101e-06   2.8350414e-06   3.8038224e-06   3.7973150e-06   4.1005251e-06   4.3054561e-06   3.1992599e-06   2.1259407e-06   1.5015708e-06   1.2130512e-06   7.4537206e-07   7.1647185e-07   5.7506321e-07   2.8092830e-07   2.3305905e-07   2.4224568e-07   1.1806546e-07   1.4847197e-08   9.6016819e-08   6.9610607e-08   4.3382009e-08  -5.2320331e-08
   0.0000000e+00   1.2809170e-06   2.6325652e-06   3.7027846e-06   3.9067540e-06   3.9651536e-06   4.1005173e-06   3.2643068e-06   2.1812891e-06   1.6181117e-06   1.0818982e-06   7.7380923e-07   6.7091668e-07   5.0541371e-07   4.4631466e-07   3.1217164e-07   1.7186269e-07   1.1274337e-07   1.4973143e-07   1.3820403e-07   4.0206661e-08   3.9444910e-09   1.6542707e-07
   0.0000000e+00   9.0613264e-07   2.7420572e-06   3.6356644e-06   4.0219093e-06   4.2932556e-06   4.0445357e-06   3.3845899e-06   2.2208187e-06   1.3252279e-06   1.1388920e-06   9.1155096e-07   7.6809857e-07   3.8354182e-07   4.5692514e-07   3.0870922e-07   1.9206453e-07   2.1991896e-07   1.2388305e-07   9.9582550e-08   8.9381984e-08   1.0665129e-07   1.7042600e-08
   0.0000000e+00   9.6673921e-07   2.7483975e-06   3.8190583e-06   3.7991372e-06   4.0496757e-06   4.1647463e-06   3.1474719e-06   2.2829479e-06   1.4844497e-06   1.0815352e-06   9.5502617e-07   5.5970014e-07   6.6581867e-07   4.5472476e-07   2.6003462e-07   2.9260318e-07   1.9213313e-07   1.6174693e-07   1.4770539e-07   1.4676954e-07   8.1429739e-08   3.1525914e-08
   0.0000000e+00   1.2804446e-06   2.9316188e-06   3.6194590e-06   3.9284837e-06   4.0111845e-06   4.1619737e-06   3.2946361e-06   2.1199121e-06   1.6574564e-06   1.1003682e-06   7.1595707e-07   7.0752787e-07   6.1671619e-07   4.1624409e-07   2.9921750e-07   3.3344975e-07   1.5885686e-07   2.1388854e-07   1.8190578e-07   4.2738101e-08   1.1676945e-07   1.2038680e-07
   0.0000000e+00   9.4538785e-07   2.5635186e-06   3.6684794e-06   3.9474080e-06   4.1933508e-06   4.0424652e-06   3.3522704e-06   2.1966418e-06   1.3357507e-06   1.0732854e-06   9.0390483e-07   7.1911944e-07   5.5655778e-07   2.9338452e-07   4.4030588e-07   3.0115709e-07   1.5089725e-07   2.3135891e-07   1.3646688e-07   1.5427358e-07   1.1304576e-07   2.8821567e-08
   0.0000000e+00   1.2802425e-06   2.6757357e-06   3.6822998e-06   3.8966109e-06   4.0585678e-06   4.1479143e-06   3.1603365e-06   2.1253386e-06   1.5131665e-06   1.0806202e-06   8.4272557e-07   6.6488980e-07   4.9365036e-07   5.6514824e-07   3.2016297e-07   1.7639698e-07   2.5294585e-07   2.2416772e-07   1.0868717e-07   1.3372238e-07   1.3416133e-07   2.1272799e-09
   0.0000000e+00   8.0953976e-07   2.9491764e-06   3.6848046e-06   3.9010674e-06   4.0498257e-06   4.0907621e-06   3.2977184e-06   2.1911687e-06   1.4555751e-06   1.1273697e-06   7.9841328e-07   6.0628759e-07   5.7772519e-07   4.6432399e-07   3.5764089e-07   2.2826728e-07   2.7564059e-07   1.5055267e-07   9.1966186e-08   1.8295192e-07   5.4296105e-08   8.2705697e-08
   0.0000000e+00   1.1696596e-06   2.5475283e-06   3.7611001e-06   3.8742996e-06   4.1161820e-06   4.2497945e-06   3.2087148e-06   2.2089257e-06   1.4170555e-06   9.8594899e-07   8.1805052e-07   8.4492751e-07   5.1317403e-07   4.1717129e-07   3.1100006e-07   3.4382032e-07   2.0408427e-07   1.2191397e-07   1.9777659e-07   6.0627762e-08   4.4741601e-08   5.8638868e-08
   0.0000000e+00   1.1375757e-06   2.6829896e-06   3.6347794e-06   4.0496570e-06   3.9986489e-06   3.8758794e-06   3.2943606e-06   2.0789030e-06   1.4616240e-06   1.1923527e-06   8.2621426e-07   6.1427431e-07   6.5722287e-07   4.5246577e-07   3.7453813e-07   2.5266684e-07   2.0165804e-07   1.6678305e-07   1.7367493e-07   4.9082100e-08   4.4841411e-09   6.6290241e-08
   0.0000000e+00   9.6758356e-07   3.0560568e-06   3.6343336e-06   3.6657368e-06   4.3260793e-06   4.1875905e-06   3.2120452e-06   2.1949711e-06   1.5169313e-06   9.9430440e-07   9.4207678e-07   6.7968858e-07   4.8311222e-07   5.2915686e-07   3.7789860e-07   2.6723643e-07   2.4576016e-07   1.3368566e-07   5.6748533e-08   9.1383733e-08   5.2952252e-08  -6.1377612e-08
   0.0000000e+00   1.1444387e-06   2.4241742e-06   3.7825944e-06   4.0712384e-06   3.9412780e-06   4.2130396e-06   3.3461181e-06   2.1563767e-06   1.4503174e-06   1.1001712e-06   8.7409126e-07   6.7737454e-07   7.0228208e-07   3.6772400e-07   3.6397128e-07   2.3214787e-07   1.8289275e-07   1.9184148e-07   3.4996482e-08   9.7315024e-08   1.6097307e-08  -8.9590614e-08
   0.0000000e+00   9.5960934e-07   2.7685496e-06   3.7363443e-06   3.9495126e-06   4.0146306e-06   4.0506593e-06   3.0977274e-06   2.2077127e-06   1.5642803e-06   1.1135734e-06   8.0176125e-07   7.7569911e-07   5.5386823e-07   4.8270346e-07   3.2914920e-07   1.8373812e-07   2.0328913e-07   1.1497452e-07   1.1467280e-07  -4.5231598e-08  -3.2031693e-08   6.4314357e-08
   0.0000000e+00   1.2211980e-06   2.8257514e-06   3.7535920e-06   3.9476754e-06   4.1610961e-06   4.1490416e-06   3.4724651e-06   2.1149492e-06   1.4081592e-06   1.1373400e-06   8.7830506e-07   6.5522863e-07   5.4919855e-07   3.8888513e-07   3.4673448e-07   3.5025826e-07   2.9342122e-08   9.8518079e-08   4.9489365e-08  -1.5812127e-09   3.2263380e-08  -8.4265018e-08
   0.0000000e+00   1.1605994e-06   2.9626465e-06   3.4955783e-06   3.7567561e-06   4.3039790e-06   4.1753951e-06   3.1100922e-06   2.3063235e-06   1.4766906e-06   1.0694172e-06   9.1676793e-07   7.4319024e-07   5.3605930e-07   5.0248173e-07   2.0816209e-07   1.6076361e-07   2.2616561e-07   1.3052131e-08   6.4322791e-08   6.5050742e-08  -7.7139894e-08  -1.1662497e-08
   0.0000000e+00   7.1065341e-07   2.5293632e-06   3.8849998e-06   4.1303215e-06   3.9407823e-06   4.0062341e-06   3.3452575e-06   2.0628033e-06   1.6027927e-06   1.1123800e-06   7.9295859e-07   6.6585557e-07   5.4194203e-07   4.8001829e-07   3.2364488e-07   1.7280864e-07   1.1636007e-07   1.2166085e-07   1.2866824e-09  -1.1469662e-08   4.9188053e-08  -9.5935718e-08
   0.0000000e+00   1.5804798e-06   2.6923581e-06   3.8289354e-06   3.9031538e-06   4.1155454e-06   4.2888028e-06   3.2033099e-06   2.3045989e-06   1.3616905e-06   9.7869156e-07   9.4280409e-07   7.3975161e-07   5.5267884e-07   4.0127031e-07   2.7330950e-07   2.3517202e-07   1.5242340e-07   8.0028592e-08   6.2052152e-08  -8.3856539e-09  -3.9559310e-08   1.0307646e-07
   0.0000000e+00   8.3972606e-07   3.0174999e-06   3.6389781e-06   3.8130936e-06   4.0554437e-06   4.0755071e-06   3.3509430e-06   2.1281512e-06   1.5292561e-06   1.3145677e-06   7.2832239e-07   6.7348680e-07   6.0724398e-07   3.6489192e-07   3.6620375e-07   1.8805311e-07   9.0563070e-08   8.1398028e-08   1.1385973e-07   5.6595340e-08   1.3207687e-08  -4.5401052e-09
   0.0000000e+00   1.1072806e-06   2.7192193e-06   3.5717114e-06   4.0386985e-06   4.3992354e-06   3.9634547e-06   3.2177700e-06   2.1133983e-06   1.3634392e-06   1.0601872e-06   9.4208127e-07   5.8087613e-07   6.8229031e-07   3.9739888e-07   2.5181876e-07   2.0714171e-07   1.4436992e-07   1.4961257e-07  -8.8032142e-09   4.3284597e-08   7.9082163e-08  -3.1806358e-08
   0.0000000e+00   1.1881074e-06   2.5655652e-06   3.8968369e-06   3.9767392e-06   3.8016954e-06   4.3419136e-06   3.2506309e-06   2.2514835e-06   1.5730064e-06   9.1538720e-07   8.2680992e-07   8.1846923e-07   3.5763370e-07   4.1977350e-07   3.0347601e-07   1.6408113e-07   1.8475978e-07   7.5760758e-09   9.0394863e-08   4.1959890e-08  -2.3333900e-08   4.9722853e-09
   0.0000000e+00   1.0482274e-06   3.0034414e-06   3.6095719e-06   3.7969289e-06   4.0561545e-06   3.9906395e-06   3.1489401e-06   2.1170247e-06   1.4359092e-06   1.1329519e-06   8.9694953e-07   6.2293350e-07   5.8024614e-07   3.5014347e-07   2.8475259e-07   1.4907333e-07   6.0562400e-08   1.1349313e-07   6.4287001e-08  -4.1140793e-09  -2.8125944e-08   3.4218115e-09
   0.0000000e+00   1.1031011e-06   2.5743029e-06   3.7356515e-06   4.0283635e-06   4.3118121e-06   4.1665271e-06   3.2962660e-06   2.1208471e-06   1.5398386e-06   1.0873092e-06   6.4240481e-07   6.6562274e-07   5.0069781e-07   4.6733004e-07   1.7400005e-07   2.1616474e-07   1.3764163e-07   7.2978324e-08   6.2769416e-08  -1.7939589e-08   4.2131806e-08  -6.6392232e-08
   0.0000000e+00   9.4816102e-07   2.7736219e-06   3.7614266e-06   3.7124569e-06   3.9578472e-06   3.9675610e-06   3.3274212e-06   2.1314579e-06   1.2284247e-06   1.1631921e-06   9.2514614e-07   6.6109652e-07   5.0040217e-07   3.4031450e-07   3.2148625e-07   1.7379966e-07   1.6406126e-07   1.0875836e-07   5.4196192e-08   1.1373118e-07   2.4903879e-09   4.9137384e-08
   0.0000000e+00   1.3559535e-06   2.8634354e-06   3.5371304e-06   3.9672518e-06   4.0792406e-06   4.0572395e-06   3.1989059e-06   2.2516310e-06   1.5463407e-06   1.0569406e-06   9.0785181e-07   6.2056614e-07   5.2441931e-07   4.4193689e-07   2.7008571e-07   2.2544658e-07   1.5956121e-07   1.7641830e-07   9.1175259e-08   6.5648912e-08   9.0896854e-08   6.0018102e-08
   0.0000000e+00   1.0011171e-06   2.4971118e-06   3.8403000e-06   4.0359255e-06   4.0643968e-06   4.3636514e-06   3.0994529e-06   2.0614850e-06   1.7204560e-06   8.8254126e-07   7.1555166e-07   7.3075500e-07   6.2362585e-07   3.7084189e-07   3.4567117e-07   2.5516394e-07   2.0067957e-07   1.6370748e-07   1.6206995e-07   1.1888904e-07   1.0424306e-07   9.2696368e-08
   0.0000000e+00   7.6866735e-07   3.1179263e-06   3.5217199e-06   3.7653285e-06   4.0859545e-06   3.7881391e-06   3.3180124e-06   2.2903423e-06   1.2072921e-06   1.3258361e-06   9.6428278e-07   7.2048039e-07   5.2129349e-07   4.3461930e-07   3.4745818e-07   3.0069418e-07   2.1237625e-07   1.1685640e-07   1.4452445e-07   1.8183071e-07   5.5279376e-08   5.5301236e-08
   0.0000000e+00   1.4292320e-06   2.4201804e-06   3.9028555e-06   3.8804583e-06   3.9741444e-06   4.2736051e-06   3.4565569e-06   2.0899572e-06   1.5888417e-06   1.0245742e-06   9.0482382e-07   6.1564208e-07   5.8287975e-07   5.4660393e-07   3.1908218e-07   2.1976422e-07   2.1105831e-07   2.1789089e-07   1.7216747e-07  -6.8526260e-09   8.4825032e-08   1.0437419e-07
   0.0000000e+00   1.1821261e-06   2.8109441e-06   3.5438329e-06   3.9218726e-06   4.2620127e-06   4.1064309e-06   2.9385540e-06   2.2300146e-06   1.4658672e-06   1.1824698e-06   8.0360735e-07   8.1086273e-07   5.4820373e-07   4.4827593e-07   3.7985009e-07   2.7615994e-07   2.0825111e-07   1.6567138e-07   4.0555271e-08   1.1004306e-07   6.2904483e-08  -2.9922354e-08
   0.0000000e+00   8.9016578e-07   2.8163656e-06   3.7196010e-06   3.9158999e-06   3.9721454e-06   4.1228477e-06   3.3355893e-06   2.1994178e-06   1.6174141e-06   1.0447091e-06   8.5597287e-07   7.5399748e-07   6.4427905e-07   4.4636303e-07   3.3826637e-07   2.0871997e-07   1.9294237e-07   8.6314067e-08   1.3931708e-07   1.1297260e-07  -1.5918630e-08   5.6054068e-09
   0.0000000e+00   1.0171572e-06   2.8205450e-06   3.7629159e-06   3.9050797e-06   3.9345782e-06   4.0423160e-06   3.4027323e-06   2.2180745e-06   1.3657448e-06   1.1311928e-06   1.0231659e-06   6.5737424e-07   5.7487159e-07   4.3006253e-07   2.5002407e-07   2.8322449e-07   1.6857555e-07   1.7104274e-07   7.0968881e-08  -3.4318354e-08   6.0910871e-08   6.6724610e-08
   0.0000000e+00   1.3501024e-06   2.6822081e-06   3.5609942e-06   3.9052888e-06   4.4851258e-06   3.8851003e-06   3.2387459e-06   2.1494805e-06   1.4367422e-06   1.3150594e-06   8.3644863e-07   6.1444047e-07   5.8776300e-07   4.3729645e-07   3.9310311e-07   2.1327462e-07   1.1341279e-07   3.2154915e-08   9.1022009e-08   1.0641034e-07   2.2070944e-08  -8.8879105e-08
   0.0000000e+00   9.7945087e-07   2.6820144e-06   3.7192456e-06   3.8095764e-06   3.7531938e-06   4.5481806e-06   3.1795871e-06   2.1488211e-06   1.7075979e-06   8.7254625e-07   7.7107279e-07   8.7173663e-07   5.9861912e-07   3.6019600e-07   2.1852581e-07   1.5731754e-07   1.8821463e-07   1.6886518e-07   2.8962127e-08   2.0374477e-08  -3.2524337e-08   5.6468096e-08
   0.0000000e+00   1.2174216e-06   2.7696260e-06   3.8693656e-06   3.8613516e-06   4.1419553e-06   3.8398130e-06   3.2932414e-06   2.2940044e-06   1.4181097e-06   1.1800627e-06   9.9898875e-07   5.7307153e-07   3.9753809e-07   4.6400177e-07   3.8685832e-07   2.0665806e-07   9.9541005e-08   6.5531907e-08   1.1626305e-07  -8.3569631e-09   5.3366595e-08  -7.0449786e-08
   0.0000000e+00   7.8975279e-07   2.9123923e-06   3.4314564e-06   4.2274605e-06   4.0030936e-06   4.2241686e-06   3.2520634e-06   2.1236713e-06   1.3965082e-06   1.2169774e-06   7.1178050e-07   7.4919200e-07   5.9001871e-07   4.2063527e-07   1.7697491e-07   1.7084643e-07   2.1288780e-07   1.0537526e-07   1.7879189e-09   6.0628210e-08   4.1249768e-09   2.2132500e-08
   0.0000000e+00   1.5312742e-06   2.4232193e-06   3.6577378e-06   3.5456990e-06   4.2974179e-06   3.9994979e-06   3.3512099e-06   2.2669622e-06   1.6185567e-06   9.4015246e-07   9.5089945e-07   5.8095708e-07   5.6845789e-07   3.7084894e-07   2.1959742e-07   2.4542101e-07   1.0571080e-07   1.7123661e-08   1.7357326e-07   5.4023520e-08  -3.5509519e-08   1.0225548e-08
   0.0000000e+00   6.9449339e-07   3.0077954e-06   3.9022402e-06   3.8890580e-06   3.9316719e-06   4.1757858e-06   3.2268788e-06   2.1110293e-06   1.4332940e-06   1.2664356e-06   8.3309408e-07   7.2008362e-07   4.8234847e-07   2.7330552e-07   3.7865868e-07   1.5968833e-07   4.2227036e-08   2.0412767e-07  -3.2598194e-08  -2.2022097e-09   6.5186654e-08  -6.7246582e-08
   0.0000000e+00   1.2799609e-06   2.5925203e-06   3.6336824e-06   4.0041741e-06   4.0434443e-06   4.2092761e-06   3.3236161e-06   2.1626865e-06   1.6076118e-06   9.5175869e-07   8.7845558e-07   6.1363994e-07   4.6290415e-07   4.6876099e-07   1.8706766e-07   7.0226356e-08   2.2673044e-07   5.9685341e-09   7.9698445e-08  -2.0706469e-08  -3.7863714e-08  -1.9078058e-08
   0.0000000e+00   1.0774859e-06   2.6875086e-06   3.3227766e-06   3.9931997e-06   4.1445201e-06   3.9395622e-06   3.1842753e-06   2.3446014e-06   1.3927595e-06   1.2240347e-06   7.8330532e-07   6.4938143e-07   5.8184139e-07   2.7444986e-07   2.3688504e-07   2.2467768e-07   4.9111499e-08   8.6675122e-08  -5.1181267e-08   9.9303790e-08  -6.4848372e-08  -1.5655064e-07
   0.0000000e+00   1.0373255e-06   2.7277501e-06   4.1065819e-06   3.6029683e-06   4.1498483e-06   4.1662461e-06   3.4038485e-06   2.0931234e-06   1.5097959e-06   1.0529674e-06   8.0561614e-07   6.8067027e-07   4.3193512e-07   3.8598759e-07   2.1111661e-07   2.0228454e-07   1.2807755e-07   6.8282007e-09   1.0741661e-07  -7.3361292e-08  -3.5429927e-08   2.8703059e-08
   0.0000000e+00   9.8834334e-07   2.8549107e-06   3.4804975e-06   4.0735963e-06   3.9090505e-06   4.3785226e-06   3.0854542e-06   2.2843039e-06   1.4877817e-06   1.1078458e-06   8.5343328e-07   5.9930653e-07   4.2419575e-07   4.0561343e-07   2.8486141e-07   1.8091789e-07   6.6140920e-08   1.1120878e-07   9.7664433e-08  -1.1728503e-08   1.5421266e-08   3.3294047e-08
   0.0000000e+00   1.1774192e-06   2.5531815e-06   3.6495805e-06   3.7601692e-06   4.2204788e-06   3.7449395e-06   3.4277452e-06   2.0109142e-06   1.4964601e-06   1.0429402e-06   7.8572697e-07   6.7918899e-07   6.1707271e-07   3.1681003e-07   2.6163991e-07   1.6825000e-07   1.8600575e-07   1.7338679e-07  -3.6464133e-08   1.2106420e-07   9.4356579e-08  -5.5936741e-08
   0.0000000e+00   1.0653789e-06   2.9504142e-06   3.4953450e-06   4.2448673e-06   4.0555478e-06   4.4096805e-06   3.2046712e-06   2.4454159e-06   1.5260302e-06   1.0646556e-06   8.7586460e-07   5.9563297e-07   3.6031454e-07   5.5287512e-07   2.8363067e-07   2.4646459e-07   1.6257842e-07   6.3529278e-08   1.7624519e-07   8.0672741e-08   7.2476680e-10   7.7250697e-08
   0.0000000e+00   1.0761125e-06   2.3408220e-06   4.1231401e-06   3.4893885e-06   4.1803801e-06   3.8755065e-06   3.3419974e-06   2.0032380e-06   1.3505703e-06   1.1733274e-06   7.6702747e-07   7.1354441e-07   7.8686355e-07   1.8993920e-07   4.0849375e-07   1.9130276e-07   1.8299889e-07   2.4577290e-07   6.0157014e-08   3.8619955e-08   1.4469467e-07  -2.3486125e-08
   0.0000000e+00   8.7682201e-07   3.0227468e-06   3.4020111e-06   3.9589522e-06   3.9736833e-06   4.4180965e-06   3.2271009e-06   2.3439150e-06   1.6386905e-06   1.0194078e-06   9.6432370e-07   6.5451678e-07   3.8091656e-07   5.6286427e-07   3.2096480e-07   3.4780305e-07   2.1328276e-07   4.0645833e-08   2.0071725e-07   1.7681273e-07  -6.2374689e-08   1.3111423e-07
   0.0000000e+00   1.4277259e-06   2.6551320e-06   3.6863385e-06   4.2346255e-06   4.1920548e-06   4.0303785e-06   3.3507270e-06   1.9988436e-06   1.4410357e-06   1.1056136e-06   7.4103627e-07   7.4948980e-07   7.1286343e-07   4.4536455e-07   3.1172704e-07   1.6906343e-07   3.0442686e-07   2.7215771e-07   4.7122402e-08   5.5257516e-08   1.8923667e-07  -1.6405519e-08
   0.0000000e+00   6.9974709e-07   2.8250849e-06   3.6208705e-06   3.7151271e-06   4.1105036e-06   4.0706691e-06   3.2165392e-06   2.4669080e-06   1.5390181e-06   1.2421249e-06   9.4693593e-07   6.5638324e-07   4.3223946e-07   5.0552910e-07   4.4154569e-07   3.4474428e-07   1.5617178e-07   5.8610329e-08   2.5211179e-07   1.4128759e-07   1.6436409e-09   9.7876644e-08
   0.0000000e+00   1.2048451e-06   2.4498652e-06   3.9024235e-06   3.8223402e-06   4.0559557e-06   4.2279580e-06   3.4751636e-06   1.9641814e-06   1.4808475e-06   9.2249411e-07   8.5246046e-07   8.5703152e-07   6.8049735e-07   4.4160029e-07   2.9134708e-07   1.9930069e-07   2.8749756e-07   2.6475070e-07   6.9193291e-08   8.5937994e-09   9.3528293e-08   1.2504989e-07
   0.0000000e+00   1.1297618e-06   2.9412979e-06   3.6007186e-06   4.0802715e-06   4.2008505e-06   4.2231368e-06   3.0770409e-06   2.5098911e-06   1.4976322e-06   1.4106756e-06   9.0263296e-07   5.7913411e-07   5.4506614e-07   4.8258283e-07   3.6975715e-07   4.2340454e-07   5.0125820e-08   1.0876877e-07   1.6199976e-07   1.0280254e-07   7.8843719e-08  -7.5502150e-08
   0.0000000e+00   1.0188357e-06   2.6132088e-06   3.6253725e-06   3.7885759e-06   4.1265794e-06   3.9986353e-06   3.4357470e-06   1.9982574e-06   1.5788162e-06   8.3312221e-07   9.4011341e-07   7.8514341e-07   6.4984181e-07   4.2375891e-07   3.2105373e-07   1.2724128e-07   3.1564178e-07   1.5261891e-07   4.9778432e-08   5.5766044e-08   3.4308353e-08   7.3103443e-08
   0.0000000e+00   8.5347818e-07   2.8491997e-06   3.5968594e-06   4.0996451e-06   4.0537448e-06   4.3113587e-06   3.3589763e-06   2.3416756e-06   1.5453825e-06   1.3450747e-06   8.1841267e-07   6.5478076e-07   5.1305705e-07   4.9194330e-07   3.3443331e-07   3.0479137e-07   6.5618359e-08   1.6609313e-07   5.6068753e-08   4.5501842e-08   5.5592558e-08  -7.9975941e-08
   0.0000000e+00   1.1905214e-06   2.5843347e-06   4.0612108e-06   3.6531351e-06   4.2516413e-06   4.0683285e-06   3.0931894e-06   2.0484047e-06   1.4940738e-06   1.0027112e-06   9.1264235e-07   7.6246562e-07   6.1495984e-07   3.5236795e-07   3.3226721e-07   1.7062601e-07   1.9506015e-07   7.8734594e-08   5.1696929e-08   3.2079694e-08  -2.1654177e-08   5.3128829e-08
   0.0000000e+00   1.1135180e-06   2.7726066e-06   3.2665064e-06   4.3072628e-06   3.9519045e-06   4.1861822e-06   3.6223023e-06   2.4824569e-06   1.4732393e-06   1.2624464e-06   8.0483841e-07   6.6867750e-07   5.4550048e-07   5.0669581e-07   2.8834447e-07   2.4147255e-07   1.5637495e-07   6.9149067e-08   5.1835684e-08   6.8769914e-08   2.7616007e-08  -4.6413305e-08
   0.0000000e+00   1.1002164e-06   2.7983929e-06   3.9236452e-06   3.6651961e-06   4.2131319e-06   4.1703274e-06   3.0842068e-06   2.0671043e-06   1.4998535e-06   1.0020826e-06   1.0042668e-06   7.2326907e-07   5.8384751e-07   3.7961087e-07   3.6759712e-07   2.0392922e-07   1.3663330e-07   1.3419246e-07   1.0703977e-07   4.0015930e-08   3.5695216e-08   4.2707189e-08
   0.0000000e+00   7.3060710e-07   2.7603937e-06   3.7510008e-06   4.0984864e-06   4.1982462e-06   4.2213464e-06   3.2998214e-06   2.2559977e-06   1.6448489e-06   1.2558625e-06   7.9102688e-07   7.8513824e-07   4.5209651e-07   5.2932910e-07   2.8207927e-07   2.6025899e-07   1.4150991e-07   1.3812735e-07   9.5269364e-08   8.7482377e-08   3.1543802e-08   2.5761661e-08
   0.0000000e+00   1.5171150e-06   2.6296966e-06   3.6771910e-06   3.7443922e-06   4.2249112e-06   4.0688369e-06   3.4597199e-06   2.2006332e-06   1.6378772e-06   8.8402794e-07   9.3509169e-07   6.6079605e-07   7.4526906e-07   3.7271988e-07   3.1156398e-07   1.6982135e-07   2.6412962e-07   1.5865047e-07   6.4175566e-08   5.4243216e-08   6.3224718e-08   5.3675468e-08
   0.0000000e+00   8.0640143e-07   2.8831478e-06   3.8335079e-06   4.2202100e-06   3.9456086e-06   4.3134905e-06   3.2379191e-06   2.3197645e-06   1.2680129e-06   1.4426240e-06   9.1876876e-07   6.7794531e-07   4.1680516e-07   4.6240416e-07   3.3697700e-07   3.4720549e-07   7.5926195e-08   1.2570305e-07   1.1041168e-07   1.2656768e-07   8.7134211e-08  -5.8554377e-08
   0.0000000e+00   1.4015563e-06   2.8542620e-06   3.5988030e-06   3.9153560e-06   4.3895602e-06   4.0172363e-06   3.4343320e-06   2.1923086e-06   1.5627966e-06   1.0043032e-06   8.2978522e-07   6.9527709e-07   6.6647152e-07   4.3933454e-07   3.1064138e-07   1.4753840e-07   2.4998857e-07   1.5316013e-07   7.9028254e-08   6.8231486e-08   7.6526883e-09   9.4722978e-08
   0.0000000e+00   7.2471886e-07   2.6703615e-06   3.8216563e-06   4.0041464e-06   3.8645549e-06   4.4337435e-06   3.1030734e-06   2.2562217e-06   1.6206453e-06   1.1545353e-06   7.9704984e-07   6.9271670e-07   5.5482406e-07   3.8572901e-07   3.3295746e-07   2.8346196e-07   9.7447888e-08   1.1879821e-07   6.3558524e-08   6.9281938e-08   5.5070139e-08  -4.1800551e-08
   0.0000000e+00   1.5491818e-06   2.8264371e-06   3.8772596e-06   3.8294156e-06   4.6030091e-06   3.9346505e-06   3.4974121e-06   2.1578994e-06   1.4550510e-06   9.8541852e-07   9.3946937e-07   6.7439333e-07   4.9358289e-07   4.4884902e-07   2.6062597e-07   1.7226378e-07   1.9320481e-07   4.7311374e-08   6.3131743e-08   4.2450633e-08   2.4604612e-09   2.1415124e-08
   0.0000000e+00   8.5639152e-07   2.9542325e-06   3.7013067e-06   4.1567582e-06   3.8202083e-06   4.2709853e-06   3.3047640e-06   2.2115894e-06   1.5193563e-06   1.1560211e-06   7.6326916e-07   6.8442279e-07   5.4649689e-07   3.9662646e-07   2.9114369e-07   1.4038881e-07   1.0363313e-07   1.2917278e-07   5.9328574e-08   4.0766736e-08   1.6989006e-08   3.8484043e-08
   0.0000000e+00   1.2954694e-06   2.6749738e-06   3.7782570e-06   3.8247531e-06   4.3199057e-06   4.2217462e-06   3.1189065e-06   2.2473914e-06   1.4425924e-06   1.0521532e-06   9.7452312e-07   5.7441162e-07   5.1976173e-07   3.0473495e-07   3.0146094e-07   2.5817977e-07   8.3129045e-08   1.4404717e-08   8.7113762e-08   9.3485532e-08   1.8573452e-09  -8.5426555e-09
   0.0000000e+00   1.1711015e-06   2.8977556e-06   3.7393122e-06   4.3025893e-06   4.0299446e-06   4.2488491e-06   3.5776391e-06   2.2910326e-06   1.3896209e-06   1.2347883e-06   5.5323778e-07   7.8961091e-07   5.0046191e-07   4.1074347e-07   2.5555494e-07   8.9686949e-08   1.4995118e-07   1.5097207e-07   5.6848542e-08  -2.6402317e-08   1.7592882e-08   4.3777835e-09
   0.0000000e+00   1.2045964e-06   2.7582696e-06   3.9212860e-06   3.7042578e-06   4.3329464e-06   3.9890233e-06   3.1337065e-06   2.0253947e-06   1.6916573e-06   9.6758686e-07   1.0260841e-06   5.4732169e-07   5.4300330e-07   3.9854012e-07   2.3429908e-07   2.0803979e-07   1.5290598e-07   6.9691630e-08   3.9197090e-08   4.0292733e-08   3.7951238e-09  -7.6900335e-08
   0.0000000e+00   9.9615920e-07   3.0180142e-06   3.5195967e-06   4.2082006e-06   4.1495055e-06   4.3249038e-06   3.4086606e-06   2.3249092e-06   1.4066013e-06   1.1018105e-06   7.8798274e-07   7.0183739e-07   4.9773507e-07   3.8119214e-07   3.0217032e-07   1.9740075e-07   1.3850801e-07   1.2715400e-07   2.8080409e-08   6.0907958e-08   9.1001802e-09  -3.4024605e-08
   0.0000000e+00   1.3619117e-06   2.7457497e-06   4.1172143e-06   3.8237322e-06   4.1050657e-06   4.1409180e-06   3.3182400e-06   2.1641947e-06   1.5459856e-06   1.0594806e-06   9.0696540e-07   7.0140408e-07   4.8251451e-07   4.4544285e-07   2.7703237e-07   2.4365110e-07   1.1887398e-07   9.1303583e-08   1.5581172e-07   2.7531859e-08   1.6936557e-08   3.3067341e-08
   0.0000000e+00   1.1291467e-06   2.8697664e-06   3.5887631e-06   4.0435543e-06   4.1413969e-06   4.2622987e-06   3.1654806e-06   2.3667533e-06   1.4218424e-06   1.1989770e-06   8.4184205e-07   5.9769042e-07   6.6177256e-07   3.5747854e-07   3.5393231e-07   2.3255957e-07   1.1893336e-07   1.5304128e-07   5.7294127e-08   5.0017761e-08   3.0965069e-08   4.1192404e-08
   0.0000000e+00   1.2681251e-06   2.5781735e-06   3.8613330e-06   4.0064137e-06   4.2879810e-06   4.0736181e-06   3.4610350e-06   2.0150612e-06   1.5272460e-06   1.1057579e-06   7.7986584e-07   8.2608750e-07   5.0660520e-07   4.2960650e-07   2.3785027e-07   1.6325782e-07   2.3553166e-07   9.1958313e-08   3.1563999e-08   6.1683259e-08   5.2059857e-08  -1.3413866e-08
   0.0000000e+00   9.8004671e-07   3.2025168e-06   3.6453139e-06   4.0411792e-06   4.0220343e-06   4.0965847e-06   3.2084765e-06   2.3594503e-06   1.5754861e-06   1.0928802e-06   9.3971920e-07   5.9500661e-07   4.8386460e-07   5.0325343e-07   3.5036538e-07   1.8589333e-07   1.0741022e-07   7.8295919e-08   6.1976763e-08   6.3270299e-08  -3.6453547e-09  -1.1919989e-08
   0.0000000e+00   1.3636326e-06   2.6929413e-06   3.8886442e-06   3.8249991e-06   4.1491139e-06   4.2568449e-06   3.4737375e-06   1.9616809e-06   1.4584568e-06   1.0358040e-06   8.2351102e-07   7.0033587e-07   6.2708705e-07   3.0212090e-07   2.8491479e-07   1.4101995e-07   1.8864132e-07   8.5188937e-08   5.0134670e-08   5.3797149e-09   1.0844706e-08  -3.3043428e-08
   0.0000000e+00   1.0550867e-06   2.7614983e-06   3.6481149e-06   3.9934989e-06   4.1275598e-06   4.2148336e-06   2.9977880e-06   2.3604252e-06   1.5026561e-06   1.1488542e-06   8.3321606e-07   6.5898683e-07   4.7957923e-07   4.4158477e-07   2.2146750e-07   3.0301615e-07   9.5754714e-08  -4.1314642e-08   1.2036841e-07   7.7613670e-08  -1.0179900e-07   2.9798537e-08
   0.0000000e+00   1.2490060e-06   2.6771095e-06   3.8202288e-06   3.9831011e-06   4.1434005e-06   3.8822072e-06   3.3893732e-06   2.1689666e-06   1.3534481e-06   1.0301835e-06   8.5827349e-07   6.4844193e-07   6.3513875e-07   3.3723541e-07   2.9890819e-07   1.2135749e-07   9.6204637e-08   1.9905325e-07   2.6893932e-08  -1.1253098e-07   4.9883951e-08  -1.3092233e-08
   0.0000000e+00   1.0818228e-06   3.0246426e-06   3.7202706e-06   3.8698195e-06   4.0527957e-06   4.2958918e-06   3.1963732e-06   2.1829997e-06   1.5703818e-06   1.1200036e-06   8.1030237e-07   6.6815483e-07   3.5633164e-07   4.3051944e-07   3.2170766e-07   1.4495214e-07   1.2665686e-07   3.2682156e-08   5.2851536e-08   5.6481831e-08  -1.8881670e-08  -4.3892555e-08
   0.0000000e+00   1.1073910e-06   2.6067967e-06   3.6545155e-06   3.8356970e-06   4.1138219e-06   4.0365535e-06   3.2870466e-06   1.9987924e-06   1.4174319e-06   1.0361333e-06   8.1661904e-07   7.0852900e-07   6.1017226e-07   3.8294897e-07   2.1031080e-07   2.3239976e-07   1.2859691e-07   1.1769031e-07  -8.1667639e-10   2.7441324e-08   1.6232230e-08  -1.4724172e-09
   0.0000000e+00   1.1214778e-06   2.9053781e-06   3.6143556e-06   4.0445134e-06   4.0229002e-06   4.1133189e-06   3.1917994e-06   2.2383035e-06   1.5387469e-06   1.0730233e-06   7.8858045e-07   6.3467417e-07   4.7168035e-07   4.2347756e-07   2.2875369e-07   2.0711670e-07   1.5799871e-07   9.1024383e-08   1.1499581e-07   6.6891090e-08   2.8812439e-08   2.4975044e-08
