   0.0000000e+00   1.4643939e-06   3.4395298e-06   4.8332149e-06   4.6965697e-06   4.8267293e-06   4.6706814e-06   3.7942475e-06   2.5585325e-06   1.5114073e-06   1.2507751e-06   1.0528936e-06   6.8146409e-07   6.5437581e-07   3.8569021e-07   4.4648064e-07   2.9237174e-07   1.4091201e-07   1.3562294e-07   1.3053250e-07   6.3574639e-08   1.1096748e-07   1.0120686e-07
   0.0000000e+00   1.5289046e-06   3.5266241e-06   4.3593436e-06   4.5967540e-06   4.8363549e-06   4.9088781e-06   3.6767594e-06   2.5553550e-06   1.6765302e-06   1.2072913e-06   8.5428417e-07   8.0552309e-07   6.3066312e-07   5.5342281e-07   2.0157351e-07   2.9461370e-07   1.7624122e-07   2.2452015e-07   1.0227115e-07   1.0036074e-07   1.2497094e-07   1.0767723e-07
   0.0000000e+00   1.4648094e-06   3.5088908e-06   4.8892266e-06   4.7113249e-06   4.8243419e-06   4.7834869e-06   3.7804518e-06   2.2690870e-06   1.8772976e-06   1.3281870e-06   9.8860141e-07   7.9722179e-07   5.3045358e-07   4.4223432e-07   5.0583060e-07   1.5827992e-07   1.9175735e-07   1.3576819e-07   1.1286220e-07   1.8124668e-07   6.0978593e-08   1.1221987e-08
   0.0000000e+00   1.2696707e-06   3.7551254e-06   4.3143973e-06   4.7645408e-06   4.7525523e-06   4.6915802e-06   3.8928788e-06   2.6374548e-06   1.5561658e-06   1.0857367e-06   9.9485931e-07   8.2239643e-07   6.8859470e-07   5.2443653e-07   2.6903484e-07   2.4671940e-07   2.4021335e-07   1.8221674e-07   5.4967146e-08   4.0185164e-08   9.1709246e-08   1.0634059e-07
   0.0000000e+00   1.3330366e-06   3.2834482e-06   4.6478785e-06   4.6637774e-06   4.7993872e-06   4.8419693e-06   3.7925211e-06   2.5955642e-06   1.8075186e-06   1.4148687e-06   9.6224869e-07   6.7570591e-07   5.4826199e-07   4.2233233e-07   4.0277237e-07   2.1043253e-07   1.5000219e-07   4.3208804e-08   1.8130595e-07   1.2538634e-07  -2.0973497e-08  -3.7093919e-08
   0.0000000e+00   1.5849279e-06   3.6864367e-06   4.6458958e-06   4.8057705e-06   4.9936507e-06   4.8070478e-06   3.5327823e-06   2.4105675e-06   1.5549273e-06   1.1996229e-06   9.7553152e-07   8.5365622e-07   7.9304436e-07   3.7146484e-07   2.5748244e-07   2.7261794e-07   1.7045970e-07   1.5109003e-07   2.6097505e-08  -7.0740338e-09   4.1614253e-08   1.1914594e-07
   0.0000000e+00   1.4701491e-06   3.3635977e-06   4.5766051e-06   4.6147861e-06   4.6480263e-06   4.9687192e-06   4.0941350e-06   2.6960695e-06   1.9689724e-06   1.2278665e-06   9.3362570e-07   6.2970224e-07   4.9415212e-07   4.7712149e-07   4.2014108e-07   1.2651014e-07   1.7061622e-07   1.6224570e-08   1.2132894e-07   6.4528585e-08  -2.3644350e-08  -1.0500118e-07
   0.0000000e+00   1.1729308e-06   3.6025629e-06   4.5264701e-06   4.7175740e-06   4.8630595e-06   4.5556176e-06   3.6947386e-06   2.3218688e-06   1.4856988e-06   1.2929937e-06   1.0415603e-06   8.9815217e-07   5.4603794e-07   4.6516550e-07   2.2883252e-07   1.9291176e-07   1.7706991e-07   1.2763236e-07   1.5491896e-08  -1.1869897e-08   1.4000711e-08  -4.9192796e-08
   0.0000000e+00   1.4815961e-06   3.6829913e-06   4.7728827e-06   4.7565536e-06   5.1499787e-06   4.9910918e-06   3.9007846e-06   2.7589863e-06   1.8803305e-06   1.2583495e-06   9.0519109e-07   6.0319843e-07   6.5796473e-07   4.9718869e-07   3.0061076e-07   2.0499601e-07   1.2597494e-07   1.5198610e-07   4.7733124e-08   3.8994695e-08  -7.0744344e-10   1.0796557e-07
   0.0000000e+00   1.3766078e-06   3.4110528e-06   4.5531197e-06   4.7830817e-06   4.5048332e-06   4.8592219e-06   3.6373153e-06   2.4183475e-06   1.7140368e-06   1.2611966e-06   9.0110359e-07   9.6014207e-07   5.1383466e-07   3.5579993e-07   3.0320317e-07   3.1632683e-07   1.6652098e-07   6.6380089e-08   2.1117472e-07   1.2970672e-07   1.0149255e-07   1.3714783e-09
   0.0000000e+00   1.6687367e-06   3.6034462e-06   4.5419088e-06   4.8587240e-06   5.0829376e-06   4.8228017e-06   3.9750585e-06   2.7437470e-06   1.5252314e-06   1.2764453e-06   1.1154673e-06   6.1295344e-07   6.7874873e-07   5.0953190e-07   2.9916745e-07   2.8406291e-07   1.7107979e-07   2.1733680e-07   1.3063442e-07   6.5325857e-08   1.3877471e-07   1.0266407e-07
   0.0000000e+00   1.2642469e-06   3.6322733e-06   4.7926801e-06   4.8236652e-06   4.7399813e-06   4.9057485e-06   3.9280662e-06   2.3189946e-06   1.9853944e-06   1.2606988e-06   8.7378913e-07   7.3346808e-07   5.9750192e-07   4.7152798e-07   3.5723963e-07   1.9244330e-07   1.7894421e-07   2.0871565e-07   7.5178001e-08   1.0766642e-07   2.2930196e-08   2.0020675e-08
   0.0000000e+00   1.4972660e-06   3.6747983e-06   4.7275335e-06   4.5913198e-06   5.0448170e-06   4.7008807e-06   3.5986404e-06   2.4817809e-06   1.5810958e-06   1.1672885e-06   9.6242877e-07   9.1646774e-07   5.7884120e-07   3.9398853e-07   3.4137477e-07   2.6463388e-07   2.1762474e-07   1.6401701e-08   7.2839832e-08   1.8720492e-08   1.4454193e-08  -9.0467282e-08
   0.0000000e+00   1.4271794e-06   3.4248972e-06   4.8082420e-06   4.8369748e-06   4.9697946e-06   5.1641941e-06   3.9929118e-06   2.7701872e-06   1.8054266e-06   1.2667765e-06   8.6127335e-07   6.0938407e-07   5.9138733e-07   4.8055591e-07   3.7368275e-07   1.2735623e-07   1.0525932e-07   1.6260992e-07   6.3891093e-08   3.6198795e-08  -2.1499060e-08   6.8500574e-09
   0.0000000e+00   1.8512917e-06   3.8352418e-06   4.4160943e-06   4.9152868e-06   4.7657927e-06   4.5319125e-06   3.4904997e-06   2.2867146e-06   1.3788144e-06   1.2539866e-06   1.0034830e-06   7.3635186e-07   5.6488051e-07   4.0983565e-07   1.9528404e-07   2.3998794e-07   2.3044859e-07   5.7143808e-08   7.2952304e-08   2.4815391e-08   2.7551994e-08   3.7533280e-08
   0.0000000e+00   1.1841295e-06   3.7413668e-06   4.7462927e-06   4.8602906e-06   4.8666861e-06   4.9201626e-06   4.1250032e-06   2.8041579e-06   1.7615366e-06   1.1709353e-06   8.2275824e-07   6.9352427e-07   5.8886332e-07   3.4049256e-07   4.0580653e-07   2.8455403e-07   7.1182662e-08   8.0398273e-08   1.2897785e-07   1.8121639e-07   1.0843576e-08  -4.2490388e-08
   0.0000000e+00   1.5912218e-06   3.4203938e-06   4.8449347e-06   4.6549653e-06   4.9927462e-06   4.8190386e-06   3.5182909e-06   2.0710120e-06   1.7329834e-06   1.0415964e-06   9.5247958e-07   7.7015136e-07   4.8396709e-07   4.8460896e-07   1.9488851e-07   1.4737581e-07   2.1881233e-07   2.6244987e-07   1.4602136e-07  -1.1002346e-07   1.2876086e-07   1.0348680e-07
   0.0000000e+00   1.5770588e-06   3.6670206e-06   4.6481432e-06   4.8135712e-06   4.7176645e-06   4.7724948e-06   3.8462517e-06   2.5929480e-06   1.7168971e-06   1.3569622e-06   8.3375301e-07   5.3228945e-07   5.6554529e-07   4.7011213e-07   3.7874727e-07   2.7087759e-07   8.5324992e-08   1.6771793e-07   5.1156103e-08   2.2092549e-07   5.9358317e-08  -3.6435452e-08
   0.0000000e+00   1.5192676e-06   3.6595327e-06   4.6532118e-06   4.6876603e-06   4.8078437e-06   4.8869151e-06   3.7383104e-06   2.4855283e-06   1.3019007e-06   1.0340522e-06   9.0910203e-07   9.4505572e-07   6.1821925e-07   3.7248822e-07   2.0413509e-07   2.1859977e-07   3.3379760e-07   1.4595392e-07   1.0304107e-07   7.6487275e-08   1.3138040e-07   6.7193234e-08
   0.0000000e+00   1.3896886e-06   3.8338362e-06   4.4112435e-06   4.8524762e-06   4.9247801e-06   4.5844668e-06   3.5913304e-06   2.5798658e-06   1.8716033e-06   1.4026602e-06   9.6546603e-07   5.1169428e-07   5.6175179e-07   4.5038510e-07   4.8727634e-07   3.1786635e-07   8.6359378e-08   1.3650524e-07   2.1519047e-07   1.6026820e-07   8.2705903e-08   2.1755843e-08
   0.0000000e+00   1.5724418e-06   3.2497935e-06   4.9386408e-06   4.6089253e-06   4.8228540e-06   4.8234692e-06   3.8674330e-06   2.3052944e-06   1.5678251e-06   1.0042994e-06   8.1711943e-07   9.9389683e-07   6.6945807e-07   4.8966712e-07   3.1648932e-07   2.0337822e-07   2.8169524e-07   2.5210522e-07   1.2788065e-07   1.1254363e-07   7.8260634e-08   1.8080722e-07
   0.0000000e+00   1.5667540e-06   3.5342700e-06   4.5105712e-06   4.6926048e-06   4.7024296e-06   4.7576023e-06   3.8285757e-06   2.4594813e-06   1.7730854e-06   1.2833125e-06   1.1308942e-06   6.3907027e-07   5.6950023e-07   5.3613218e-07   4.2838016e-07   3.3592787e-07   2.7653107e-07   1.3405887e-07   1.6548040e-07   2.4243644e-07   6.6267930e-08  -6.2585208e-08
   0.0000000e+00   1.1449703e-06   3.8107275e-06   4.5258826e-06   4.7719154e-06   4.8070319e-06   4.7188546e-06   3.5303137e-06   2.3848302e-06   1.7003819e-06   1.2430739e-06   9.4894290e-07   7.7598247e-07   6.9361533e-07   5.6917645e-07   3.2716031e-07   2.2124634e-07   3.3808342e-07   2.5451905e-07   1.7820976e-07   8.1580304e-10   9.8426526e-08   1.2841357e-07
   0.0000000e+00   1.6032727e-06   3.5782532e-06   4.5539587e-06   4.6962832e-06   4.7260573e-06   4.9213058e-06   3.8678968e-06   2.7502656e-06   1.5193471e-06   1.2927758e-06   8.9601861e-07   8.6139056e-07   6.5834286e-07   4.0400698e-07   4.8594319e-07   4.0752593e-07   1.3476337e-07   1.7575904e-07   1.9145975e-07   1.8834507e-07  -9.2062962e-09  -8.8751200e-08
   0.0000000e+00   1.6313768e-06   3.2797766e-06   4.6446839e-06   4.5800939e-06   4.8629258e-06   4.5761808e-06   3.6435792e-06   2.3524703e-06   1.6941417e-06   1.2209955e-06   9.7101326e-07   7.9590404e-07   6.7686187e-07   5.6475187e-07   3.0096959e-07   3.2762915e-07   2.4463901e-07   2.0328484e-07   1.1811243e-07  -1.3694829e-08   1.1056618e-09   2.0191974e-08
   0.0000000e+00   1.0082817e-06   3.5157964e-06   4.7167282e-06   4.7983008e-06   4.8095035e-06   4.7659159e-06   3.7843483e-06   2.4376566e-06   1.8257035e-06   1.2668074e-06   1.0155620e-06   7.0777247e-07   5.8127364e-07   5.2415282e-07   3.9148051e-07   2.1715306e-07   2.0836194e-07   1.8538630e-07   6.9547141e-08   1.3662540e-08   6.9051168e-08  -1.0794508e-07
   0.0000000e+00   1.5582042e-06   3.8244798e-06   4.3375094e-06   4.5879633e-06   4.9108221e-06   4.7931835e-06   3.8034184e-06   2.5599848e-06   1.5288681e-06   1.1094301e-06   1.0093700e-06   7.8691204e-07   6.3303213e-07   4.7920736e-07   2.6087474e-07   3.2996627e-07   2.3059782e-07   9.3498464e-08   4.3216648e-08   1.3981023e-07  -4.3790308e-08  -2.4069111e-08
   0.0000000e+00   1.4199013e-06   3.4617042e-06   4.6162113e-06   4.7831641e-06   4.4972376e-06   4.8721499e-06   3.7529592e-06   2.3558862e-06   1.8070127e-06   1.3363348e-06   8.3181624e-07   7.2684679e-07   5.8021226e-07   4.3648402e-07   4.1025106e-07   2.3286400e-07   8.8236064e-08   1.9563512e-07   1.5722540e-07   8.9159116e-09   7.0312574e-08   5.7971100e-08
   0.0000000e+00   1.5565607e-06   3.2424580e-06   4.7512576e-06   4.6982564e-06   5.0487183e-06   4.6719333e-06   3.6198317e-06   2.6624818e-06   1.4878593e-06   1.2894416e-06   9.1834585e-07   7.5222380e-07   6.9717856e-07   4.0248307e-07   3.3764655e-07   2.3020689e-07   2.5044477e-07   1.1437096e-07   1.1847806e-07   8.8801173e-08   3.3904570e-08   1.1891490e-07
   0.0000000e+00   1.0982567e-06   3.5615265e-06   4.6327673e-06   4.7471053e-06   4.7406152e-06   4.8454035e-06   3.9132483e-06   2.4978415e-06   1.8334661e-06   1.1937545e-06   8.9318650e-07   8.8841483e-07   5.2795951e-07   4.9868498e-07   4.1378871e-07   3.0686536e-07   1.9181611e-07   1.5047981e-07   7.5406930e-08   1.5461475e-07   1.0072442e-07  -4.8067221e-08
   0.0000000e+00   1.5040438e-06   4.0071995e-06   4.2995634e-06   4.6430505e-06   4.9286296e-06   4.7027579e-06   3.7144086e-06   2.3717726e-06   1.6488747e-06   1.0945471e-06   1.1856448e-06   6.9576737e-07   6.5452150e-07   6.2878155e-07   3.4122846e-07   2.0001320e-07   2.8992298e-07   1.7556596e-07   1.5042686e-07   7.8424428e-08   1.4513314e-08   1.6173743e-07
   0.0000000e+00   1.5138054e-06   3.1769466e-06   4.8194656e-06   4.8190554e-06   4.7226199e-06   4.9986943e-06   3.9409651e-06   2.5631487e-06   1.8485555e-06   1.3839752e-06   8.8421314e-07   7.7200565e-07   7.2134367e-07   4.8420895e-07   4.9767107e-07   3.3310297e-07   2.2291377e-07   2.0393719e-07   1.6802973e-07   1.2567050e-07   1.5161987e-07  -1.3648690e-08
   0.0000000e+00   1.2829678e-06   3.4742316e-06   4.7323015e-06   4.6546261e-06   4.8193860e-06   4.6759155e-06   3.5155281e-06   2.5318182e-06   1.5119314e-06   1.2241516e-06   1.0925138e-06   8.8679263e-07   7.5732447e-07   5.0254948e-07   3.0953839e-07   4.3163962e-07   2.7154334e-07   1.5688055e-07   2.0562811e-07   1.4385041e-07   8.5305722e-08   1.3566471e-07
   0.0000000e+00   1.5062229e-06   3.7217544e-06   4.5497832e-06   4.8043275e-06   5.0803251e-06   4.8714010e-06   4.0268865e-06   2.6525222e-06   1.8049483e-06   1.4296689e-06   8.3439835e-07   7.5675365e-07   6.7310981e-07   5.9404664e-07   5.1353817e-07   2.2608786e-07   1.7417281e-07   3.1385707e-07   1.2392938e-07   1.5762397e-07   9.7093697e-08  -1.5315625e-09
   0.0000000e+00   1.4139108e-06   3.6176900e-06   4.4308313e-06   4.7677017e-06   4.7296421e-06   4.7360736e-06   3.5730461e-06   2.3912178e-06   1.5770928e-06   1.1255698e-06   1.1386254e-06   9.2008889e-07   5.8299645e-07   5.0007668e-07   3.3471119e-07   2.6229566e-07   3.4561745e-07   1.3492031e-07   1.2485626e-07   4.7868479e-08   7.8747519e-08   5.1159713e-08
   0.0000000e+00   1.3305222e-06   3.5249818e-06   4.8008942e-06   4.7970534e-06   4.7171393e-06   4.8258657e-06   4.0780469e-06   2.4828548e-06   1.9477809e-06   1.3035366e-06   8.8942068e-07   7.8260638e-07   5.2431153e-07   5.4520433e-07   3.5371056e-07   3.8650018e-07   1.0441367e-07   8.3239229e-08   1.5656342e-07   1.7129153e-07  -6.5549726e-09  -1.7368844e-08
   0.0000000e+00   1.5707463e-06   3.5268638e-06   4.7884837e-06   4.5786733e-06   4.9035780e-06   5.0104818e-06   3.4906730e-06   2.4447090e-06   1.5648476e-06   1.1525271e-06   9.4730626e-07   6.7103582e-07   8.2686671e-07   4.4773742e-07   3.0505097e-07   1.7661269e-07   2.7788445e-07   2.4749312e-07   1.2827576e-07  -1.2846193e-08   1.6320708e-08   1.6044775e-07
   0.0000000e+00   1.4199359e-06   3.5848702e-06   4.4100939e-06   4.7775065e-06   4.9768332e-06   4.4910794e-06   3.7444927e-06   2.6997759e-06   1.6110137e-06   1.3773252e-06   9.9716499e-07   7.1378480e-07   4.9768590e-07   4.8280810e-07   4.3722764e-07   3.3902560e-07   1.9021982e-07   9.2296702e-08   1.5318642e-07   1.4840376e-07   1.2159678e-07  -1.0700291e-07
   0.0000000e+00   1.2958008e-06   3.5898709e-06   4.6593850e-06   4.9320288e-06   4.7073604e-06   4.8039951e-06   3.9926399e-06   2.4396184e-06   1.5915783e-06   1.1380203e-06   9.2107342e-07   8.5811712e-07   7.2511074e-07   4.2639519e-07   3.8983001e-07   2.2090143e-07   2.6094406e-07   2.5754127e-07   6.7797885e-08   5.1831858e-08   7.0728710e-08   1.1973493e-07
   0.0000000e+00   1.7235690e-06   3.5460712e-06   4.7205472e-06   4.4989692e-06   4.6754976e-06   4.9147170e-06   3.4993921e-06   2.3160512e-06   1.8156015e-06   1.3174524e-06   8.9214080e-07   7.2341709e-07   6.0533404e-07   5.0510329e-07   4.2635207e-07   2.5132636e-07   1.6840923e-07   1.0364297e-07   1.5552200e-07   9.3839574e-08   8.9531937e-09  -7.1523045e-09
   0.0000000e+00   1.2779070e-06   3.6539343e-06   4.5692750e-06   4.7554513e-06   4.9238142e-06   4.8279280e-06   3.8873568e-06   2.4577880e-06   1.7206207e-06   1.1092602e-06   9.6914118e-07   8.5761144e-07   5.7073953e-07   5.0126584e-07   3.0052169e-07   2.9601182e-07   2.0021145e-07   8.3105625e-08   6.0257129e-08   1.2899689e-08  -1.1490022e-08  -8.7805319e-08
   0.0000000e+00   1.3604003e-06   3.5852695e-06   4.6231171e-06   4.7156605e-06   5.0115168e-06   4.5186480e-06   3.6482693e-06   2.6905332e-06   1.5181370e-06   1.2234043e-06   1.0204401e-06   7.4437105e-07   6.2006893e-07   5.7622026e-07   2.7964415e-07   2.6791838e-07   1.5109275e-07   8.9634753e-08   9.0369440e-08  -5.1156587e-08  -5.0540827e-08  -6.2660433e-08
   0.0000000e+00   1.5910898e-06   3.4258264e-06   4.5607671e-06   4.8584247e-06   4.4486669e-06   4.8015368e-06   3.7757618e-06   2.3626278e-06   1.7061355e-06   1.3627357e-06   9.2489682e-07   7.0743442e-07   6.3061896e-07   4.5509486e-07   3.6858111e-07   2.5423671e-07   1.1641880e-07   1.4124905e-07  -1.0893514e-08   2.8336933e-08  -4.8617700e-08  -7.2585323e-08
   0.0000000e+00   1.5518530e-06   3.7414366e-06   4.6863829e-06   4.5786355e-06   5.0394524e-06   5.0353060e-06   3.8955795e-06   2.3664568e-06   1.7526748e-06   1.1615342e-06   8.1889038e-07   9.2553825e-07   6.4190255e-07   4.2241484e-07   3.0751795e-07   1.6251774e-07   1.5944464e-07   4.9083624e-08   6.3097907e-08  -6.2226199e-08  -1.6140628e-08  -1.4185281e-07
   0.0000000e+00   1.3719442e-06   3.5002199e-06   4.7154663e-06   4.6565165e-06   4.8171219e-06   4.5854031e-06   3.5450694e-06   2.6542891e-06   1.6773586e-06   1.2676139e-06   1.1465788e-06   6.2833141e-07   5.6136037e-07   4.1056040e-07   3.7820260e-07   1.6810993e-07   2.8485896e-08   9.7973690e-08  -7.0495233e-08   6.7818338e-09  -5.4830942e-08  -1.4342723e-07
   0.0000000e+00   1.2951397e-06   3.6034407e-06   4.4431958e-06   4.9496689e-06   4.8276870e-06   4.7229933e-06   3.9613228e-06   2.5467677e-06   1.6679339e-06   1.0996786e-06   1.0137441e-06   6.7170140e-07   5.8620174e-07   4.5318902e-07   2.0334531e-07   9.1803443e-08   2.0867783e-07   5.0328133e-09   2.0813655e-08   8.3332994e-09  -7.6912919e-08   1.7035504e-08
   0.0000000e+00   1.6120217e-06   3.6788101e-06   4.7515800e-06   4.6064069e-06   4.8516708e-06   5.0264653e-06   3.7191960e-06   2.4542471e-06   1.7322295e-06   1.3899395e-06   8.4557456e-07   8.1230280e-07   6.4704517e-07   3.1028287e-07   2.5399748e-07   2.7325964e-07   1.2995164e-07   1.0629817e-08   1.1105925e-07   8.6521609e-08   5.3641266e-08  -5.1135132e-08
   0.0000000e+00   1.6809645e-06   3.4427651e-06   4.6363070e-06   4.7332405e-06   4.6925675e-06   4.7907824e-06   3.7895675e-06   2.5252193e-06   1.8644904e-06   1.2446642e-06   8.7840675e-07   7.6218686e-07   5.7430134e-07   5.0364446e-07   3.5802341e-07   1.8977020e-07   1.2512963e-07   1.7475179e-07   1.6259615e-07   4.8369447e-08   1.0790537e-08   1.9526340e-07
   0.0000000e+00   1.2459651e-06   3.5685857e-06   4.5537722e-06   4.8682446e-06   5.0706362e-06   4.7255999e-06   3.9331808e-06   2.5688591e-06   1.5298859e-06   1.3043045e-06   1.0464503e-06   8.7927236e-07   4.3257489e-07   5.2333809e-07   3.4971993e-07   2.1667266e-07   2.5473113e-07   1.4245427e-07   1.1555539e-07   1.0663764e-07   1.2212264e-07   1.9924505e-08
   0.0000000e+00   1.3105714e-06   3.5744949e-06   4.7687249e-06   4.6028772e-06   4.7928365e-06   4.8630745e-06   3.6547297e-06   2.6443768e-06   1.7050838e-06   1.2440761e-06   1.0933561e-06   6.4008708e-07   7.6262120e-07   5.2324157e-07   2.9542844e-07   3.4362583e-07   2.2461960e-07   1.9154209e-07   1.7665303e-07   1.7427134e-07   9.8054059e-08   3.9029963e-08
   0.0000000e+00   1.6788409e-06   3.7875027e-06   4.5338957e-06   4.7605067e-06   4.7368385e-06   4.8628754e-06   3.8255271e-06   2.4471062e-06   1.9117781e-06   1.2584842e-06   8.1678843e-07   8.0226283e-07   7.0801002e-07   4.7232339e-07   3.4610713e-07   3.8249618e-07   1.8539981e-07   2.4949071e-07   2.1273326e-07   5.0708344e-08   1.3818189e-07   1.4267809e-07
   0.0000000e+00   1.2843933e-06   3.3559659e-06   4.5916245e-06   4.7708854e-06   4.9628761e-06   4.7163876e-06   3.8949652e-06   2.5358593e-06   1.5301889e-06   1.2231313e-06   1.0256133e-06   8.2020915e-07   6.2572536e-07   3.3072018e-07   5.0079638e-07   3.5155506e-07   1.7205856e-07   2.7221591e-07   1.6145525e-07   1.8208036e-07   1.3190692e-07   3.1285868e-08
   0.0000000e+00   1.6738666e-06   3.4896013e-06   4.6049167e-06   4.7258018e-06   4.7896906e-06   4.8503280e-06   3.6631327e-06   2.4520189e-06   1.7323110e-06   1.2305477e-06   9.5512269e-07   7.4411764e-07   5.5960481e-07   6.4259007e-07   3.6837599e-07   1.9646929e-07   2.9402636e-07   2.5965139e-07   1.2876887e-07   1.5851818e-07   1.6058671e-07   9.2296624e-09
   0.0000000e+00   1.1296237e-06   3.8035455e-06   4.6130976e-06   4.7171379e-06   4.7967737e-06   4.7706831e-06   3.8297071e-06   2.5247684e-06   1.6657507e-06   1.2831634e-06   8.9786568e-07   6.8623353e-07   6.5009749e-07   5.3217860e-07   4.0698205e-07   2.5886141e-07   3.1412662e-07   1.7229114e-07   1.0613484e-07   2.1463215e-07   6.9901496e-08   1.0088298e-07
   0.0000000e+00   1.5401488e-06   3.3424947e-06   4.6962000e-06   4.6982241e-06   4.8594693e-06   4.9687451e-06   3.7180014e-06   2.5466559e-06   1.6178604e-06   1.1156634e-06   9.2901547e-07   9.5722714e-07   5.8566525e-07   4.7532285e-07   3.5688063e-07   3.9558884e-07   2.3424167e-07   1.3712449e-07   2.2888594e-07   7.2399921e-08   5.2032274e-08   7.2975119e-08
   0.0000000e+00   1.5165660e-06   3.4931797e-06   4.5542224e-06   4.8927313e-06   4.7349240e-06   4.5208149e-06   3.8251555e-06   2.3901737e-06   1.6749818e-06   1.3639195e-06   9.3426644e-07   6.9958764e-07   7.5266252e-07   5.2249374e-07   4.3591044e-07   2.9595219e-07   2.3687849e-07   1.9999291e-07   2.0474778e-07   5.7629798e-08   5.9359890e-09   7.2634037e-08
   0.0000000e+00   1.3054337e-06   3.9355446e-06   4.5502175e-06   4.4548001e-06   5.1063616e-06   4.8956426e-06   3.7205252e-06   2.5354659e-06   1.7402502e-06   1.1314745e-06   1.0825813e-06   7.7391462e-07   5.5526681e-07   6.0993648e-07   4.3683659e-07   3.1186627e-07   2.8935335e-07   1.5825061e-07   6.8364962e-08   1.0645576e-07   5.7145623e-08  -7.8876276e-08
   0.0000000e+00   1.5252152e-06   3.1965217e-06   4.7252511e-06   4.9187256e-06   4.6664322e-06   4.9126779e-06   3.8893063e-06   2.4854623e-06   1.6650389e-06   1.2643829e-06   9.9485260e-07   7.7879417e-07   8.0471051e-07   4.2221455e-07   4.1862867e-07   2.6634225e-07   2.1101620e-07   2.2314219e-07   4.1140776e-08   1.1112201e-07   1.5653137e-08  -1.0420479e-07
   0.0000000e+00   1.3021540e-06   3.5976452e-06   4.6727782e-06   4.7843032e-06   4.7450849e-06   4.7377375e-06   3.5885973e-06   2.5527559e-06   1.7997130e-06   1.2700928e-06   9.1776411e-07   8.8668452e-07   6.3700946e-07   5.5400528e-07   3.7809198e-07   2.1028853e-07   2.3269374e-07   1.3166881e-07   1.2784686e-07  -5.6034295e-08  -3.7279261e-08   6.8177080e-08
   0.0000000e+00   1.6132755e-06   3.6712331e-06   4.6929617e-06   4.7790199e-06   4.9218215e-06   4.8432589e-06   4.0383538e-06   2.4393048e-06   1.6151723e-06   1.3039901e-06   9.9901592e-07   7.4693941e-07   6.2598332e-07   4.4406482e-07   3.9775759e-07   4.0130251e-07   2.8785035e-08   1.0654200e-07   5.3058645e-08  -6.3505086e-09   2.8263347e-08  -9.8379630e-08
   0.0000000e+00   1.5422314e-06   3.8231656e-06   4.3929672e-06   4.5601259e-06   5.0888448e-06   4.8802945e-06   3.6103770e-06   2.6660507e-06   1.6952596e-06   1.2185693e-06   1.0470833e-06   8.4483770e-07   6.0960787e-07   5.7366236e-07   2.3071611e-07   1.7802029e-07   2.5178065e-07   8.5416358e-09   6.9639654e-08   6.5197277e-08  -9.0181430e-08  -2.1638517e-08
   0.0000000e+00   1.0139502e-06   3.3280069e-06   4.8491565e-06   4.9963310e-06   4.6654536e-06   4.6856426e-06   3.8830772e-06   2.3809860e-06   1.8416901e-06   1.2711514e-06   9.0099383e-07   7.5885356e-07   6.1733454e-07   5.5058240e-07   3.6889503e-07   1.9021553e-07   1.3059095e-07   1.3358648e-07  -8.9745420e-09  -1.5596468e-08   4.8643336e-08  -1.0977976e-07
   0.0000000e+00   2.0349078e-06   3.5061321e-06   4.7840240e-06   4.7314643e-06   4.8728334e-06   5.0077879e-06   3.7211516e-06   2.6582964e-06   1.5603405e-06   1.1158070e-06   1.0766413e-06   8.4936738e-07   6.3732142e-07   4.6158269e-07   3.1385284e-07   2.6956457e-07   1.7012289e-07   8.8539487e-08   6.8638151e-08  -1.8097127e-08  -4.7620791e-08   1.1601441e-07
   0.0000000e+00   1.1614482e-06   3.8967114e-06   4.5591255e-06   4.6305900e-06   4.7984981e-06   4.7679519e-06   3.8872363e-06   2.4565677e-06   1.7516968e-06   1.5059941e-06   8.3387016e-07   7.7081842e-07   7.0265202e-07   4.1997683e-07   4.2072077e-07   2.1575981e-07   1.0102815e-07   9.3914274e-08   1.3001281e-07   6.7967186e-08   1.8507514e-08   3.9688595e-09
   0.0000000e+00   1.4813077e-06   3.5386624e-06   4.4868948e-06   4.8861716e-06   5.2055152e-06   4.6260297e-06   3.7366362e-06   2.4317296e-06   1.5623168e-06   1.2149079e-06   1.0757635e-06   6.6929061e-07   7.8493065e-07   4.5441132e-07   2.8696553e-07   2.3129722e-07   1.6764054e-07   1.7109940e-07  -7.1020536e-09   5.5399774e-08   9.7173533e-08  -2.9127499e-08
   0.0000000e+00   1.5685989e-06   3.3645354e-06   4.8576617e-06   4.8223369e-06   4.4985190e-06   5.0776061e-06   3.7650479e-06   2.5988365e-06   1.8036874e-06   1.0369630e-06   9.5128087e-07   9.3552467e-07   4.0522136e-07   4.7929467e-07   3.3907719e-07   1.8455530e-07   2.0378315e-07   7.9397156e-09   1.0200568e-07   4.8506028e-08  -2.2879831e-08   2.4615980e-09
   0.0000000e+00   1.4082327e-06   3.8740955e-06   4.5278471e-06   4.5994811e-06   4.8025790e-06   4.6505106e-06   3.6537629e-06   2.4318852e-06   1.6432454e-06   1.2994241e-06   1.0175156e-06   7.1288247e-07   6.6014201e-07   3.9052858e-07   3.1960340e-07   1.5522278e-07   6.1914967e-08   1.2100071e-07   6.9206230e-08  -1.0963128e-08  -4.4468376e-08  -4.0583723e-09
   0.0000000e+00   1.4741332e-06   3.3686460e-06   4.6696077e-06   4.8789725e-06   5.0854105e-06   4.8677325e-06   3.8139931e-06   2.4438016e-06   1.7656131e-06   1.2395908e-06   7.3020630e-07   7.5274579e-07   5.6523885e-07   5.3011462e-07   1.8384354e-07   2.4217900e-07   1.5104901e-07   7.8612139e-08   6.7118236e-08  -2.8723081e-08   4.1074930e-08  -8.6777639e-08
   0.0000000e+00   1.2871546e-06   3.6100712e-06   4.6996865e-06   4.4971298e-06   4.6844934e-06   4.6228670e-06   3.8590820e-06   2.4567748e-06   1.4038442e-06   1.3317961e-06   1.0540626e-06   7.4825834e-07   5.6315736e-07   3.7485640e-07   3.6009351e-07   1.9095363e-07   1.8459966e-07   1.2569608e-07   6.1952157e-08   1.3069459e-07   1.7974299e-09   5.8538781e-08
   0.0000000e+00   1.7722843e-06   3.7032194e-06   4.4384742e-06   4.8013044e-06   4.8132129e-06   4.7359504e-06   3.7087591e-06   2.5980503e-06   1.7799109e-06   1.2083188e-06   1.0350046e-06   7.0411033e-07   5.9094111e-07   4.9970805e-07   3.0418909e-07   2.5382539e-07   1.8241101e-07   2.0406664e-07   1.0559089e-07   7.5723818e-08   1.0470085e-07   6.6845956e-08
   0.0000000e+00   1.3503194e-06   3.2869420e-06   4.7899034e-06   4.8792631e-06   4.8032307e-06   5.0938297e-06   3.5950623e-06   2.3824009e-06   1.9812651e-06   1.0064864e-06   8.1499564e-07   8.3261892e-07   7.1425831e-07   4.2454570e-07   3.9612044e-07   2.9671912e-07   2.3647578e-07   1.9609244e-07   1.9525265e-07   1.4706673e-07   1.2743479e-07   1.1858760e-07
   0.0000000e+00   1.0865244e-06   4.0033015e-06   4.4219400e-06   4.5617626e-06   4.8292768e-06   4.4184899e-06   3.8545854e-06   2.6427156e-06   1.3843514e-06   1.5234119e-06   1.1021727e-06   8.2176319e-07   5.9382370e-07   4.9611123e-07   3.9937703e-07   3.4915044e-07   2.4718824e-07   1.3780654e-07   1.7357533e-07   2.1261938e-07   6.9384996e-08   7.1877565e-08
   0.0000000e+00   1.8508757e-06   3.1969425e-06   4.8635206e-06   4.7020758e-06   4.6962532e-06   4.9939176e-06   4.0057430e-06   2.4175115e-06   1.8273237e-06   1.1699969e-06   1.0343564e-06   6.9882873e-07   6.6533119e-07   6.2813479e-07   3.6699896e-07   2.5239112e-07   2.4472655e-07   2.5492344e-07   1.9472346e-07  -9.6922088e-09   9.9050141e-08   1.2175246e-07
   0.0000000e+00   1.5713415e-06   3.6458684e-06   4.4494923e-06   4.7454123e-06   5.0376916e-06   4.7904359e-06   3.4135981e-06   2.5698560e-06   1.6831235e-06   1.3597298e-06   9.1545280e-07   9.3116449e-07   6.2851171e-07   5.1694224e-07   4.4079877e-07   3.1882067e-07   2.4683322e-07   1.8882390e-07   4.6821235e-08   1.2522305e-07   6.7194271e-08  -3.9807979e-08
   0.0000000e+00   1.2238560e-06   3.6596787e-06   4.6511277e-06   4.7448229e-06   4.6940827e-06   4.8157067e-06   3.8660464e-06   2.5411355e-06   1.8637370e-06   1.1920005e-06   9.8293606e-07   8.6565262e-07   7.4304086e-07   5.1483732e-07   3.8731079e-07   2.4140854e-07   2.1645874e-07   1.0009374e-07   1.6153054e-07   1.2909555e-07  -1.6575413e-08   4.4930650e-09
   0.0000000e+00   1.3769073e-06   3.6603940e-06   4.7044455e-06   4.7272324e-06   4.6579435e-06   4.7174235e-06   3.9509023e-06   2.5588370e-06   1.5641259e-06   1.3004762e-06   1.1735543e-06   7.5349823e-07   6.6024131e-07   4.9023606e-07   2.8192625e-07   3.1743085e-07   1.8947019e-07   1.9365530e-07   7.7840149e-08  -3.6852523e-08   6.9179507e-08   8.1162305e-08
   0.0000000e+00   1.7655570e-06   3.5014459e-06   4.4698786e-06   4.7319008e-06   5.2927940e-06   4.5368456e-06   3.7552747e-06   2.4807139e-06   1.6520871e-06   1.5098842e-06   9.5946791e-07   6.9887147e-07   6.6998359e-07   4.9835342e-07   4.4514940e-07   2.3923582e-07   1.2597543e-07   3.2124543e-08   1.0530584e-07   1.2090787e-07   2.7663852e-08  -1.0042984e-07
   0.0000000e+00   1.3314041e-06   3.5009257e-06   4.6519840e-06   4.6174623e-06   4.4436370e-06   5.3094204e-06   3.6892263e-06   2.4807091e-06   1.9648637e-06   9.9439114e-07   8.7570146e-07   9.9748911e-07   6.8435469e-07   4.0713201e-07   2.4438421e-07   1.7800586e-07   2.1295234e-07   1.9563927e-07   3.0909817e-08   2.0576460e-08  -3.9089347e-08   5.9072573e-08
   0.0000000e+00   1.6085844e-06   3.6005522e-06   4.8266693e-06   4.6783639e-06   4.8936795e-06   4.4834073e-06   3.8219214e-06   2.6483992e-06   1.6267312e-06   1.3541920e-06   1.1376555e-06   6.5103580e-07   4.4523028e-07   5.2837925e-07   4.4244510e-07   2.3203744e-07   1.1133920e-07   7.3130259e-08   1.3109630e-07  -1.0806114e-08   5.6537619e-08  -8.0243360e-08
   0.0000000e+00   1.1101598e-06   3.7662016e-06   4.3165037e-06   5.0990993e-06   4.7355852e-06   4.9312548e-06   3.7753007e-06   2.4522280e-06   1.6057634e-06   1.3874270e-06   8.1366352e-07   8.4863262e-07   6.7250647e-07   4.7545609e-07   1.9348811e-07   1.9073292e-07   2.4638504e-07   1.1870231e-07   1.8038568e-09   6.9477920e-08   8.8682972e-09   2.6384221e-08
   0.0000000e+00   1.9677245e-06   3.1966488e-06   4.5694355e-06   4.3122773e-06   5.0689132e-06   4.6736413e-06   3.8894182e-06   2.6218327e-06   1.8616090e-06   1.0829420e-06   1.0840585e-06   6.6355636e-07   6.4521578e-07   4.1660783e-07   2.4528319e-07   2.8227188e-07   1.2013521e-07   2.5042661e-08   2.0615227e-07   6.9877181e-08  -3.5545025e-08   1.7984259e-08
   0.0000000e+00   9.9977683e-07   3.8666185e-06   4.8691204e-06   4.6976261e-06   4.6566352e-06   4.8698594e-06   3.7508171e-06   2.4377960e-06   1.6569450e-06   1.4554901e-06   9.6138535e-07   8.2119129e-07   5.4657289e-07   3.0271420e-07   4.2939521e-07   1.7493012e-07   4.7332048e-08   2.3365864e-07  -3.2590012e-08  -1.8129915e-09   7.5834002e-08  -7.4617532e-08
   0.0000000e+00   1.6706848e-06   3.3993642e-06   4.5352408e-06   4.8488509e-06   4.7681478e-06   4.9233286e-06   3.8532157e-06   2.5068521e-06   1.8508164e-06   1.0987229e-06   1.0036698e-06   7.0036441e-07   5.2009364e-07   5.2766529e-07   2.0287378e-07   7.3683040e-08   2.5463262e-07   8.5905087e-09   8.5587708e-08  -2.5149447e-08  -4.3606182e-08  -3.0272620e-08
   0.0000000e+00   1.4446967e-06   3.4897373e-06   4.1935436e-06   4.8185670e-06   4.9065466e-06   4.5889296e-06   3.7054911e-06   2.7064684e-06   1.6107570e-06   1.4022455e-06   8.9705912e-07   7.3378561e-07   6.5442282e-07   3.0320086e-07   2.6339168e-07   2.5171025e-07   5.6538997e-08   9.3827190e-08  -6.3156293e-08   1.0845547e-07  -8.5783199e-08  -1.9123841e-07
   0.0000000e+00   1.3906041e-06   3.5542639e-06   5.0901326e-06   4.3812843e-06   4.8939742e-06   4.8766087e-06   3.9452825e-06   2.4260489e-06   1.7305987e-06   1.2110349e-06   9.1101492e-07   7.6851876e-07   4.8288268e-07   4.3170709e-07   2.3552550e-07   2.3179814e-07   1.4239360e-07  -7.8347100e-11   1.1801298e-07  -9.6519706e-08  -5.1339800e-08   2.4775064e-08
   0.0000000e+00   1.3391032e-06   3.6918020e-06   4.3763275e-06   4.9160649e-06   4.6303189e-06   5.1038605e-06   3.5892015e-06   2.6347413e-06   1.7197264e-06   1.2626725e-06   9.7038605e-07   6.6913248e-07   4.7113906e-07   4.5655861e-07   3.2308660e-07   2.0328012e-07   7.0222463e-08   1.2732285e-07   1.0944799e-07  -1.2928124e-08   1.8500216e-08   4.3259700e-08
   0.0000000e+00   1.5553161e-06   3.3479032e-06   4.5635388e-06   4.5640804e-06   4.9825876e-06   4.3828813e-06   3.9758870e-06   2.3280329e-06   1.7144848e-06   1.1914534e-06   8.8635426e-07   7.6883822e-07   6.9359646e-07   3.5667006e-07   2.9332912e-07   1.8895699e-07   2.1699498e-07   1.9933206e-07  -3.9168725e-08   1.4356154e-07   1.1719926e-07  -6.1452937e-08
   0.0000000e+00   1.4306938e-06   3.8072142e-06   4.3900318e-06   5.1226816e-06   4.8000261e-06   5.1446727e-06   3.7260770e-06   2.8241268e-06   1.7575774e-06   1.2145777e-06   9.9395731e-07   6.6471443e-07   4.0830625e-07   6.2648309e-07   3.2701598e-07   2.8250446e-07   1.8473249e-07   7.4191924e-08   2.0181504e-07   9.2741416e-08  -3.3402641e-09   8.4606157e-08
   0.0000000e+00   1.4368493e-06   3.0987417e-06   5.1229217e-06   4.2457182e-06   4.9385030e-06   4.5337247e-06   3.8783987e-06   2.3137638e-06   1.5471159e-06   1.3368394e-06   8.6766119e-07   8.1638018e-07   8.9355188e-07   2.2032344e-07   4.6368422e-07   2.2374860e-07   2.1223062e-07   2.8578344e-07   7.2605772e-08   4.3697558e-08   1.6413095e-07  -2.5469966e-08
   0.0000000e+00   1.2091816e-06   3.8923608e-06   4.2788233e-06   4.7922599e-06   4.7061699e-06   5.1587062e-06   3.7501009e-06   2.7094245e-06   1.8815691e-06   1.1656414e-06   1.0988931e-06   7.3792472e-07   4.3688630e-07   6.3910562e-07   3.7702890e-07   4.0237211e-07   2.5036496e-07   4.8617409e-08   2.3047618e-07   2.0101103e-07  -7.4551934e-08   1.4342088e-07
   0.0000000e+00   1.8445464e-06   3.4647146e-06   4.6110717e-06   5.1160109e-06   4.9541568e-06   4.7130848e-06   3.8887802e-06   2.3053901e-06   1.6554949e-06   1.2578963e-06   8.4290497e-07   8.5523834e-07   8.1014713e-07   5.1638074e-07   3.5345440e-07   1.9776913e-07   3.5520003e-07   3.1640388e-07   5.3451732e-08   6.2686993e-08   2.1670400e-07  -1.3804320e-08
   0.0000000e+00   1.0024968e-06   3.6566969e-06   4.5362244e-06   4.5041834e-06   4.8666379e-06   4.7536296e-06   3.7408977e-06   2.8517682e-06   1.7687861e-06   1.4269455e-06   1.0779164e-06   7.4638348e-07   4.9167164e-07   5.7422898e-07   5.1588347e-07   3.9865100e-07   1.8327201e-07   6.7842002e-08   2.9205228e-07   1.6606305e-07   3.5790542e-09   1.1228347e-07
   0.0000000e+00   1.5790118e-06   3.2267308e-06   4.8571960e-06   4.6384530e-06   4.7915069e-06   4.9460127e-06   4.0307768e-06   2.2699844e-06   1.7013067e-06   1.0529499e-06   9.7552902e-07   9.7826660e-07   7.8080018e-07   5.1039621e-07   3.3166492e-07   2.3379337e-07   3.3092880e-07   3.0746034e-07   8.2766327e-08   6.2970464e-09   1.0630446e-07   1.4576237e-07
   0.0000000e+00   1.5038139e-06   3.7871100e-06   4.5158185e-06   4.9252649e-06   4.9760970e-06   4.9293826e-06   3.5807707e-06   2.9014270e-06   1.7271282e-06   1.6236065e-06   1.0302647e-06   6.6159464e-07   6.2113332e-07   5.5459702e-07   4.3010763e-07   4.8440910e-07   5.7048847e-08   1.2335268e-07   1.8434996e-07   1.1759050e-07   8.6045546e-08  -9.0568371e-08
   0.0000000e+00   1.3599778e-06   3.4185641e-06   4.5312127e-06   4.6006144e-06   4.8711163e-06   4.6794867e-06   3.9850665e-06   2.3104233e-06   1.8129076e-06   9.4781569e-07   1.0774129e-06   8.9455580e-07   7.4551832e-07   4.8409885e-07   3.6346853e-07   1.4896074e-07   3.6336274e-07   1.7799586e-07   5.7150295e-08   5.9405441e-08   4.0253745e-08   8.2752173e-08
   0.0000000e+00   1.1809014e-06   3.6812301e-06   4.5105808e-06   4.9493055e-06   4.8019897e-06   5.0316544e-06   3.9053612e-06   2.7006740e-06   1.7796742e-06   1.5411316e-06   9.2825559e-07   7.4283781e-07   5.8028911e-07   5.6042899e-07   3.8389413e-07   3.4865593e-07   7.3358159e-08   1.8886124e-07   5.9126471e-08   4.7110749e-08   5.8006687e-08  -9.1680121e-08
   0.0000000e+00   1.5618433e-06   3.3806416e-06   5.0433159e-06   4.4365765e-06   5.0207691e-06   4.7542694e-06   3.5835048e-06   2.3637858e-06   1.7070610e-06   1.1427801e-06   1.0379147e-06   8.6863940e-07   6.9776121e-07   3.9746240e-07   3.7594810e-07   1.9038872e-07   2.1940603e-07   8.0954912e-08   4.6773433e-08   2.5227525e-08  -3.2533222e-08   5.5186629e-08
   0.0000000e+00   1.4826356e-06   3.5983558e-06   4.1204580e-06   5.1979900e-06   4.6736245e-06   4.8870065e-06   4.2042016e-06   2.8637210e-06   1.6940160e-06   1.4448848e-06   9.1783147e-07   7.5746709e-07   6.2329434e-07   5.7965980e-07   3.3134066e-07   2.7298785e-07   1.7376485e-07   7.0206752e-08   5.0686445e-08   7.4006017e-08   2.7668722e-08  -5.3805923e-08
   0.0000000e+00   1.4612289e-06   3.6290385e-06   4.8895740e-06   4.4462231e-06   4.9848250e-06   4.8677707e-06   3.5780970e-06   2.3858288e-06   1.7208629e-06   1.1487665e-06   1.1488095e-06   8.2984008e-07   6.6606634e-07   4.3612749e-07   4.1827016e-07   2.3288015e-07   1.5215116e-07   1.5126641e-07   1.2325934e-07   4.7507619e-08   4.4325741e-08   5.3406541e-08
   0.0000000e+00   1.0351229e-06   3.5845005e-06   4.6863011e-06   4.9607352e-06   4.9583009e-06   4.9362216e-06   3.8301923e-06   2.6064477e-06   1.9011892e-06   1.4428765e-06   9.0551265e-07   8.9475566e-07   5.1625329e-07   6.0098438e-07   3.2519060e-07   2.9339458e-07   1.6066789e-07   1.5886289e-07   1.1203642e-07   1.0219343e-07   3.4872091e-08   2.5179883e-08
   0.0000000e+00   1.9499514e-06   3.4405464e-06   4.6031814e-06   4.5441602e-06   5.0037270e-06   4.7524477e-06   4.0219657e-06   2.5477559e-06   1.8863909e-06   1.0102984e-06   1.0701769e-06   7.5337857e-07   8.4855844e-07   4.2715382e-07   3.4913955e-07   1.9742497e-07   3.0382594e-07   1.8790817e-07   7.4582530e-08   6.0165476e-08   7.1641345e-08   6.0439575e-08
   0.0000000e+00   1.1289192e-06   3.7242144e-06   4.7907856e-06   5.1003408e-06   4.6711421e-06   5.0434778e-06   3.7606746e-06   2.6818029e-06   1.4566283e-06   1.6633782e-06   1.0471822e-06   7.7279049e-07   4.7067459e-07   5.2520625e-07   3.9019258e-07   3.9617541e-07   9.0497728e-08   1.4429908e-07   1.2803385e-07   1.4961282e-07   1.0033654e-07  -6.0441380e-08
   0.0000000e+00   1.8142714e-06   3.7080063e-06   4.5086940e-06   4.7514432e-06   5.1887891e-06   4.6951654e-06   3.9893594e-06   2.5335853e-06   1.7983283e-06   1.1431658e-06   9.4819620e-07   7.8816117e-07   7.6633057e-07   5.0571970e-07   3.5273337e-07   1.7363635e-07   2.8785638e-07   1.7893770e-07   9.0551971e-08   7.4584094e-08   1.1730354e-08   1.0905561e-07
   0.0000000e+00   1.0386872e-06   3.4778377e-06   4.7800854e-06   4.8429620e-06   4.5794418e-06   5.1781690e-06   3.6004710e-06   2.6049163e-06   1.8611332e-06   1.3208625e-06   9.0141049e-07   7.9150908e-07   6.3013329e-07   4.4240747e-07   3.8729598e-07   3.2474691e-07   1.1192175e-07   1.3013073e-07   6.6222761e-08   7.8444806e-08   6.2917877e-08  -4.2695529e-08
   0.0000000e+00   1.9881536e-06   3.6764252e-06   4.8329907e-06   4.6499213e-06   5.4318880e-06   4.5957954e-06   4.0603882e-06   2.4890649e-06   1.6680506e-06   1.1190450e-06   1.0690416e-06   7.6030778e-07   5.6362927e-07   5.1099590e-07   2.9582520e-07   1.9649727e-07   2.1357154e-07   4.7222944e-08   6.3735669e-08   4.2813671e-08   6.7396405e-10   2.3286191e-08
   0.0000000e+00   1.1938350e-06   3.8101082e-06   4.6382506e-06   5.0202707e-06   4.5261754e-06   4.9897621e-06   3.8352064e-06   2.5511795e-06   1.7430884e-06   1.3168311e-06   8.6575909e-07   7.7849614e-07   6.1881207e-07   4.5243183e-07   3.2833773e-07   1.5083107e-07   1.1179786e-07   1.4035193e-07   6.6983326e-08   5.1517599e-08   2.7100054e-08   5.1639333e-08
   0.0000000e+00   1.6953055e-06   3.4993227e-06   4.7199514e-06   4.6433993e-06   5.1065458e-06   4.9297018e-06   3.6210306e-06   2.5972563e-06   1.6494837e-06   1.2046039e-06   1.1076991e-06   6.5236276e-07   5.9068952e-07   3.4038098e-07   3.3888335e-07   2.8675714e-07   8.5584702e-08   1.1118478e-08   1.0314424e-07   1.1615693e-07   1.0546225e-08  -1.6766647e-09
   0.0000000e+00   1.5576095e-06   3.7463903e-06   4.6803420e-06   5.1946863e-06   4.7684148e-06   4.9717578e-06   4.1578451e-06   2.6426189e-06   1.6003455e-06   1.4058171e-06   6.2774444e-07   8.9648535e-07   5.6572827e-07   4.6412833e-07   2.8158092e-07   9.4838029e-08   1.6793223e-07   1.7388997e-07   6.7487697e-08  -2.9404163e-08   2.0325778e-08  -2.1174500e-10
   0.0000000e+00   1.5916287e-06   3.5924238e-06   4.8889315e-06   4.5013830e-06   5.1292009e-06   4.6605887e-06   3.6389470e-06   2.3428593e-06   1.9382871e-06   1.1105085e-06   1.1656161e-06   6.1870617e-07   6.1250978e-07   4.4596339e-07   2.6452932e-07   2.3545836e-07   1.7412036e-07   7.8792688e-08   4.3286843e-08   4.2735667e-08  -3.3402203e-09  -9.8028508e-08
   0.0000000e+00   1.3507964e-06   3.8883518e-06   4.4243784e-06   5.0856884e-06   4.9073155e-06   5.0573244e-06   3.9623615e-06   2.6825742e-06   1.6202093e-06   1.2527557e-06   8.9935992e-07   7.9011971e-07   5.6258824e-07   4.3360291e-07   3.3972447e-07   2.2569039e-07   1.5845197e-07   1.4579958e-07   2.9310284e-08   6.7957096e-08   7.8730178e-09  -4.5508749e-08
   0.0000000e+00   1.7764356e-06   3.5783212e-06   5.1133002e-06   4.6413184e-06   4.8590441e-06   4.8393135e-06   3.8516414e-06   2.5024697e-06   1.7738847e-06   1.2154029e-06   1.0304843e-06   8.0433784e-07   5.4936845e-07   5.0882073e-07   3.2053845e-07   2.7868822e-07   1.3711946e-07   1.0687241e-07   1.8338940e-07   3.5758077e-08   2.3023530e-08   4.2530477e-08
   0.0000000e+00   1.5059495e-06   3.7139600e-06   4.5098941e-06   4.8898187e-06   4.9002056e-06   4.9776004e-06   3.6767619e-06   2.7325605e-06   1.6360424e-06   1.3759222e-06   9.6422366e-07   6.8278337e-07   7.6153270e-07   4.1311836e-07   4.0650261e-07   2.6900321e-07   1.3511783e-07   1.7703745e-07   6.9425013e-08   5.9441277e-08   3.7447560e-08   5.0859086e-08
   0.0000000e+00   1.6685034e-06   3.3862300e-06   4.8127777e-06   4.8586285e-06   5.0646604e-06   4.7644953e-06   4.0168775e-06   2.3287546e-06   1.7560953e-06   1.2633120e-06   8.9241843e-07   9.4664529e-07   5.8388423e-07   4.9199849e-07   2.6890905e-07   1.8394203e-07   2.7000812e-07   1.0233234e-07   3.3669238e-08   7.3420999e-08   6.2145730e-08  -1.1381650e-08
   0.0000000e+00   1.3350152e-06   4.1026883e-06   4.5777106e-06   4.8832098e-06   4.7700137e-06   4.7784165e-06   3.7289592e-06   2.7237502e-06   1.8065399e-06   1.2540570e-06   1.0706070e-06   6.7833889e-07   5.4894014e-07   5.7519247e-07   4.0359893e-07   2.0898493e-07   1.1783705e-07   8.6694051e-08   6.6678318e-08   7.0404887e-08  -1.1672402e-09  -1.4502317e-08
   0.0000000e+00   1.7769671e-06   3.5201774e-06   4.8453949e-06   4.6501013e-06   4.8945008e-06   4.9834680e-06   4.0280729e-06   2.2612096e-06   1.6799604e-06   1.1763299e-06   9.3899018e-07   7.9733667e-07   7.1676027e-07   3.4369404e-07   3.2103432e-07   1.5790762e-07   2.1250551e-07   9.2432948e-08   5.4740180e-08   6.4283880e-09   1.0117075e-08  -3.4110219e-08
   0.0000000e+00   1.4249805e-06   3.5885794e-06   4.5767861e-06   4.8247357e-06   4.8945444e-06   4.9100963e-06   3.4811032e-06   2.7246997e-06   1.7188137e-06   1.3190256e-06   9.4994743e-07   7.4967460e-07   5.4445621e-07   4.9997453e-07   2.5107238e-07   3.4394938e-07   1.0678143e-07  -5.1193627e-08   1.4008819e-07   8.9554845e-08  -1.1741097e-07   2.6002997e-08
   0.0000000e+00   1.6393054e-06   3.4962161e-06   4.7672820e-06   4.8289176e-06   4.8839211e-06   4.5415286e-06   3.9251736e-06   2.5003569e-06   1.5526989e-06   1.1749559e-06   9.7860971e-07   7.3807496e-07   7.2406857e-07   3.8506641e-07   3.3555401e-07   1.3466527e-07   1.0789716e-07   2.2919252e-07   3.0239026e-08  -1.3258040e-07   5.2028231e-08  -1.7835191e-08
   0.0000000e+00   1.4552196e-06   3.8966791e-06   4.6524760e-06   4.6817545e-06   4.7996159e-06   5.0045182e-06   3.7086033e-06   2.5163895e-06   1.8020435e-06   1.2793824e-06   9.2266851e-07   7.5887039e-07   4.0149192e-07   4.8419787e-07   3.6491269e-07   1.5907295e-07   1.3858696e-07   3.3312922e-08   5.7011924e-08   6.4543762e-08  -2.6872247e-08  -5.5405508e-08
   0.0000000e+00   1.4691360e-06   3.4096922e-06   4.5782340e-06   4.6478349e-06   4.8521733e-06   4.7127214e-06   3.8077658e-06   2.3010259e-06   1.6270670e-06   1.1828892e-06   9.2570053e-07   8.0617997e-07   6.9141868e-07   4.3395713e-07   2.3347918e-07   2.6022761e-07   1.4368520e-07   1.3035094e-07  -3.7017798e-09   1.9887729e-08   1.0780120e-08  -1.6750299e-08
   0.0000000e+00   1.5026295e-06   3.7577565e-06   4.5216916e-06   4.8904053e-06   4.7572603e-06   4.7987360e-06   3.7014700e-06   2.5838481e-06   1.7645623e-06   1.2252544e-06   8.9648626e-07   7.1508742e-07   5.3606777e-07   4.7895998e-07   2.5885586e-07   2.3664531e-07   1.8133896e-07   1.0648411e-07   1.2760772e-07   7.7109839e-08   2.6688245e-08   3.1927257e-08
