   0.0000000e+00   1.9653705e-06   4.5158172e-06   5.9898080e-06   5.5923888e-06   5.5797068e-06   5.3244253e-06   4.2944966e-06   2.8799075e-06   1.6880820e-06   1.3912957e-06   1.1700630e-06   7.5324414e-07   7.1428525e-07   4.2516149e-07   4.9824820e-07   3.3162920e-07   1.6244861e-07   1.5264567e-07   1.5165240e-07   6.7699020e-08   1.2950461e-07   1.2288092e-07
   0.0000000e+00   2.0631653e-06   4.6123605e-06   5.4377488e-06   5.4834509e-06   5.5915425e-06   5.6003660e-06   4.1660678e-06   2.8767711e-06   1.8728417e-06   1.3462735e-06   9.4217978e-07   8.8964242e-07   7.0700980e-07   6.1837034e-07   2.2368451e-07   3.2875329e-07   1.9374576e-07   2.5383474e-07   1.1152309e-07   1.1681156e-07   1.5180714e-07   1.3496383e-07
   0.0000000e+00   1.9654401e-06   4.5963693e-06   6.0451462e-06   5.6110971e-06   5.5786350e-06   5.4547195e-06   4.2839119e-06   2.5505963e-06   2.1101187e-06   1.4791616e-06   1.1059032e-06   8.9315120e-07   5.9072107e-07   4.9683439e-07   5.6762400e-07   1.7155625e-07   2.0861229e-07   1.4795441e-07   1.2925027e-07   2.1020220e-07   7.1074723e-08   1.7192740e-08
   0.0000000e+00   1.7613590e-06   4.8666243e-06   5.3887607e-06   5.6732260e-06   5.4979273e-06   5.3529534e-06   4.4149360e-06   2.9806163e-06   1.7391536e-06   1.2155416e-06   1.1099851e-06   9.2021781e-07   7.7125082e-07   5.8806671e-07   2.9884663e-07   2.7337646e-07   2.7145023e-07   2.0891197e-07   6.3636961e-08   4.2435929e-08   1.0546885e-07   1.1594395e-07
   0.0000000e+00   1.8171788e-06   4.3363848e-06   5.7657358e-06   5.5531846e-06   5.5501637e-06   5.5253263e-06   4.3038563e-06   2.9282573e-06   2.0344517e-06   1.5828106e-06   1.0746334e-06   7.4924537e-07   6.0688001e-07   4.6376780e-07   4.4620131e-07   2.2850931e-07   1.6221585e-07   4.0626009e-08   1.9964156e-07   1.4510714e-07  -2.9036464e-08  -3.7248871e-08
   0.0000000e+00   2.1096896e-06   4.7898393e-06   5.7651964e-06   5.7185780e-06   5.7724665e-06   5.4861034e-06   4.0072619e-06   2.7171047e-06   1.7380409e-06   1.3392413e-06   1.0864474e-06   9.4774191e-07   8.8198590e-07   4.0874349e-07   2.8262434e-07   3.0158384e-07   1.8762972e-07   1.6758661e-07   3.2816310e-08  -1.0000559e-08   5.1312984e-08   1.3608077e-07
   0.0000000e+00   1.9824033e-06   4.4186545e-06   5.6847693e-06   5.5006681e-06   5.3755630e-06   5.6709850e-06   4.6416785e-06   3.0434780e-06   2.2134657e-06   1.3708268e-06   1.0324929e-06   6.9450437e-07   5.4284715e-07   5.3042504e-07   4.6617743e-07   1.3058175e-07   1.8325889e-07   1.4327139e-08   1.3349833e-07   6.4810209e-08  -3.5054406e-08  -1.2663571e-07
   0.0000000e+00   1.6302155e-06   4.7005506e-06   5.6276667e-06   5.6135573e-06   5.6266549e-06   5.1962797e-06   4.1931626e-06   2.6129173e-06   1.6641120e-06   1.4406892e-06   1.1664155e-06   9.9393651e-07   6.0212449e-07   5.1068253e-07   2.4336180e-07   2.0629399e-07   1.8997038e-07   1.3636362e-07   5.3138169e-09  -2.1810186e-08  -5.1776832e-09  -7.7697791e-08
   0.0000000e+00   1.9974063e-06   4.7852723e-06   5.9119488e-06   5.6690942e-06   5.9508666e-06   5.7004645e-06   4.4250960e-06   3.1167494e-06   2.1114179e-06   1.4180481e-06   9.9735382e-07   6.6365209e-07   7.2195013e-07   5.4791690e-07   3.2408559e-07   2.1661182e-07   1.3363656e-07   1.6159005e-07   5.1250947e-08   2.8946864e-08  -8.2753493e-09   1.1757473e-07
   0.0000000e+00   1.8706545e-06   4.4795115e-06   5.6652166e-06   5.6949225e-06   5.2235459e-06   5.5483952e-06   4.1258231e-06   2.7303875e-06   1.9295853e-06   1.4035481e-06   1.0095340e-06   1.0665243e-06   5.6659928e-07   3.8627226e-07   3.3260920e-07   3.5434670e-07   1.8524270e-07   8.5133500e-08   2.4547461e-07   1.5945410e-07   1.2221192e-07   1.8230825e-08
   0.0000000e+00   2.2084516e-06   4.7090407e-06   5.6491544e-06   5.7935022e-06   5.8801334e-06   5.5096407e-06   4.5169581e-06   3.0958702e-06   1.7104711e-06   1.4342511e-06   1.2394341e-06   6.7842069e-07   7.5448662e-07   5.6626618e-07   3.3089060e-07   3.1770978e-07   2.0260788e-07   2.5967620e-07   1.6283695e-07   8.6136268e-08   1.7617251e-07   1.3875398e-07
   0.0000000e+00   1.7559022e-06   4.7323879e-06   5.9549184e-06   5.7487305e-06   5.5002861e-06   5.6094436e-06   4.4552189e-06   2.6181956e-06   2.2322020e-06   1.4072812e-06   9.7515624e-07   8.1827761e-07   6.6902498e-07   5.3139905e-07   3.9743918e-07   2.1648677e-07   2.0632622e-07   2.3675099e-07   8.6383750e-08   1.1970418e-07   3.0007588e-08   2.0839767e-08
   0.0000000e+00   2.0118207e-06   4.8005386e-06   5.8674350e-06   5.4944894e-06   5.8428118e-06   5.3683962e-06   4.0834170e-06   2.7935121e-06   1.7696758e-06   1.2976828e-06   1.0714280e-06   1.0234949e-06   6.4953036e-07   4.3431368e-07   3.8349626e-07   2.9564697e-07   2.3693777e-07   8.7937435e-09   6.8234236e-08   7.6152977e-09  -2.4776718e-09  -1.1889050e-07
   0.0000000e+00   1.9509610e-06   4.5038996e-06   5.9740682e-06   5.7717280e-06   5.7594825e-06   5.9027921e-06   4.5304464e-06   3.1230034e-06   2.0213877e-06   1.4121775e-06   9.4926378e-07   6.7247555e-07   6.4792425e-07   5.3290177e-07   4.1210890e-07   1.3479368e-07   1.1474737e-07   1.7466141e-07   6.5341759e-08   3.3791679e-08  -2.7124749e-08   6.8578276e-09
   0.0000000e+00   2.4257365e-06   4.9826094e-06   5.5226496e-06   5.8596256e-06   5.5240680e-06   5.1759198e-06   3.9504248e-06   2.5733107e-06   1.5336769e-06   1.3961730e-06   1.1147026e-06   8.0312282e-07   6.1883793e-07   4.4429484e-07   2.1137275e-07   2.6062008e-07   2.5096782e-07   5.5693683e-08   7.2333563e-08   2.5389470e-08   2.9414188e-08   4.2560732e-08
   0.0000000e+00   1.6672616e-06   4.8742036e-06   5.8974706e-06   5.7982202e-06   5.6352442e-06   5.6160820e-06   4.6838841e-06   3.1537422e-06   1.9766846e-06   1.2999341e-06   9.0280372e-07   7.6247551e-07   6.4404639e-07   3.7412536e-07   4.4705976e-07   3.1752722e-07   7.7438351e-08   9.3906849e-08   1.5532049e-07   2.1241449e-07   1.5420721e-08  -4.7049724e-08
   0.0000000e+00   2.1411245e-06   4.5036977e-06   6.0127777e-06   5.5590317e-06   5.7811890e-06   5.5008927e-06   3.9737492e-06   2.3258956e-06   1.9276044e-06   1.1547388e-06   1.0528344e-06   8.4463238e-07   5.3224181e-07   5.3056851e-07   2.0408834e-07   1.5680452e-07   2.4555945e-07   3.0507286e-07   1.7061382e-07  -1.2586402e-07   1.4739884e-07   1.2050097e-07
   0.0000000e+00   2.1081401e-06   4.7904118e-06   5.7800880e-06   5.7376287e-06   5.4598004e-06   5.4400907e-06   4.3596169e-06   2.9056889e-06   1.9264064e-06   1.5055174e-06   9.1282976e-07   5.8074988e-07   6.1740451e-07   5.1733213e-07   4.1477324e-07   2.9427616e-07   9.5422976e-08   1.8771682e-07   5.6069105e-08   2.4742474e-07   6.6219044e-08  -4.0896559e-08
   0.0000000e+00   2.0583448e-06   4.7700432e-06   5.7892398e-06   5.5902678e-06   5.5581868e-06   5.5770365e-06   4.2223992e-06   2.8025640e-06   1.4403206e-06   1.1428730e-06   1.0046994e-06   1.0470503e-06   6.8642817e-07   4.0705262e-07   2.1332494e-07   2.4380807e-07   3.7231277e-07   1.6373751e-07   1.1326541e-07   8.7017973e-08   1.5731401e-07   7.8173400e-08
   0.0000000e+00   1.8904228e-06   4.9767914e-06   5.5006158e-06   5.7730172e-06   5.6989725e-06   5.2179071e-06   4.0688560e-06   2.8988918e-06   2.0984801e-06   1.5699850e-06   1.0675411e-06   5.6278287e-07   6.2014550e-07   4.9452524e-07   5.4601020e-07   3.4956756e-07   9.2925688e-08   1.5084989e-07   2.4262471e-07   1.8706895e-07   9.4676928e-08   3.3864698e-08
   0.0000000e+00   2.1113472e-06   4.2991123e-06   6.1056253e-06   5.4947973e-06   5.5692594e-06   5.5072310e-06   4.3750038e-06   2.5948461e-06   1.7541023e-06   1.1071860e-06   9.1070211e-07   1.1099261e-06   7.5267724e-07   5.4824568e-07   3.4751253e-07   2.2478159e-07   3.1512471e-07   2.8271421e-07   1.4727679e-07   1.3182002e-07   1.0355829e-07   2.1558149e-07
   0.0000000e+00   2.0943748e-06   4.6210575e-06   5.6136723e-06   5.5866367e-06   5.4407246e-06   5.4177303e-06   4.3398954e-06   2.7641349e-06   1.9851536e-06   1.4419818e-06   1.2620516e-06   7.1792863e-07   6.3216009e-07   5.9819678e-07   4.8475488e-07   3.8332064e-07   3.1791660e-07   1.5527827e-07   1.9498248e-07   2.8825565e-07   7.8814018e-08  -6.6661876e-08
   0.0000000e+00   1.6127092e-06   4.9453497e-06   5.6259178e-06   5.6791046e-06   5.5553451e-06   5.3819936e-06   3.9895431e-06   2.6822856e-06   1.9078532e-06   1.3842182e-06   1.0633258e-06   8.5821108e-07   7.7483162e-07   6.3583553e-07   3.6066066e-07   2.4557283e-07   3.8380850e-07   3.0397067e-07   2.1425434e-07   9.2044727e-09   1.1748212e-07   1.4296990e-07
   0.0000000e+00   2.1406970e-06   4.6642804e-06   5.6666458e-06   5.5925357e-06   5.4653196e-06   5.6071831e-06   4.3819559e-06   3.0993212e-06   1.6986372e-06   1.4491879e-06   9.9438580e-07   9.6586803e-07   7.3588006e-07   4.4690856e-07   5.4726343e-07   4.6236991e-07   1.6265005e-07   2.0573484e-07   2.3169443e-07   2.2259448e-07  -1.5062124e-08  -1.0978307e-07
   0.0000000e+00   2.1614790e-06   4.3373784e-06   5.7625448e-06   5.4647367e-06   5.6240524e-06   5.2166210e-06   4.1219564e-06   2.6474763e-06   1.8996773e-06   1.3681007e-06   1.0828742e-06   8.8888720e-07   7.5933508e-07   6.3665203e-07   3.3745997e-07   3.7295430e-07   2.7761195e-07   2.3748161e-07   1.3192549e-07  -2.8234060e-08  -1.1815940e-08   1.0379988e-08
   0.0000000e+00   1.4581100e-06   4.5960560e-06   5.8548389e-06   5.7144480e-06   5.5603705e-06   5.4372899e-06   4.2863448e-06   2.7431852e-06   2.0524465e-06   1.4109435e-06   1.1380272e-06   7.8648958e-07   6.4587346e-07   5.8566070e-07   4.3757129e-07   2.4106649e-07   2.3541772e-07   2.0463429e-07   7.3687211e-08   6.0174128e-09   6.9307781e-08  -1.2811698e-07
   0.0000000e+00   2.0801169e-06   4.9562013e-06   5.4179905e-06   5.4728312e-06   5.6830318e-06   5.4609291e-06   4.3108371e-06   2.8842171e-06   1.7045203e-06   1.2337961e-06   1.1131056e-06   8.6928901e-07   6.9433304e-07   5.2447331e-07   2.7931208e-07   3.6823556e-07   2.5877668e-07   1.0528915e-07   4.1380812e-08   1.4705431e-07  -5.9645124e-08  -4.1656630e-08
   0.0000000e+00   1.9234492e-06   4.5404799e-06   5.7348184e-06   5.7000825e-06   5.2018586e-06   5.5619680e-06   4.2502361e-06   2.6516482e-06   2.0262344e-06   1.4836344e-06   9.1530535e-07   7.9009101e-07   6.3301002e-07   4.7220595e-07   4.4884746e-07   2.5361535e-07   9.1942447e-08   2.1870666e-07   1.7360505e-07   1.1537698e-08   8.0978360e-08   7.8224467e-08
   0.0000000e+00   2.0819191e-06   4.2862298e-06   5.8953078e-06   5.5956125e-06   5.8406486e-06   5.3272897e-06   4.1021749e-06   2.9987007e-06   1.6572696e-06   1.4387697e-06   1.0092854e-06   8.2984076e-07   7.7285580e-07   4.3819077e-07   3.7170511e-07   2.5004815e-07   2.7673028e-07   1.2497325e-07   1.3280726e-07   1.0066113e-07   4.4720540e-08   1.4158051e-07
   0.0000000e+00   1.5557989e-06   4.6567220e-06   5.7495968e-06   5.6596023e-06   5.4831744e-06   5.5320652e-06   4.4342892e-06   2.8130214e-06   2.0591617e-06   1.3245866e-06   9.8971600e-07   9.8614555e-07   5.7987410e-07   5.5906901e-07   4.6506756e-07   3.4201889e-07   2.1346918e-07   1.6352463e-07   7.7363836e-08   1.7510408e-07   1.1373050e-07  -4.5848921e-08
   0.0000000e+00   2.0212378e-06   5.1626312e-06   5.3785111e-06   5.5349828e-06   5.7083703e-06   5.3668991e-06   4.2100864e-06   2.6678167e-06   1.8418297e-06   1.2161818e-06   1.3194604e-06   7.6892803e-07   7.3026348e-07   7.0528819e-07   3.8388649e-07   2.2495905e-07   3.2353381e-07   1.9325650e-07   1.6385376e-07   8.2821686e-08   1.6364590e-08   1.7630008e-07
   0.0000000e+00   2.0346597e-06   4.2128677e-06   5.9710055e-06   5.7434831e-06   5.4688771e-06   5.7083757e-06   4.4678472e-06   2.8895984e-06   2.0740310e-06   1.5462610e-06   9.8213457e-07   8.6240794e-07   8.1322054e-07   5.5339075e-07   5.6503342e-07   3.7678547e-07   2.5608591e-07   2.3015848e-07   1.9899255e-07   1.5053313e-07   1.7488971e-07  -8.3215870e-09
   0.0000000e+00   1.7655339e-06   4.5621250e-06   5.8710693e-06   5.5566938e-06   5.5815381e-06   5.3368144e-06   3.9866545e-06   2.8517293e-06   1.6931450e-06   1.3690272e-06   1.2277250e-06   9.9972704e-07   8.6656991e-07   5.6975364e-07   3.5047677e-07   4.9211422e-07   3.0550510e-07   1.8704877e-07   2.3963486e-07   1.6964437e-07   1.0972683e-07   1.6364858e-07
   0.0000000e+00   2.0316961e-06   4.8344946e-06   5.6710637e-06   5.7297493e-06   5.8801566e-06   5.5628307e-06   4.5606043e-06   2.9937310e-06   2.0253181e-06   1.6050514e-06   9.3179182e-07   8.5248183e-07   7.5443415e-07   6.6957966e-07   5.7951775e-07   2.4946036e-07   2.0165260e-07   3.6027592e-07   1.4773551e-07   1.8582473e-07   1.1652254e-07  -1.2502327e-11
   0.0000000e+00   1.9150145e-06   4.7314925e-06   5.5325263e-06   5.6860458e-06   5.4804827e-06   5.4005559e-06   4.0526834e-06   2.6886335e-06   1.7650303e-06   1.2571791e-06   1.2727004e-06   1.0246756e-06   6.4524505e-07   5.5496372e-07   3.6746121e-07   2.9103091e-07   3.8538388e-07   1.5003320e-07   1.3561845e-07   5.1094798e-08   8.4989580e-08   5.1861925e-08
   0.0000000e+00   1.8328655e-06   4.6164355e-06   5.9575073e-06   5.7241532e-06   5.4585616e-06   5.5092269e-06   4.6193809e-06   2.7958829e-06   2.1890216e-06   1.4533679e-06   9.8411113e-07   8.6159633e-07   5.7216209e-07   5.9787550e-07   3.8553944e-07   4.2523573e-07   1.0542815e-07   8.1778261e-08   1.6976757e-07   1.9134656e-07  -1.0998473e-08  -2.0983222e-08
   0.0000000e+00   2.1005396e-06   4.6251362e-06   5.9450467e-06   5.4657376e-06   5.6772724e-06   5.7116808e-06   3.9537726e-06   2.7524450e-06   1.7470805e-06   1.2821313e-06   1.0428519e-06   7.3288754e-07   9.1197791e-07   4.9201071e-07   3.3357557e-07   1.8967251e-07   3.1439399e-07   2.8210025e-07   1.4677208e-07  -1.9004341e-08   1.4413096e-08   1.7674472e-07
   0.0000000e+00   1.9327435e-06   4.6897467e-06   5.5060209e-06   5.6983554e-06   5.7494012e-06   5.1244456e-06   4.2377555e-06   3.0406156e-06   1.8029956e-06   1.5338400e-06   1.1081071e-06   7.8040381e-07   5.4716537e-07   5.3313659e-07   4.8723251e-07   3.8680940e-07   2.1825639e-07   1.0866275e-07   1.7744685e-07   1.7798349e-07   1.4651067e-07  -1.1603913e-07
   0.0000000e+00   1.7888639e-06   4.6934379e-06   5.7959942e-06   5.8623068e-06   5.4475863e-06   5.4723046e-06   4.5229804e-06   2.7456763e-06   1.7748633e-06   1.2666062e-06   1.0168542e-06   9.5723090e-07   8.1030640e-07   4.7945315e-07   4.4469678e-07   2.4786223e-07   3.0067929e-07   2.9583757e-07   8.0448871e-08   6.4988882e-08   8.5339671e-08   1.4545964e-07
   0.0000000e+00   2.2769611e-06   4.6436057e-06   5.8562505e-06   5.3767822e-06   5.4057123e-06   5.6016506e-06   3.9601864e-06   2.5964503e-06   2.0341931e-06   1.4692210e-06   9.8969304e-07   8.0218763e-07   6.7510030e-07   5.6544548e-07   4.7600099e-07   2.8453988e-07   1.8585531e-07   1.1513450e-07   1.8188121e-07   1.1027303e-07   2.1688436e-08   1.6478019e-09
   0.0000000e+00   1.7697660e-06   4.7634958e-06   5.6883982e-06   5.6599347e-06   5.6874314e-06   5.5036844e-06   4.3959521e-06   2.7667425e-06   1.9258248e-06   1.2327379e-06   1.0748831e-06   9.5363640e-07   6.3616983e-07   5.6050470e-07   3.3547252e-07   3.2978568e-07   2.2381890e-07   8.6191420e-08   5.9902945e-08   9.8892885e-09  -2.1564158e-08  -1.0235522e-07
   0.0000000e+00   1.8616453e-06   4.6878622e-06   5.7437005e-06   5.6172289e-06   5.7912380e-06   5.1464458e-06   4.1317312e-06   3.0274846e-06   1.6952116e-06   1.3630817e-06   1.1382112e-06   8.2407399e-07   6.9122427e-07   6.5048550e-07   3.1512550e-07   3.0471060e-07   1.6649014e-07   9.7119361e-08   9.5039326e-08  -6.4305553e-08  -6.5419670e-08  -8.5120973e-08
   0.0000000e+00   2.1289986e-06   4.5035295e-06   5.6745271e-06   5.7803068e-06   5.1476723e-06   5.4761063e-06   4.2734828e-06   2.6542864e-06   1.9091162e-06   1.5241071e-06   1.0240117e-06   7.8827514e-07   7.1003819e-07   5.1362809e-07   4.1830049e-07   2.8888880e-07   1.3186920e-07   1.5938066e-07  -4.1218162e-09   3.4198660e-08  -5.2031144e-08  -8.3132171e-08
   0.0000000e+00   2.0855857e-06   4.8645902e-06   5.8171499e-06   5.4585148e-06   5.8228293e-06   5.7428247e-06   4.4119884e-06   2.6643170e-06   1.9613710e-06   1.2947622e-06   9.1063430e-07   1.0415151e-06   7.2340742e-07   4.7423202e-07   3.4348813e-07   1.7569863e-07   1.7364910e-07   5.6384110e-08   6.6826402e-08  -6.6965960e-08  -2.1519321e-08  -1.6695709e-07
   0.0000000e+00   1.8807771e-06   4.5921388e-06   5.8509022e-06   5.5549040e-06   5.5752312e-06   5.2320042e-06   4.0198438e-06   2.9848050e-06   1.8824252e-06   1.4148785e-06   1.2815669e-06   6.9972202e-07   6.2182488e-07   4.4948183e-07   4.1156164e-07   1.7410160e-07   1.8081185e-08   9.1275489e-08  -9.0886360e-08  -8.3116980e-09  -7.7891883e-08  -1.7815400e-07
   0.0000000e+00   1.7904240e-06   4.7104295e-06   5.5452997e-06   5.8885007e-06   5.5862388e-06   5.3922577e-06   4.4856865e-06   2.8791271e-06   1.8686610e-06   1.2259035e-06   1.1299454e-06   7.3245627e-07   6.3997481e-07   4.8706863e-07   2.0553504e-07   8.2785022e-08   2.2010174e-07  -6.2398149e-09   9.7226529e-09  -6.1751204e-09  -9.8005074e-08   1.0000398e-08
   0.0000000e+00   2.1607457e-06   4.7939584e-06   5.8948872e-06   5.5013647e-06   5.6165300e-06   5.7341585e-06   4.2220645e-06   2.7655401e-06   1.9515794e-06   1.5552012e-06   9.3335973e-07   8.9566709e-07   7.0681426e-07   3.2928151e-07   2.6650960e-07   3.0019137e-07   1.3800926e-07   4.2669903e-09   1.2601578e-07   1.0777153e-07   6.9278649e-08  -4.3935714e-08
   0.0000000e+00   2.2248041e-06   4.5286542e-06   5.7661014e-06   5.6435510e-06   5.4349512e-06   5.4691204e-06   4.2970751e-06   2.8545596e-06   2.1003907e-06   1.3983856e-06   9.7119096e-07   8.4492916e-07   6.3645496e-07   5.5444906e-07   4.0165614e-07   2.0284658e-07   1.3409134e-07   2.0004684e-07   1.8910529e-07   5.8144522e-08   2.0726478e-08   2.2750000e-07
   0.0000000e+00   1.7396297e-06   4.6614919e-06   5.6691597e-06   5.7970615e-06   5.8599685e-06   5.3936301e-06   4.4647309e-06   2.9053995e-06   1.7230204e-06   1.4585289e-06   1.1750057e-06   9.8447470e-07   4.7603731e-07   5.8419238e-07   3.8519903e-07   2.3696009e-07   2.8812460e-07   1.5994398e-07   1.3031772e-07   1.2475994e-07   1.3533639e-07   2.0842505e-08
   0.0000000e+00   1.7953272e-06   4.6769746e-06   5.9096715e-06   5.4889156e-06   5.5495680e-06   5.5474738e-06   4.1465819e-06   2.9895041e-06   1.9130377e-06   1.3974047e-06   1.2249172e-06   7.1476796e-07   8.5466718e-07   5.8981891e-07   3.2843556e-07   3.9670854e-07   2.6081028e-07   2.2399956e-07   2.0945728e-07   2.0427092e-07   1.1680160e-07   4.8746049e-08
   0.0000000e+00   2.2282259e-06   4.9061528e-06   5.6456915e-06   5.6721337e-06   5.4726975e-06   5.5521641e-06   4.3376654e-06   2.7589706e-06   2.1518463e-06   1.4046761e-06   9.0857856e-07   8.9085256e-07   7.9253908e-07   5.2275976e-07   3.9124205e-07   4.3039950e-07   2.1036703e-07   2.8426956e-07   2.4297131e-07   5.8891196e-08   1.6110285e-07   1.6654676e-07
   0.0000000e+00   1.7648914e-06   4.4217136e-06   5.7054772e-06   5.6780177e-06   5.7441503e-06   5.3759377e-06   4.4210724e-06   2.8557549e-06   1.7092254e-06   1.3577422e-06   1.1345455e-06   9.0927313e-07   6.8457780e-07   3.6009661e-07   5.5581603e-07   4.0034550e-07   1.9333919e-07   3.1509995e-07   1.8881275e-07   2.1079241e-07   1.4965373e-07   3.0159569e-08
   0.0000000e+00   2.2129275e-06   4.5700158e-06   5.7235470e-06   5.6333156e-06   5.5345135e-06   5.5400860e-06   4.1480371e-06   2.7621036e-06   1.9299951e-06   1.3649444e-06   1.0524780e-06   8.0883433e-07   6.1512389e-07   7.1413882e-07   4.1337918e-07   2.1369652e-07   3.3471690e-07   2.9425897e-07   1.4988642e-07   1.8560458e-07   1.8847045e-07   2.1104244e-08
   0.0000000e+00   1.5959481e-06   4.9285713e-06   5.7343004e-06   5.6167560e-06   5.5563723e-06   5.4383067e-06   4.3425562e-06   2.8362474e-06   1.8587173e-06   1.4211477e-06   9.8242629e-07   7.5418507e-07   7.1280300e-07   5.9404942e-07   4.5248862e-07   2.8474741e-07   3.4701404e-07   1.9113469e-07   1.2044660e-07   2.4614951e-07   8.9767632e-08   1.2366129e-07
   0.0000000e+00   2.0547714e-06   4.4055328e-06   5.8267856e-06   5.6034701e-06   5.6159388e-06   5.6753997e-06   4.2089382e-06   2.8626300e-06   1.7969780e-06   1.2275162e-06   1.0250091e-06   1.0571977e-06   6.5048152e-07   5.2991885e-07   4.0020817e-07   4.4381335e-07   2.6026584e-07   1.4990484e-07   2.5731592e-07   8.3628755e-08   6.1601547e-08   8.9612058e-08
   0.0000000e+00   2.0408513e-06   4.5756328e-06   5.6655435e-06   5.8179689e-06   5.4840298e-06   5.1550478e-06   4.3337909e-06   2.6793566e-06   1.8692040e-06   1.5198883e-06   1.0313470e-06   7.7536413e-07   8.4318754e-07   5.9261953e-07   4.9783580e-07   3.4186164e-07   2.7663179e-07   2.3674504e-07   2.3764339e-07   6.8347532e-08   8.3463956e-09   7.5894548e-08
   0.0000000e+00   1.7926536e-06   5.0818990e-06   5.6633626e-06   5.3251615e-06   5.9026784e-06   5.5875976e-06   4.2109741e-06   2.8573813e-06   1.9465899e-06   1.2586913e-06   1.2136741e-06   8.6223127e-07   6.2578567e-07   6.8682573e-07   4.9432805e-07   3.5788102e-07   3.3359314e-07   1.8628484e-07   8.2332683e-08   1.2146275e-07   5.7174290e-08  -1.0044090e-07
   0.0000000e+00   2.0488042e-06   4.2448014e-06   5.8578648e-06   5.8484793e-06   5.4015372e-06   5.6008998e-06   4.4115150e-06   2.7957135e-06   1.8664589e-06   1.4163076e-06   1.1073424e-06   8.7683549e-07   9.0017977e-07   4.7224921e-07   4.7068468e-07   2.9675320e-07   2.3832747e-07   2.5404441e-07   4.7861377e-08   1.2383735e-07   1.4016046e-08  -1.1765572e-07
   0.0000000e+00   1.8005572e-06   4.6924806e-06   5.8077944e-06   5.7010247e-06   5.4887205e-06   5.4106949e-06   4.0627215e-06   2.8804768e-06   2.0201237e-06   1.4134987e-06   1.0252604e-06   9.9040369e-07   7.1766067e-07   6.2324972e-07   4.2373648e-07   2.3604011e-07   2.6042946e-07   1.4702975e-07   1.3704489e-07  -6.7569914e-08  -4.1844718e-08   6.8942661e-08
   0.0000000e+00   2.1470228e-06   4.7957046e-06   5.8254873e-06   5.6908630e-06   5.6970512e-06   5.5272612e-06   4.5855227e-06   2.7480576e-06   1.8044585e-06   1.4581736e-06   1.1086649e-06   8.3087025e-07   6.9572786e-07   4.9530394e-07   4.4734867e-07   4.4920387e-07   2.5610953e-08   1.1016577e-07   5.5038651e-08  -1.4589085e-08   1.9985389e-08  -1.1450007e-07
   0.0000000e+00   2.0808295e-06   4.9521300e-06   5.4866505e-06   5.4496904e-06   5.8876244e-06   5.5723317e-06   4.0979494e-06   3.0066367e-06   1.8988103e-06   1.3527532e-06   1.1653718e-06   9.3596134e-07   6.7499280e-07   6.3737167e-07   2.4647787e-07   1.8930329e-07   2.7017214e-07   9.3473496e-10   7.1993767e-08   6.0781552e-08  -1.0508611e-07  -3.4301863e-08
   0.0000000e+00   1.4611244e-06   4.4013495e-06   6.0126458e-06   5.9439876e-06   5.4071115e-06   5.3589206e-06   4.3999376e-06   2.6827945e-06   2.0643661e-06   1.4156564e-06   9.9859960e-07   8.4282044e-07   6.8621284e-07   6.1701729e-07   4.0990778e-07   2.0147587e-07   1.4241573e-07   1.4131408e-07  -2.4015431e-08  -2.3548099e-08   4.5959883e-08  -1.2357442e-07
   0.0000000e+00   2.6409621e-06   4.5913548e-06   5.9320837e-06   5.6488511e-06   5.6455074e-06   5.7134512e-06   4.2236757e-06   2.9908838e-06   1.7406227e-06   1.2395593e-06   1.1997701e-06   9.5456801e-07   7.2119161e-07   5.2130997e-07   3.5303310e-07   3.0200434e-07   1.8437747e-07   9.5196008e-08   7.1613741e-08  -3.0959328e-08  -5.9572784e-08   1.2581960e-07
   0.0000000e+00   1.6284536e-06   5.0474769e-06   5.6793410e-06   5.5298742e-06   5.5615674e-06   5.4506449e-06   4.4027233e-06   2.7669814e-06   1.9553081e-06   1.6820933e-06   9.3199424e-07   8.6431356e-07   7.9780193e-07   4.7367561e-07   4.7258135e-07   2.4218028e-07   1.1051339e-07   1.0582902e-07   1.4485420e-07   7.9644352e-08   2.6134774e-08   1.9764107e-08
   0.0000000e+00   2.0037810e-06   4.6295399e-06   5.5956675e-06   5.8239098e-06   6.0263296e-06   5.2793730e-06   4.2384727e-06   2.7274712e-06   1.7434322e-06   1.3586931e-06   1.2022037e-06   7.5627497e-07   8.8350293e-07   5.0709696e-07   3.1834185e-07   2.5133710e-07   1.8923591e-07   1.9281086e-07  -2.2265438e-09   7.1056277e-08   1.1948454e-07  -2.1561437e-08
   0.0000000e+00   2.0952377e-06   4.4330127e-06   6.0186035e-06   5.7495304e-06   5.2138530e-06   5.8002115e-06   4.2589577e-06   2.9259941e-06   2.0159243e-06   1.1438747e-06   1.0690453e-06   1.0451288e-06   4.4995687e-07   5.3284316e-07   3.6828141e-07   1.9936986e-07   2.1937234e-07   7.0186021e-09   1.1224148e-07   5.6004914e-08  -1.8366737e-08  -5.7981808e-10
   0.0000000e+00   1.9151419e-06   5.0188523e-06   5.6376539e-06   5.4889542e-06   5.5622518e-06   5.2964042e-06   4.1358926e-06   2.7208666e-06   1.8312726e-06   1.4525647e-06   1.1268309e-06   7.9862593e-07   7.3028599e-07   4.2449884e-07   3.4557317e-07   1.5137313e-07   5.6394381e-08   1.2233951e-07   7.1400862e-08  -2.2026555e-08  -6.7228029e-08  -1.8543849e-08
   0.0000000e+00   1.9933723e-06   4.4301091e-06   5.8017208e-06   5.8102296e-06   5.8697024e-06   5.5527016e-06   4.3062250e-06   2.7460846e-06   1.9719271e-06   1.3797783e-06   8.0910650e-07   8.2944285e-07   6.2338768e-07   5.8393431e-07   1.8463858e-07   2.6332597e-07   1.6078025e-07   8.1609251e-08   6.8205921e-08  -4.3852577e-08   3.4665288e-08  -1.1377273e-07
   0.0000000e+00   1.7730782e-06   4.7209846e-06   5.8296537e-06   5.3615036e-06   5.4230163e-06   5.2592709e-06   4.3689338e-06   2.7610640e-06   1.5642158e-06   1.4875388e-06   1.1715016e-06   8.2421639e-07   6.1407832e-07   3.9718412e-07   3.8902331e-07   2.0181886e-07   2.0237688e-07   1.4391158e-07   7.0534149e-08   1.4772777e-07   9.6540054e-10   7.0339802e-08
   0.0000000e+00   2.3386517e-06   4.8110987e-06   5.5341498e-06   5.7165562e-06   5.5540513e-06   5.4007628e-06   4.1983758e-06   2.9262892e-06   2.0002021e-06   1.3465750e-06   1.1521252e-06   7.7837581e-07   6.4722826e-07   5.4858600e-07   3.3260991e-07   2.7737053e-07   2.0256353e-07   2.3087966e-07   1.1788281e-07   8.5119467e-08   1.1528897e-07   6.8852451e-08
   0.0000000e+00   1.8453218e-06   4.3510545e-06   5.9329336e-06   5.8004530e-06   5.5543182e-06   5.8071673e-06   4.0727400e-06   2.6901726e-06   2.2271947e-06   1.1208909e-06   9.0664156e-07   9.2746473e-07   8.0030429e-07   4.7634811e-07   4.4542173e-07   3.3954220e-07   2.7517217e-07   2.3290170e-07   2.3466343e-07   1.8113376e-07   1.5414844e-07   1.5103429e-07
   0.0000000e+00   1.5569522e-06   5.1569482e-06   5.5166747e-06   5.4414800e-06   5.5811811e-06   5.0374233e-06   4.3746613e-06   2.9744303e-06   1.5478790e-06   1.7088942e-06   1.2288496e-06   9.1429462e-07   6.5966617e-07   5.5243953e-07   4.4834894e-07   3.9566481e-07   2.8294565e-07   1.6034174e-07   2.0455386e-07   2.4386014e-07   8.5418051e-08   9.3402512e-08
   0.0000000e+00   2.4166263e-06   4.2491615e-06   6.0188490e-06   5.6025174e-06   5.4320699e-06   5.6993222e-06   4.5322327e-06   2.7313138e-06   2.0491166e-06   1.3032343e-06   1.1539164e-06   7.7203225e-07   7.3988917e-07   7.0459907e-07   4.1140308e-07   2.8374478e-07   2.7769411e-07   2.9093431e-07   2.1378175e-07  -1.6128743e-08   1.1402361e-07   1.4089353e-07
   0.0000000e+00   2.1144715e-06   4.7483409e-06   5.5503683e-06   5.6526533e-06   5.8260898e-06   5.4610537e-06   3.8724761e-06   2.8879006e-06   1.8870421e-06   1.5250862e-06   1.0185488e-06   1.0452178e-06   7.0507986e-07   5.8426309e-07   5.0157564e-07   3.6262205e-07   2.8802293e-07   2.1215351e-07   5.2008978e-08   1.3845100e-07   6.7963818e-08  -5.5253622e-08
   0.0000000e+00   1.7022896e-06   4.7789331e-06   5.7768830e-06   5.6557501e-06   5.4261704e-06   5.4959560e-06   4.3745085e-06   2.8653442e-06   2.0940022e-06   1.3279399e-06   1.1027846e-06   9.7289171e-07   8.3977261e-07   5.8229892e-07   4.3469953e-07   2.7145776e-07   2.3691453e-07   1.1354319e-07   1.8274963e-07   1.4590520e-07  -1.6473651e-08   3.2420970e-09
   0.0000000e+00   1.8920132e-06   4.7694539e-06   5.8422797e-06   5.6310573e-06   5.3990439e-06   5.3764720e-06   4.4812309e-06   2.8806846e-06   1.7454603e-06   1.4586731e-06   1.3154620e-06   8.4584565e-07   7.4194179e-07   5.4526157e-07   3.0728592e-07   3.4433393e-07   2.0487572e-07   2.1104282e-07   8.3796358e-08  -3.7988183e-08   7.6810238e-08   9.6959781e-08
   0.0000000e+00   2.3269806e-06   4.5959268e-06   5.5761316e-06   5.6425420e-06   6.1084138e-06   5.1773313e-06   4.2499514e-06   2.7922565e-06   1.8528339e-06   1.6944828e-06   1.0772878e-06   7.7553653e-07   7.4489077e-07   5.5248830e-07   4.8929337e-07   2.5967009e-07   1.3583136e-07   3.0838237e-08   1.1821630e-07   1.3409723e-07   3.4690615e-08  -1.0780227e-07
   0.0000000e+00   1.8384339e-06   4.5928905e-06   5.7801972e-06   5.5076175e-06   5.1514330e-06   6.0537614e-06   4.1804369e-06   2.7962774e-06   2.2065706e-06   1.1040452e-06   9.6927272e-07   1.1133692e-06   7.6426096e-07   4.4827360e-07   2.6642948e-07   1.9641141e-07   2.3588389e-07   2.2231478e-07   3.2238606e-08   1.9391718e-08  -4.6750181e-08   5.7278157e-08
   0.0000000e+00   2.1471744e-06   4.7028975e-06   5.9797467e-06   5.5777109e-06   5.6537228e-06   5.1158186e-06   4.3319046e-06   2.9817204e-06   1.8197286e-06   1.5158776e-06   1.2627846e-06   7.2100403e-07   4.8511544e-07   5.8685328e-07   4.9375831e-07   2.5327660e-07   1.2077999e-07   7.8723474e-08   1.4428147e-07  -1.5973328e-08   5.7547645e-08  -8.9966719e-08
   0.0000000e+00   1.5794305e-06   4.8924544e-06   5.3948584e-06   6.0486764e-06   5.4827387e-06   5.6236245e-06   4.2802249e-06   2.7655869e-06   1.7992697e-06   1.5416110e-06   9.0493694e-07   9.3761946e-07   7.4668083e-07   5.2261646e-07   2.0144165e-07   2.0645616e-07   2.7908089e-07   1.2973840e-07   1.6896484e-11   7.8050860e-08   1.5682694e-08   3.0882958e-08
   0.0000000e+00   2.5522791e-06   4.2374199e-06   5.6722383e-06   5.1593952e-06   5.8503310e-06   5.3355820e-06   4.4095468e-06   2.9588487e-06   2.0892719e-06   1.2182401e-06   1.2087779e-06   7.3972728e-07   7.1443202e-07   4.5311535e-07   2.6723976e-07   3.1827102e-07   1.3495578e-07   3.7572061e-08   2.4294187e-07   9.0583619e-08  -3.1362983e-08   3.0914830e-08
   0.0000000e+00   1.4490678e-06   4.9947880e-06   6.0264474e-06   5.5841415e-06   5.3926369e-06   5.5501350e-06   4.2579891e-06   2.7491294e-06   1.8725476e-06   1.6362970e-06   1.0871618e-06   9.1694727e-07   6.0287789e-07   3.2511272e-07   4.7291874e-07   1.8464706e-07   4.9853540e-08   2.6274091e-07  -3.0186406e-08  -5.6777438e-10   8.7511722e-08  -8.1808267e-08
   0.0000000e+00   2.2104764e-06   4.4730368e-06   5.6271606e-06   5.7728289e-06   5.5037394e-06   5.6233430e-06   4.3645609e-06   2.8367760e-06   2.0827831e-06   1.2403065e-06   1.1230541e-06   7.8013096e-07   5.6889598e-07   5.7484999e-07   2.1111738e-07   7.1205960e-08   2.7929642e-07   1.0440946e-08   8.8144361e-08  -2.8484232e-08  -4.9470685e-08  -4.3812904e-08
   0.0000000e+00   1.9541912e-06   4.5604761e-06   5.2562182e-06   5.7213283e-06   5.6796607e-06   5.2233167e-06   4.2095630e-06   3.0530155e-06   1.8157766e-06   1.5716286e-06   1.0017270e-06   8.0907580e-07   7.1293641e-07   3.2240686e-07   2.8300136e-07   2.7555339e-07   6.4323373e-08   9.9445401e-08  -7.5979813e-08   1.1315798e-07  -1.1244003e-07  -2.3088499e-07
   0.0000000e+00   1.8941449e-06   4.6491091e-06   6.2623644e-06   5.2413329e-06   5.6488575e-06   5.5757328e-06   4.4681938e-06   2.7435406e-06   1.9387460e-06   1.3572162e-06   1.0045793e-06   8.4230385e-07   5.2300220e-07   4.6933238e-07   2.5653029e-07   2.6017796e-07   1.5432795e-07  -1.1100657e-08   1.2192274e-07  -1.2646150e-07  -7.4177670e-08   1.3960229e-08
   0.0000000e+00   1.8351191e-06   4.7959375e-06   5.4688539e-06   5.8362866e-06   5.3649005e-06   5.8141491e-06   4.0781465e-06   2.9668045e-06   1.9385141e-06   1.4064601e-06   1.0740066e-06   7.2415065e-07   5.0509522e-07   4.9968776e-07   3.5739916e-07   2.2259118e-07   7.0898530e-08   1.4069921e-07   1.2028637e-07  -1.3310260e-08   2.3110195e-08   5.6434658e-08
   0.0000000e+00   2.0801044e-06   4.4158851e-06   5.6662602e-06   5.4532275e-06   5.7552511e-06   5.0123335e-06   4.5042298e-06   2.6311816e-06   1.9199815e-06   1.3245279e-06   9.7332327e-07   8.4472123e-07   7.5749932e-07   3.8962517e-07   3.1923807e-07   2.0640199e-07   2.4795790e-07   2.2615517e-07  -3.9125499e-08   1.6965133e-07   1.4503328e-07  -6.2262266e-08
   0.0000000e+00   1.9466872e-06   4.9296414e-06   5.4835446e-06   6.0782713e-06   5.5611636e-06   5.8629789e-06   4.2328597e-06   3.1855996e-06   1.9722963e-06   1.3518473e-06   1.0966644e-06   7.2236816e-07   4.4910996e-07   6.9242566e-07   3.6874371e-07   3.1699068e-07   2.0527210e-07   8.2909096e-08   2.2555459e-07   1.0277596e-07  -1.0972347e-08   8.6721300e-08
   0.0000000e+00   1.9410240e-06   4.1315398e-06   6.3133166e-06   5.0885201e-06   5.7062198e-06   5.1849061e-06   4.3964574e-06   2.6073690e-06   1.7288691e-06   1.4830309e-06   9.5628957e-07   9.0946969e-07   9.9162867e-07   2.5042598e-07   5.1429913e-07   2.5520148e-07   2.4147442e-07   3.2710224e-07   8.7296627e-08   4.8929600e-08   1.8203944e-07  -2.6493694e-08
   0.0000000e+00   1.6933800e-06   5.0271774e-06   5.3524182e-06   5.7061325e-06   5.4565671e-06   5.8853989e-06   4.2574370e-06   3.0578440e-06   2.1064111e-06   1.2984921e-06   1.2209108e-06   8.1259344e-07   4.8796818e-07   7.0864985e-07   4.3339406e-07   4.5853324e-07   2.8973346e-07   5.7264149e-08   2.5791277e-07   2.2157300e-07  -9.0199194e-08   1.5131754e-07
   0.0000000e+00   2.4011047e-06   4.5473148e-06   5.7271336e-06   6.0801540e-06   5.7296238e-06   5.3878816e-06   4.4070771e-06   2.5950442e-06   1.8540886e-06   1.3937671e-06   9.3587431e-07   9.5070527e-07   8.9789921e-07   5.8414042e-07   3.9253101e-07   2.2597298e-07   4.0593338e-07   3.6069329e-07   5.8483131e-08   6.8242421e-08   2.4340306e-07  -9.3738883e-09
   0.0000000e+00   1.4569887e-06   4.7519784e-06   5.6448675e-06   5.3755625e-06   5.6385047e-06   5.4226402e-06   4.2523561e-06   3.2170376e-06   1.9823178e-06   1.6005574e-06   1.1964157e-06   8.2724983e-07   5.4508627e-07   6.3636611e-07   5.8875185e-07   4.5325729e-07   2.1237811e-07   7.5910272e-08   3.3148510e-07   1.9213958e-07   6.7780705e-09   1.2608986e-07
   0.0000000e+00   2.0894106e-06   4.2735737e-06   6.0036168e-06   5.5363753e-06   5.5402406e-06   5.6558706e-06   4.5659485e-06   2.5609522e-06   1.9069888e-06   1.1736115e-06   1.0893375e-06   1.0899432e-06   8.7471534e-07   5.7675618e-07   3.7152026e-07   2.6874076e-07   3.7184407e-07   3.5006266e-07   9.8303623e-08   2.6864961e-09   1.1722985e-07   1.6460747e-07
   0.0000000e+00   2.0286177e-06   4.8967704e-06   5.6230310e-06   5.8500382e-06   5.7677626e-06   5.6235704e-06   4.0705704e-06   3.2749062e-06   1.9462248e-06   1.8248434e-06   1.1500987e-06   7.3838817e-07   6.9158204e-07   6.2504506e-07   4.8924409e-07   5.4081448e-07   6.1339115e-08   1.3630302e-07   2.0463519e-07   1.2930440e-07   8.9130758e-08  -1.0833712e-07
   0.0000000e+00   1.8360912e-06   4.4940202e-06   5.6287699e-06   5.4971383e-06   5.6279791e-06   5.3520698e-06   4.5161978e-06   2.6087964e-06   2.0301964e-06   1.0525523e-06   1.2049596e-06   9.9518502e-07   8.3622047e-07   5.3925555e-07   4.0088474e-07   1.7097352e-07   4.1074790e-07   2.0485071e-07   6.4315635e-08   6.2104029e-08   4.4738599e-08   9.2207543e-08
   0.0000000e+00   1.6612304e-06   4.7763206e-06   5.6179988e-06   5.8784726e-06   5.5659316e-06   5.7392440e-06   4.4363087e-06   3.0387491e-06   1.9993654e-06   1.7208196e-06   1.0259921e-06   8.2120511e-07   6.3844351e-07   6.2166004e-07   4.3091413e-07   3.9055752e-07   8.1027380e-08   2.0995675e-07   5.9884592e-08   4.4444867e-08   5.7091775e-08  -1.0193207e-07
   0.0000000e+00   2.0668811e-06   4.4495923e-06   6.2147142e-06   5.3022304e-06   5.8033711e-06   5.4282718e-06   4.0521259e-06   2.6596042e-06   1.8991016e-06   1.2677709e-06   1.1504518e-06   9.6332849e-07   7.7007093e-07   4.3513421e-07   4.1350953e-07   2.0565692e-07   2.3895532e-07   7.7509213e-08   3.2315164e-08   9.4223029e-09  -4.8077375e-08   5.3603713e-08
   0.0000000e+00   2.0067298e-06   4.6863538e-06   5.1711218e-06   6.1682149e-06   5.4061848e-06   5.5735377e-06   4.7624867e-06   3.2224432e-06   1.8979168e-06   1.6135139e-06   1.0206109e-06   8.3788115e-07   6.9543523e-07   6.4889554e-07   3.7300759e-07   3.0151639e-07   1.8759485e-07   6.3618444e-08   4.3287791e-08   7.5869451e-08   2.5728795e-08  -6.1082403e-08
   0.0000000e+00   1.9566139e-06   4.7335270e-06   6.0429265e-06   5.3113972e-06   5.7705583e-06   5.5504934e-06   4.0534392e-06   2.6861767e-06   1.9258480e-06   1.2869195e-06   1.2843291e-06   9.2974506e-07   7.4378841e-07   4.9013585e-07   4.6561965e-07   2.5927960e-07   1.6289194e-07   1.6672146e-07   1.3963623e-07   5.7255146e-08   5.6712153e-08   6.7389472e-08
   0.0000000e+00   1.4953898e-06   4.6719388e-06   5.8210385e-06   5.9036779e-06   5.7339826e-06   5.6405997e-06   4.3414907e-06   2.9393900e-06   2.1490289e-06   1.6193460e-06   1.0123010e-06   9.9741533e-07   5.7413513e-07   6.6536506e-07   3.6550324e-07   3.2170792e-07   1.7673113e-07   1.7838623e-07   1.3087772e-07   1.1827724e-07   3.6038102e-08   2.0199955e-08
   0.0000000e+00   2.5183176e-06   4.5268239e-06   5.7199518e-06   5.4320126e-06   5.7978009e-06   5.4267243e-06   4.5687430e-06   2.8827744e-06   2.1211463e-06   1.1272178e-06   1.1966440e-06   8.3684114e-07   9.4122214e-07   4.7621623e-07   3.8106339e-07   2.2418985e-07   3.4333644e-07   2.2001772e-07   8.5377927e-08   6.3694131e-08   7.7044440e-08   6.4648148e-08
   0.0000000e+00   1.6076438e-06   4.8303928e-06   5.9495269e-06   6.0632947e-06   5.4181573e-06   5.7617226e-06   4.2680736e-06   3.0258063e-06   1.6327286e-06   1.8739819e-06   1.1661986e-06   8.5782114e-07   5.1713499e-07   5.8251987e-07   4.4050864e-07   4.4119201e-07   1.0580091e-07   1.6271461e-07   1.4602102e-07   1.7252752e-07   1.1368442e-07  -5.6658639e-08
   0.0000000e+00   2.3673854e-06   4.8371980e-06   5.6097974e-06   5.6789299e-06   5.9987892e-06   5.3657800e-06   4.5251295e-06   2.8596037e-06   2.0185430e-06   1.2693340e-06   1.0540559e-06   8.7401406e-07   8.6244313e-07   5.6777890e-07   3.9180895e-07   2.0054024e-07   3.2629356e-07   2.0571208e-07   1.0027203e-07   7.9269547e-08   1.6097637e-08   1.2190843e-07
   0.0000000e+00   1.5043613e-06   4.5546817e-06   5.9402482e-06   5.7599113e-06   5.3164340e-06   5.9053491e-06   4.0799314e-06   2.9341522e-06   2.0849409e-06   1.4722525e-06   9.9442730e-07   8.8084977e-07   6.9798205e-07   4.9917674e-07   4.4191597e-07   3.6532182e-07   1.2613714e-07   1.3622686e-07   6.4228352e-08   8.4500620e-08   7.1450224e-08  -3.7442810e-08
   0.0000000e+00   2.5769289e-06   4.7990379e-06   5.9811664e-06   5.5595387e-06   6.2667777e-06   5.2467435e-06   4.6033351e-06   2.8006136e-06   1.8630789e-06   1.2359255e-06   1.1840099e-06   8.3409992e-07   6.2714975e-07   5.6671922e-07   3.2780406e-07   2.2022216e-07   2.2815104e-07   4.0990184e-08   5.6976397e-08   3.8558358e-08  -3.1408143e-09   2.1793401e-08
   0.0000000e+00   1.6782558e-06   4.9389605e-06   5.7717957e-06   5.9628105e-06   5.2495566e-06   5.6925596e-06   4.3465734e-06   2.8716036e-06   1.9497732e-06   1.4608513e-06   9.5670396e-07   8.6311047e-07   6.8418149e-07   5.0381840e-07   3.6095986e-07   1.5455700e-07   1.1293425e-07   1.4636363e-07   7.4078294e-08   6.5382537e-08   4.2827523e-08   7.0378064e-08
   0.0000000e+00   2.2488609e-06   4.5952079e-06   5.8585583e-06   5.5477894e-06   5.9058948e-06   5.6269018e-06   4.1065828e-06   2.9293226e-06   1.8362310e-06   1.3449237e-06   1.2278840e-06   7.2535971e-07   6.5516690e-07   3.7010773e-07   3.6911629e-07   3.0613884e-07   8.1535831e-08   3.8471488e-09   1.2000223e-07   1.4607869e-07   2.6128619e-08   1.1371619e-08
   0.0000000e+00   2.0896230e-06   4.8670177e-06   5.8172891e-06   6.1695996e-06   5.5233750e-06   5.6877775e-06   4.7201665e-06   2.9761445e-06   1.7986391e-06   1.5600516e-06   6.9558553e-07   9.9222541e-07   6.2320453e-07   5.0943612e-07   2.9917496e-07   9.3838807e-08   1.8285620e-07   1.9677825e-07   8.0968427e-08  -3.1242145e-08   2.3094895e-08  -7.1703297e-09
   0.0000000e+00   2.1288372e-06   4.6978739e-06   6.0520574e-06   5.3852591e-06   5.9434387e-06   5.3207350e-06   4.1308349e-06   2.6446355e-06   2.1642568e-06   1.2435003e-06   1.2920020e-06   6.8055715e-07   6.7082721e-07   4.8352888e-07   2.8937689e-07   2.6215696e-07   1.9431934e-07   8.6684906e-08   4.5820634e-08   4.3021689e-08  -1.5227432e-08  -1.2530444e-07
   0.0000000e+00   1.8541778e-06   5.0276285e-06   5.5271344e-06   6.0465618e-06   5.6811882e-06   5.7821344e-06   4.4988692e-06   3.0199092e-06   1.8217181e-06   1.3890243e-06   9.9840202e-07   8.6357494e-07   6.1783800e-07   4.7994382e-07   3.7181323e-07   2.5126053e-07   1.7707758e-07   1.6305641e-07   2.8904580e-08   7.2088667e-08   5.1009379e-09  -6.0485135e-08
   0.0000000e+00   2.3353271e-06   4.6854839e-06   6.3011439e-06   5.5425048e-06   5.6285676e-06   5.5253777e-06   4.3665450e-06   2.8252605e-06   1.9843940e-06   1.3585428e-06   1.1430262e-06   9.0112866e-07   6.1167498e-07   5.6850672e-07   3.6326375e-07   3.1186545e-07   1.5519660e-07   1.2329311e-07   2.1220566e-07   4.8172200e-08   3.2037505e-08   5.4821459e-08
   0.0000000e+00   2.0367734e-06   4.8246757e-06   5.6307535e-06   5.8203186e-06   5.6727113e-06   5.6803628e-06   4.1697804e-06   3.0792146e-06   1.8363535e-06   1.5444535e-06   1.0783765e-06   7.6416654e-07   8.5842089e-07   4.6894289e-07   4.5725722e-07   3.0446435e-07   1.5019626e-07   2.0038924e-07   8.3962867e-08   6.9603132e-08   4.3788681e-08   6.1275884e-08
   0.0000000e+00   2.2139425e-06   4.4720600e-06   5.9574941e-06   5.7953148e-06   5.8562628e-06   5.4437014e-06   4.5554134e-06   2.6258397e-06   1.9705044e-06   1.4075890e-06   9.9757472e-07   1.0620355e-06   6.6024046e-07   5.4928540e-07   2.9530349e-07   2.0215781e-07   3.0022201e-07   1.1042294e-07   3.3852775e-08   8.6036685e-08   7.3749838e-08  -7.3655353e-09
   0.0000000e+00   1.8439495e-06   5.2729920e-06   5.7097973e-06   5.8096089e-06   5.5344258e-06   5.4475563e-06   4.2330603e-06   3.0682340e-06   2.0195903e-06   1.4009443e-06   1.1903976e-06   7.5364562e-07   6.0599706e-07   6.4191715e-07   4.5459140e-07   2.2805727e-07   1.2631247e-07   9.1759169e-08   6.7367274e-08   7.5065529e-08   2.7540361e-09  -1.5457124e-08
   0.0000000e+00   2.3386262e-06   4.6219657e-06   5.9984282e-06   5.5612472e-06   5.6538388e-06   5.7019315e-06   4.5619968e-06   2.5443594e-06   1.8866574e-06   1.3017352e-06   1.0436054e-06   8.8566293e-07   7.9994373e-07   3.8158095e-07   3.5265609e-07   1.7181942e-07   2.3180118e-07   9.4486261e-08   5.7345463e-08   8.1163227e-09   9.7754551e-09  -3.2898409e-08
   0.0000000e+00   1.9451359e-06   4.6880991e-06   5.7010475e-06   5.7394232e-06   5.6770696e-06   5.5886335e-06   3.9476208e-06   3.0661945e-06   1.9164572e-06   1.4795468e-06   1.0578572e-06   8.3162996e-07   6.0269764e-07   5.5127151e-07   2.7664905e-07   3.7953703e-07   1.1542213e-07  -6.0904568e-08   1.6087247e-07   1.0223629e-07  -1.3248255e-07   1.8652415e-08
   0.0000000e+00   2.1782237e-06   4.5852971e-06   5.9110362e-06   5.7570896e-06   5.6342938e-06   5.1906354e-06   4.4367016e-06   2.8127561e-06   1.7354195e-06   1.3059492e-06   1.0885931e-06   8.2237966e-07   8.0533567e-07   4.2852966e-07   3.6705796e-07   1.4590552e-07   1.1820801e-07   2.5898413e-07   3.3226829e-08  -1.5246671e-07   5.1901040e-08  -2.5885178e-08
   0.0000000e+00   1.9754698e-06   5.0413973e-06   5.7762677e-06   5.5748515e-06   5.5609325e-06   5.6918425e-06   4.2001197e-06   2.8288418e-06   2.0175423e-06   1.4248186e-06   1.0258067e-06   8.3926881e-07   4.4084439e-07   5.3043800e-07   4.0113505e-07   1.6748966e-07   1.4506718e-07   3.1365357e-08   5.9746242e-08   7.3081964e-08  -3.5295702e-08  -6.8571438e-08
   0.0000000e+00   1.9775357e-06   4.4807357e-06   5.6995104e-06   5.5400924e-06   5.5967557e-06   5.3765802e-06   4.3066748e-06   2.5828379e-06   1.8208931e-06   1.3169696e-06   1.0217909e-06   8.9473951e-07   7.6331679e-07   4.7788257e-07   2.5049522e-07   2.8216499e-07   1.5517764e-07   1.3922708e-07  -7.5299162e-09   6.5031367e-09  -4.1759192e-09  -4.1173475e-08
   0.0000000e+00   2.0328732e-06   4.8814004e-06   5.6195286e-06   5.8179103e-06   5.5042678e-06   5.4655557e-06   4.1898743e-06   2.9117421e-06   1.9748538e-06   1.3637165e-06   9.9344697e-07   7.8472584e-07   5.9372383e-07   5.2799692e-07   2.8622480e-07   2.6444991e-07   2.0528478e-07   1.2281588e-07   1.3767287e-07   8.5238661e-08   2.2226484e-08   3.9578673e-08
