   0.0000000e+00   2.6991634e-06   6.0029661e-06   7.4066934e-06   6.5794334e-06   6.3308376e-06   5.9513868e-06   4.7641875e-06   3.1763748e-06   1.8431535e-06   1.5169975e-06   1.2747026e-06   8.1190075e-07   7.5723642e-07   4.5384408e-07   5.4612588e-07   3.7081526e-07   1.8722299e-07   1.7299531e-07   1.7350580e-07   6.8011595e-08   1.4734771e-07   1.4960941e-07
   0.0000000e+00   2.8375080e-06   6.1011169e-06   6.7785413e-06   6.4605802e-06   6.3438811e-06   6.2593144e-06   4.6267746e-06   3.1736761e-06   2.0477930e-06   1.4671489e-06   1.0147829e-06   9.6087911e-07   7.7860068e-07   6.8048877e-07   2.4448636e-07   3.5990010e-07   2.0849720e-07   2.7829753e-07   1.1666481e-07   1.3509620e-07   1.8560102e-07   1.6902015e-07
   0.0000000e+00   2.6960865e-06   6.0950588e-06   7.4549703e-06   6.6066218e-06   6.3303232e-06   6.0977709e-06   4.7580797e-06   2.8079082e-06   2.3229561e-06   1.6129114e-06   1.2145888e-06   9.8537930e-07   6.4898148e-07   5.5099787e-07   6.2516295e-07   1.7876246e-07   2.1557719e-07   1.5720518e-07   1.4763289e-07   2.4018593e-07   8.1813731e-08   2.5931616e-08
   0.0000000e+00   2.4939204e-06   6.3766302e-06   6.7270676e-06   6.6684706e-06   6.2409690e-06   5.9839922e-06   4.9111691e-06   3.3044951e-06   1.9054236e-06   1.3346038e-06   1.2166682e-06   1.0136797e-06   8.4827622e-07   6.4891412e-07   3.2534376e-07   2.9823033e-07   3.0699854e-07   2.3755473e-07   7.3778793e-08   4.5290218e-08   1.1718323e-07   1.2092815e-07
   0.0000000e+00   2.5297018e-06   5.7988664e-06   7.1353729e-06   6.5341119e-06   6.2982876e-06   6.1793562e-06   4.7920676e-06   3.2424985e-06   2.2435586e-06   1.7367234e-06   1.1790221e-06   8.1415027e-07   6.5709406e-07   4.9589806e-07   4.8231806e-07   2.4074802e-07   1.6648329e-07   3.2979631e-08   2.1283614e-07   1.6316964e-07  -3.7975067e-08  -3.6861739e-08
   0.0000000e+00   2.8686557e-06   6.2912827e-06   7.1458389e-06   6.7189367e-06   6.5475529e-06   6.1394339e-06   4.4566732e-06   3.0013014e-06   1.9017164e-06   1.4647773e-06   1.1849462e-06   1.0309711e-06   9.5862219e-07   4.3860803e-07   3.0595092e-07   3.2729713e-07   2.0185225e-07   1.8382231e-07   4.4020044e-08  -1.0907919e-08   6.3254880e-08   1.5545629e-07
   0.0000000e+00   2.7290494e-06   5.8767578e-06   7.0479923e-06   6.4751648e-06   6.0990265e-06   6.3426110e-06   5.1604966e-06   3.3662614e-06   2.4387466e-06   1.4968616e-06   1.1188025e-06   7.4866614e-07   5.8488314e-07   5.8221184e-07   5.0628495e-07   1.2623666e-07   1.9211133e-07   1.1822963e-08   1.4342562e-07   6.1329139e-08  -4.9368136e-08  -1.5096373e-07
   0.0000000e+00   2.3124701e-06   6.2039726e-06   6.9842563e-06   6.5983413e-06   6.3871962e-06   5.8086230e-06   4.6638511e-06   2.8816617e-06   1.8244297e-06   1.5751083e-06   1.2800480e-06   1.0763276e-06   6.5033470e-07   5.4766548e-07   2.4923403e-07   2.1418691e-07   1.9656197e-07   1.4011999e-07  -6.4862591e-09  -3.7413923e-08  -3.7626233e-08  -1.2135736e-07
   0.0000000e+00   2.7511310e-06   6.2863874e-06   7.3097185e-06   6.6727553e-06   6.7493525e-06   6.3811513e-06   4.9254959e-06   3.4512068e-06   2.3253051e-06   1.5679184e-06   1.0782031e-06   7.1271245e-07   7.7126481e-07   5.8734861e-07   3.3847394e-07   2.1885359e-07   1.3459626e-07   1.6575500e-07   4.8423185e-08   1.1508401e-08  -2.3404064e-08   1.2168924e-07
   0.0000000e+00   2.5937879e-06   5.9560693e-06   7.0354795e-06   6.6982957e-06   5.9436279e-06   6.2113822e-06   4.5879492e-06   3.0232789e-06   2.1290766e-06   1.5349443e-06   1.1079003e-06   1.1613633e-06   6.1120227e-07   4.1061892e-07   3.5698858e-07   3.8756582e-07   2.0318282e-07   1.1065129e-07   2.8622827e-07   1.9422001e-07   1.4507700e-07   4.4272198e-08
   0.0000000e+00   2.9844107e-06   6.2188778e-06   7.0166520e-06   6.8261143e-06   6.6775519e-06   6.1719961e-06   5.0345934e-06   3.4237264e-06   1.8827968e-06   1.5779179e-06   1.3486562e-06   7.3438946e-07   8.2094317e-07   6.1544836e-07   3.5523101e-07   3.4915604e-07   2.4073017e-07   3.1264565e-07   2.0398045e-07   1.1374117e-07   2.2479736e-07   1.8883389e-07
   0.0000000e+00   2.4829758e-06   6.2419685e-06   7.3834908e-06   6.7709693e-06   6.2689132e-06   6.2899180e-06   4.9564983e-06   2.9011112e-06   2.4589913e-06   1.5402044e-06   1.0690577e-06   8.9856462e-07   7.4184373e-07   5.8957659e-07   4.3390926e-07   2.4031760e-07   2.3622069e-07   2.6503625e-07   9.6954885e-08   1.2945418e-07   3.9723226e-08   2.2388809e-08
   0.0000000e+00   2.7626090e-06   6.3377584e-06   7.2748389e-06   6.4995920e-06   6.6460502e-06   6.0111715e-06   4.5413512e-06   3.0773779e-06   1.9399856e-06   1.4107280e-06   1.1679722e-06   1.1236967e-06   7.1719933e-07   4.7105419e-07   4.2436275e-07   3.2370738e-07   2.5066780e-07  -6.4761951e-09   5.3798733e-08  -1.2903183e-08  -3.3067519e-08  -1.5950494e-07
   0.0000000e+00   2.7180706e-06   5.9937283e-06   7.4089012e-06   6.8075788e-06   6.5543159e-06   6.6177481e-06   5.0397616e-06   3.4516795e-06   2.2142303e-06   1.5386128e-06   1.0241866e-06   7.2829931e-07   6.9173217e-07   5.7594463e-07   4.4354593e-07   1.3949744e-07   1.2399407e-07   1.8305609e-07   6.3655577e-08   2.8934748e-08  -3.1297915e-08   9.8488826e-09
   0.0000000e+00   3.2362043e-06   6.5455711e-06   6.8992522e-06   6.9038069e-06   6.2843965e-06   5.7932270e-06   4.3827140e-06   2.8353436e-06   1.6679762e-06   1.5255154e-06   1.2128517e-06   8.5028239e-07   6.5823292e-07   4.6829732e-07   2.2292085e-07   2.7605074e-07   2.6266676e-07   4.6212872e-08   6.3766912e-08   2.3463265e-08   3.0684809e-08   4.7342208e-08
   0.0000000e+00   2.3972025e-06   6.4200153e-06   7.3176711e-06   6.8345639e-06   6.4054511e-06   6.2864665e-06   5.2149003e-06   3.4763079e-06   2.1741641e-06   1.4135750e-06   9.6818064e-07   8.1702376e-07   6.9035855e-07   4.0360760e-07   4.8350563e-07   3.4645714e-07   8.4045283e-08   1.1229180e-07   1.9025134e-07   2.4930549e-07   2.2186288e-08  -5.0957901e-08
   0.0000000e+00   2.9314615e-06   6.0003604e-06   7.4487680e-06   6.5615841e-06   6.5716877e-06   6.1531659e-06   4.3976602e-06   2.5507543e-06   2.0976938e-06   1.2520339e-06   1.1380076e-06   9.0773807e-07   5.7108991e-07   5.6764873e-07   2.0347062e-07   1.5881979e-07   2.7199951e-07   3.5290114e-07   1.9858707e-07  -1.4200641e-07   1.6498834e-07   1.3936736e-07
   0.0000000e+00   2.8799702e-06   6.3276816e-06   7.1786458e-06   6.7581250e-06   6.2004801e-06   6.0781067e-06   4.8388201e-06   3.1892307e-06   2.1153508e-06   1.6331743e-06   9.7294765e-07   6.1664571e-07   6.6180354e-07   5.5642329e-07   4.3778152e-07   3.1157782e-07   1.0649425e-07   2.0678785e-07   5.9311557e-08   2.6750746e-07   7.2097343e-08  -4.5699203e-08
   0.0000000e+00   2.8395546e-06   6.2914592e-06   7.1909176e-06   6.5838035e-06   6.3053853e-06   6.2344857e-06   4.6721912e-06   3.0954729e-06   1.5583006e-06   1.2347912e-06   1.0861165e-06   1.1364027e-06   7.4580407e-07   4.3307091e-07   2.1623703e-07   2.6713738e-07   4.0739852e-07   1.7930178e-07   1.2103362e-07   9.8134549e-08   1.8684081e-07   9.2216382e-08
   0.0000000e+00   2.6254042e-06   6.5297213e-06   6.8497425e-06   6.7858896e-06   6.4684850e-06   5.8201899e-06   4.5137062e-06   3.1930804e-06   2.3061473e-06   1.7215556e-06   1.1529647e-06   6.0698756e-07   6.7246958e-07   5.2988833e-07   5.9668099e-07   3.7508480e-07   9.8880577e-08   1.6340060e-07   2.6654533e-07   2.1482126e-07   1.0792066e-07   4.7145626e-08
   0.0000000e+00   2.8917207e-06   5.7558495e-06   7.5327130e-06   6.4661940e-06   6.3131238e-06   6.1600354e-06   4.8535371e-06   2.8622112e-06   1.9209008e-06   1.1926925e-06   9.9562658e-07   1.2182586e-06   8.3307589e-07   6.0244878e-07   3.7423422e-07   2.4283810e-07   3.4242214e-07   3.0816480e-07   1.6606234e-07   1.5433405e-07   1.3619936e-07   2.5918283e-07
   0.0000000e+00   2.8549916e-06   6.1144538e-06   6.9736075e-06   6.5699564e-06   6.1745932e-06   6.0471557e-06   4.8205552e-06   3.0428148e-06   2.1763833e-06   1.5891810e-06   1.3861834e-06   7.9449120e-07   6.8978773e-07   6.5551291e-07   5.3988941e-07   4.3447886e-07   3.6265502e-07   1.7856176e-07   2.2799961e-07   3.3841388e-07   9.4734993e-08  -6.9580246e-08
   0.0000000e+00   2.3202697e-06   6.4855317e-06   6.9819403e-06   6.6741950e-06   6.2997851e-06   6.0125776e-06   4.4165777e-06   2.9521807e-06   2.0973325e-06   1.5121464e-06   1.1667173e-06   9.2998033e-07   8.4669608e-07   6.9329820e-07   3.8550581e-07   2.6514277e-07   4.2696448e-07   3.5936560e-07   2.5891060e-07   2.5037178e-08   1.3889189e-07   1.5429998e-07
   0.0000000e+00   2.9127193e-06   6.1552141e-06   7.0398737e-06   6.5773079e-06   6.2018157e-06   6.2606896e-06   4.8634074e-06   3.4237942e-06   1.8606369e-06   1.5918453e-06   1.0806481e-06   1.0641504e-06   8.0792705e-07   4.8410755e-07   6.0505170e-07   5.1510739e-07   1.9455285e-07   2.4457336e-07   2.8111276e-07   2.6239036e-07  -2.2973508e-08  -1.3551106e-07
   0.0000000e+00   2.9267992e-06   5.7999441e-06   7.1379700e-06   6.4448468e-06   6.3826196e-06   5.8243477e-06   4.5687134e-06   2.9190044e-06   2.0889981e-06   1.5055008e-06   1.1860991e-06   9.7359998e-07   8.3936203e-07   7.0738434e-07   3.7258138e-07   4.1801098e-07   3.1413921e-07   2.7323782e-07   1.4301307e-07  -4.9589165e-08  -3.5664623e-08  -7.8059204e-09
   0.0000000e+00   2.1407191e-06   6.0811153e-06   7.2562070e-06   6.7229757e-06   6.3132229e-06   6.0788602e-06   4.7578837e-06   3.0259305e-06   2.2603463e-06   1.5405043e-06   1.2536907e-06   8.6252578e-07   7.0539738e-07   6.4296233e-07   4.8039493e-07   2.6337071e-07   2.5862042e-07   2.2086992e-07   7.6906026e-08  -8.5537870e-09   6.6084205e-08  -1.4610555e-07
   0.0000000e+00   2.8355819e-06   6.4947835e-06   6.7603696e-06   6.4547871e-06   6.4485789e-06   6.0961643e-06   4.7893909e-06   3.1836366e-06   1.8625617e-06   1.3392598e-06   1.1999541e-06   9.3618684e-07   7.4254359e-07   5.5647700e-07   2.8742619e-07   4.0321271e-07   2.8903361e-07   1.1849281e-07   3.5183842e-08   1.4608739e-07  -8.2714813e-08  -7.1412657e-08
   0.0000000e+00   2.6602168e-06   6.0244497e-06   7.1169738e-06   6.7068067e-06   5.9090135e-06   6.2226263e-06   4.7198318e-06   2.9269711e-06   2.2224440e-06   1.6124476e-06   9.8041460e-07   8.3460907e-07   6.7077985e-07   4.9386102e-07   4.7776655e-07   2.6756447e-07   9.2825310e-08   2.3954462e-07   1.8704964e-07   1.5345083e-08   9.4099903e-08   1.0679769e-07
   0.0000000e+00   2.8423490e-06   5.7372590e-06   7.2969970e-06   6.5870945e-06   6.6249791e-06   5.9523882e-06   4.5561128e-06   3.3079166e-06   1.8079846e-06   1.5707907e-06   1.0838532e-06   8.9741349e-07   8.3989841e-07   4.6543568e-07   3.9945530e-07   2.6313813e-07   2.9801080e-07   1.3370025e-07   1.4630972e-07   1.1389735e-07   5.7564350e-08   1.6812848e-07
   0.0000000e+00   2.2459294e-06   6.1584392e-06   7.1285226e-06   6.6611346e-06   6.2283211e-06   6.1922710e-06   4.9256114e-06   3.1051691e-06   2.2661122e-06   1.4413954e-06   1.0739261e-06   1.0715170e-06   6.2385925e-07   6.1788552e-07   5.1517105e-07   3.7557245e-07   2.3318614e-07   1.7291221e-07   7.4230208e-08   1.9194447e-07   1.2907188e-07  -3.7217490e-08
   0.0000000e+00   2.7764224e-06   6.7216365e-06   6.7149931e-06   6.5210315e-06   6.4870874e-06   6.0044472e-06   4.6763062e-06   2.9366158e-06   2.0150928e-06   1.3198695e-06   1.4371776e-06   8.3088582e-07   7.9612488e-07   7.7471117e-07   4.2471780e-07   2.5079106e-07   3.5283961e-07   2.0416974e-07   1.7176171e-07   8.1980055e-08   1.7013226e-08   1.8566919e-07
   0.0000000e+00   2.7871647e-06   5.6551548e-06   7.3849646e-06   6.7599481e-06   6.2208810e-06   6.3917255e-06   4.9670057e-06   3.1956688e-06   2.2779768e-06   1.6902618e-06   1.0660024e-06   9.4446500e-07   9.0517602e-07   6.2737303e-07   6.3234148e-07   4.1804651e-07   2.9026077e-07   2.5785485e-07   2.3390358e-07   1.8181872e-07   2.0141331e-07  -3.4563357e-09
   0.0000000e+00   2.4837036e-06   6.0581428e-06   7.2705525e-06   6.5579779e-06   6.3445032e-06   5.9690101e-06   4.4307926e-06   3.1476957e-06   1.8578666e-06   1.5029896e-06   1.3573670e-06   1.1138297e-06   9.8233022e-07   6.3901081e-07   3.9242900e-07   5.4976891e-07   3.3792176e-07   2.2098861e-07   2.7648446e-07   1.9899989e-07   1.3847767e-07   2.0100384e-07
   0.0000000e+00   2.7929225e-06   6.3508846e-06   7.0605752e-06   6.7511119e-06   6.6830721e-06   6.2269996e-06   5.0629224e-06   3.3129261e-06   2.2262232e-06   1.7674973e-06   1.0234996e-06   9.4621731e-07   8.3449646e-07   7.4037445e-07   6.3909386e-07   2.7077215e-07   2.3128223e-07   4.1052741e-07   1.7640745e-07   2.1783349e-07   1.4042118e-07   3.3075949e-09
   0.0000000e+00   2.6482930e-06   6.2586314e-06   6.8987415e-06   6.7049737e-06   6.2347417e-06   6.0340903e-06   4.5060769e-06   2.9579192e-06   1.9351685e-06   1.3772325e-06   1.3965782e-06   1.1187589e-06   6.9564703e-07   6.0256178e-07   3.9594912e-07   3.1634764e-07   4.2044297e-07   1.6320723e-07   1.4183590e-07   5.1520345e-08   8.8979100e-08   4.6350728e-08
   0.0000000e+00   2.5745919e-06   6.1175915e-06   7.3842202e-06   6.7486426e-06   6.1976334e-06   6.1632227e-06   5.1274114e-06   3.0877577e-06   2.4111450e-06   1.5880292e-06   1.0639031e-06   9.2591313e-07   6.0842433e-07   6.3949699e-07   4.0690318e-07   4.5237576e-07   9.8060561e-08   7.1258420e-08   1.7648244e-07   2.0861602e-07  -1.5564369e-08  -2.1545389e-08
   0.0000000e+00   2.8661632e-06   6.1368969e-06   7.3683254e-06   6.4499459e-06   6.4537744e-06   6.3811358e-06   4.3912073e-06   3.0348065e-06   1.9090496e-06   1.3962874e-06   1.1221101e-06   7.7719614e-07   9.8118915e-07   5.2639268e-07   3.5534600e-07   1.9886977e-07   3.5149480e-07   3.1903218e-07   1.6526766e-07  -2.5639993e-08   8.3988931e-09   1.8507566e-07
   0.0000000e+00   2.6854379e-06   6.2058716e-06   6.8692070e-06   6.7131809e-06   6.5136192e-06   5.7271682e-06   4.6972891e-06   3.3575816e-06   1.9776255e-06   1.6741240e-06   1.2028911e-06   8.3274205e-07   5.8753517e-07   5.7550062e-07   5.3165417e-07   4.3436404e-07   2.4964768e-07   1.2864393e-07   2.0309362e-07   2.1228585e-07   1.7734303e-07  -1.2119635e-07
   0.0000000e+00   2.5184165e-06   6.2100839e-06   7.1970348e-06   6.8843592e-06   6.1870019e-06   6.1081814e-06   5.0245353e-06   3.0265885e-06   1.9352537e-06   1.3777930e-06   1.1010693e-06   1.0485621e-06   8.8974622e-07   5.3454812e-07   5.0181745e-07   2.7748706e-07   3.4187968e-07   3.3274713e-07   9.5608790e-08   8.1010548e-08   1.0051959e-07   1.7216803e-07
   0.0000000e+00   3.0665519e-06   6.1481919e-06   7.2554212e-06   6.3480911e-06   6.1296182e-06   6.2548411e-06   4.3893742e-06   2.8492113e-06   2.2316005e-06   1.6062286e-06   1.0749029e-06   8.7118468e-07   7.4111125e-07   6.2142846e-07   5.1952685e-07   3.1375271e-07   2.0201982e-07   1.2452374e-07   2.1130428e-07   1.3044566e-07   4.1638813e-08   2.1170841e-08
   0.0000000e+00   2.4995647e-06   6.2833992e-06   7.0711858e-06   6.6526359e-06   6.4461974e-06   6.1458518e-06   4.8709444e-06   3.0499943e-06   2.1122119e-06   1.3415523e-06   1.1662070e-06   1.0387848e-06   6.9671808e-07   6.1226422e-07   3.6718609e-07   3.6162248e-07   2.4295971e-07   8.3831821e-08   5.4267339e-08   1.9465507e-09  -3.5590933e-08  -1.1836956e-07
   0.0000000e+00   2.6005796e-06   6.1991605e-06   7.1244085e-06   6.6120506e-06   6.5647200e-06   5.7423890e-06   4.5853740e-06   3.3379647e-06   1.8523305e-06   1.4900656e-06   1.2437894e-06   8.9130276e-07   7.5545108e-07   7.2349462e-07   3.5094391e-07   3.4253662e-07   1.7934985e-07   1.0151090e-07   9.3446658e-08  -8.0691017e-08  -8.4953300e-08  -1.1690364e-07
   0.0000000e+00   2.9049534e-06   5.9908371e-06   7.0476185e-06   6.7885717e-06   5.8431237e-06   6.1184096e-06   4.7398344e-06   2.9203497e-06   2.0914565e-06   1.6682130e-06   1.1079119e-06   8.6222019e-07   7.8667028e-07   5.7287730e-07   4.6862840e-07   3.2544850e-07   1.4770252e-07   1.7854866e-07   9.7058503e-09   4.5915129e-08  -5.1868213e-08  -9.2360757e-08
   0.0000000e+00   2.8623451e-06   6.3955722e-06   7.2088505e-06   6.4282849e-06   6.6017856e-06   6.4226920e-06   4.8986421e-06   2.9359398e-06   2.1492376e-06   1.4143982e-06   9.9400256e-07   1.1557756e-06   8.0698192e-07   5.2529930e-07   3.7697737e-07   1.8456271e-07   1.8521011e-07   6.3882474e-08   7.2938974e-08  -6.7749461e-08  -2.6476615e-08  -1.9367377e-07
   0.0000000e+00   2.6310515e-06   6.0960233e-06   7.2446724e-06   6.5456084e-06   6.3315647e-06   5.8502510e-06   4.4663279e-06   3.2890737e-06   2.0680600e-06   1.5470622e-06   1.4052890e-06   7.6849665e-07   6.7810254e-07   4.7910839e-07   4.3584367e-07   1.7013029e-07  -4.2795620e-10   7.4386158e-08  -1.1948212e-07  -3.1916652e-08  -1.1023567e-07  -2.2332407e-07
   0.0000000e+00   2.5249585e-06   6.2288022e-06   6.9127968e-06   6.9206567e-06   6.3479388e-06   6.0343573e-06   4.9813484e-06   3.1911959e-06   2.0528475e-06   1.3387101e-06   1.2349890e-06   7.7784750e-07   6.7732520e-07   5.0288889e-07   1.9080113e-07   6.3979137e-08   2.2299868e-07  -2.4244319e-08  -8.3526297e-09  -3.0515686e-08  -1.2924060e-07  -2.5342863e-09
   0.0000000e+00   2.9543207e-06   6.3197735e-06   7.3018982e-06   6.4962069e-06   6.3803936e-06   6.4121759e-06   4.6956993e-06   3.0542615e-06   2.1582357e-06   1.7074976e-06   1.0055317e-06   9.6238216e-07   7.4931580e-07   3.3633864e-07   2.6959580e-07   3.2264498e-07   1.4153981e-07  -3.1493406e-09   1.4150689e-07   1.3605612e-07   9.4396334e-08  -2.6629598e-08
   0.0000000e+00   3.0042352e-06   6.0271900e-06   7.1596564e-06   6.6481061e-06   6.1787659e-06   6.1179344e-06   4.7771391e-06   3.1677464e-06   2.3251355e-06   1.5400614e-06   1.0494789e-06   9.1923431e-07   6.9271681e-07   5.9914123e-07   4.4376691e-07   2.1114343e-07   1.3887696e-07   2.2553107e-07   2.1902798e-07   7.1170007e-08   3.5125559e-08   2.6222483e-07
   0.0000000e+00   2.4730625e-06   6.1587016e-06   7.0494043e-06   6.8196282e-06   6.6473681e-06   6.0324360e-06   4.9707282e-06   3.2271398e-06   1.9019150e-06   1.6002006e-06   1.2981836e-06   1.0827254e-06   5.1533067e-07   6.3752043e-07   4.1262828e-07   2.5005355e-07   3.1931117e-07   1.7487329e-07   1.4343735e-07   1.4272463e-07   1.4386487e-07   1.8063904e-08
   0.0000000e+00   2.5122702e-06   6.1901810e-06   7.3083738e-06   6.4664746e-06   6.3021203e-06   6.2004328e-06   4.6148361e-06   3.3140800e-06   2.1064525e-06   1.5381559e-06   1.3498735e-06   7.8603301e-07   9.4198163e-07   6.5447375e-07   3.6155348e-07   4.5410118e-07   3.0393502e-07   2.6261694e-07   2.4833329e-07   2.3832546e-07   1.3917645e-07   6.1936369e-08
   0.0000000e+00   3.0118717e-06   6.4253586e-06   7.0207911e-06   6.6731509e-06   6.2047284e-06   6.2150657e-06   4.8203387e-06   3.0511687e-06   2.3734656e-06   1.5375839e-06   9.9085446e-07   9.7487964e-07   8.6900258e-07   5.6802730e-07   4.3318045e-07   4.7766190e-07   2.3306090e-07   3.1545667e-07   2.7074441e-07   6.7553763e-08   1.8613390e-07   1.9320048e-07
   0.0000000e+00   2.4786871e-06   5.8935489e-06   7.0771312e-06   6.6785037e-06   6.5195536e-06   6.0037232e-06   4.9221376e-06   3.1516174e-06   1.8677372e-06   1.4741012e-06   1.2283612e-06   9.8248984e-07   7.2991566e-07   3.7897067e-07   6.0324987e-07   4.4644827e-07   2.1631379e-07   3.6213513e-07   2.2059849e-07   2.4068427e-07   1.6468309e-07   2.1947500e-08
   0.0000000e+00   2.9804592e-06   6.0555922e-06   7.1053928e-06   6.6291218e-06   6.2809258e-06   6.1995347e-06   4.6082791e-06   3.0501990e-06   2.1014525e-06   1.4786365e-06   1.1305400e-06   8.5588732e-07   6.5850020e-07   7.7832675e-07   4.5645575e-07   2.2918010e-07   3.7509307e-07   3.2695056e-07   1.7339516e-07   2.1554008e-07   2.1735262e-07   4.0534580e-08
   0.0000000e+00   2.3007235e-06   6.4591391e-06   7.1156060e-06   6.6093266e-06   6.3127532e-06   6.0807929e-06   4.8264792e-06   3.1186839e-06   2.0305363e-06   1.5374269e-06   1.0507438e-06   8.0753938e-07   7.6398555e-07   6.4990854e-07   4.9362438e-07   3.0372195e-07   3.7076961e-07   2.0635406e-07   1.3494358e-07   2.7699411e-07   1.1566725e-07   1.5414457e-07
   0.0000000e+00   2.7988369e-06   5.8747592e-06   7.2193793e-06   6.6012699e-06   6.3710672e-06   6.3532398e-06   4.6726550e-06   3.1498396e-06   1.9469132e-06   1.3166549e-06   1.1019363e-06   1.1413774e-06   7.0559798e-07   5.8233866e-07   4.4044313e-07   4.8652237e-07   2.7898065e-07   1.5931327e-07   2.7995478e-07   9.3221104e-08   7.6002650e-08   1.0949687e-07
   0.0000000e+00   2.8002742e-06   6.0657503e-06   7.0361566e-06   6.8353565e-06   6.2336167e-06   5.7653060e-06   4.8091592e-06   2.9384046e-06   2.0375928e-06   1.6570423e-06   1.1149754e-06   8.3991591e-07   9.3043326e-07   6.6461780e-07   5.6179721e-07   3.9385461e-07   3.2526339e-07   2.7900558e-07   2.7434155e-07   8.2710685e-08   1.2824363e-08   7.5665305e-08
   0.0000000e+00   2.5172380e-06   6.6334337e-06   7.0392971e-06   6.2862728e-06   6.7001997e-06   6.2467566e-06   4.6739210e-06   3.1546824e-06   2.1340934e-06   1.3751954e-06   1.3353171e-06   9.4668707e-07   6.9529256e-07   7.5878597e-07   5.5142505e-07   4.0472116e-07   3.7899238e-07   2.1977944e-07   1.0087769e-07   1.3610524e-07   5.0730613e-08  -1.2836780e-07
   0.0000000e+00   2.8054828e-06   5.7053257e-06   7.2472776e-06   6.8719783e-06   6.1326582e-06   6.2604331e-06   4.9007790e-06   3.0829358e-06   2.0516263e-06   1.5537469e-06   1.2112091e-06   9.7163263e-07   9.8869668e-07   5.1588017e-07   5.1759088e-07   3.2181464e-07   2.6389293e-07   2.8516715e-07   5.4862710e-08   1.3532714e-07   1.1854522e-08  -1.2916576e-07
   0.0000000e+00   2.5444056e-06   6.1915630e-06   7.2071102e-06   6.7076699e-06   6.2289050e-06   6.0524017e-06   4.5121478e-06   3.1857091e-06   2.2216143e-06   1.5408721e-06   1.1231521e-06   1.0878139e-06   7.9679455e-07   6.9172523e-07   4.6592319e-07   2.6279207e-07   2.8600212e-07   1.5975195e-07   1.4199517e-07  -8.0062158e-08  -4.5112547e-08   6.6991795e-08
   0.0000000e+00   2.9147920e-06   6.3369780e-06   7.2182397e-06   6.6928897e-06   6.4724572e-06   6.1865439e-06   5.1042871e-06   3.0373258e-06   1.9712870e-06   1.5960053e-06   1.2052740e-06   9.0667169e-07   7.5683914e-07   5.4353598e-07   4.9762900e-07   4.9322864e-07   2.0078057e-08   1.0959599e-07   5.3717240e-08  -2.6675917e-08   6.6012826e-09  -1.3522093e-07
   0.0000000e+00   2.8643217e-06   6.4887827e-06   6.8450699e-06   6.4366718e-06   6.6856342e-06   6.2367044e-06   4.5664333e-06   3.3221800e-06   2.0831746e-06   1.4686387e-06   1.2690225e-06   1.0137596e-06   7.2976565e-07   6.9056790e-07   2.5364824e-07   1.9082424e-07   2.7879844e-07  -1.0371313e-08   7.1346051e-08   5.0873343e-08  -1.2297973e-07  -4.9951325e-08
   0.0000000e+00   2.1449787e-06   5.8854894e-06   7.4425589e-06   6.9830312e-06   6.1532187e-06   6.0117673e-06   4.8864258e-06   2.9633998e-06   2.2675488e-06   1.5429433e-06   1.0842730e-06   9.1522264e-07   7.4874458e-07   6.7810521e-07   4.4501803e-07   2.0642165e-07   1.5091437e-07   1.4443167e-07  -4.5010783e-08  -3.6945920e-08   4.0421128e-08  -1.3543695e-07
   0.0000000e+00   3.4842342e-06   6.0870116e-06   7.3398546e-06   6.6689413e-06   6.4205087e-06   6.3913558e-06   4.7000099e-06   3.2958833e-06   1.8969299e-06   1.3458148e-06   1.3106524e-06   1.0564792e-06   8.0684697e-07   5.8417470e-07   3.9185230e-07   3.3155385e-07   1.9498660e-07   9.9972695e-08   7.0352023e-08  -4.9229449e-08  -7.6854654e-08   1.2837516e-07
   0.0000000e+00   2.3314517e-06   6.6041434e-06   7.0669053e-06   6.5209329e-06   6.3326779e-06   6.1064975e-06   4.8874176e-06   3.0532397e-06   2.1337075e-06   1.8384657e-06   1.0205076e-06   9.5635642e-07   8.9525071e-07   5.2625040e-07   5.2136812e-07   2.6811603e-07   1.1994089e-07   1.1714626e-07   1.5695352e-07   9.1392501e-08   3.7063064e-08   4.6958384e-08
   0.0000000e+00   2.7609253e-06   6.1289138e-06   6.9657449e-06   6.8649420e-06   6.8503441e-06   5.9120416e-06   4.7159374e-06   2.9941582e-06   1.9022539e-06   1.4888270e-06   1.3238267e-06   8.4479245e-07   9.7781151e-07   5.5404234e-07   3.4518843e-07   2.6559027e-07   2.0871677e-07   2.1646305e-07   7.7875129e-09   9.2632945e-08   1.4749656e-07  -7.2304021e-09
   0.0000000e+00   2.8557388e-06   5.9085933e-06   7.4464633e-06   6.7707415e-06   5.9352160e-06   6.4924093e-06   4.7230137e-06   3.2256498e-06   2.2046866e-06   1.2340349e-06   1.1782251e-06   1.1477074e-06   4.9287905e-07   5.7972539e-07   3.8960471e-07   2.0748254e-07   2.3145135e-07   4.6774322e-09   1.2107235e-07   6.5205491e-08  -7.0075181e-09  -2.1450588e-09
   0.0000000e+00   2.6604043e-06   6.5720537e-06   7.0071223e-06   6.4774958e-06   6.3210659e-06   5.9141043e-06   4.5824841e-06   2.9750167e-06   1.9925114e-06   1.5883970e-06   1.2249653e-06   8.7923604e-07   7.9047390e-07   4.5154525e-07   3.5871182e-07   1.3344375e-07   4.0838334e-08   1.1520169e-07   7.0168298e-08  -3.8580346e-08  -9.7980433e-08  -4.5006537e-08
   0.0000000e+00   2.7453593e-06   5.8994660e-06   7.1982231e-06   6.8311697e-06   6.6507014e-06   6.2018062e-06   4.7592398e-06   3.0198241e-06   2.1549640e-06   1.5065458e-06   8.7788055e-07   8.9705532e-07   6.7452356e-07   6.2736700e-07   1.7595450e-07   2.7874171e-07   1.6766818e-07   8.2513331e-08   6.4856607e-08  -6.4476204e-08   1.9680257e-08  -1.5007994e-07
   0.0000000e+00   2.5012064e-06   6.2398954e-06   7.2175935e-06   6.3158204e-06   6.1564929e-06   5.8580140e-06   4.8450361e-06   3.0384522e-06   1.7067857e-06   1.6275762e-06   1.2750368e-06   8.8661682e-07   6.4945834e-07   4.0238479e-07   4.0391828e-07   2.0453228e-07   2.1753127e-07   1.6622731e-07   8.1441009e-08   1.6632075e-07   8.9606650e-10   8.7219874e-08
   0.0000000e+00   3.1406780e-06   6.3273956e-06   6.8900449e-06   6.7219839e-06   6.2850113e-06   6.0349366e-06   4.6587656e-06   3.2316443e-06   2.2036427e-06   1.4694538e-06   1.2585322e-06   8.3988562e-07   6.9217646e-07   5.8650983e-07   3.5213003e-07   2.9544020e-07   2.1860721e-07   2.5429088e-07   1.2717058e-07   9.1732815e-08   1.1945704e-07   6.1331242e-08
   0.0000000e+00   2.5787490e-06   5.8253922e-06   7.3363540e-06   6.8080644e-06   6.3017169e-06   6.4857081e-06   4.5242864e-06   2.9835237e-06   2.4565811e-06   1.2241528e-06   9.9136275e-07   1.0191026e-06   8.8209168e-07   5.2762897e-07   4.9811138e-07   3.8520795e-07   3.1882533e-07   2.7756482e-07   2.8478246e-07   2.2432975e-07   1.8643861e-07   1.9170363e-07
   0.0000000e+00   2.2671320e-06   6.7173451e-06   6.8724835e-06   6.4151864e-06   6.3252023e-06   5.6317695e-06   4.8687957e-06   3.2794844e-06   1.6933619e-06   1.8801245e-06   1.3410944e-06   9.9478939e-07   7.1837752e-07   6.0344706e-07   4.9264338e-07   4.3793574e-07   3.2065182e-07   1.8598040e-07   2.3726651e-07   2.7487042e-07   1.0320433e-07   1.2131015e-07
   0.0000000e+00   3.2176342e-06   5.7136012e-06   7.4365998e-06   6.5919780e-06   6.1673013e-06   6.3720681e-06   5.0267718e-06   3.0252786e-06   2.2495778e-06   1.4218944e-06   1.2617922e-06   8.3247761e-07   8.0400065e-07   7.7398579e-07   4.4985296e-07   3.1455357e-07   3.0943082e-07   3.2474105e-07   2.2619082e-07  -2.8048875e-08   1.2972005e-07   1.6482622e-07
   0.0000000e+00   2.8987931e-06   6.2561398e-06   6.9130706e-06   6.6545267e-06   6.6129473e-06   6.1021983e-06   4.3031268e-06   3.1796853e-06   2.0766206e-06   1.6745361e-06   1.1125435e-06   1.1529279e-06   7.7845090e-07   6.5122424e-07   5.6427103e-07   4.0992566e-07   3.3389935e-07   2.3792670e-07   5.6126517e-08   1.4838174e-07   6.4087786e-08  -8.0231246e-08
   0.0000000e+00   2.4162896e-06   6.3099537e-06   7.1629006e-06   6.6576458e-06   6.1550832e-06   6.1492910e-06   4.8520155e-06   3.1651784e-06   2.3016898e-06   1.4519339e-06   1.2142834e-06   1.0766462e-06   9.3664573e-07   6.5152244e-07   4.8077806e-07   2.9709270e-07   2.5538563e-07   1.2536370e-07   2.0309731e-07   1.6517542e-07  -1.4924050e-08   2.2714768e-09
   0.0000000e+00   2.6527077e-06   6.2860918e-06   7.2440180e-06   6.6284288e-06   6.1416831e-06   6.0010207e-06   4.9840019e-06   3.1786049e-06   1.9049161e-06   1.6012721e-06   1.4484045e-06   9.3610578e-07   8.2048581e-07   5.9424463e-07   3.2401073e-07   3.6092163e-07   2.1027799e-07   2.2125762e-07   8.8997552e-08  -3.6819593e-08   8.3695710e-08   1.1318089e-07
   0.0000000e+00   3.1242962e-06   6.1031824e-06   6.9483899e-06   6.6480616e-06   6.9200501e-06   5.7919056e-06   4.7113790e-06   3.0773685e-06   2.0352797e-06   1.8691944e-06   1.1910959e-06   8.4390939e-07   8.1168196e-07   5.9662239e-07   5.2107902e-07   2.7321573e-07   1.4390822e-07   2.9417359e-08   1.2844279e-07   1.4514332e-07   4.4371895e-08  -1.0775410e-07
   0.0000000e+00   2.5939373e-06   6.0958396e-06   7.1731124e-06   6.4907540e-06   5.8618421e-06   6.7619576e-06   4.6438095e-06   3.0905830e-06   2.4289218e-06   1.1999963e-06   1.0498816e-06   1.2167959e-06   8.3672273e-07   4.8429240e-07   2.8611572e-07   2.1306363e-07   2.5749335e-07   2.4902008e-07   3.4848973e-08   1.6580973e-08  -5.6904856e-08   4.9928349e-08
   0.0000000e+00   2.9195012e-06   6.2184886e-06   7.3959545e-06   6.5704958e-06   6.4061701e-06   5.7229549e-06   4.8132442e-06   3.2886164e-06   1.9936090e-06   1.6604613e-06   1.3710345e-06   7.8137111e-07   5.1883273e-07   6.3919674e-07   5.3979875e-07   2.6880730e-07   1.2810716e-07   8.2874664e-08   1.5363275e-07  -2.4862690e-08   5.6526797e-08  -1.0093056e-07
   0.0000000e+00   2.2907002e-06   6.4233591e-06   6.7319634e-06   7.0835627e-06   6.2305580e-06   6.2844902e-06   4.7580911e-06   3.0584147e-06   1.9721067e-06   1.6756246e-06   9.8063413e-07   1.0149328e-06   8.1175159e-07   5.5792572e-07   1.9705551e-07   2.1794918e-07   3.1004987e-07   1.3622950e-07  -3.9796264e-09   8.5169567e-08   2.4357872e-08   3.6898658e-08
   0.0000000e+00   3.3689912e-06   5.6847484e-06   7.0322208e-06   6.0952630e-06   6.6269245e-06   5.9690510e-06   4.9029554e-06   3.2719067e-06   2.2973015e-06   1.3432239e-06   1.3262924e-06   8.1077161e-07   7.7332385e-07   4.7939534e-07   2.8597398e-07   3.5460243e-07   1.5244684e-07   5.9498685e-08   2.8547794e-07   1.1866512e-07  -1.9293386e-08   5.0670405e-08
   0.0000000e+00   2.1327628e-06   6.5272011e-06   7.4373211e-06   6.5585564e-06   6.1232167e-06   6.2021272e-06   4.7381554e-06   3.0411725e-06   2.0794389e-06   1.8107512e-06   1.2128630e-06   1.0089293e-06   6.5163624e-07   3.3867516e-07   5.0766238e-07   1.8651603e-07   4.8294730e-08   2.9142626e-07  -2.4765582e-08   2.6564859e-09   9.9397667e-08  -8.9356973e-08
   0.0000000e+00   2.9853693e-06   5.9479275e-06   6.9737889e-06   6.7845053e-06   6.2358213e-06   6.2892727e-06   4.8488350e-06   3.1488464e-06   2.3020280e-06   1.3763173e-06   1.2387399e-06   8.5350484e-07   6.0723585e-07   6.0665963e-07   2.0981780e-07   6.0626860e-08   3.0017213e-07   1.0127692e-08   8.7348056e-08  -3.0114236e-08  -5.4418631e-08  -5.9032299e-08
   0.0000000e+00   2.6972182e-06   6.0365523e-06   6.5774293e-06   6.7103588e-06   6.4476653e-06   5.8283217e-06   4.6861614e-06   3.3796161e-06   2.0035729e-06   1.7312885e-06   1.0959312e-06   8.7360115e-07   7.5436833e-07   3.2823817e-07   2.9348286e-07   2.9705092e-07   7.4803104e-08   1.0523421e-07  -8.8931102e-08   1.1202467e-07  -1.4613067e-07  -2.7744886e-07
   0.0000000e+00   2.6345283e-06   6.1483101e-06   7.6868391e-06   6.1920409e-06   6.3992779e-06   6.2449330e-06   4.9637574e-06   3.0405727e-06   2.1322255e-06   1.4891469e-06   1.0838100e-06   8.9945519e-07   5.4827797e-07   4.9863144e-07   2.7669108e-07   2.8843783e-07   1.6379626e-07  -2.7505916e-08   1.1503253e-07  -1.6653439e-07  -1.0726300e-07  -7.9240658e-09
   0.0000000e+00   2.5670722e-06   6.3019961e-06   6.8251297e-06   6.8446907e-06   6.0989018e-06   6.4963042e-06   4.5437509e-06   3.2745916e-06   2.1404485e-06   1.5381773e-06   1.1623606e-06   7.6035207e-07   5.2228057e-07   5.3481983e-07   3.8770764e-07   2.3796102e-07   6.7069230e-08   1.5069699e-07   1.2882863e-07  -1.0523599e-08   3.0475153e-08   7.3958056e-08
   0.0000000e+00   2.8413399e-06   5.8957435e-06   7.0246228e-06   6.4386786e-06   6.5224463e-06   5.6162621e-06   5.0031558e-06   2.9164657e-06   2.1133335e-06   1.4395545e-06   1.0425878e-06   9.0252394e-07   8.0699670e-07   4.1297756e-07   3.3724959e-07   2.2136567e-07   2.7964711e-07   2.5346102e-07  -3.1753824e-08   2.0186644e-07   1.7951839e-07  -5.3413043e-08
   0.0000000e+00   2.7030032e-06   6.4533774e-06   6.8433696e-06   7.1207078e-06   6.3251464e-06   6.5487479e-06   4.7169819e-06   3.5251096e-06   2.1645487e-06   1.4718547e-06   1.1816920e-06   7.6842463e-07   4.7979228e-07   7.5169675e-07   4.0974584e-07   3.4876226e-07   2.2431287e-07   8.9179061e-08   2.4464799e-07   1.0875034e-07  -2.3577476e-08   7.8589942e-08
   0.0000000e+00   2.6770292e-06   5.5776609e-06   7.7604109e-06   6.0302145e-06   6.4687119e-06   5.8130208e-06   4.8861748e-06   2.8798474e-06   1.8936223e-06   1.6083642e-06   1.0283470e-06   9.9122826e-07   1.0830416e-06   2.8010675e-07   5.5933657e-07   2.8583472e-07   2.7050820e-07   3.7002766e-07   1.0801665e-07   5.5948718e-08   1.9788028e-07  -2.5062119e-08
   0.0000000e+00   2.4199344e-06   6.5630356e-06   6.6909511e-06   6.7111246e-06   6.2107629e-06   6.5848290e-06   4.7405642e-06   3.3836050e-06   2.3075795e-06   1.4124852e-06   1.3314458e-06   8.7831052e-07   5.3151217e-07   7.7260148e-07   4.9095661e-07   5.1755080e-07   3.3375650e-07   6.8962983e-08   2.8041700e-07   2.3557921e-07  -1.1139781e-07   1.5331084e-07
   0.0000000e+00   3.1847094e-06   6.0390867e-06   7.0994124e-06   7.1360182e-06   6.5056865e-06   6.0389066e-06   4.8966144e-06   2.8640470e-06   2.0319662e-06   1.5106225e-06   1.0174208e-06   1.0339465e-06   9.7637155e-07   6.4569679e-07   4.2795895e-07   2.5535698e-07   4.5620595e-07   4.0370068e-07   6.1921853e-08   7.1992240e-08   2.6931741e-07  -2.7416343e-09
   0.0000000e+00   2.1496096e-06   6.2471963e-06   7.0122724e-06   6.3417915e-06   6.4123260e-06   6.0622074e-06   4.7416111e-06   3.5553753e-06   2.1748215e-06   1.7597691e-06   1.3008827e-06   8.9815626e-07   5.8980692e-07   6.9103567e-07   6.6020584e-07   5.0896841e-07   2.4506849e-07   8.2893401e-08   3.7027451e-07   2.1981775e-07   1.2522412e-08   1.3969149e-07
   0.0000000e+00   2.8258116e-06   5.7234374e-06   7.4076752e-06   6.5226363e-06   6.2888635e-06   6.3423568e-06   5.0717995e-06   2.8328559e-06   2.0948466e-06   1.2840737e-06   1.1926620e-06   1.1890398e-06   9.6103201e-07   6.4154267e-07   4.1283172e-07   3.0546070e-07   4.0955069e-07   3.9219327e-07   1.1774387e-07  -1.2516750e-09   1.2524383e-07   1.7907523e-07
   0.0000000e+00   2.7879637e-06   6.4068195e-06   6.9867629e-06   6.8674585e-06   6.5605363e-06   6.2905228e-06   4.5373549e-06   3.6236697e-06   2.1538654e-06   2.0130210e-06   1.2620869e-06   8.0945347e-07   7.5892547e-07   6.9509053e-07   5.4716099e-07   5.9051246e-07   5.9824821e-08   1.4749628e-07   2.2220303e-07   1.3578511e-07   8.4922604e-08  -1.2972406e-07
   0.0000000e+00   2.5377001e-06   5.9733911e-06   6.9858447e-06   6.4871128e-06   6.3843454e-06   6.0023767e-06   5.0216668e-06   2.8907923e-06   2.2278939e-06   1.1453988e-06   1.3214932e-06   1.0878229e-06   9.2073452e-07   5.8753676e-07   4.3307847e-07   1.9305769e-07   4.5953840e-07   2.3537019e-07   7.2591703e-08   6.4278012e-08   4.6972662e-08   1.0190924e-07
   0.0000000e+00   2.3781643e-06   6.2724175e-06   6.9829807e-06   6.8974987e-06   6.3315929e-06   6.4207711e-06   4.9424648e-06   3.3506947e-06   2.1981614e-06   1.8795428e-06   1.1092791e-06   8.8785350e-07   6.8617624e-07   6.7474622e-07   4.7467267e-07   4.3196471e-07   9.0956433e-08   2.2975041e-07   5.8376191e-08   3.6351611e-08   5.1370563e-08  -1.0874675e-07
   0.0000000e+00   2.7988576e-06   5.9248332e-06   7.6436245e-06   6.2610270e-06   6.5855825e-06   6.0733532e-06   4.4884719e-06   2.9277764e-06   2.0655225e-06   1.3729698e-06   1.2469542e-06   1.0439604e-06   8.2740223e-07   4.6234760e-07   4.4349179e-07   2.1452345e-07   2.5231233e-07   6.6334245e-08   4.2391104e-09  -2.0858886e-08  -6.9460569e-08   4.6955119e-08
   0.0000000e+00   2.7701333e-06   6.1746300e-06   6.4824953e-06   7.2250027e-06   6.1337855e-06   6.2287841e-06   5.2837299e-06   3.5496776e-06   2.0773518e-06   1.7651237e-06   1.1132321e-06   9.0843616e-07   7.6370895e-07   7.1542530e-07   4.1458358e-07   3.2862272e-07   1.9667915e-07   4.6895419e-08   2.6537219e-08   7.2916826e-08   2.2113179e-08  -6.8379791e-08
   0.0000000e+00   2.6770147e-06   6.2461581e-06   7.4494451e-06   6.2737417e-06   6.5553118e-06   6.2015165e-06   4.4973490e-06   2.9621735e-06   2.1140904e-06   1.4167142e-06   1.4086468e-06   1.0238541e-06   8.1814716e-07   5.4224176e-07   5.1048295e-07   2.8266635e-07   1.6796847e-07   1.7917209e-07   1.5768846e-07   7.3128668e-08   7.4696366e-08   8.8262304e-08
   0.0000000e+00   2.1985202e-06   6.1605760e-06   7.2216876e-06   6.9357225e-06   6.5125610e-06   6.3193770e-06   4.8259053e-06   3.2513290e-06   2.3859511e-06   1.7837222e-06   1.1110756e-06   1.0944673e-06   6.2345919e-07   7.2166273e-07   4.0299270e-07   3.4241958e-07   1.8726590e-07   1.9781537e-07   1.5289606e-07   1.3708721e-07   3.4756656e-08   6.3793846e-09
   0.0000000e+00   3.3119500e-06   6.0220036e-06   7.0962737e-06   6.4209707e-06   6.5946024e-06   6.0778025e-06   5.0906951e-06   3.2013675e-06   2.3408791e-06   1.2352582e-06   1.3129973e-06   9.0816127e-07   1.0204574e-06   5.1720946e-07   4.0637480e-07   2.5148546e-07   3.8423372e-07   2.5591029e-07   9.9343040e-08   6.2395706e-08   7.5505767e-08   6.5300178e-08
   0.0000000e+00   2.3290650e-06   6.3413959e-06   7.3748797e-06   7.1226755e-06   6.1759538e-06   6.4521746e-06   4.7529143e-06   3.3476088e-06   1.7931691e-06   2.0704174e-06   1.2762887e-06   9.3053643e-07   5.5536515e-07   6.3427484e-07   4.8691038e-07   4.7953881e-07   1.2234928e-07   1.8233094e-07   1.6350812e-07   1.9465418e-07   1.2882006e-07  -4.4732765e-08
   0.0000000e+00   3.1514642e-06   6.3762118e-06   6.9725511e-06   6.7100200e-06   6.8061922e-06   6.0158227e-06   5.0298813e-06   3.1649238e-06   2.2199911e-06   1.3810564e-06   1.1438318e-06   9.5459575e-07   9.5491816e-07   6.2540090e-07   4.2740641e-07   2.2879095e-07   3.6774725e-07   2.3480291e-07   1.0788936e-07   8.1989000e-08   1.9277557e-08   1.3227746e-07
   0.0000000e+00   2.2104819e-06   6.0390339e-06   7.3673868e-06   6.7663977e-06   6.0626603e-06   6.5964600e-06   4.5322436e-06   3.2382814e-06   2.2875313e-06   1.6062530e-06   1.0731170e-06   9.5856581e-07   7.5991056e-07   5.5825495e-07   4.9752452e-07   4.0824597e-07   1.4052182e-07   1.3478717e-07   5.4858315e-08   8.6066741e-08   8.2383742e-08  -2.1250383e-08
   0.0000000e+00   3.4056466e-06   6.3305638e-06   7.3902943e-06   6.5688596e-06   7.0910369e-06   5.8702331e-06   5.1154225e-06   3.0871502e-06   2.0346608e-06   1.3299912e-06   1.2814133e-06   8.9296026e-07   6.7980579e-07   6.1510951e-07   3.5747664e-07   2.4393606e-07   2.3631976e-07   2.5121066e-08   3.9753516e-08   2.6333272e-08  -1.0713627e-08   1.4246269e-08
   0.0000000e+00   2.4005958e-06   6.4801325e-06   7.1674599e-06   6.9936627e-06   5.9744057e-06   6.3615216e-06   4.8289548e-06   3.1659972e-06   2.1363367e-06   1.5834338e-06   1.0328343e-06   9.3795023e-07   7.4371172e-07   5.4996701e-07   3.8923628e-07   1.5006009e-07   1.0395358e-07   1.4561056e-07   8.0850768e-08   8.4882217e-08   6.7949664e-08   9.6559042e-08
   0.0000000e+00   3.0454773e-06   6.0992811e-06   7.2611597e-06   6.5485629e-06   6.7027286e-06   6.2996473e-06   4.5666070e-06   3.2382814e-06   1.9971264e-06   1.4693547e-06   1.3349461e-06   7.9410745e-07   7.1490820e-07   3.9481213e-07   3.8942275e-07   3.1249121e-07   6.7653787e-08  -9.1724006e-09   1.3832113e-07   1.8712237e-07   5.2794828e-08   3.4388950e-08
   0.0000000e+00   2.8581157e-06   6.3949765e-06   7.2196608e-06   7.2374637e-06   6.2840290e-06   6.3816069e-06   5.2557016e-06   3.2887008e-06   1.9795427e-06   1.6950406e-06   7.5734795e-07   1.0773479e-06   6.7125103e-07   5.4484303e-07   3.0492652e-07   8.5456804e-08   1.9448520e-07   2.2057080e-07   9.9689991e-08  -2.9753714e-08   2.4848164e-08  -1.6612887e-08
   0.0000000e+00   2.9018586e-06   6.2125564e-06   7.4753489e-06   6.3686380e-06   6.7616807e-06   5.9567519e-06   4.6029008e-06   2.9231824e-06   2.3658995e-06   1.3644476e-06   1.4038477e-06   7.3075267e-07   7.1464967e-07   5.0862718e-07   3.0876939e-07   2.8944194e-07   2.1484264e-07   9.3794398e-08   4.6302677e-08   3.9010484e-08  -3.2028140e-08  -1.6288885e-07
   0.0000000e+00   2.5966478e-06   6.5692843e-06   6.8965846e-06   7.1012519e-06   6.4592605e-06   6.4850697e-06   5.0095405e-06   3.3324775e-06   2.0063742e-06   1.5082911e-06   1.0809695e-06   9.1697058e-07   6.6130156e-07   5.1762538e-07   3.9713547e-07   2.7403161e-07   1.9418815e-07   1.7755471e-07   2.5859361e-08   7.2771151e-08  -7.7201545e-10  -8.0259802e-08
   0.0000000e+00   3.1236164e-06   6.2041158e-06   7.7455616e-06   6.5374102e-06   6.3991311e-06   6.1830233e-06   4.8510733e-06   3.1262023e-06   2.1735552e-06   1.4860483e-06   1.2423852e-06   9.9158012e-07   6.7045806e-07   6.2638213e-07   4.0553144e-07   3.4283451e-07   1.7395365e-07   1.4086031e-07   2.4408010e-07   6.7347365e-08   4.5408147e-08   7.2964902e-08
   0.0000000e+00   2.8137965e-06   6.3371904e-06   7.0184019e-06   6.8441618e-06   6.4437741e-06   6.3525185e-06   4.6357090e-06   3.4013392e-06   2.0198427e-06   1.7040599e-06   1.1841621e-06   8.4387653e-07   9.5483927e-07   5.2638137e-07   5.0699225e-07   3.3970909e-07   1.6349746e-07   2.2455367e-07   1.0071789e-07   8.1122046e-08   5.0310067e-08   6.9452469e-08
   0.0000000e+00   2.9910520e-06   5.9753570e-06   7.3623000e-06   6.8295453e-06   6.6504854e-06   6.0945604e-06   5.0674153e-06   2.9002554e-06   2.1673518e-06   1.5366689e-06   1.0950500e-06   1.1749604e-06   7.3721912e-07   5.9985763e-07   3.1601411e-07   2.1701216e-07   3.2385893e-07   1.1415020e-07   3.3472162e-08   9.9475699e-08   8.6821522e-08   2.1278999e-10
   0.0000000e+00   2.5998143e-06   6.8499889e-06   7.1104346e-06   6.8313434e-06   6.2994613e-06   6.0895559e-06   4.7121293e-06   3.3876229e-06   2.2100664e-06   1.5259301e-06   1.2953766e-06   8.1881711e-07   6.5373604e-07   7.0263650e-07   5.0174776e-07   2.4316512e-07   1.3485106e-07   9.2636689e-08   6.0691690e-08   7.5945728e-08   8.8260492e-09  -1.3507996e-08
   0.0000000e+00   3.1376849e-06   6.1372421e-06   7.4159170e-06   6.5709428e-06   6.4163351e-06   6.3977855e-06   5.0672588e-06   2.8070990e-06   2.0718874e-06   1.4107319e-06   1.1365524e-06   9.6364101e-07   8.7510631e-07   4.1599989e-07   3.8147368e-07   1.8244866e-07   2.4348864e-07   8.9180823e-08   5.6902426e-08   1.1290933e-08   1.1477623e-08  -2.8562122e-08
   0.0000000e+00   2.7045419e-06   6.1976480e-06   7.0871788e-06   6.7497167e-06   6.4592423e-06   6.2348840e-06   4.3862869e-06   3.3760375e-06   2.0935981e-06   1.6292221e-06   1.1558416e-06   9.0445968e-07   6.5388218e-07   5.9421535e-07   2.9555707e-07   4.0812216e-07   1.2150255e-07  -6.8997622e-08   1.8458741e-07   1.1687765e-07  -1.4680570e-07   7.1444530e-09
   0.0000000e+00   2.9552473e-06   6.0796860e-06   7.3193055e-06   6.7764540e-06   6.3818511e-06   5.8129822e-06   4.9139085e-06   3.0996407e-06   1.8962281e-06   1.4184835e-06   1.1892402e-06   9.0284368e-07   8.7767626e-07   4.6709965e-07   3.9470686e-07   1.5545204e-07   1.2832299e-07   2.8931612e-07   3.5491098e-08  -1.7126770e-07   4.9475094e-08  -4.0306102e-08
   0.0000000e+00   2.7284811e-06   6.5960280e-06   7.1573495e-06   6.5605973e-06   6.3190728e-06   6.3393964e-06   4.6580931e-06   3.1139950e-06   2.2133158e-06   1.5554954e-06   1.1161003e-06   9.0753514e-07   4.7602464e-07   5.6795471e-07   4.2701666e-07   1.6850083e-07   1.4418613e-07   2.4580547e-08   6.2401547e-08   8.4258190e-08  -4.3172822e-08  -8.1406760e-08
   0.0000000e+00   2.7227777e-06   5.9562799e-06   7.0851788e-06   6.5212066e-06   6.3330885e-06   6.0110401e-06   4.7736057e-06   2.8402465e-06   1.9946860e-06   1.4343399e-06   1.1031908e-06   9.7324573e-07   8.2308952e-07   5.1343488e-07   2.5985881e-07   2.9580738e-07   1.6071647e-07   1.4479075e-07  -1.2118859e-08  -1.5212665e-08  -3.4047194e-08  -8.0816015e-08
   0.0000000e+00   2.7980441e-06   6.4121782e-06   6.9753214e-06   6.8367849e-06   6.2469549e-06   6.0948887e-06   4.6463279e-06   3.2157870e-06   2.1682570e-06   1.4855875e-06   1.0778431e-06   8.4335016e-07   6.4444100e-07   5.7058679e-07   3.1150913e-07   2.9168302e-07   2.3204613e-07   1.4083197e-07   1.4498796e-07   9.0241528e-08   1.5283911e-08   4.8498233e-08
