   0.0000000e+00   3.8215794e-06   8.1111366e-06   9.1544316e-06   7.6647457e-06   7.0607289e-06   6.5307472e-06   5.1894376e-06   3.4410730e-06   1.9749878e-06   1.6249751e-06   1.3667702e-06   8.5239014e-07   7.7488181e-07   4.6591521e-07   5.8727306e-07   4.1070018e-07   2.1945463e-07   2.0191617e-07   1.9601302e-07   6.1794474e-08   1.6171707e-07   1.8303383e-07
   0.0000000e+00   4.0040923e-06   8.2011347e-06   8.4507028e-06   7.5343833e-06   7.0744941e-06   6.8621503e-06   5.0450344e-06   3.4400296e-06   2.1931637e-06   1.5647266e-06   1.0678303e-06   1.0158399e-06   8.4596991e-07   7.4156026e-07   2.6837210e-07   3.8885699e-07   2.1789604e-07   2.9364179e-07   1.1529275e-07   1.5529876e-07   2.3058686e-07   2.1441642e-07
   0.0000000e+00   3.8155222e-06   8.2114575e-06   9.1906795e-06   7.7051545e-06   7.0603660e-06   6.6897601e-06   5.1877123e-06   3.0349349e-06   2.5103332e-06   1.7257989e-06   1.3129788e-06   1.0782201e-06   7.0956543e-07   6.0917409e-07   6.7676382e-07   1.7343376e-07   2.0722196e-07   1.6179946e-07   1.6934810e-07   2.7233543e-07   9.5049032e-08   3.5780086e-08
   0.0000000e+00   3.6187707e-06   8.4928215e-06   8.3985842e-06   7.7543036e-06   6.9586936e-06   6.5599552e-06   5.3702588e-06   3.6044769e-06   2.0549242e-06   1.4418137e-06   1.3174806e-06   1.1035986e-06   9.2050675e-07   7.0665567e-07   3.4844831e-07   3.2511701e-07   3.5237073e-07   2.7312529e-07   8.7299874e-08   5.0707119e-08   1.2260671e-07   1.1918294e-07
   0.0000000e+00   3.6276906e-06   7.8732255e-06   8.8258394e-06   7.6110173e-06   7.0250844e-06   6.7816086e-06   5.2490241e-06   3.5367443e-06   2.4286887e-06   1.8744745e-06   1.2763647e-06   8.7142729e-07   6.9578562e-07   5.1509403e-07   5.0863514e-07   2.4421010e-07   1.5731224e-07   1.5479706e-08   2.1771045e-07   1.7614741e-07  -4.5485692e-08  -3.8866069e-08
   0.0000000e+00   4.0140249e-06   8.3973364e-06   8.8596707e-06   7.8098219e-06   7.2976645e-06   6.7462729e-06   4.8689308e-06   3.2576725e-06   2.0433367e-06   1.5731947e-06   1.2677044e-06   1.1009796e-06   1.0167288e-06   4.6083986e-07   3.2986702e-07   3.5030939e-07   2.1409652e-07   2.0210081e-07   6.3601881e-08  -5.2599756e-09   7.6192180e-08   1.8087901e-07
   0.0000000e+00   3.8616731e-06   7.9420124e-06   8.7367016e-06   7.5392704e-06   6.7952628e-06   6.9614789e-06   5.6361646e-06   3.6535696e-06   2.6375183e-06   1.6018349e-06   1.1921567e-06   7.9077790e-07   6.2214662e-07   6.3792334e-07   5.3863022e-07   1.1051813e-07   1.9483107e-07   1.1104701e-08   1.5019555e-07   5.2451032e-08  -6.5586207e-08  -1.7755606e-07
   0.0000000e+00   3.3716603e-06   8.3173009e-06   8.6638047e-06   7.6786591e-06   7.1244499e-06   6.3670577e-06   5.0914450e-06   3.1229663e-06   1.9651163e-06   1.6958195e-06   1.3789422e-06   1.1420860e-06   6.9239229e-07   5.7512875e-07   2.4471458e-07   2.1602833e-07   1.9534374e-07   1.3802584e-07  -1.6044634e-08  -6.0522083e-08  -8.9191801e-08  -1.8883055e-07
   0.0000000e+00   3.8956882e-06   8.3927725e-06   9.0346184e-06   7.7698824e-06   7.5243165e-06   7.0122273e-06   5.3935491e-06   3.7546927e-06   2.5165486e-06   1.7080163e-06   1.1493738e-06   7.4844399e-07   7.9974137e-07   6.0922224e-07   3.4209262e-07   2.0789746e-07   1.2591394e-07   1.6185726e-07   3.2928071e-08  -1.5409460e-08  -5.0713084e-08   1.1576780e-07
   0.0000000e+00   3.6992687e-06   8.0465406e-06   8.7332201e-06   7.7984105e-06   6.6440343e-06   6.8261143e-06   5.0098042e-06   3.2894261e-06   2.3124790e-06   1.6569452e-06   1.1953028e-06   1.2427494e-06   6.4770552e-07   4.3317311e-07   3.7628803e-07   4.1372584e-07   2.2005685e-07   1.4726463e-07   3.4003102e-07   2.3483878e-07   1.6844098e-07   8.2329954e-08
   0.0000000e+00   4.1495678e-06   8.3363939e-06   8.7148355e-06   7.9642705e-06   7.4584709e-06   6.7878664e-06   5.5155151e-06   3.7221716e-06   2.0399284e-06   1.7029038e-06   1.4378892e-06   7.7663441e-07   8.7584579e-07   6.5345290e-07   3.6747375e-07   3.7639131e-07   2.9183911e-07   3.8357541e-07   2.5797380e-07   1.5036181e-07   2.8888113e-07   2.6059953e-07
   0.0000000e+00   3.5996834e-06   8.3709465e-06   9.1480670e-06   7.8979119e-06   7.0269280e-06   6.9267712e-06   5.4208026e-06   3.1629229e-06   2.6638434e-06   1.6593644e-06   1.1542031e-06   9.8136297e-07   8.2320412e-07   6.4630945e-07   4.6743116e-07   2.6495402e-07   2.7104878e-07   2.9400454e-07   1.0531181e-07   1.3575819e-07   5.4137992e-08   2.6935695e-08
   0.0000000e+00   3.9029587e-06   8.4931280e-06   9.0280782e-06   7.6180836e-06   7.4415852e-06   6.6124703e-06   4.9552509e-06   3.3262556e-06   2.0876339e-06   1.4994363e-06   1.2501002e-06   1.2164530e-06   7.8377394e-07   5.0838099e-07   4.6425649e-07   3.4883846e-07   2.5550042e-07  -3.4261763e-08   2.5199720e-08  -4.8827477e-08  -8.4601176e-08  -2.2037476e-07
   0.0000000e+00   3.8837256e-06   8.1015169e-06   9.1862757e-06   7.9521215e-06   7.3340266e-06   7.2840780e-06   5.5062901e-06   3.7476643e-06   2.3750981e-06   1.6395491e-06   1.0877671e-06   7.7809432e-07   7.1954946e-07   6.0397724e-07   4.6559131e-07   1.4364852e-07   1.3586416e-07   1.9069049e-07   5.7505339e-08   2.4435993e-08  -3.1153142e-08   2.0266093e-08
   0.0000000e+00   4.4378098e-06   8.7356775e-06   8.6210448e-06   8.0567797e-06   7.0269721e-06   6.3647340e-06   4.7775511e-06   3.0651486e-06   1.7817538e-06   1.6440595e-06   1.2927846e-06   8.7070822e-07   6.7676262e-07   4.7955007e-07   2.2919590e-07   2.8641401e-07   2.5996241e-07   2.0706659e-08   4.3089599e-08   1.5093502e-08   3.2577351e-08   5.1263811e-08
   0.0000000e+00   3.5344465e-06   8.5851434e-06   9.0824387e-06   7.9757001e-06   7.1560030e-06   6.9096218e-06   5.7034586e-06   3.7651907e-06   2.3501252e-06   1.5118175e-06   1.0195920e-06   8.5396948e-07   7.2685117e-07   4.3306136e-07   5.1888514e-07   3.6880272e-07   9.2798601e-08   1.4135941e-07   2.4117753e-07   2.9747088e-07   3.1014874e-08  -5.4031936e-08
   0.0000000e+00   4.1139401e-06   8.1209046e-06   9.2257560e-06   7.6720789e-06   7.3451533e-06   6.7554015e-06   4.7763974e-06   2.7322469e-06   2.2386034e-06   1.3316749e-06   1.2053755e-06   9.5729251e-07   6.0310509e-07   5.9466424e-07   1.8638006e-07   1.4916668e-07   3.0018302e-07   4.0993677e-07   2.3055233e-07  -1.5830139e-07   1.7904480e-07   1.6256443e-07
   0.0000000e+00   4.0547720e-06   8.4857829e-06   8.9200703e-06   7.8815092e-06   6.9214657e-06   6.6626162e-06   5.2661239e-06   3.4348629e-06   2.2787856e-06   1.7334100e-06   1.0060759e-06   6.4084958e-07   7.0069171e-07   5.8466469e-07   4.4270652e-07   3.2115918e-07   1.2038433e-07   2.2606930e-07   5.9824572e-08   2.7501258e-07   7.5994869e-08  -5.0252577e-08
   0.0000000e+00   4.0109799e-06   8.4364037e-06   8.9289433e-06   7.6731776e-06   7.0270121e-06   6.8354198e-06   5.0687700e-06   3.3580804e-06   1.6553057e-06   1.3106728e-06   1.1509969e-06   1.2087730e-06   7.9475620e-07   4.5100850e-07   2.1238347e-07   2.8966241e-07   4.4007069e-07   1.8957826e-07   1.2666582e-07   1.1020914e-07   2.2237977e-07   1.1260682e-07
   0.0000000e+00   3.7519098e-06   8.6956425e-06   8.5341871e-06   7.8922485e-06   7.2092157e-06   6.3692960e-06   4.9083510e-06   3.4586872e-06   2.4934941e-06   1.8497666e-06   1.2175342e-06   6.4573334e-07   7.2191790e-07   5.5274177e-07   6.3389137e-07   3.9362052e-07   1.0597611e-07   1.7594181e-07   2.8337985e-07   2.4332863e-07   1.2262670e-07   6.0070583e-08
   0.0000000e+00   4.0631817e-06   7.8315452e-06   9.2848686e-06   7.5275157e-06   7.0370584e-06   6.7589713e-06   5.2918999e-06   3.1030211e-06   2.0628306e-06   1.2591266e-06   1.0696157e-06   1.3201447e-06   9.1210114e-07   6.5351566e-07   3.9594858e-07   2.5731069e-07   3.5903159e-07   3.2298317e-07   1.8317351e-07   1.8178574e-07   1.8004613e-07   3.1693483e-07
   0.0000000e+00   4.0078021e-06   8.2189654e-06   8.6605669e-06   7.6410488e-06   6.8841400e-06   6.6228331e-06   5.2564701e-06   3.2889068e-06   2.3404646e-06   1.7240375e-06   1.5072782e-06   8.7385718e-07   7.4301511e-07   7.0792231e-07   5.9679252e-07   4.9466632e-07   4.1403416e-07   2.0613749e-07   2.6673760e-07   3.9085685e-07   1.1681728e-07  -7.1807889e-08
   0.0000000e+00   3.4206296e-06   8.6376895e-06   8.6636492e-06   7.7622517e-06   7.0192259e-06   6.5881327e-06   4.7945941e-06   3.1846105e-06   2.2653446e-06   1.6257032e-06   1.2553926e-06   9.8853968e-07   9.0695136e-07   7.3366419e-07   3.9698349e-07   2.7660167e-07   4.6468256e-07   4.2033653e-07   3.1623594e-07   5.5824358e-08   1.6210903e-07   1.5928495e-07
   0.0000000e+00   4.0766945e-06   8.2566321e-06   8.7411863e-06   7.6529077e-06   6.9146045e-06   6.8557174e-06   5.2973746e-06   3.7142395e-06   2.0047801e-06   1.7185340e-06   1.1518515e-06   1.1539378e-06   8.7484739e-07   5.1881102e-07   6.5716978e-07   5.6290202e-07   2.3263779e-07   3.0002377e-07   3.4640090e-07   3.0978916e-07  -3.2785874e-08  -1.6766720e-07
   0.0000000e+00   4.0794907e-06   7.8736275e-06   8.8428014e-06   7.5287548e-06   7.1227569e-06   6.3763746e-06   4.9677251e-06   3.1623856e-06   2.2627662e-06   1.6321677e-06   1.2794986e-06   1.0519392e-06   9.1805873e-07   7.7790656e-07   4.0756785e-07   4.6535214e-07   3.5709766e-07   3.1013784e-07   1.5033436e-07  -8.2622279e-08  -7.7455915e-08  -3.9061103e-08
   0.0000000e+00   3.2086932e-06   8.1740864e-06   8.9938649e-06   7.8322801e-06   7.0486440e-06   6.6668963e-06   5.1831535e-06   3.2811258e-06   2.4422543e-06   1.6551352e-06   1.3671354e-06   9.3965792e-07   7.6553420e-07   6.9664810e-07   5.2099239e-07   2.8233640e-07   2.7554697e-07   2.3357737e-07   7.8339596e-08  -3.1141308e-08   5.9651569e-08  -1.5643386e-07
   0.0000000e+00   3.9751317e-06   8.6471837e-06   8.4394214e-06   7.5430835e-06   7.1861914e-06   6.6750736e-06   5.2253718e-06   3.4526352e-06   2.0014074e-06   1.4202183e-06   1.2636712e-06   9.8297267e-07   7.7304799e-07   5.6841242e-07   2.8133675e-07   4.3533720e-07   3.2543971e-07   1.3694333e-07   2.4395655e-08   1.3091656e-07  -1.1754285e-07  -1.2082766e-07
   0.0000000e+00   3.7838531e-06   8.1222388e-06   8.8345978e-06   7.8078538e-06   6.5985905e-06   6.8288250e-06   5.1522766e-06   3.1766667e-06   2.3912448e-06   1.7166971e-06   1.0215213e-06   8.5626056e-07   6.8722812e-07   4.9797171e-07   4.9169125e-07   2.7459765e-07   9.1839929e-08   2.5570694e-07   1.9572279e-07   2.2261050e-08   1.1355957e-07   1.4677758e-07
   0.0000000e+00   3.9915890e-06   7.8015382e-06   9.0274989e-06   7.6767183e-06   7.3788215e-06   6.5254098e-06   4.9674281e-06   3.5822816e-06   1.9361028e-06   1.6832322e-06   1.1394940e-06   9.5459791e-07   9.0111018e-07   4.8380048e-07   4.2058178e-07   2.6518191e-07   3.1048160e-07   1.4334567e-07   1.5929655e-07   1.3001116e-07   7.0700203e-08   2.0096240e-07
   0.0000000e+00   3.3223969e-06   8.2748329e-06   8.8393235e-06   7.7553750e-06   6.9561193e-06   6.8056220e-06   5.3711392e-06   3.3664785e-06   2.4532276e-06   1.5455536e-06   1.1454961e-06   1.1439080e-06   6.5991281e-07   6.7688359e-07   5.6821625e-07   4.0892743e-07   2.5314515e-07   1.7730389e-07   6.3377776e-08   2.0204443e-07   1.5035506e-07  -1.8424855e-08
   0.0000000e+00   3.9250667e-06   8.8877869e-06   8.3783325e-06   7.6047481e-06   7.2468538e-06   6.5959125e-06   5.0986105e-06   3.1697473e-06   2.1648186e-06   1.4009809e-06   1.5337474e-06   8.7716768e-07   8.4695705e-07   8.3466142e-07   4.6103955e-07   2.8078489e-07   3.7628223e-07   2.0326593e-07   1.7036325e-07   7.2487495e-08   1.4878613e-08   1.8829319e-07
   0.0000000e+00   3.9228157e-06   7.7111217e-06   9.1297470e-06   7.8740286e-06   6.9629077e-06   7.0273131e-06   5.4243924e-06   3.4771124e-06   2.4538929e-06   1.8087197e-06   1.1286664e-06   1.0170257e-06   1.0019514e-06   7.0929548e-07   7.0321488e-07   4.5539252e-07   3.2385742e-07   2.9100042e-07   2.7499050e-07   2.2525619e-07   2.3410134e-07  -2.7001639e-09
   0.0000000e+00   3.5951361e-06   8.1637236e-06   9.0051526e-06   7.6654960e-06   7.0901019e-06   6.5488366e-06   4.8339739e-06   3.4168561e-06   2.0051318e-06   1.6260285e-06   1.4847690e-06   1.2346015e-06   1.1124461e-06   7.1709962e-07   4.3584731e-07   5.9992919e-07   3.7086065e-07   2.5827194e-07   3.1725591e-07   2.3135023e-07   1.7204611e-07   2.5376997e-07
   0.0000000e+00   3.9357910e-06   8.4813346e-06   8.7889848e-06   7.8776993e-06   7.4713807e-06   6.8402646e-06   5.5206183e-06   3.5999537e-06   2.4024105e-06   1.9145127e-06   1.1116761e-06   1.0417764e-06   9.1539653e-07   8.0387940e-07   6.8674672e-07   2.9145619e-07   2.6422089e-07   4.6844715e-07   2.1364666e-07   2.5520436e-07   1.7232894e-07   9.2811439e-09
   0.0000000e+00   3.7699854e-06   8.4016810e-06   8.6065629e-06   7.8331423e-06   6.9743774e-06   6.6123966e-06   4.9180831e-06   3.1917136e-06   2.0846426e-06   1.4861116e-06   1.5089636e-06   1.1988942e-06   7.3147555e-07   6.3995066e-07   4.2271202e-07   3.4018615e-07   4.4869660e-07   1.7482499e-07   1.4108724e-07   4.7373174e-08   8.9294218e-08   3.0559882e-08
   0.0000000e+00   3.7054660e-06   8.2398310e-06   9.1555448e-06   7.8798994e-06   6.9146995e-06   6.7643468e-06   5.5871074e-06   3.3525985e-06   2.6091727e-06   1.7057307e-06   1.1261234e-06   9.7252848e-07   6.3115164e-07   6.6785367e-07   4.1540414e-07   4.5835341e-07   7.8767663e-08   4.6379039e-08   1.7257391e-07   2.2151720e-07  -1.7359159e-08  -1.4235229e-08
   0.0000000e+00   4.0265613e-06   8.2723736e-06   9.1351239e-06   7.5391763e-06   7.2131124e-06   6.9952257e-06   4.7906578e-06   3.2854057e-06   2.0487732e-06   1.4933006e-06   1.1798355e-06   7.9818659e-07   1.0290956e-06   5.4965591e-07   3.6798568e-07   2.0528647e-07   3.9276202e-07   3.6228974e-07   1.8340081e-07  -3.2169662e-08  -2.4323923e-09   1.7512917e-07
   0.0000000e+00   3.8289427e-06   8.3457144e-06   8.5719876e-06   7.8262783e-06   7.2464723e-06   6.2734471e-06   5.1090124e-06   3.6445028e-06   2.1325270e-06   1.7957989e-06   1.2785721e-06   8.6807825e-07   6.1624405e-07   6.0878722e-07   5.6724224e-07   4.8218021e-07   2.8740516e-07   1.5423672e-07   2.2946620e-07   2.5591729e-07   2.1510114e-07  -1.1844420e-07
   0.0000000e+00   3.6429267e-06   8.3438681e-06   8.9376772e-06   8.0038599e-06   6.9041939e-06   6.6906214e-06   5.4826942e-06   3.2745770e-06   2.0670336e-06   1.4681266e-06   1.1730617e-06   1.1325120e-06   9.6670010e-07   5.9708100e-07   5.6581484e-07   3.1483421e-07   3.8448405e-07   3.6532984e-07   1.1516244e-07   9.9664220e-08   1.1490510e-07   1.9499461e-07
   0.0000000e+00   4.2410766e-06   8.2706974e-06   8.9902233e-06   7.4175286e-06   6.8246818e-06   6.8497498e-06   4.7721569e-06   3.0675837e-06   2.4032968e-06   1.7250073e-06   1.1463985e-06   9.3019315e-07   8.0529185e-07   6.7283094e-07   5.5149161e-07   3.3617710e-07   2.1726339e-07   1.3166074e-07   2.4533742e-07   1.5780233e-07   7.2160788e-08   5.9590246e-08
   0.0000000e+00   3.6222671e-06   8.4188177e-06   8.7906228e-06   7.7376662e-06   7.1797826e-06   6.7266556e-06   5.2972941e-06   3.2998321e-06   2.2754386e-06   1.4361154e-06   1.2405123e-06   1.1088596e-06   7.5289677e-07   6.5349695e-07   3.9508919e-07   3.9243815e-07   2.5469717e-07   7.4582367e-08   3.9544595e-08  -1.4333089e-08  -5.4743055e-08  -1.3607952e-07
   0.0000000e+00   3.7316336e-06   8.3271671e-06   8.8376564e-06   7.7060104e-06   7.3096012e-06   6.2844592e-06   4.9952646e-06   3.6135725e-06   1.9887143e-06   1.6062567e-06   1.3323174e-06   9.4249532e-07   8.1305160e-07   7.9500103e-07   3.8955872e-07   3.8373730e-07   1.8981598e-07   9.9321667e-08   8.2768359e-08  -1.0095388e-07  -1.1252378e-07  -1.6216420e-07
   0.0000000e+00   4.0767545e-06   8.0957807e-06   8.7487851e-06   7.8845014e-06   6.5112235e-06   6.7060614e-06   5.1615734e-06   3.1544346e-06   2.2466090e-06   1.7891888e-06   1.1718059e-06   9.2799644e-07   8.6030889e-07   6.3591165e-07   5.2238460e-07   3.6565828e-07   1.6412508e-07   2.0064762e-07   3.5926263e-08   6.9118116e-08  -4.5180933e-08  -9.8802190e-08
   0.0000000e+00   4.0385498e-06   8.5412985e-06   8.9298364e-06   7.4904715e-06   7.3563447e-06   7.0537512e-06   5.3398717e-06   3.1723307e-06   2.3123691e-06   1.5200073e-06   1.0693645e-06   1.2732761e-06   8.9975651e-07   5.7845011e-07   4.0695161e-07   1.8881441e-07   1.9395553e-07   7.2422111e-08   8.5514280e-08  -6.1642368e-08  -2.8697114e-08  -2.2272843e-07
   0.0000000e+00   3.7796456e-06   8.2212864e-06   8.9670011e-06   7.6305996e-06   7.0658220e-06   6.4184869e-06   4.8724305e-06   3.5593048e-06   2.2290851e-06   1.6583488e-06   1.5167724e-06   8.4002625e-07   7.3372416e-07   4.9883010e-07   4.4848991e-07   1.5194684e-07  -2.8726896e-08   4.2857518e-08  -1.6110324e-07  -6.6441849e-08  -1.5695210e-07  -2.8320841e-07
   0.0000000e+00   3.6585627e-06   8.3671111e-06   8.6174805e-06   8.0551308e-06   7.0949195e-06   6.6301359e-06   5.4354414e-06   3.4761654e-06   2.2187096e-06   1.4396022e-06   1.3251928e-06   8.0598807e-07   6.9250007e-07   4.8864467e-07   1.5121253e-07   3.4994212e-08   2.1391349e-07  -5.0062102e-08  -3.4967467e-08  -7.1050785e-08  -1.7653375e-07  -2.5755289e-08
   0.0000000e+00   4.1444055e-06   8.4675230e-06   9.0453941e-06   7.6025408e-06   7.1252903e-06   7.0364749e-06   5.1201228e-06   3.3135120e-06   2.3532473e-06   1.8456449e-06   1.0577126e-06   1.0047146e-06   7.6656238e-07   3.3019089e-07   2.6349343e-07   3.4005612e-07   1.4096275e-07  -1.0563644e-08   1.5913281e-07   1.7629176e-07   1.3532788e-07   8.2202787e-09
   0.0000000e+00   4.1770313e-06   8.1456710e-06   8.8915785e-06   7.7529257e-06   6.9052267e-06   6.7096757e-06   5.2164164e-06   3.4649515e-06   2.5406707e-06   1.6639547e-06   1.1113395e-06   9.8544274e-07   7.4612410e-07   6.4055467e-07   4.8714901e-07   2.1515380e-07   1.3842325e-07   2.5188746e-07   2.5283808e-07   9.1476124e-08   5.5838658e-08   2.9832373e-07
   0.0000000e+00   3.5967744e-06   8.2681663e-06   8.7654571e-06   7.9417205e-06   7.4137438e-06   6.6200978e-06   5.4395437e-06   3.5307601e-06   2.0646269e-06   1.7296011e-06   1.4159534e-06   1.1736414e-06   5.5414193e-07   6.7957217e-07   4.2532540e-07   2.5173154e-07   3.4546849e-07   1.8391506e-07   1.5508208e-07   1.5728780e-07   1.4325944e-07   8.8179242e-09
   0.0000000e+00   3.6175697e-06   8.3164314e-06   9.0361227e-06   7.5400230e-06   7.0232772e-06   6.7978958e-06   5.0467447e-06   3.6153510e-06   2.2827351e-06   1.6597296e-06   1.4699248e-06   8.6069383e-07   1.0227637e-06   7.1748718e-07   4.0155746e-07   5.1880011e-07   3.6142680e-07   3.1394652e-07   2.9655951e-07   2.8029154e-07   1.6646027e-07   8.1350379e-08
   0.0000000e+00   4.1747035e-06   8.5530310e-06   8.7293192e-06   7.7680270e-06   6.9136063e-06   6.8300578e-06   5.2594637e-06   3.3165957e-06   2.5720340e-06   1.6585877e-06   1.0649876e-06   1.0547292e-06   9.3877156e-07   6.0924913e-07   4.6849760e-07   5.2590019e-07   2.5084444e-07   3.3728114e-07   2.9171960e-07   7.6096029e-08   2.1552461e-07   2.2479078e-07
   0.0000000e+00   3.5831038e-06   7.9718247e-06   8.7793687e-06   7.7742570e-06   7.2661996e-06   6.5728714e-06   5.3868494e-06   3.4205973e-06   1.9994193e-06   1.5670374e-06   1.3040147e-06   1.0364392e-06   7.5440875e-07   3.8383470e-07   6.3954639e-07   4.8711007e-07   2.4549925e-07   4.1675838e-07   2.6062858e-07   2.7358564e-07   1.7308633e-07   6.4947053e-10
   0.0000000e+00   4.1245371e-06   8.1550934e-06   8.8228680e-06   7.7211771e-06   7.0098604e-06   6.8065028e-06   5.0345420e-06   3.3074484e-06   2.2425156e-06   1.5659863e-06   1.1823200e-06   8.8074364e-07   6.8852904e-07   8.3345725e-07   5.0091910e-07   2.4696783e-07   4.1374821e-07   3.5574050e-07   2.0293332e-07   2.4721385e-07   2.4696888e-07   7.1648969e-08
   0.0000000e+00   3.4001832e-06   8.6000828e-06   8.8304432e-06   7.6970664e-06   7.0441124e-06   6.6777197e-06   5.2700875e-06   3.3667186e-06   2.1767112e-06   1.6278148e-06   1.1047882e-06   8.4337790e-07   8.0133810e-07   7.0087708e-07   5.2995404e-07   3.1115724e-07   3.8026093e-07   2.1722641e-07   1.4984866e-07   3.0652188e-07   1.4933990e-07   1.9766603e-07
   0.0000000e+00   3.9229908e-06   7.9596430e-06   8.9449977e-06   7.6964270e-06   7.1065901e-06   6.9805365e-06   5.0954727e-06   3.3967874e-06   2.0583561e-06   1.3775737e-06   1.1537994e-06   1.2030041e-06   7.4834134e-07   6.3586378e-07   4.7654135e-07   5.1997165e-07   2.8522578e-07   1.6295937e-07   2.9099340e-07   9.8797322e-08   9.9910359e-08   1.3447797e-07
   0.0000000e+00   3.9501688e-06   8.1678872e-06   8.7383742e-06   7.9508536e-06   6.9649736e-06   6.3342177e-06   5.2375449e-06   3.1560849e-06   2.1715771e-06   1.7711237e-06   1.1805513e-06   8.9222669e-07   1.0179400e-06   7.4080094e-07   6.3191925e-07   4.5796665e-07   3.8948363e-07   3.3244933e-07   3.1712878e-07   1.0294430e-07   2.1893015e-08   7.1999480e-08
   0.0000000e+00   3.6302131e-06   8.7988628e-06   8.7467370e-06   7.3435417e-06   7.4786717e-06   6.8517802e-06   5.0935191e-06   3.4211514e-06   2.3024361e-06   1.4822767e-06   1.4509654e-06   1.0309120e-06   7.6513913e-07   8.2501839e-07   6.0778098e-07   4.5175906e-07   4.2654315e-07   2.5997886e-07   1.2875266e-07   1.4997639e-07   3.3913469e-08  -1.6727213e-07
   0.0000000e+00   3.9532629e-06   7.7854502e-06   8.9654404e-06   7.9939391e-06   6.8428699e-06   6.8629884e-06   5.3398494e-06   3.3428287e-06   2.2188322e-06   1.6754093e-06   1.3046860e-06   1.0632018e-06   1.0708869e-06   5.4926778e-07   5.5465262e-07   3.3904931e-07   2.8476890e-07   3.1843513e-07   6.1895591e-08   1.4443452e-07   1.0310468e-08  -1.3601714e-07
   0.0000000e+00   3.6880924e-06   8.3045952e-06   8.9382747e-06   7.8065023e-06   6.9416355e-06   6.6380799e-06   4.9261989e-06   3.4634122e-06   2.3985021e-06   1.6491535e-06   1.2094943e-06   1.1834338e-06   8.7539325e-07   7.6171068e-07   5.0597782e-07   2.9321774e-07   3.0951298e-07   1.6779416e-07   1.4089029e-07  -9.2533753e-08  -4.5633040e-08   6.2909280e-08
   0.0000000e+00   4.0779614e-06   8.5021511e-06   8.9449441e-06   7.7891700e-06   7.2254020e-06   6.8015206e-06   5.5819737e-06   3.3019905e-06   2.1123924e-06   1.7102647e-06   1.2880676e-06   9.7314853e-07   8.0819603e-07   5.9129860e-07   5.5294629e-07   5.3278836e-07   1.3724447e-08   1.0475789e-07   4.7985523e-08  -4.4403116e-08  -1.2072779e-08  -1.6524650e-07
   0.0000000e+00   4.0442374e-06   8.6458140e-06   8.5422853e-06   7.5257326e-06   7.4633672e-06   6.8545514e-06   5.0066565e-06   3.6057329e-06   2.2430515e-06   1.5626124e-06   1.3550605e-06   1.0740765e-06   7.7004978e-07   7.2792551e-07   2.4981017e-07   1.7550882e-07   2.7273063e-07  -2.4584400e-08   6.7274115e-08   3.5197282e-08  -1.4587023e-07  -6.9034392e-08
   0.0000000e+00   3.2247415e-06   7.9862584e-06   9.2100163e-06   8.1205562e-06   6.8864533e-06   6.6231146e-06   5.3313529e-06   3.2184294e-06   2.4470949e-06   1.6525692e-06   1.1557970e-06   9.7240422e-07   8.0486666e-07   7.3232263e-07   4.7087804e-07   2.0657149e-07   1.5568413e-07   1.4215888e-07  -7.3166511e-08  -5.8738571e-08   3.1813517e-08  -1.4212010e-07
   0.0000000e+00   4.7147205e-06   8.2011329e-06   9.0790627e-06   7.7989025e-06   7.1807081e-06   7.0211559e-06   5.1302409e-06   3.5650264e-06   2.0257924e-06   1.4275421e-06   1.4069450e-06   1.1578699e-06   8.9991494e-07   6.5729603e-07   4.3343945e-07   3.5576554e-07   2.0099769e-07   1.0438242e-07   6.3629770e-08  -7.5119630e-08  -1.0364369e-07   1.1751990e-07
   0.0000000e+00   3.4249613e-06   8.7701665e-06   8.7925227e-06   7.6101010e-06   7.0945007e-06   6.7112082e-06   5.3292256e-06   3.3062615e-06   2.2761860e-06   1.9679103e-06   1.0981742e-06   1.0498202e-06   9.9993360e-07   5.7741681e-07   5.6559020e-07   2.9607114e-07   1.3163330e-07   1.2682052e-07   1.6455441e-07   1.0040684e-07   5.5024032e-08   9.0999897e-08
   0.0000000e+00   3.9024694e-06   8.2435254e-06   8.6695172e-06   8.0170994e-06   7.6636470e-06   6.5064601e-06   5.1608786e-06   3.2264393e-06   2.0352745e-06   1.6040593e-06   1.4437712e-06   9.4245019e-07   1.0669478e-06   5.9254450e-07   3.6624360e-07   2.7033801e-07   2.2528094e-07   2.4641108e-07   2.4877981e-08   1.2544815e-07   1.8163553e-07   1.6552731e-08
   0.0000000e+00   4.0027107e-06   7.9983483e-06   9.2129521e-06   7.8951434e-06   6.6457064e-06   7.1340487e-06   5.1440961e-06   3.4879413e-06   2.3635891e-06   1.3051122e-06   1.2776570e-06   1.2440649e-06   5.3434695e-07   6.2081261e-07   4.0118488e-07   2.0914440e-07   2.4019181e-07   1.0902035e-09   1.2833536e-07   7.6771350e-08   1.5730780e-08   2.7222289e-09
   0.0000000e+00   3.7999789e-06   8.7377739e-06   8.7109693e-06   7.5735347e-06   7.0594333e-06   6.4806582e-06   4.9755390e-06   3.1818056e-06   2.1163471e-06   1.7029552e-06   1.3110373e-06   9.5212476e-07   8.4381122e-07   4.7019483e-07   3.5282218e-07   9.4012229e-08   1.0286412e-08   9.5684861e-08   6.4952189e-08  -6.2571573e-08  -1.3749369e-07  -9.2404441e-08
   0.0000000e+00   3.8816893e-06   7.9886177e-06   8.9274208e-06   7.9457132e-06   7.4101476e-06   6.7878645e-06   5.1517659e-06   3.2538865e-06   2.3129498e-06   1.6188010e-06   9.3727408e-07   9.6016834e-07   7.1804880e-07   6.5943095e-07   1.6024633e-07   2.8698554e-07   1.7534401e-07   8.2606753e-08   5.4125238e-08  -9.0416265e-08  -1.1130004e-08  -1.9879508e-07
   0.0000000e+00   3.6316274e-06   8.3707164e-06   8.9351397e-06   7.3634160e-06   6.8604986e-06   6.3930884e-06   5.2694136e-06   3.2830417e-06   1.8293108e-06   1.7484846e-06   1.3618944e-06   9.3133639e-07   6.6311878e-07   3.8425753e-07   3.9491448e-07   1.9824495e-07   2.3010024e-07   1.9785969e-07   9.9422884e-08   1.8702532e-07   5.9056116e-09   1.1321421e-07
   0.0000000e+00   4.3315267e-06   8.4620387e-06   8.5758684e-06   7.8224648e-06   6.9826624e-06   6.6122748e-06   5.0773133e-06   3.5106082e-06   2.3866512e-06   1.5743325e-06   1.3509936e-06   8.8532698e-07   7.2466645e-07   6.0838050e-07   3.6002368e-07   3.0586725e-07   2.2801427e-07   2.6894017e-07   1.3042649e-07   9.2804200e-08   1.0979982e-07   3.6728700e-08
   0.0000000e+00   3.7080631e-06   7.9176179e-06   9.0702570e-06   7.9046986e-06   7.0218121e-06   7.1067007e-06   4.9412965e-06   3.2622368e-06   2.6679259e-06   1.3177635e-06   1.0747458e-06   1.1132903e-06   9.6276995e-07   5.8271638e-07   5.6216692e-07   4.3745348e-07   3.7143451e-07   3.3536219e-07   3.5387350e-07   2.8223087e-07   2.2863927e-07   2.4164368e-07
   0.0000000e+00   3.3683048e-06   8.8936749e-06   8.5629808e-06   7.4873483e-06   7.0381893e-06   6.1817896e-06   5.3230278e-06   3.5510182e-06   1.8168402e-06   2.0310042e-06   1.4337701e-06   1.0591900e-06   7.6791213e-07   6.5047669e-07   5.2809281e-07   4.7211847e-07   3.5975845e-07   2.1856364e-07   2.7158180e-07   3.0250274e-07   1.2174077e-07   1.5719776e-07
   0.0000000e+00   4.4104008e-06   7.7967197e-06   9.1896200e-06   7.6786409e-06   6.8825598e-06   6.9895036e-06   5.4747970e-06   3.2906548e-06   2.4228900e-06   1.5253158e-06   1.3551336e-06   8.7513234e-07   8.5498453e-07   8.3112593e-07   4.7924783e-07   3.4445037e-07   3.4064888e-07   3.5360745e-07   2.2485328e-07  -4.7733192e-08   1.4657442e-07   1.9889460e-07
   0.0000000e+00   4.0758850e-06   8.3779378e-06   8.6067666e-06   7.7553432e-06   7.3778019e-06   6.6899579e-06   4.6888667e-06   3.4412799e-06   2.2516126e-06   1.8047848e-06   1.1979677e-06   1.2544682e-06   8.4915359e-07   7.2026626e-07   6.3316440e-07   4.6459269e-07   3.8938796e-07   2.6996673e-07   5.9930628e-08   1.5339367e-07   5.3481838e-08  -1.2154317e-07
   0.0000000e+00   3.5219953e-06   8.4574231e-06   8.8808229e-06   7.7544892e-06   6.8648337e-06   6.7559095e-06   5.2856899e-06   3.4323673e-06   2.4803685e-06   1.5613811e-06   1.3169276e-06   1.1790229e-06   1.0380279e-06   7.2835462e-07   5.2497194e-07   3.1739862e-07   2.7210316e-07   1.3337090e-07   2.2398810e-07   1.8888508e-07  -9.9957527e-09   2.6288691e-09
   0.0000000e+00   3.8147004e-06   8.4170542e-06   8.9801024e-06   7.7237664e-06   6.8617496e-06   6.5665477e-06   5.4461202e-06   3.4459290e-06   2.0341085e-06   1.7235775e-06   1.5708897e-06   1.0275177e-06   8.9748420e-07   6.3626118e-07   3.2984514e-07   3.6066848e-07   1.9882766e-07   2.2112252e-07   9.2327753e-08  -2.9671778e-08   8.9100858e-08   1.2653388e-07
   0.0000000e+00   4.3161144e-06   8.2320739e-06   8.6626615e-06   7.7589157e-06   7.7125160e-06   6.3572083e-06   5.1234865e-06   3.3293516e-06   2.1971432e-06   2.0358368e-06   1.3048262e-06   9.0471059e-07   8.6854612e-07   6.2503716e-07   5.3253365e-07   2.7842154e-07   1.5256310e-07   3.1642401e-08   1.3342888e-07   1.5096583e-07   5.8917902e-08  -9.4019775e-08
   0.0000000e+00   3.7554648e-06   8.2202723e-06   8.9071746e-06   7.5711887e-06   6.5538779e-06   7.4091108e-06   5.0648782e-06   3.3563895e-06   2.6273178e-06   1.2826887e-06   1.1160995e-06   1.3018303e-06   8.9934417e-07   5.1865754e-07   3.0614569e-07   2.3068336e-07   2.7860156e-07   2.7497757e-07   4.3125954e-08   1.2351522e-08  -7.1959441e-08   3.4906357e-08
   0.0000000e+00   4.0787240e-06   8.3589730e-06   9.1483298e-06   7.6620163e-06   7.1307427e-06   6.2817294e-06   5.2530877e-06   3.5654102e-06   2.1448666e-06   1.7828660e-06   1.4550550e-06   8.3135313e-07   5.5231845e-07   6.8538895e-07   5.7964303e-07   2.7578727e-07   1.3364232e-07   8.7758096e-08   1.5515943e-07  -3.9064073e-08   5.3670430e-08  -1.1441470e-07
   0.0000000e+00   3.4011905e-06   8.5626443e-06   8.3975183e-06   8.2043025e-06   6.9581224e-06   6.8926302e-06   5.1972038e-06   3.3226984e-06   2.1191472e-06   1.7819718e-06   1.0345638e-06   1.0785259e-06   8.6680075e-07   5.7350860e-07   1.7422224e-07   2.2512636e-07   3.3761651e-07   1.3451633e-07  -1.2880465e-08   8.9838814e-08   3.3880951e-08   4.6288623e-08
   0.0000000e+00   4.5641909e-06   7.7468494e-06   8.7167055e-06   7.1216209e-06   7.3774959e-06   6.5523004e-06   5.3577132e-06   3.5523226e-06   2.4815374e-06   1.4536782e-06   1.4391602e-06   8.8005049e-07   8.1784378e-07   4.9463773e-07   3.0405559e-07   3.9358352e-07   1.7822190e-07   9.7977669e-08   3.3774461e-07   1.5626524e-07   8.0777971e-09   7.9156543e-08
   0.0000000e+00   3.2060659e-06   8.6670088e-06   9.1701622e-06   7.6258093e-06   6.8288596e-06   6.8023519e-06   5.1774127e-06   3.3107397e-06   2.2772729e-06   1.9858551e-06   1.3427157e-06   1.1015455e-06   6.9409396e-07   3.4139165e-07   5.3178013e-07   1.7601718e-07   3.9355633e-08   3.1972920e-07  -1.5606037e-08   1.0286076e-08   1.0768991e-07  -9.7084552e-08
   0.0000000e+00   4.1462299e-06   8.0303271e-06   8.6404607e-06   7.8852772e-06   6.9421685e-06   6.8954268e-06   5.2922496e-06   3.4402733e-06   2.5067650e-06   1.5075991e-06   1.3555194e-06   9.2167244e-07   6.3271284e-07   6.1779087e-07   1.9532452e-07   4.0384244e-08   3.1501017e-07   6.4306476e-09   8.1954511e-08  -2.9208421e-08  -5.4888336e-08  -7.5329794e-08
   0.0000000e+00   3.8313042e-06   8.1230664e-06   8.2280621e-06   7.7923241e-06   7.1896693e-06   6.3803309e-06   5.1202956e-06   3.6799388e-06   2.1718854e-06   1.8776134e-06   1.1784790e-06   9.2644734e-07   7.7327906e-07   3.1500153e-07   2.9199828e-07   3.1654420e-07   9.4394089e-08   1.1416534e-07  -9.9555407e-08   1.0229578e-07  -1.8752419e-07  -3.3400624e-07
   0.0000000e+00   3.7633135e-06   8.2573815e-06   9.4319603e-06   7.2336438e-06   7.1217382e-06   6.8592508e-06   5.4217517e-06   3.3106257e-06   2.3063803e-06   1.6073388e-06   1.1454814e-06   9.3541541e-07   5.5416535e-07   5.1948706e-07   3.0219655e-07   3.1981546e-07   1.7022846e-07  -5.1594373e-08   8.9728367e-08  -2.2047610e-07  -1.5720904e-07  -4.7064280e-08
   0.0000000e+00   3.6914728e-06   8.4143785e-06   8.5159381e-06   7.9473666e-06   6.8162599e-06   7.1325767e-06   4.9716205e-06   3.5509320e-06   2.3239429e-06   1.6574480e-06   1.2326714e-06   7.7273785e-07   5.1707377e-07   5.6373989e-07   4.1462232e-07   2.4682163e-07   5.6891970e-08   1.5621590e-07   1.3356214e-07  -1.5595527e-09   4.3803645e-08   9.6369533e-08
   0.0000000e+00   3.9946553e-06   7.9949259e-06   8.7108710e-06   7.5282687e-06   7.2607027e-06   6.1705773e-06   5.4609327e-06   3.1799916e-06   2.2965457e-06   1.5341631e-06   1.0898568e-06   9.3723105e-07   8.3799256e-07   4.2276335e-07   3.4422061e-07   2.3471162e-07   3.1493897e-07   2.8003902e-07  -9.5402779e-09   2.4576755e-07   2.2269721e-07  -2.6863072e-08
   0.0000000e+00   3.8543326e-06   8.5866532e-06   8.5421298e-06   8.2537335e-06   7.0698115e-06   7.1784370e-06   5.1680522e-06   3.8344829e-06   2.3299472e-06   1.5693128e-06   1.2445499e-06   8.0217188e-07   5.0004320e-07   8.0590581e-07   4.5109621e-07   3.7757215e-07   2.4124552e-07   9.1808680e-08   2.5390344e-07   1.0602673e-07  -4.3788830e-08   5.1958573e-08
   0.0000000e+00   3.7995876e-06   7.6443575e-06   9.5359719e-06   7.0779065e-06   7.2088142e-06   6.3958028e-06   5.3300678e-06   3.1305085e-06   2.0401126e-06   1.7049286e-06   1.0795347e-06   1.0625465e-06   1.1675428e-06   3.1215623e-07   5.9679365e-07   3.1491095e-07   2.9827066e-07   4.1509679e-07   1.4209778e-07   6.9861045e-08   2.0955096e-07  -1.7179470e-08
   0.0000000e+00   3.5428609e-06   8.7068247e-06   8.3662007e-06   7.8138173e-06   6.9463131e-06   7.2396078e-06   5.1899588e-06   3.6788022e-06   2.4759524e-06   1.5042531e-06   1.4325166e-06   9.3306761e-07   5.6684286e-07   8.3250012e-07   5.5075674e-07   5.8265653e-07   3.8602954e-07   8.8959752e-08   2.9334723e-07   2.3528401e-07  -1.3905837e-07   1.4554989e-07
   0.0000000e+00   4.3487198e-06   8.1462567e-06   8.7978678e-06   8.2888164e-06   7.2655198e-06   6.6430766e-06   5.3446620e-06   3.1083596e-06   2.1858530e-06   1.6033026e-06   1.0849072e-06   1.1054716e-06   1.0445029e-06   6.9527437e-07   4.5959146e-07   2.8708510e-07   5.0633986e-07   4.4186623e-07   6.2614347e-08   7.6629718e-08   2.9282361e-07   7.7549283e-09
   0.0000000e+00   3.2290322e-06   8.3469204e-06   8.7062517e-06   7.4064055e-06   7.1719728e-06   6.6507719e-06   5.1938687e-06   3.8589942e-06   2.3379243e-06   1.9007388e-06   1.3915486e-06   9.5603093e-07   6.2340229e-07   7.3713647e-07   7.2800304e-07   5.6899887e-07   2.8264887e-07   8.9842501e-08   4.0789777e-07   2.4883204e-07   2.3805807e-08   1.5365721e-07
   0.0000000e+00   3.9437150e-06   7.7781378e-06   9.1399179e-06   7.6001361e-06   7.0168408e-06   6.9831322e-06   5.5372429e-06   3.0784308e-06   2.2640397e-06   1.3870075e-06   1.2826395e-06   1.2709203e-06   1.0370483e-06   7.0659905e-07   4.6120837e-07   3.4503935e-07   4.4347036e-07   4.3245120e-07   1.4487566e-07  -2.3186910e-09   1.2746096e-07   1.8581669e-07
   0.0000000e+00   3.9289098e-06   8.5232850e-06   8.6754799e-06   7.9862166e-06   7.3325891e-06   6.9087155e-06   4.9673354e-06   3.9395636e-06   2.3503885e-06   2.1869046e-06   1.3667791e-06   8.7599682e-07   8.2927130e-07   7.6765241e-07   6.0410281e-07   6.2832368e-07   4.7328371e-08   1.5596586e-07   2.3657941e-07   1.3295424e-07   6.8121302e-08  -1.5601849e-07
   0.0000000e+00   3.6197914e-06   8.0584996e-06   8.6732844e-06   7.5723087e-06   7.1228146e-06   6.6111033e-06   5.4924908e-06   3.1547006e-06   2.4042340e-06   1.2246917e-06   1.4276566e-06   1.1736126e-06   9.9734643e-07   6.2557677e-07   4.5838615e-07   2.1715010e-07   5.1125841e-07   2.7456511e-07   8.5208590e-08   6.6061617e-08   4.6149069e-08   1.1258461e-07
   0.0000000e+00   3.4797383e-06   8.3791165e-06   8.6782311e-06   8.0133877e-06   7.0810343e-06   7.0597102e-06   5.4101497e-06   3.6303161e-06   2.3693772e-06   2.0105092e-06   1.1729396e-06   9.4280347e-07   7.2175794e-07   7.1855919e-07   5.1638182e-07   4.7438019e-07   1.0852523e-07   2.4900569e-07   5.5041383e-08   2.0880664e-08   3.9220058e-08  -1.0898010e-07
   0.0000000e+00   3.9189395e-06   8.0087302e-06   9.3987255e-06   7.3177903e-06   7.3456431e-06   6.6661628e-06   4.8779862e-06   3.1605659e-06   2.1977939e-06   1.4526480e-06   1.3262082e-06   1.1034682e-06   8.6251305e-07   4.7470806e-07   4.6142665e-07   2.1436209e-07   2.5790351e-07   4.3974175e-08  -4.4157058e-08  -7.3316784e-08  -9.9532542e-08   3.4241953e-08
   0.0000000e+00   3.9201323e-06   8.2730485e-06   8.1229100e-06   8.3714458e-06   6.8367749e-06   6.8266218e-06   5.7465304e-06   3.8296184e-06   2.2241798e-06   1.8960994e-06   1.1945262e-06   9.6954341e-07   8.3219771e-07   7.8153062e-07   4.6068979e-07   3.5692332e-07   1.9890921e-07   1.7798408e-08  -4.5765440e-09   6.2076410e-08   1.8326263e-08  -7.6019113e-08
   0.0000000e+00   3.7797799e-06   8.3682644e-06   9.1806041e-06   7.3369424e-06   7.3167002e-06   6.7980059e-06   4.8915513e-06   3.2069047e-06   2.2871277e-06   1.5408999e-06   1.5189358e-06   1.1148468e-06   8.9146801e-07   5.9396660e-07   5.5394406e-07   3.0302101e-07   1.6762382e-07   1.8392294e-07   1.8104372e-07   1.0256303e-07   1.0099555e-07   1.2266163e-07
   0.0000000e+00   3.2949374e-06   8.2592223e-06   8.9566711e-06   8.0640984e-06   7.2766661e-06   6.9520329e-06   5.2704845e-06   3.5408389e-06   2.6110920e-06   1.9341699e-06   1.2020321e-06   1.1877805e-06   6.6248623e-07   7.6798801e-07   4.3854689e-07   3.5068376e-07   1.8599346e-07   2.2046770e-07   1.7993757e-07   1.6037423e-07   3.1634773e-08  -2.4489552e-08
   0.0000000e+00   4.4872554e-06   8.1295484e-06   8.8065353e-06   7.5186331e-06   7.3773922e-06   6.6853036e-06   5.5774080e-06   3.4975660e-06   2.5439388e-06   1.3375690e-06   1.4190557e-06   9.6232134e-07   1.0794467e-06   5.4660410e-07   4.2443270e-07   2.8192073e-07   4.3036542e-07   2.9745999e-07   1.2107228e-07   5.2649352e-08   5.8991809e-08   6.0862860e-08
   0.0000000e+00   3.4420398e-06   8.4653639e-06   9.1375605e-06   8.2884280e-06   6.9307753e-06   7.0934020e-06   5.2036216e-06   3.6427621e-06   1.9369747e-06   2.2468259e-06   1.3750059e-06   9.9097053e-07   5.8462598e-07   6.8053924e-07   5.2848594e-07   5.0544452e-07   1.4059586e-07   2.0481021e-07   1.7900147e-07   2.1413150e-07   1.4943063e-07  -2.0199916e-08
   0.0000000e+00   4.3232408e-06   8.5290840e-06   8.6733917e-06   7.8539188e-06   7.5951048e-06   6.6250568e-06   5.4867432e-06   3.4432901e-06   2.3972029e-06   1.4769258e-06   1.2170549e-06   1.0293895e-06   1.0459580e-06   6.8048257e-07   4.5588229e-07   2.5985096e-07   4.1770593e-07   2.6826569e-07   1.1396340e-07   8.2570665e-08   1.7120248e-08   1.3871829e-07
   0.0000000e+00   3.3118392e-06   8.1389999e-06   9.1289439e-06   7.8703988e-06   6.7980304e-06   7.2257149e-06   4.9439350e-06   3.5106727e-06   2.4656256e-06   1.7203826e-06   1.1318698e-06   1.0248415e-06   8.1905569e-07   6.2233818e-07   5.5746494e-07   4.5864101e-07   1.5561287e-07   1.2275638e-07   3.2878638e-08   8.0642849e-08   1.0108447e-07   1.3103882e-08
   0.0000000e+00   4.6286536e-06   8.4778558e-06   9.1341999e-06   7.6831329e-06   7.8822750e-06   6.4386486e-06   5.5820155e-06   3.3418676e-06   2.1769074e-06   1.3943570e-06   1.3557549e-06   9.3160298e-07   7.1373341e-07   6.5464440e-07   3.8663472e-07   2.6862517e-07   2.3812599e-07  -6.0027605e-09   7.2413142e-09   9.9356368e-10  -2.6786665e-08  -2.7370421e-09
   0.0000000e+00   3.5201658e-06   8.6434175e-06   8.8966544e-06   8.1146782e-06   6.6750663e-06   6.9727398e-06   5.2677192e-06   3.4278737e-06   2.2981835e-06   1.6776256e-06   1.0921898e-06   1.0032560e-06   7.9992452e-07   5.9075262e-07   4.1329361e-07   1.3678660e-07   7.9939809e-08   1.3505655e-07   8.8897892e-08   1.1395017e-07   1.0952126e-07   1.3194065e-07
   0.0000000e+00   4.2398797e-06   8.2195456e-06   8.9974337e-06   7.6513534e-06   7.4777690e-06   6.9290963e-06   4.9880036e-06   3.5165053e-06   2.1288092e-06   1.5724429e-06   1.4277426e-06   8.6195820e-07   7.7410550e-07   4.1757556e-07   3.9638155e-07   2.9842161e-07   3.8513484e-08  -2.9992329e-08   1.5819437e-07   2.4512391e-07   9.7238413e-08   7.3535183e-08
   0.0000000e+00   4.0190262e-06   8.5340835e-06   8.9627347e-06   8.4039712e-06   7.0343713e-06   7.0301694e-06   5.7552379e-06   3.5774603e-06   2.1348912e-06   1.8083722e-06   8.1816631e-07   1.1533717e-06   7.0747967e-07   5.6782625e-07   2.9218165e-07   6.9033305e-08   2.0350645e-07   2.4612646e-07   1.2834882e-07  -2.1067684e-08   2.3629198e-08  -2.9746875e-08
   0.0000000e+00   4.0602440e-06   8.3424184e-06   9.2314413e-06   7.4596674e-06   7.5668186e-06   6.5533491e-06   5.0434332e-06   3.1701188e-06   2.5394809e-06   1.4727042e-06   1.4997572e-06   7.6561236e-07   7.4052832e-07   5.1694542e-07   3.2425370e-07   3.2116327e-07   2.3718360e-07   1.0190023e-07   4.3845379e-08   2.6883271e-08  -5.4219257e-08  -2.1564313e-07
   0.0000000e+00   3.7307334e-06   8.7157832e-06   8.6032915e-06   8.2548622e-06   7.2243752e-06   7.1474869e-06   5.4833827e-06   3.6155159e-06   2.1685457e-06   1.6080622e-06   1.1402982e-06   9.4296615e-07   6.8784362e-07   5.4274352e-07   4.1412920e-07   2.9258121e-07   2.1090683e-07   1.8569568e-07   1.8011832e-08   6.9476279e-08  -1.1313051e-08  -1.0837851e-07
   0.0000000e+00   4.2920301e-06   8.3386794e-06   9.5156947e-06   7.6318402e-06   7.1503991e-06   6.7864557e-06   5.2888258e-06   3.3957401e-06   2.3356690e-06   1.5969167e-06   1.3246997e-06   1.0740853e-06   7.3075586e-07   6.8697864e-07   4.4633788e-07   3.7216606e-07   1.9382637e-07   1.6107617e-07   2.8162918e-07   9.7838360e-08   6.5413708e-08   1.0213407e-07
   0.0000000e+00   3.9920124e-06   8.4574276e-06   8.7432818e-06   7.9613455e-06   7.1932764e-06   6.9681550e-06   5.0608787e-06   3.6912440e-06   2.1880062e-06   1.8539406e-06   1.2816068e-06   9.2858158e-07   1.0536162e-06   5.8691518e-07   5.5937011e-07   3.7590476e-07   1.7410289e-07   2.5124959e-07   1.2014053e-07   9.4478175e-08   5.6408705e-08   7.0721647e-08
   0.0000000e+00   4.1544854e-06   8.1060853e-06   9.1004486e-06   7.9715828e-06   7.4290347e-06   6.6928778e-06   5.5397932e-06   3.1468901e-06   2.3422206e-06   1.6493302e-06   1.1880295e-06   1.2891943e-06   8.1828534e-07   6.4253237e-07   3.2724910e-07   2.2685072e-07   3.3780930e-07   1.0910976e-07   3.5217258e-08   1.1423003e-07   1.0166427e-07   1.2791069e-08
   0.0000000e+00   3.7601646e-06   9.0421800e-06   8.8526285e-06   7.9579604e-06   7.0446740e-06   6.6833491e-06   5.1557358e-06   3.6760428e-06   2.3709538e-06   1.6172827e-06   1.3762616e-06   8.7127171e-07   6.9166219e-07   7.5312386e-07   5.4378143e-07   2.5594233e-07   1.4637006e-07   9.0608395e-08   4.0214776e-08   6.9906889e-08   1.8342734e-08  -6.5099761e-09
   0.0000000e+00   4.3298182e-06   8.2759907e-06   9.1716793e-06   7.6850502e-06   7.1644167e-06   7.0528540e-06   5.5340015e-06   3.0425083e-06   2.2302092e-06   1.5033285e-06   1.2184623e-06   1.0291349e-06   9.3840049e-07   4.5094174e-07   4.1088549e-07   1.8966819e-07   2.4293283e-07   7.1842670e-08   5.1277986e-08   1.8144677e-08   1.8254935e-08  -2.0200225e-08
   0.0000000e+00   3.8571102e-06   8.3236719e-06   8.8075722e-06   7.8650273e-06   7.2231924e-06   6.8264881e-06   4.7796966e-06   3.6456092e-06   2.2480376e-06   1.7665099e-06   1.2450420e-06   9.6817189e-07   6.9730930e-07   6.2613037e-07   3.0344833e-07   4.2645490e-07   1.2451602e-07  -7.1845200e-08   2.1489187e-07   1.3538464e-07  -1.6000861e-07  -9.5418979e-09
   0.0000000e+00   4.1219459e-06   8.1853614e-06   9.0604372e-06   7.8903431e-06   7.1060081e-06   6.3858251e-06   5.3424828e-06   3.3499248e-06   2.0280954e-06   1.5089847e-06   1.2822333e-06   9.8174894e-07   9.4131951e-07   5.0091973e-07   4.2122352e-07   1.6441041e-07   1.4242333e-07   3.2064500e-07   3.5973780e-08  -1.8697499e-07   4.3949392e-08  -6.5993795e-08
   0.0000000e+00   3.8658191e-06   8.7664785e-06   8.8695178e-06   7.6451188e-06   7.0499468e-06   6.9219523e-06   5.0650797e-06   3.3645465e-06   2.3874798e-06   1.6691956e-06   1.1879451e-06   9.6400402e-07   5.0957726e-07   5.9479328e-07   4.3707419e-07   1.6078812e-07   1.3160233e-07   8.8462500e-09   6.7954325e-08   1.0193779e-07  -4.7509243e-08  -8.9790284e-08
   0.0000000e+00   3.8578241e-06   8.0410764e-06   8.8050447e-06   7.5950261e-06   7.0412930e-06   6.5875424e-06   5.1928982e-06   3.0714127e-06   2.1442820e-06   1.5306197e-06   1.1678668e-06   1.0383399e-06   8.6772059e-07   5.3833202e-07   2.6036199e-07   2.9588170e-07   1.5635375e-07   1.4939117e-07  -1.7308917e-08  -4.8989531e-08  -8.7934680e-08  -1.4624878e-07
   0.0000000e+00   3.9484607e-06   8.5580377e-06   8.6622249e-06   7.9499687e-06   6.9615821e-06   6.6644648e-06   5.0566141e-06   3.4876637e-06   2.3435332e-06   1.5890987e-06   1.1482139e-06   8.9319013e-07   6.8922338e-07   6.0831456e-07   3.3681860e-07   3.2120175e-07   2.6605017e-07   1.6090750e-07   1.5008145e-07   9.0245109e-08   6.7032597e-09   5.9916886e-08
