   0.0000000e+00   5.6219096e-06   1.1177432e-05   1.1278153e-05   8.8315173e-06   7.7422519e-06   7.0391920e-06   5.5547334e-06   3.6674883e-06   2.0851614e-06   1.7113437e-06   1.4495934e-06   8.6653318e-07   7.5144214e-07   4.4762621e-07   6.1505608e-07   4.5218158e-07   2.6714596e-07   2.4879145e-07   2.2159109e-07   4.2651855e-08   1.6628665e-07   2.2515802e-07
   0.0000000e+00   5.8505984e-06   1.1245671e-05   1.0496347e-05   8.6942309e-06   7.7647865e-06   7.3857905e-06   5.4045545e-06   3.6633764e-06   2.2979200e-06   1.6314065e-06   1.0948080e-06   1.0479549e-06   9.0949771e-07   8.0785276e-07   3.0543796e-07   4.1901021e-07   2.1559407e-07   2.9340012e-07   1.0154587e-07   1.7703137e-07   2.9427798e-07   2.7987474e-07
   0.0000000e+00   5.6191720e-06   1.1277547e-05   1.1298298e-05   8.8916495e-06   7.7432087e-06   7.2001317e-06   5.5522860e-06   3.2289709e-06   2.6619541e-06   1.8133699e-06   1.3987753e-06   1.1801230e-06   7.8346108e-07   6.7903954e-07   7.1831801e-07   1.4220372e-07   1.7464848e-07   1.5680006e-07   1.9749557e-07   3.0872690e-07   1.1599364e-07   4.0910379e-08
   0.0000000e+00   5.4230859e-06   1.1542367e-05   1.0446220e-05   8.9138084e-06   7.6234992e-06   7.0505403e-06   5.7780803e-06   3.8759458e-06   2.1911324e-06   1.5393512e-06   1.4171733e-06   1.1915895e-06   9.8850478e-07   7.5942972e-07   3.7077677e-07   3.6195888e-07   4.1729791e-07   3.3001010e-07   1.0582574e-07   6.3313593e-08   1.1213703e-07   1.0808068e-07
   0.0000000e+00   5.4056854e-06   1.0881012e-05   1.0882658e-05   8.7622993e-06   7.7077111e-06   7.3069828e-06   5.6695462e-06   3.8110816e-06   2.5828931e-06   1.9909385e-06   1.3710315e-06   9.2443861e-07   7.1781398e-07   5.1584908e-07   5.1996483e-07   2.3217964e-07   1.2662461e-07  -2.5726438e-08   2.0982809e-07   1.7762865e-07  -4.6540229e-08  -4.8778805e-08
   0.0000000e+00   5.8339265e-06   1.1438831e-05   1.0956789e-05   8.9696450e-06   7.9949996e-06   7.2857861e-06   5.2337132e-06   3.4818038e-06   2.1594235e-06   1.6616465e-06   1.3291036e-06   1.1542635e-06   1.0423621e-06   4.7789990e-07   3.5841930e-07   3.7442607e-07   2.2639863e-07   2.2859093e-07   9.8550338e-08   1.5360062e-08   8.6565493e-08   2.1740479e-07
   0.0000000e+00   5.6589588e-06   1.0938244e-05   1.0795472e-05   8.6715027e-06   7.4374698e-06   7.4999730e-06   6.0435891e-06   3.8871631e-06   2.7985150e-06   1.6818841e-06   1.2536655e-06   8.1852983e-07   6.6110283e-07   7.0767754e-07   5.6095803e-07   7.8036784e-08   1.8491869e-07   1.7896069e-08   1.5233896e-07   3.3075317e-08  -8.0544091e-08  -2.0333675e-07
   0.0000000e+00   5.0958333e-06   1.1366884e-05   1.0710512e-05   8.8370280e-06   7.8105486e-06   6.8427753e-06   5.4618895e-06   3.3314723e-06   2.0881062e-06   1.8021826e-06   1.4573332e-06   1.1879457e-06   7.3197521e-07   5.9378050e-07   2.2706435e-07   2.1190534e-07   1.8569366e-07   1.2983510e-07  -1.7213814e-08  -9.0704390e-08  -1.6805714e-07  -2.9635896e-07
   0.0000000e+00   5.7191451e-06   1.1436689e-05   1.1127048e-05   8.9398400e-06   8.2491415e-06   7.5714524e-06   5.8186829e-06   4.0170826e-06   2.6755436e-06   1.8441172e-06   1.2152271e-06   7.6627651e-07   7.9653256e-07   6.0098915e-07   3.3256285e-07   1.7911634e-07   1.0198389e-07   1.4441790e-07  -5.8431309e-09  -5.4733107e-08  -9.8634843e-08   9.4495824e-08
   0.0000000e+00   5.4731845e-06   1.1076040e-05   1.0797882e-05   8.9795076e-06   7.3018396e-06   7.3654746e-06   5.3771350e-06   3.5184637e-06   2.4826440e-06   1.7714367e-06   1.2751769e-06   1.3086385e-06   6.7860441e-07   4.6546734e-07   3.9339633e-07   4.2754050e-07   2.3464037e-07   2.0263346e-07   4.1887097e-07   2.8294247e-07   1.8794834e-07   1.3470883e-07
   0.0000000e+00   5.9918730e-06   1.1390110e-05   1.0790440e-05   9.1920974e-06   8.1964754e-06   7.3310916e-06   5.9457634e-06   3.9811312e-06   2.1823921e-06   1.8053145e-06   1.4923988e-06   7.9580127e-07   9.1473004e-07   6.7254609e-07   3.5946510e-07   3.9244216e-07   3.6907133e-07   4.8460998e-07   3.3096575e-07   1.9654325e-07   3.7451912e-07   3.6690821e-07
   0.0000000e+00   5.3966860e-06   1.1448487e-05   1.1292445e-05   9.1162392e-06   7.7580917e-06   7.5012831e-06   5.8312635e-06   3.4026850e-06   2.8470374e-06   1.7650626e-06   1.2321156e-06   1.0835992e-06   9.2742431e-07   7.0257494e-07   4.9710633e-07   2.9518284e-07   3.1511843e-07   3.2388880e-07   1.0694760e-07   1.3793306e-07   7.7078539e-08   3.9434767e-08
   0.0000000e+00   5.7156744e-06   1.1597492e-05   1.1183237e-05   8.8449033e-06   8.2125853e-06   7.1549289e-06   5.3049180e-06   3.5322878e-06   2.2053177e-06   1.5537727e-06   1.3125782e-06   1.2999309e-06   8.5211934e-07   5.5509054e-07   5.0608537e-07   3.6932676e-07   2.4469938e-07  -8.4113140e-08  -2.1293458e-08  -1.1299588e-07  -1.6714542e-07  -3.1611802e-07
   0.0000000e+00   5.7372145e-06   1.1161213e-05   1.1358860e-05   9.1902521e-06   8.0738937e-06   7.8718385e-06   5.9070335e-06   3.9948914e-06   2.4911958e-06   1.7043552e-06   1.1477584e-06   8.2534768e-07   7.2841550e-07   6.0540549e-07   4.7146958e-07   1.5443803e-07   1.5636985e-07   2.0704891e-07   4.2572758e-08   2.9513496e-08  -2.2119609e-08   4.6066610e-08
   0.0000000e+00   6.3254220e-06   1.1880335e-05   1.0740977e-05   9.3030967e-06   7.7251070e-06   6.8713948e-06   5.1278839e-06   3.2594567e-06   1.8809139e-06   1.7562492e-06   1.3463572e-06   8.5160070e-07   6.6146436e-07   4.7509985e-07   2.3184865e-07   2.9082076e-07   2.3345999e-07  -3.7891965e-08   2.9745693e-09  -8.3558822e-09   3.7580055e-08   5.3751510e-08
   0.0000000e+00   5.3733716e-06   1.1702000e-05   1.1245988e-05   9.2093105e-06   7.8546082e-06   7.4605496e-06   6.1347932e-06   4.0045302e-06   2.5016391e-06   1.6011722e-06   1.0606782e-06   8.6840379e-07   7.5237131e-07   4.7441731e-07   5.6019445e-07   3.8249465e-07   1.0430310e-07   1.9401563e-07   3.2046057e-07   3.6941634e-07   3.9037516e-08  -5.5665076e-08
   0.0000000e+00   5.9786207e-06   1.1199122e-05   1.1389086e-05   8.8776851e-06   8.0829222e-06   7.2873786e-06   5.0912477e-06   2.8547013e-06   2.3426921e-06   1.3934143e-06   1.2504976e-06   9.9087242e-07   6.3732011e-07   6.0732100e-07   1.4104101e-07   1.1766643e-07   3.3660189e-07   4.8124377e-07   2.6850725e-07  -1.7730159e-07   1.8596629e-07   1.9524768e-07
   0.0000000e+00   5.9293857e-06   1.1592925e-05   1.1059793e-05   9.0940466e-06   7.6001411e-06   7.1669956e-06   5.6189356e-06   3.6303454e-06   2.4100948e-06   1.7946926e-06   9.9932720e-07   6.5733263e-07   7.3673795e-07   6.0026605e-07   4.2032028e-07   3.2092879e-07   1.4096595e-07   2.4826130e-07   5.4280672e-08   2.5995885e-07   7.4782307e-08  -5.1756860e-08
   0.0000000e+00   5.8542473e-06   1.1540999e-05   1.1055779e-05   8.8398610e-06   7.6905735e-06   7.3538977e-06   5.3844328e-06   3.5802557e-06   1.7421248e-06   1.3766008e-06   1.1951406e-06   1.2558228e-06   8.3265309e-07   4.6106248e-07   2.0440818e-07   3.1424290e-07   4.7190761e-07   1.8743846e-07   1.3294571e-07   1.2288118e-07   2.6963178e-07   1.4597001e-07
   0.0000000e+00   5.5531677e-06   1.1805670e-05   1.0601474e-05   9.0656040e-06   7.8932271e-06   6.8391037e-06   5.2268515e-06   3.6986157e-06   2.6558939e-06   1.9420145e-06   1.2571569e-06   6.8101184e-07   7.7633109e-07   5.5761842e-07   6.4462711e-07   4.0521957e-07   1.1963624e-07   1.9297872e-07   2.8635998e-07   2.7200423e-07   1.3886653e-07   6.8457268e-08
   0.0000000e+00   5.9108911e-06   1.0858304e-05   1.1402589e-05   8.6589707e-06   7.7194145e-06   7.2820735e-06   5.6790195e-06   3.3135618e-06   2.1744038e-06   1.3061615e-06   1.1257769e-06   1.4194751e-06   9.9150225e-07   7.0449136e-07   4.1250121e-07   2.6705717e-07   3.5531744e-07   3.1695532e-07   1.9680652e-07   2.1665346e-07   2.4143992e-07   3.9810470e-07
   0.0000000e+00   5.8494747e-06   1.1261755e-05   1.0717270e-05   8.7727140e-06   7.5479729e-06   7.1195032e-06   5.6307886e-06   3.4952682e-06   2.4679102e-06   1.8465951e-06   1.6359344e-06   9.6749670e-07   7.9372194e-07   7.5534098e-07   6.6119702e-07   5.7707484e-07   4.7871049e-07   2.4232466e-07   3.1423951e-07   4.4047712e-07   1.4927480e-07  -7.4061276e-08
   0.0000000e+00   5.2050164e-06   1.1734090e-05   1.0715408e-05   8.9201239e-06   7.6898859e-06   7.0796477e-06   5.1027400e-06   3.3646877e-06   2.4063011e-06   1.7266754e-06   1.3213161e-06   1.0294227e-06   9.4981658e-07   7.4161238e-07   3.8820028e-07   2.7203424e-07   4.8927950e-07   4.8487976e-07   3.9180097e-07   1.1514720e-07   1.8567137e-07   1.5208992e-07
   0.0000000e+00   5.9249319e-06   1.1294610e-05   1.0812197e-05   8.8002480e-06   7.5753610e-06   7.3610508e-06   5.6657000e-06   3.9547231e-06   2.1369258e-06   1.8255516e-06   1.2032420e-06   1.2289180e-06   9.4204665e-07   5.5904991e-07   6.9770738e-07   6.0064843e-07   2.8242420e-07   3.8398827e-07   4.4007101e-07   3.6811622e-07  -4.3547200e-08  -2.0959736e-07
   0.0000000e+00   5.9075587e-06   1.0882605e-05   1.0921808e-05   8.7037270e-06   7.8298153e-06   6.8507161e-06   5.2956066e-06   3.3757019e-06   2.4254730e-06   1.7480593e-06   1.3624697e-06   1.1266327e-06   9.9553426e-07   8.4748280e-07   4.4851873e-07   5.1821678e-07   4.1125597e-07   3.4728487e-07   1.5253430e-07  -1.3748331e-07  -1.4974189e-07  -9.0389101e-08
   0.0000000e+00   4.9453988e-06   1.1202381e-05   1.1120261e-05   9.0324484e-06   7.7429177e-06   7.1710233e-06   5.5421219e-06   3.5039852e-06   2.5859397e-06   1.7553180e-06   1.4884996e-06   1.0296415e-06   8.3798125e-07   7.5040145e-07   5.5959379e-07   2.9628856e-07   2.8080194e-07   2.3986865e-07   7.7957047e-08  -6.2872459e-08   5.3104849e-08  -1.4892501e-07
   0.0000000e+00   5.7772913e-06   1.1738271e-05   1.0508753e-05   8.7285835e-06   7.8708636e-06   7.1693116e-06   5.6029803e-06   3.6847914e-06   2.1215899e-06   1.4713970e-06   1.2923759e-06   9.9910596e-07   7.7852246e-07   5.4893826e-07   2.5534607e-07   4.6403531e-07   3.7632452e-07   1.7112517e-07   7.8033651e-09   9.1318590e-08  -1.7200139e-07  -2.0262816e-07
   0.0000000e+00   5.5852838e-06   1.1167384e-05   1.0937504e-05   8.9844980e-06   7.2416874e-06   7.3493443e-06   5.5378214e-06   3.3986742e-06   2.5270997e-06   1.7856630e-06   1.0315092e-06   8.5109838e-07   6.7209271e-07   4.7782987e-07   4.8149798e-07   2.7855620e-07   9.0348180e-08   2.6061045e-07   1.9637490e-07   3.6047307e-08   1.4759118e-07   2.0215491e-07
   0.0000000e+00   5.8172936e-06   1.0813731e-05   1.1133434e-05   8.8425859e-06   8.0733071e-06   7.0233882e-06   5.3225476e-06   3.8073663e-06   2.0400896e-06   1.7739218e-06   1.1721249e-06   1.0019239e-06   9.6477845e-07   4.9599203e-07   4.3431140e-07   2.4706233e-07   3.0599944e-07   1.6301425e-07   1.7127920e-07   1.5303624e-07   7.7922998e-08   2.4410681e-07
   0.0000000e+00   5.0724261e-06   1.1333745e-05   1.0922701e-05   8.9225350e-06   7.6412325e-06   7.3494234e-06   5.7459720e-06   3.5854371e-06   2.6227303e-06   1.6432650e-06   1.2100249e-06   1.2025932e-06   6.8764871e-07   7.4001520e-07   6.3397869e-07   4.4464187e-07   2.7909491e-07   1.7367691e-07   4.0599801e-08   1.9949378e-07   1.8450631e-07   1.7680467e-08
   0.0000000e+00   5.7601437e-06   1.1987658e-05   1.0415381e-05   8.7634762e-06   7.9669489e-06   7.1269901e-06   5.4594261e-06   3.3594938e-06   2.2841218e-06   1.4574969e-06   1.5956001e-06   9.0211665e-07   8.7451559e-07   8.7655081e-07   4.8808192e-07   3.2076073e-07   3.9188643e-07   1.8227405e-07   1.5164404e-07   4.9200544e-08   6.9932247e-09   1.8277670e-07
   0.0000000e+00   5.7300349e-06   1.0706797e-05   1.1245228e-05   9.0677813e-06   7.6798433e-06   7.5878997e-06   5.8186088e-06   3.7287948e-06   2.5944514e-06   1.8858269e-06   1.1595160e-06   1.0771556e-06   1.1093788e-06   8.0790943e-07   7.8290952e-07   4.8678248e-07   3.5312661e-07   3.3582501e-07   3.2849064e-07   2.9129563e-07   2.7814593e-07  -1.3198955e-08
   0.0000000e+00   5.3870081e-06   1.1203591e-05   1.1123559e-05   8.8654979e-06   7.7969871e-06   7.0481096e-06   5.1843026e-06   3.6606907e-06   2.1370852e-06   1.7423658e-06   1.6173572e-06   1.3702033e-06   1.2747697e-06   8.1561308e-07   4.8183426e-07   6.3177174e-07   4.0927773e-07   2.9702983e-07   3.6314037e-07   2.6146409e-07   2.1193596e-07   3.3080323e-07
   0.0000000e+00   5.7418515e-06   1.1557210e-05   1.0907427e-05   9.0991252e-06   8.2235920e-06   7.3739570e-06   5.9132858e-06   3.8384724e-06   2.5469221e-06   2.0399782e-06   1.2017712e-06   1.1478216e-06   9.9826980e-07   8.5534828e-07   7.0985499e-07   3.1574817e-07   3.0149937e-07   5.4167697e-07   2.6496252e-07   3.0153180e-07   2.1855701e-07   1.8805558e-08
   0.0000000e+00   5.5622495e-06   1.1480632e-05   1.0708185e-05   9.0565263e-06   7.6776369e-06   7.1062695e-06   5.2728105e-06   3.3811166e-06   2.2094860e-06   1.5909030e-06   1.6066488e-06   1.2572425e-06   7.4976572e-07   6.6057891e-07   4.5717471e-07   3.6686160e-07   4.6753937e-07   1.8564943e-07   1.3082992e-07   3.4014448e-08   8.3218197e-08  -2.6281366e-09
   0.0000000e+00   5.5102964e-06   1.1321256e-05   1.1328266e-05   9.1104866e-06   7.5886478e-06   7.2852040e-06   5.9790673e-06   3.5823618e-06   2.7771405e-06   1.8042974e-06   1.1681524e-06   9.9905208e-07   6.3933663e-07   6.8067737e-07   4.0661607e-07   4.2579524e-07   4.1080206e-08  -1.1904598e-09   1.4890333e-07   2.2916278e-07  -1.0087059e-08   1.0299561e-08
   0.0000000e+00   5.8778205e-06   1.1370537e-05   1.1297232e-05   8.7172148e-06   7.9259999e-06   7.5269413e-06   5.1363886e-06   3.4992993e-06   2.1673034e-06   1.5727881e-06   1.2069514e-06   7.8692005e-07   1.0453189e-06   5.6317458e-07   3.6911177e-07   2.1085411e-07   4.4612366e-07   4.2055100e-07   2.0070264e-07  -3.8421060e-08  -1.8217316e-08   1.2762112e-07
   0.0000000e+00   5.6497061e-06   1.1444850e-05   1.0665089e-05   9.0213607e-06   7.9208257e-06   6.7315573e-06   5.4596417e-06   3.8931189e-06   2.2651307e-06   1.8973012e-06   1.3332750e-06   8.8254075e-07   6.2953904e-07   6.3052812e-07   5.8615922e-07   5.3072506e-07   3.3762217e-07   1.8734085e-07   2.5283089e-07   3.1927237e-07   2.6165867e-07  -1.0208927e-07
   0.0000000e+00   5.4520892e-06   1.1423669e-05   1.1068391e-05   9.1982683e-06   7.5688795e-06   7.1993968e-06   5.8769406e-06   3.4775096e-06   2.1659753e-06   1.5330418e-06   1.2332848e-06   1.2085433e-06   1.0494325e-06   6.7900544e-07   6.4590074e-07   3.7085903e-07   4.2648492e-07   3.8709391e-07   1.4456299e-07   1.1856615e-07   1.2454879e-07   2.0339131e-07
   0.0000000e+00   6.0830657e-06   1.1340659e-05   1.1111061e-05   8.5692191e-06   7.4670270e-06   7.3580813e-06   5.0914109e-06   3.2479622e-06   2.5395473e-06   1.8217230e-06   1.2017517e-06   9.8317037e-07   8.7076074e-07   7.1802873e-07   5.6019275e-07   3.4626441e-07   2.3212756e-07   1.3745448e-07   2.8566885e-07   1.9929379e-07   1.1778280e-07   1.3069351e-07
   0.0000000e+00   5.4223378e-06   1.1497730e-05   1.0898590e-05   8.8975903e-06   7.8603834e-06   7.2096864e-06   5.6556914e-06   3.5041089e-06   2.4115809e-06   1.5215360e-06   1.2952419e-06   1.1531741e-06   8.0651637e-07   6.8142776e-07   4.1715771e-07   4.2457276e-07   2.5476038e-07   5.7693029e-08   7.6763529e-09  -4.4378357e-08  -8.1002042e-08  -1.5482878e-07
   0.0000000e+00   5.5462770e-06   1.1405018e-05   1.0930754e-05   8.8800680e-06   7.9977481e-06   6.7495098e-06   5.3459230e-06   3.8426570e-06   2.1093122e-06   1.7183843e-06   1.3961361e-06   9.7248005e-07   8.6625920e-07   8.6105536e-07   4.3678961e-07   4.3312582e-07   1.9812961e-07   8.2726743e-08   5.9731434e-08  -1.2604673e-07  -1.5388737e-07  -2.2711957e-07
   0.0000000e+00   5.9418308e-06   1.1148376e-05   1.0822590e-05   9.0486164e-06   7.1236741e-06   7.2160101e-06   5.5240471e-06   3.3505146e-06   2.3624452e-06   1.8787343e-06   1.2056651e-06   9.8147211e-07   9.3109816e-07   7.0818180e-07   5.8335991e-07   4.1381193e-07   1.7987101e-07   2.2909357e-07   8.3541750e-08   1.1450726e-07  -2.8361171e-08  -9.9007977e-08
   0.0000000e+00   5.9057415e-06   1.1631722e-05   1.1019522e-05   8.6154741e-06   8.0578657e-06   7.6107922e-06   5.7138282e-06   3.3599451e-06   2.4485691e-06   1.6141521e-06   1.1399457e-06   1.4049447e-06   1.0131511e-06   6.3905782e-07   4.3351756e-07   1.8488220e-07   2.0118371e-07   8.3920341e-08   1.1106127e-07  -4.4301935e-08  -2.2995993e-08  -2.5593414e-07
   0.0000000e+00   5.6189128e-06   1.1302234e-05   1.1060159e-05   8.7888729e-06   7.7555678e-06   6.9174835e-06   5.2259438e-06   3.7873519e-06   2.3569510e-06   1.7382800e-06   1.6116455e-06   9.2645200e-07   7.9819546e-07   5.0938092e-07   4.4348525e-07   1.1503032e-07  -6.7929491e-08  -1.2633772e-08  -2.2315520e-07  -1.1449400e-07  -2.2567865e-07  -3.6425524e-07
   0.0000000e+00   5.4879702e-06   1.1458144e-05   1.0706462e-05   9.2829414e-06   7.8030862e-06   7.1620157e-06   5.8318446e-06   3.7222192e-06   2.3683926e-06   1.5355306e-06   1.3964346e-06   8.1637114e-07   6.7359861e-07   4.2237244e-07   7.4144367e-08  -2.2178837e-09   1.8615118e-07  -8.2999236e-08  -7.0214156e-08  -1.4018940e-07  -2.5019548e-07  -6.8785518e-08
   0.0000000e+00   6.0159505e-06   1.1573981e-05   1.1177121e-05   8.8127317e-06   7.8336070e-06   7.5738781e-06   5.4666361e-06   3.5355715e-06   2.5403572e-06   1.9688180e-06   1.0835396e-06   1.0064957e-06   7.4711880e-07   3.0935612e-07   2.5122793e-07   3.5206472e-07   1.3817396e-07  -1.6867565e-08   1.8110904e-07   2.3695631e-07   2.0447189e-07   7.1123665e-08
   0.0000000e+00   6.0308266e-06   1.1216795e-05   1.1011495e-05   8.9452842e-06   7.5952767e-06   7.2095077e-06   5.5959717e-06   3.7483333e-06   2.7535098e-06   1.7617914e-06   1.1548644e-06   1.0445576e-06   8.0431869e-07   6.8719578e-07   5.3922474e-07   2.1605807e-07   1.3084453e-07   2.8125663e-07   2.8962327e-07   1.2762020e-07   8.4254019e-08   3.3303004e-07
   0.0000000e+00   5.3983122e-06   1.1319320e-05   1.0863803e-05   9.1455913e-06   8.1280714e-06   7.1337236e-06   5.8590385e-06   3.8165313e-06   2.2137478e-06   1.8446008e-06   1.5269771e-06   1.2600136e-06   5.9930426e-07   7.0107836e-07   4.0950712e-07   2.3304142e-07   3.6077699e-07   1.8062437e-07   1.6519215e-07   1.6224536e-07   1.2478348e-07  -1.1293555e-08
   0.0000000e+00   5.3991175e-06   1.1378075e-05   1.1140425e-05   8.6898362e-06   7.6823208e-06   7.3139267e-06   5.4242801e-06   3.8921039e-06   2.4331637e-06   1.7532078e-06   1.5901661e-06   9.5048500e-07   1.0923042e-06   7.8137055e-07   4.6056019e-07   5.9795286e-07   4.4865655e-07   3.8936864e-07   3.6075596e-07   3.3781140e-07   1.9859954e-07   1.1293200e-07
   0.0000000e+00   5.9928998e-06   1.1616288e-05   1.0816204e-05   8.9367377e-06   7.5715757e-06   7.3681958e-06   5.6413364e-06   3.5443500e-06   2.7434951e-06   1.7731445e-06   1.1354459e-06   1.1311724e-06   1.0066484e-06   6.4853413e-07   4.9214424e-07   5.7679995e-07   2.5669905e-07   3.3835019e-07   2.9568912e-07   8.1955264e-08   2.5570870e-07   2.6552561e-07
   0.0000000e+00   5.3671979e-06   1.0979207e-05   1.0862059e-05   8.9472769e-06   7.9556503e-06   7.0535571e-06   5.8008013e-06   3.6605438e-06   2.0990412e-06   1.6275121e-06   1.3560727e-06   1.0681754e-06   7.4423360e-07   3.6869022e-07   6.5706979e-07   5.1744752e-07   2.9084987e-07   4.8497344e-07   3.1638652e-07   3.1455184e-07   1.6693564e-07  -4.4981547e-08
   0.0000000e+00   5.9312179e-06   1.1195388e-05   1.0927263e-05   8.8906336e-06   7.6986062e-06   7.3358829e-06   5.4172388e-06   3.5255457e-06   2.3438333e-06   1.6202159e-06   1.1989770e-06   8.7481953e-07   7.0412466e-07   8.7865288e-07   5.5524731e-07   2.7580336e-07   4.4702176e-07   3.7592756e-07   2.4658394e-07   2.7660030e-07   2.7624498e-07   1.2181221e-07
   0.0000000e+00   5.1818588e-06   1.1682534e-05   1.0932522e-05   8.8599327e-06   7.7248924e-06   7.2017933e-06   5.6662184e-06   3.5737362e-06   2.2968313e-06   1.6905203e-06   1.1510164e-06   8.6101272e-07   8.2159482e-07   7.5058858e-07   5.5966854e-07   2.9894781e-07   3.6740337e-07   2.2343697e-07   1.6700059e-07   3.3320387e-07   1.9194982e-07   2.6366763e-07
   0.0000000e+00   5.7141606e-06   1.0992757e-05   1.1047812e-05   8.8696506e-06   7.7977675e-06   7.5370026e-06   5.4586758e-06   3.5841124e-06   2.1182270e-06   1.4016292e-06   1.1735606e-06   1.2264670e-06   7.7625361e-07   6.9486032e-07   5.0920681e-07   5.3521870e-07   2.7048344e-07   1.5573173e-07   2.7982543e-07   9.3899111e-08   1.4346494e-07   1.6692721e-07
   0.0000000e+00   5.7784414e-06   1.1209382e-05   1.0821249e-05   9.1444981e-06   7.6550568e-06   6.8496306e-06   5.6017643e-06   3.3176002e-06   2.2576712e-06   1.8564865e-06   1.2192145e-06   9.3343903e-07   1.1092018e-06   8.2911657e-07   7.1403423e-07   5.4573741e-07   4.8025157e-07   4.1086054e-07   3.6725248e-07   1.3328123e-07   4.0495070e-08   6.5797181e-08
   0.0000000e+00   5.4147154e-06   1.1908272e-05   1.0830418e-05   8.4859457e-06   8.2160377e-06   7.3775559e-06   5.4498578e-06   3.6502208e-06   2.4549029e-06   1.5875165e-06   1.5703051e-06   1.1198500e-06   8.4324518e-07   8.7985609e-07   6.6132230e-07   4.9919595e-07   4.7655502e-07   3.0595081e-07   1.7541473e-07   1.6338436e-07  -9.8007547e-10  -2.2559121e-07
   0.0000000e+00   5.7856155e-06   1.0818610e-05   1.1053175e-05   9.1928396e-06   7.5124449e-06   7.3714032e-06   5.7032939e-06   3.5712894e-06   2.3686973e-06   1.7813803e-06   1.3820384e-06   1.1527233e-06   1.1435227e-06   5.6823700e-07   5.7251805e-07   3.4393497e-07   2.9397788e-07   3.5882513e-07   6.9200880e-08   1.4691020e-07   1.0716009e-08  -1.3015671e-07
   0.0000000e+00   5.5262954e-06   1.1365473e-05   1.1046212e-05   8.9753057e-06   7.5980433e-06   7.1368650e-06   5.2924697e-06   3.7112013e-06   2.5417498e-06   1.7337638e-06   1.2816225e-06   1.2872187e-06   9.5740552e-07   8.3507001e-07   5.4879979e-07   3.3055446e-07   3.3401747e-07   1.6711206e-07   1.2760488e-07  -1.0077314e-07  -3.9123211e-08   5.6598154e-08
   0.0000000e+00   5.9325635e-06   1.1619797e-05   1.1054780e-05   8.9572186e-06   7.9241609e-06   7.3498927e-06   6.0081820e-06   3.5326964e-06   2.2277952e-06   1.7885618e-06   1.3575910e-06   1.0296675e-06   8.4631398e-07   6.4607269e-07   6.2132636e-07   5.6873478e-07   9.1763583e-09   9.5267367e-08   3.9306762e-08  -7.3405225e-08  -3.4623994e-08  -2.1264708e-07
   0.0000000e+00   5.9082749e-06   1.1765263e-05   1.0631800e-05   8.7009630e-06   8.1931566e-06   7.4110890e-06   5.4074408e-06   3.8502876e-06   2.3687637e-06   1.6311266e-06   1.4215946e-06   1.1072268e-06   7.9252686e-07   7.3767757e-07   2.3232174e-07   1.2925844e-07   2.4287507e-07  -3.8156006e-08   5.8963575e-08   1.5064945e-08  -1.7776279e-07  -9.2467140e-08
   0.0000000e+00   4.9934733e-06   1.1032706e-05   1.1362144e-05   9.3421941e-06   7.5882986e-06   7.1731715e-06   5.7214334e-06   3.4449508e-06   2.6009975e-06   1.7479791e-06   1.2098574e-06   1.0107641e-06   8.5055461e-07   7.7905798e-07   4.8094392e-07   2.0659307e-07   1.5893080e-07   1.3236101e-07  -1.0968706e-07  -9.5513229e-08   2.3283310e-08  -1.3944660e-07
   0.0000000e+00   6.6140624e-06   1.1258961e-05   1.1194869e-05   9.0211133e-06   7.9085876e-06   7.5717362e-06   5.4859765e-06   3.7872958e-06   2.1251592e-06   1.4750115e-06   1.4851795e-06   1.2611106e-06   1.0157797e-06   7.5227064e-07   4.8554688e-07   3.6942626e-07   1.9778567e-07   1.1408046e-07   4.8905896e-08  -1.0884263e-07  -1.5090497e-07   8.4632177e-08
   0.0000000e+00   5.1971715e-06   1.1874698e-05   1.0900582e-05   8.7822291e-06   7.8255680e-06   7.2401958e-06   5.7116772e-06   3.5114028e-06   2.3659716e-06   2.0550915e-06   1.1632827e-06   1.1519775e-06   1.1164418e-06   6.2752900e-07   5.9971723e-07   3.3271110e-07   1.5131323e-07   1.3203038e-07   1.6381209e-07   9.9868892e-08   8.8147978e-08   1.6039698e-07
   0.0000000e+00   5.7093753e-06   1.1297790e-05   1.0754612e-05   9.2651599e-06   8.4488438e-06   7.0440547e-06   5.5704650e-06   3.4241507e-06   2.1396443e-06   1.7087516e-06   1.5687860e-06   1.0628580e-06   1.1500388e-06   6.1626804e-07   3.7959131e-07   2.5794063e-07   2.3580913e-07   2.9240144e-07   5.1779040e-08   1.7915721e-07   2.2038583e-07   5.2950092e-08
   0.0000000e+00   5.8221217e-06   1.1032074e-05   1.1368246e-05   9.1130451e-06   7.3299034e-06   7.7036384e-06   5.5100254e-06   3.6979652e-06   2.4849937e-06   1.3537789e-06   1.3667404e-06   1.3348316e-06   5.7404424e-07   6.5897439e-07   4.0257231e-07   2.0660869e-07   2.4791612e-07  -3.5086059e-09   1.3269562e-07   9.0545328e-08   5.8098305e-08   2.3830783e-08
   0.0000000e+00   5.6237409e-06   1.1846163e-05   1.0799854e-05   8.7631561e-06   7.7534824e-06   6.9709486e-06   5.2883970e-06   3.3207814e-06   2.1874339e-06   1.7910203e-06   1.3813243e-06   1.0128880e-06   8.9703548e-07   4.7848334e-07   3.1704781e-07   1.8338952e-08  -4.3292779e-08   5.6728247e-08   5.6342074e-08  -9.6548902e-08  -1.8564120e-07  -1.7511084e-07
   0.0000000e+00   5.6920640e-06   1.1028517e-05   1.1032086e-05   9.1382035e-06   8.1243352e-06   7.2770085e-06   5.4542329e-06   3.4355992e-06   2.4440033e-06   1.7207464e-06   9.9152317e-07   1.0289576e-06   7.5492477e-07   6.8121363e-07   1.4413844e-07   2.8784919e-07   1.9317913e-07   8.3972594e-08   2.9525495e-08  -1.1949609e-07  -7.0652696e-08  -2.6568785e-07
   0.0000000e+00   5.4597917e-06   1.1444435e-05   1.1027664e-05   8.4790781e-06   7.5055705e-06   6.8360519e-06   5.6164872e-06   3.4861325e-06   1.9362153e-06   1.8415719e-06   1.4304211e-06   9.5024637e-07   6.4477018e-07   3.3188860e-07   3.4461669e-07   1.8234006e-07   2.3991680e-07   2.4878489e-07   1.3565432e-07   2.0866409e-07   2.5467154e-08   1.5680949e-07
   0.0000000e+00   6.2015342e-06   1.1547207e-05   1.0636127e-05   9.0020649e-06   7.6179758e-06   7.0966844e-06   5.4376533e-06   3.7661730e-06   2.5426962e-06   1.6573439e-06   1.4203263e-06   9.1146092e-07   7.4236510e-07   6.0531926e-07   3.5317564e-07   3.0481559e-07   2.2507221e-07   2.6469985e-07   1.1857308e-07   8.5589903e-08   7.1729602e-08  -1.8330136e-08
   0.0000000e+00   5.5228429e-06   1.0958643e-05   1.1177300e-05   9.0705171e-06   7.6793694e-06   7.6476372e-06   5.3225244e-06   3.5276778e-06   2.8593047e-06   1.4134724e-06   1.1708001e-06   1.2207607e-06   1.0512535e-06   6.5159429e-07   6.5177721e-07   5.0510749e-07   4.4008252e-07   4.1383149e-07   4.5844607e-07   3.6431035e-07   2.8912444e-07   3.0067736e-07
   0.0000000e+00   5.1471643e-06   1.2020676e-05   1.0643351e-05   8.6380660e-06   7.6908436e-06   6.6682878e-06   5.7191551e-06   3.7795119e-06   1.9149509e-06   2.1444041e-06   1.4999283e-06   1.0993816e-06   8.0406403e-07   6.9652828e-07   5.4712308e-07   4.8887449e-07   3.9720933e-07   2.6719766e-07   3.0699334e-07   3.1918833e-07   1.3735786e-07   2.0285533e-07
   0.0000000e+00   6.2806589e-06   1.0828780e-05   1.1325646e-05   8.8517318e-06   7.5554699e-06   7.5255484e-06   5.8524843e-06   3.5161518e-06   2.5621227e-06   1.6174005e-06   1.4266764e-06   8.9389027e-07   8.8765756e-07   8.6611482e-07   4.9435602e-07   3.7133435e-07   3.7504495e-07   3.7073718e-07   1.9627623e-07  -7.9966675e-08   1.6827595e-07   2.5165647e-07
   0.0000000e+00   5.9314957e-06   1.1445785e-05   1.0675848e-05   8.9381638e-06   8.0945329e-06   7.1990235e-06   5.0103245e-06   3.6695171e-06   2.4126978e-06   1.9141930e-06   1.2805685e-06   1.3463894e-06   9.2017757e-07   7.9541593e-07   7.1631723e-07   5.3377499e-07   4.6467179e-07   3.1474235e-07   6.5329480e-08   1.5252986e-07   3.2009375e-08  -1.9146174e-07
   0.0000000e+00   5.3123440e-06   1.1546340e-05   1.0974500e-05   8.9217983e-06   7.5378043e-06   7.2923467e-06   5.6609574e-06   3.6563454e-06   2.6243981e-06   1.6507042e-06   1.4094643e-06   1.2862289e-06   1.1500900e-06   8.2453693e-07   5.6570087e-07   3.3244706e-07   2.8466880e-07   1.3545487e-07   2.4797245e-07   2.1990292e-07   1.9463466e-09   7.1999802e-09
   0.0000000e+00   5.6681711e-06   1.1485678e-05   1.1094567e-05   8.8981697e-06   7.5329026e-06   7.0463316e-06   5.8511314e-06   3.6752178e-06   2.1165881e-06   1.8190409e-06   1.6779426e-06   1.1262114e-06   9.7800432e-07   6.6951520e-07   3.2239078e-07   3.3099019e-07   1.6030324e-07   2.0295749e-07   9.1554782e-08  -7.1891795e-09   9.1059320e-08   1.2835835e-07
   0.0000000e+00   6.2004669e-06   1.1317477e-05   1.0776754e-05   8.9670075e-06   8.4614294e-06   6.8470022e-06   5.4656221e-06   3.5407431e-06   2.3400421e-06   2.2003951e-06   1.4307172e-06   9.6132658e-07   9.0763757e-07   6.3070348e-07   5.0725140e-07   2.7352553e-07   1.6727624e-07   4.8091827e-08   1.2731732e-07   1.4324678e-07   8.2013692e-08  -5.4046868e-08
   0.0000000e+00   5.6166509e-06   1.1304412e-05   1.1040984e-05   8.7351573e-06   7.2085363e-06   7.9621068e-06   5.4246211e-06   3.5859659e-06   2.7931210e-06   1.3569393e-06   1.1663659e-06   1.3529921e-06   9.5258491e-07   5.5630903e-07   3.3339117e-07   2.5759306e-07   2.9871788e-07   2.9821655e-07   6.5021503e-08   9.3620383e-09  -9.6221761e-08   7.4775430e-09
   0.0000000e+00   5.9124632e-06   1.1457239e-05   1.1285754e-05   8.8259449e-06   7.8016865e-06   6.7657306e-06   5.6382328e-06   3.8089004e-06   2.2719528e-06   1.8789000e-06   1.4992711e-06   8.7310246e-07   5.9897599e-07   7.2721099e-07   6.1239189e-07   2.6824827e-07   1.3842926e-07   9.7179310e-08   1.4450265e-07  -6.3691530e-08   4.9642885e-08  -1.2999966e-07
   0.0000000e+00   5.1979018e-06   1.1642721e-05   1.0438689e-05   9.3871513e-06   7.6372398e-06   7.4270642e-06   5.5839828e-06   3.5487590e-06   2.2352708e-06   1.8430247e-06   1.0597349e-06   1.1260163e-06   9.0860630e-07   5.5575003e-07   1.2112882e-07   2.2731338e-07   3.5969273e-07   1.1892429e-07  -3.6565886e-08   9.3314959e-08   4.2761027e-08   5.9766684e-08
   0.0000000e+00   6.4144820e-06   1.0749029e-05   1.0761337e-05   8.2159231e-06   8.0761774e-06   7.0625360e-06   5.7611783e-06   3.7849800e-06   2.6347636e-06   1.5473771e-06   1.5501928e-06   9.5321178e-07   8.4456593e-07   4.9479667e-07   3.3140196e-07   4.3913113e-07   2.2415394e-07   1.6365570e-07   4.0932457e-07   2.0457581e-07   6.2736838e-08   1.2075506e-07
   0.0000000e+00   4.9556679e-06   1.1739584e-05   1.1267482e-05   8.7665749e-06   7.4890063e-06   7.3207825e-06   5.5582905e-06   3.5562716e-06   2.4707240e-06   2.1738440e-06   1.4865388e-06   1.2042856e-06   7.3051058e-07   3.3483130e-07   5.4051492e-07   1.4605058e-07   1.3537300e-08   3.4906253e-07  -1.6565468e-09   2.5480961e-08   1.0435928e-07  -1.0480991e-07
   0.0000000e+00   5.9811855e-06   1.1053770e-05   1.0666008e-05   9.0543626e-06   7.5950452e-06   7.4130312e-06   5.6773251e-06   3.7102764e-06   2.6916030e-06   1.6394853e-06   1.4807301e-06   9.8645853e-07   6.4462182e-07   5.9763994e-07   1.6332737e-07   8.3479037e-09   3.2090350e-07  -2.7866209e-09   6.7095009e-08  -2.3544406e-08  -4.2896595e-08  -9.2271556e-08
   0.0000000e+00   5.6489134e-06   1.1145779e-05   1.0250334e-05   8.9531741e-06   7.8792254e-06   6.8477452e-06   5.4913435e-06   3.9477163e-06   2.3198502e-06   2.0006380e-06   1.2493265e-06   9.6968392e-07   7.5744828e-07   2.7488596e-07   2.7312205e-07   3.3388514e-07   1.3613138e-07   1.3288560e-07  -1.0205127e-07   7.8594816e-08  -2.3617672e-07  -4.0443447e-07
   0.0000000e+00   5.5694036e-06   1.1301889e-05   1.1545008e-05   8.3402092e-06   7.7852792e-06   7.3933611e-06   5.8323244e-06   3.5429989e-06   2.4534479e-06   1.7180251e-06   1.1837884e-06   9.4258536e-07   5.3566970e-07   5.3229445e-07   3.4603093e-07   3.6243745e-07   1.7192656e-07  -8.8162139e-08   3.1676862e-08  -2.9182138e-07  -2.3555945e-07  -1.1390237e-07
   0.0000000e+00   5.4988418e-06   1.1458162e-05   1.0584717e-05   9.1274014e-06   7.5002645e-06   7.7039404e-06   5.3444032e-06   3.7853333e-06   2.4907986e-06   1.7651574e-06   1.2830146e-06   7.5188598e-07   4.8276019e-07   5.9091218e-07   4.4232979e-07   2.4075072e-07   3.7974537e-08   1.5380429e-07   1.3477229e-07   1.6510748e-08   6.9580871e-08   1.2314257e-07
   0.0000000e+00   5.8305377e-06   1.1043676e-05   1.0775056e-05   8.7114231e-06   7.9419606e-06   6.6480875e-06   5.8661235e-06   3.4173274e-06   2.4748365e-06   1.6081746e-06   1.1094000e-06   9.4518856e-07   8.3915415e-07   4.1453586e-07   3.3298949e-07   2.4818908e-07   3.6022570e-07   3.0548864e-07   3.7587018e-08   3.1402521e-07   2.7723598e-07   2.9298260e-08
   0.0000000e+00   5.6910826e-06   1.1662572e-05   1.0630558e-05   9.4566449e-06   7.7612858e-06   7.7224404e-06   5.5704045e-06   4.1028552e-06   2.4677884e-06   1.6360780e-06   1.2755526e-06   8.2282617e-07   5.1635089e-07   8.5608394e-07   4.9510822e-07   4.0494189e-07   2.5593152e-07   8.5056939e-08   2.4553717e-07   8.4002671e-08  -7.7319058e-08  -5.6634821e-09
   0.0000000e+00   5.5987184e-06   1.0661216e-05   1.1686710e-05   8.2178021e-06   7.9067786e-06   6.9102070e-06   5.7067350e-06   3.3618744e-06   2.1674025e-06   1.7576232e-06   1.1090339e-06   1.1270214e-06   1.2388463e-06   3.5774826e-07   6.2091965e-07   3.4030495e-07   3.1967693e-07   4.6491095e-07   2.0342776e-07   1.0228663e-07   2.1300579e-07   4.7239119e-09
   0.0000000e+00   5.3476492e-06   1.1790175e-05   1.0425166e-05   9.0002522e-06   7.6347687e-06   7.8324620e-06   5.5963274e-06   3.9332663e-06   2.5983716e-06   1.5741429e-06   1.5252253e-06   9.7366285e-07   5.9757662e-07   8.8913617e-07   6.1417421e-07   6.6102797e-07   4.5297330e-07   1.2785837e-07   2.8740220e-07   2.0498223e-07  -1.7303411e-07   1.2173712e-07
   0.0000000e+00   6.1798469e-06   1.1198231e-05   1.0869880e-05   9.5201776e-06   7.9914262e-06   7.1741206e-06   5.7321031e-06   3.3281631e-06   2.3122432e-06   1.6610379e-06   1.1405523e-06   1.1679317e-06   1.0977775e-06   7.2315635e-07   4.8880372e-07   3.2054714e-07   5.5661747e-07   4.6851085e-07   5.7496859e-08   8.9229729e-08   3.1097889e-07   2.4611126e-08
   0.0000000e+00   4.9780892e-06   1.1374272e-05   1.0764506e-05   8.5448364e-06   7.8987041e-06   7.1649561e-06   5.5938754e-06   4.1148837e-06   2.4578048e-06   2.0198236e-06   1.4678038e-06   9.9612464e-07   6.4637607e-07   7.7056984e-07   7.8558810e-07   6.4201942e-07   3.2779235e-07   9.7948714e-08   4.4308777e-07   2.7855748e-07   4.5421054e-08   1.6980349e-07
   0.0000000e+00   5.7302636e-06   1.0762642e-05   1.1245753e-05   8.7539429e-06   7.7007180e-06   7.5487633e-06   5.9477966e-06   3.2877383e-06   2.4168930e-06   1.4922779e-06   1.3561915e-06   1.3239578e-06   1.0959812e-06   7.7646007e-07   5.2982210e-07   3.8752316e-07   4.7274372e-07   4.6727305e-07   1.8767317e-07   6.6128867e-09   1.1776391e-07   1.8068341e-07
   0.0000000e+00   5.7313896e-06   1.1571590e-05   1.0733631e-05   9.1870952e-06   8.0531463e-06   7.4553727e-06   5.3436634e-06   4.2101656e-06   2.5406523e-06   2.3428388e-06   1.4650642e-06   9.4387696e-07   9.1455689e-07   8.5046349e-07   6.5977918e-07   6.4348632e-07   1.4545473e-08   1.5918761e-07   2.4806633e-07   1.1250321e-07   3.0760656e-08  -1.8972844e-07
   0.0000000e+00   5.3693975e-06   1.1070983e-05   1.0737937e-05   8.7348244e-06   7.8210014e-06   7.1586001e-06   5.9206664e-06   3.4003717e-06   2.5581369e-06   1.2929173e-06   1.5264200e-06   1.2535901e-06   1.0644072e-06   6.4419078e-07   4.7272866e-07   2.4960903e-07   5.6649128e-07   3.3324957e-07   1.0798603e-07   6.8234584e-08   4.0262400e-08   1.2617807e-07
   0.0000000e+00   5.2509436e-06   1.1429784e-05   1.0755337e-05   9.2114342e-06   7.7971454e-06   7.6428241e-06   5.8212449e-06   3.8730545e-06   2.5061529e-06   2.0990296e-06   1.2083623e-06   9.9026261e-07   7.4313527e-07   7.5301057e-07   5.6130233e-07   5.1935149e-07   1.4441504e-07   2.6830813e-07   5.2080118e-08  -6.2220233e-09   1.9357046e-08  -9.7524968e-08
   0.0000000e+00   5.7230000e-06   1.1031805e-05   1.1520944e-05   8.4521025e-06   8.0523841e-06   7.1815621e-06   5.2061391e-06   3.3501763e-06   2.2806130e-06   1.5013459e-06   1.3912567e-06   1.1257064e-06   8.6279158e-07   4.6388612e-07   4.5716661e-07   2.0050685e-07   2.5369539e-07   6.0641479e-09  -1.2495454e-07  -1.5875779e-07  -1.4357610e-07   1.5059657e-08
   0.0000000e+00   5.7398943e-06   1.1308775e-05   1.0135432e-05   9.5896712e-06   7.4936006e-06   7.3326091e-06   6.1129999e-06   4.0366840e-06   2.3274981e-06   2.0025966e-06   1.2611661e-06   1.0256800e-06   9.0770209e-07   8.5473914e-07   5.2222100e-07   3.8940840e-07   1.9337782e-07  -2.7420542e-08  -5.7070618e-08   3.7404572e-08   1.6837603e-08  -8.3507771e-08
   0.0000000e+00   5.5553314e-06   1.1423698e-05   1.1281413e-05   8.4756230e-06   8.0229320e-06   7.3172337e-06   5.2172013e-06   3.4097748e-06   2.4520907e-06   1.6683482e-06   1.6100184e-06   1.2081025e-06   9.7052430e-07   6.4462046e-07   5.9763551e-07   3.2351517e-07   1.6153234e-07   1.7201417e-07   2.1619245e-07   1.5886366e-07   1.4092181e-07   1.8137851e-07
   0.0000000e+00   5.0691679e-06   1.1300922e-05   1.1070190e-05   9.2786859e-06   8.0089540e-06   7.5152498e-06   5.6546592e-06   3.8109554e-06   2.8278491e-06   2.0674574e-06   1.2855960e-06   1.2803097e-06   6.9001055e-07   8.0197560e-07   4.7464090e-07   3.3631798e-07   1.6031539e-07   2.5223338e-07   2.1588946e-07   1.9090723e-07   2.8134297e-08  -8.5905761e-08
   0.0000000e+00   6.3339667e-06   1.1173452e-05   1.0897246e-05   8.7091030e-06   8.1238859e-06   7.2279454e-06   6.0211419e-06   3.7652483e-06   2.7250926e-06   1.4418987e-06   1.5179270e-06   9.9217266e-07   1.1017494e-06   5.5851666e-07   4.3711304e-07   3.2039824e-07   4.8971816e-07   3.4967195e-07   1.5716618e-07   2.8577478e-08   1.3071477e-08   4.7352405e-08
   0.0000000e+00   5.2304954e-06   1.1532251e-05   1.1291973e-05   9.5520745e-06   7.6697361e-06   7.6621045e-06   5.6037443e-06   3.9052657e-06   2.0681325e-06   2.3933897e-06   1.4562360e-06   1.0411889e-06   6.0511508e-07   7.2424865e-07   5.6225133e-07   5.0819705e-07   1.6031511e-07   2.3043101e-07   1.9119533e-07   2.2694337e-07   1.8190902e-07   2.7160633e-08
   0.0000000e+00   6.1699316e-06   1.1619665e-05   1.0760763e-05   9.0964731e-06   8.3527466e-06   7.1681866e-06   5.8751161e-06   3.6869399e-06   2.5411998e-06   1.5588263e-06   1.2736675e-06   1.0968349e-06   1.1429194e-06   7.3490997e-07   4.6899376e-07   2.9540760e-07   4.8785944e-07   3.1057266e-07   1.1979041e-07   8.1582371e-08   9.5900932e-10   1.3707759e-07
   0.0000000e+00   5.1011748e-06   1.1185923e-05   1.1267805e-05   9.0653566e-06   7.4968561e-06   7.7625336e-06   5.2969867e-06   3.7445830e-06   2.6170142e-06   1.8104894e-06   1.1660954e-06   1.0828469e-06   8.7853971e-07   6.9904553e-07   6.2919122e-07   5.2442124e-07   1.7325304e-07   9.3920598e-08  -1.0404645e-08   6.3336600e-08   1.3932407e-07   7.8563126e-08
   0.0000000e+00   6.5352588e-06   1.1571744e-05   1.1260440e-05   8.8811312e-06   8.6054342e-06   6.9186262e-06   5.9854806e-06   3.5562121e-06   2.2855784e-06   1.4209129e-06   1.3947431e-06   9.3855158e-07   7.1718966e-07   6.7941602e-07   4.1759913e-07   2.9811500e-07   2.3375232e-07  -6.0269208e-08  -4.8560100e-08  -4.5814090e-08  -6.0716488e-08  -3.4696370e-08
   0.0000000e+00   5.3323688e-06   1.1762445e-05   1.1007915e-05   9.3033450e-06   7.3205215e-06   7.4955710e-06   5.6433964e-06   3.6517404e-06   2.4263272e-06   1.7348254e-06   1.1354375e-06   1.0627452e-06   8.5572378e-07   6.2752264e-07   4.3438214e-07   1.1568878e-07   3.2152993e-08   1.0941622e-07   1.0322648e-07   1.5858858e-07   1.7998035e-07   1.7812620e-07
   0.0000000e+00   6.1253827e-06   1.1289462e-05   1.1112475e-05   8.8359693e-06   8.2050028e-06   7.4966979e-06   5.3594249e-06   3.7528243e-06   2.2330578e-06   1.6435594e-06   1.5030749e-06   9.3607321e-07   8.4162895e-07   4.4820260e-07   3.8414115e-07   2.4952078e-07  -1.3544678e-08  -6.1211615e-08   1.7696235e-07   3.3019850e-07   1.6940592e-07   1.3860787e-07
   0.0000000e+00   5.8613091e-06   1.1607805e-05   1.1097452e-05   9.6528911e-06   7.7572950e-06   7.6086540e-06   6.2051708e-06   3.8391659e-06   2.2531062e-06   1.8970342e-06   8.9260095e-07   1.2236737e-06   7.2761731e-07   5.7317703e-07   2.4892179e-07   4.4589029e-08   2.1287690e-07   2.7317770e-07   1.7727520e-07   2.2527318e-10   1.6237326e-08  -5.0315872e-08
   0.0000000e+00   5.8835840e-06   1.1411469e-05   1.1375911e-05   8.6473510e-06   8.3403056e-06   7.0959936e-06   5.4411498e-06   3.3797846e-06   2.6757309e-06   1.5715260e-06   1.5804363e-06   7.7762559e-07   7.4629031e-07   5.0086288e-07   3.3986635e-07   3.6842442e-07   2.6144437e-07   1.1588570e-07   3.6089450e-08   4.0593789e-10  -8.3494847e-08  -2.8761193e-07
   0.0000000e+00   5.5385144e-06   1.1789414e-05   1.0692072e-05   9.4890929e-06   7.9562051e-06   7.7532441e-06   5.9068934e-06   3.8602689e-06   2.3041607e-06   1.6883591e-06   1.1627831e-06   9.2964956e-07   6.8599059e-07   5.4956564e-07   4.2066338e-07   3.0178506e-07   2.3161304e-07   1.7934633e-07   1.4199122e-09   6.0762851e-08  -2.6148257e-08  -1.5377107e-07
   0.0000000e+00   6.1264523e-06   1.1412011e-05   1.1651096e-05   8.8044280e-06   7.8563389e-06   7.3018741e-06   5.6600015e-06   3.6206920e-06   2.4608441e-06   1.6910128e-06   1.3823415e-06   1.1456262e-06   8.0663722e-07   7.5887743e-07   4.8247841e-07   4.0128626e-07   2.1425761e-07   1.8857921e-07   3.2717082e-07   1.4920131e-07   9.5322847e-08   1.5032148e-07
   0.0000000e+00   5.8579549e-06   1.1516494e-05   1.0851654e-05   9.1477050e-06   7.8983612e-06   7.4925038e-06   5.4252719e-06   3.9368670e-06   2.3499615e-06   1.9965726e-06   1.3709079e-06   1.0327775e-06   1.1551773e-06   6.5360734e-07   6.2366490e-07   4.1453850e-07   1.8181247e-07   2.7994997e-07   1.4655859e-07   1.0863064e-07   5.8154978e-08   5.9751521e-08
   0.0000000e+00   5.9965128e-06   1.1197003e-05   1.1221690e-05   9.2086748e-06   8.1673315e-06   7.2108419e-06   5.9591939e-06   3.3633844e-06   2.4913750e-06   1.7433450e-06   1.2865108e-06   1.4113017e-06   9.1288069e-07   6.7465504e-07   3.1786192e-07   2.3165042e-07   3.3478912e-07   8.8754909e-08   4.2335255e-08   1.3306106e-07   1.2020257e-07   2.9844760e-08
   0.0000000e+00   5.6187137e-06   1.2185657e-05   1.0988382e-05   9.1855463e-06   7.7470686e-06   7.2047310e-06   5.5549067e-06   3.9256506e-06   2.4864146e-06   1.6557807e-06   1.4143731e-06   9.0550458e-07   7.1914036e-07   7.8293363e-07   5.8169854e-07   2.6871126e-07   1.6752625e-07   9.1842239e-08  -5.8823431e-09   4.9155357e-08   3.4062573e-08   8.9395327e-09
   0.0000000e+00   6.2063132e-06   1.1370931e-05   1.1313115e-05   8.8832385e-06   7.8746480e-06   7.6497554e-06   5.9515091e-06   3.2419048e-06   2.3625471e-06   1.5824608e-06   1.2905546e-06   1.0814390e-06   9.8265969e-07   4.9723292e-07   4.4800717e-07   1.9474454e-07   2.2165295e-07   3.1806977e-08   3.6668926e-08   3.3915917e-08   3.5514695e-08  -7.4284041e-09
   0.0000000e+00   5.6884205e-06   1.1395523e-05   1.0912066e-05   9.0770336e-06   7.9496895e-06   7.3398814e-06   5.1060006e-06   3.8647809e-06   2.3754953e-06   1.8896297e-06   1.3344243e-06   1.0206253e-06   7.3003599e-07   6.4310689e-07   2.9191776e-07   4.2642441e-07   1.2404045e-07  -6.1052354e-08   2.5851205e-07   1.6115726e-07  -1.7243872e-07  -3.2498477e-08
   0.0000000e+00   5.9601803e-06   1.1230930e-05   1.1174281e-05   9.0776866e-06   7.7788218e-06   6.8850100e-06   5.7026732e-06   3.5440528e-06   2.1205451e-06   1.5777558e-06   1.3666238e-06   1.0651480e-06   9.9958072e-07   5.3102542e-07   4.5191982e-07   1.7663773e-07   1.7065615e-07   3.5214345e-07   3.2119075e-08  -1.9671036e-07   3.3567314e-08  -1.1146376e-07
   0.0000000e+00   5.6724507e-06   1.1877089e-05   1.0963484e-05   8.8105216e-06   7.7261984e-06   7.4086315e-06   5.3981239e-06   3.5759801e-06   2.5423976e-06   1.7576623e-06   1.2352631e-06   1.0122151e-06   5.4573093e-07   6.0817769e-07   4.2074782e-07   1.4500033e-07   9.7396608e-08  -2.2649804e-08   8.0841367e-08   1.3393004e-07  -4.0960487e-08  -8.6263874e-08
   0.0000000e+00   5.6668823e-06   1.1061619e-05   1.0907130e-05   8.7442104e-06   7.6921051e-06   7.0674773e-06   5.5475280e-06   3.2741245e-06   2.2654629e-06   1.6046657e-06   1.2109655e-06   1.0801917e-06   8.9554538e-07   5.4538083e-07   2.5438217e-07   2.7001718e-07   1.3598799e-07   1.5792030e-07  -2.0779526e-08  -1.0118156e-07  -1.8265152e-07  -2.5440457e-07
   0.0000000e+00   5.7672405e-06   1.1651978e-05   1.0729174e-05   9.1354923e-06   7.6218439e-06   7.1534641e-06   5.3998397e-06   3.7191041e-06   2.5008146e-06   1.6723192e-06   1.2034408e-06   9.4367914e-07   7.2951707e-07   6.5040928e-07   3.6512108e-07   3.5941625e-07   3.1579333e-07   1.8271557e-07   1.5254440e-07   8.3248850e-08   4.5805418e-10   7.5334796e-08
