   0.0000000e+00   8.6441369e-06   1.5764685e-05   1.3738383e-05   9.9993813e-06   8.3370614e-06   7.4657487e-06   5.8476485e-06   3.8523290e-06   2.1788658e-06   1.7706251e-06   1.5362767e-06   8.4312103e-07   6.5333751e-07   3.6659145e-07   6.1689411e-07   4.9554353e-07   3.4358706e-07   3.3024088e-07   2.6116254e-07  -5.0743436e-09   1.4727249e-07   2.7966763e-07
   0.0000000e+00   8.9216028e-06   1.5796126e-05   1.2879417e-05   9.8863839e-06   8.3847426e-06   7.8098374e-06   5.6911344e-06   3.8208373e-06   2.3460909e-06   1.6556523e-06   1.0849172e-06   1.0408249e-06   9.7013549e-07   8.9879501e-07   3.7381082e-07   4.6033429e-07   1.8962220e-07   2.6761364e-07   6.1575506e-08   1.9872159e-07   3.9250668e-07   3.7852948e-07
   0.0000000e+00   8.6644550e-06   1.5833941e-05   1.3742481e-05   1.0098845e-05   8.3458435e-06   7.5912139e-06   5.8275104e-06   3.3956555e-06   2.7559470e-06   1.8696081e-06   1.4670760e-06   1.3091096e-06   8.9651155e-07   7.6887795e-07   7.4306405e-07   5.8544590e-08   9.9140387e-08   1.3278473e-07   2.3803791e-07   3.5426223e-07   1.5376604e-07   3.0203459e-08
   0.0000000e+00   8.4582753e-06   1.6058113e-05   1.2834472e-05   1.0073567e-05   8.1902708e-06   7.4155232e-06   6.1210026e-06   4.1135377e-06   2.3296946e-06   1.6341461e-06   1.5245179e-06   1.2799956e-06   1.0475417e-06   8.0588029e-07   3.9936253e-07   4.2284600e-07   5.2405522e-07   4.3895770e-07   1.3056503e-07   9.1666443e-08   6.7913405e-08   8.3260481e-08
   0.0000000e+00   8.4217809e-06   1.5359416e-05   1.3280744e-05   9.8999244e-06   8.3154455e-06   7.7361956e-06   6.0557136e-06   4.0765776e-06   2.6888308e-06   2.0778323e-06   1.4744306e-06   9.8087980e-07   7.1650300e-07   4.8725860e-07   5.0646105e-07   1.9154342e-07   5.9468075e-08  -1.2058932e-07   1.8061941e-07   1.5785861e-07  -3.1681068e-08  -7.5754762e-08
   0.0000000e+00   8.8721017e-06   1.5950407e-05   1.3419543e-05   1.0116591e-05   8.5974480e-06   7.7419427e-06   5.5568903e-06   3.6682397e-06   2.2515133e-06   1.7248093e-06   1.3593375e-06   1.1848739e-06   1.0064265e-06   4.9648082e-07   3.9831633e-07   4.1253844e-07   2.4265222e-07   2.7531300e-07   1.6379559e-07   6.4626335e-08   8.6137362e-08   2.7108300e-07
   0.0000000e+00   8.6482023e-06   1.5402753e-05   1.3194345e-05   9.7947195e-06   7.9872034e-06   7.9222791e-06   6.3386597e-06   4.0345135e-06   2.9000928e-06   1.7351144e-06   1.3077910e-06   8.3032154e-07   7.1244295e-07   8.1459319e-07   5.7093212e-07   1.4132900e-08   1.4926312e-07   4.4836451e-08   1.4540315e-07  -9.7958486e-09  -8.5401680e-08  -2.2036471e-07
   0.0000000e+00   8.0263944e-06   1.5894419e-05   1.3092660e-05   9.9949875e-06   8.4008507e-06   7.2155881e-06   5.7683706e-06   3.5084115e-06   2.2037564e-06   1.8923286e-06   1.5032014e-06   1.2090289e-06   7.8167159e-07   6.0530670e-07   1.8890181e-07   2.0884563e-07   1.6687792e-07   1.1580938e-07   1.4801111e-09  -1.2130560e-07  -2.8634602e-07  -4.7217821e-07
   0.0000000e+00   8.7689705e-06   1.5967007e-05   1.3549268e-05   1.0105282e-05   8.8830020e-06   8.0317322e-06   6.1945461e-06   4.2240958e-06   2.7815292e-06   1.9936513e-06   1.2885240e-06   7.5471883e-07   7.3950514e-07   5.3712131e-07   3.0832962e-07   1.2531144e-07   5.3655601e-08   1.0425345e-07  -8.8338368e-08  -1.1002516e-07  -1.8059723e-07   5.1495515e-08
   0.0000000e+00   8.4656376e-06   1.5581063e-05   1.3180938e-05   1.0171745e-05   7.8906742e-06   7.8010562e-06   5.6859180e-06   3.6937943e-06   2.6468854e-06   1.8812677e-06   1.3591269e-06   1.3602150e-06   7.1233944e-07   5.3404699e-07   4.1889925e-07   4.1761515e-07   2.4333471e-07   2.8915974e-07   5.4510849e-07   3.4351359e-07   1.9107995e-07   2.0379522e-07
   0.0000000e+00   9.0518388e-06   1.5924501e-05   1.3213794e-05   1.0435378e-05   8.8365759e-06   7.7734985e-06   6.3061002e-06   4.1804697e-06   2.3207672e-06   1.8807377e-06   1.4765008e-06   7.7028847e-07   9.2587180e-07   6.5895927e-07   3.1511473e-07   3.7964816e-07   4.9786297e-07   6.3599026e-07   4.3200248e-07   2.4678360e-07   4.9180835e-07   5.2801113e-07
   0.0000000e+00   8.4210105e-06   1.6011774e-05   1.3784702e-05   1.0355904e-05   8.4533531e-06   8.0026348e-06   6.1721848e-06   3.6335180e-06   3.0090750e-06   1.8587668e-06   1.3132448e-06   1.2422032e-06   1.0852659e-06   7.5727564e-07   5.1888912e-07   3.4400230e-07   3.7676247e-07   3.5245907e-07   9.3275254e-08   1.3484851e-07   1.1787586e-07   6.8390534e-08
   0.0000000e+00   8.7390154e-06   1.6198803e-05   1.3726500e-05   1.0129836e-05   8.9299019e-06   7.6283550e-06   5.5658925e-06   3.6874419e-06   2.2809008e-06   1.5603866e-06   1.3400603e-06   1.3663183e-06   9.2495497e-07   6.2938631e-07   5.5958287e-07   3.7877641e-07   2.0348239e-07  -1.7303542e-07  -8.8057377e-08  -2.2789703e-07  -2.9715139e-07  -4.7047692e-07
   0.0000000e+00   8.8196530e-06   1.5724152e-05   1.3904426e-05   1.0449433e-05   8.7368790e-06   8.3445202e-06   6.2058039e-06   4.1644621e-06   2.5428731e-06   1.7093837e-06   1.2266322e-06   8.8452953e-07   7.1395999e-07   5.5807863e-07   4.4342659e-07   1.8936636e-07   1.9960822e-07   2.5412206e-07   1.0100205e-08   6.4122574e-08   4.8738560e-09   9.9352448e-08
   0.0000000e+00   9.4574089e-06   1.6509086e-05   1.3251287e-05   1.0564610e-05   8.3300411e-06   7.3037886e-06   5.4454131e-06   3.4258878e-06   1.9820206e-06   1.8740033e-06   1.3611168e-06   7.6391206e-07   5.8809553e-07   4.5104656e-07   2.3779347e-07   2.8777561e-07   1.6432914e-07  -1.6162258e-07  -7.1850245e-08  -6.2829955e-08   4.9380798e-08   5.5173050e-08
   0.0000000e+00   8.4713274e-06   1.6319145e-05   1.3785897e-05   1.0469036e-05   8.4475669e-06   7.9126567e-06   6.4944056e-06   4.1613089e-06   2.6295238e-06   1.7004019e-06   1.1007135e-06   8.5139914e-07   7.6770391e-07   5.5406827e-07   6.2157648e-07   3.8596232e-07   1.1660253e-07   2.9491298e-07   4.5042552e-07   4.9058349e-07   3.7128014e-08  -5.4805064e-08
   0.0000000e+00   9.0819485e-06   1.5780497e-05   1.3901838e-05   1.0114797e-05   8.7628950e-06   7.7331133e-06   5.3272829e-06   2.8985528e-06   2.3936184e-06   1.4408180e-06   1.2648144e-06   1.0098723e-06   6.9038822e-07   5.9656753e-07   4.6667559e-08   4.1045062e-08   3.9690883e-07   5.7378332e-07   3.1512306e-07  -2.0676397e-07   1.7913285e-07   2.4905162e-07
   0.0000000e+00   9.0538906e-06   1.6188817e-05   1.3585920e-05   1.0325836e-05   8.2030683e-06   7.5721605e-06   5.8671526e-06   3.7594596e-06   2.5011375e-06   1.7960745e-06   9.2764452e-07   6.7456835e-07   7.7804407e-07   6.0300050e-07   3.5151811e-07   3.0996560e-07   1.7702455e-07   2.7679783e-07   3.7309675e-08   2.0410015e-07   6.3311099e-08  -4.3752834e-08
   0.0000000e+00   8.9036985e-06   1.6157181e-05   1.3560290e-05   1.0006407e-05   8.2420147e-06   7.7606055e-06   5.5805681e-06   3.7507191e-06   1.8522427e-06   1.4467009e-06   1.2177721e-06   1.2607480e-06   8.5679278e-07   4.6289398e-07   2.0427746e-07   3.4734575e-07   5.0304487e-07   1.5786081e-07   1.4808582e-07   1.3439751e-07   3.3999240e-07   2.0583003e-07
   0.0000000e+00   8.5513930e-06   1.6413482e-05   1.3025006e-05   1.0215575e-05   8.4769999e-06   7.2077896e-06   5.4332522e-06   3.9242395e-06   2.7816468e-06   1.9783249e-06   1.2640131e-06   7.1655489e-07   8.5571082e-07   5.3445768e-07   5.9953572e-07   4.1122991e-07   1.5490394e-07   2.2515499e-07   2.6130979e-07   3.0104445e-07   1.5639013e-07   6.1945620e-08
   0.0000000e+00   8.9751456e-06   1.5377584e-05   1.3841800e-05   9.7749953e-06   8.3316681e-06   7.7152026e-06   6.0075454e-06   3.5012245e-06   2.2465811e-06   1.3351504e-06   1.1490314e-06   1.5229787e-06   1.0708891e-06   7.6311750e-07   4.2585617e-07   2.6895140e-07   3.0954010e-07   2.7115041e-07   2.0539366e-07   2.6206942e-07   3.2986478e-07   5.1929356e-07
   0.0000000e+00   8.9427231e-06   1.5789859e-05   1.3110470e-05   9.8783230e-06   8.1426224e-06   7.5138651e-06   5.9298045e-06   3.6544118e-06   2.5431925e-06   1.9590425e-06   1.7960085e-06   1.1011691e-06   8.4530751e-07   7.9730768e-07   7.4351328e-07   7.1162771e-07   5.7060356e-07   2.9548110e-07   3.7390771e-07   4.7580917e-07   1.9880328e-07  -7.7483747e-08
   0.0000000e+00   8.2350989e-06   1.6319616e-05   1.3106909e-05   1.0053814e-05   8.2757824e-06   7.4499635e-06   5.3181134e-06   3.4666318e-06   2.5101328e-06   1.8258105e-06   1.3454509e-06   1.0435003e-06   9.6153269e-07   6.8945127e-07   3.4699991e-07   2.3556959e-07   4.8267168e-07   5.4652639e-07   4.9398426e-07   2.2591018e-07   2.0740526e-07   1.2163198e-07
   0.0000000e+00   9.0092635e-06   1.5807400e-05   1.3215477e-05   9.9451554e-06   8.1426442e-06   7.7422956e-06   5.9529871e-06   4.1182147e-06   2.2788558e-06   1.9001398e-06   1.2276844e-06   1.2769985e-06   1.0284373e-06   6.1922401e-07   7.1679824e-07   6.1799710e-07   3.5543007e-07   5.1645617e-07   5.8274742e-07   4.4396128e-07  -5.3778489e-08  -2.6681661e-07
   0.0000000e+00   8.9536952e-06   1.5357098e-05   1.3340689e-05   9.9011331e-06   8.4864050e-06   7.2325188e-06   5.5193022e-06   3.5669057e-06   2.5865957e-06   1.8600002e-06   1.4353260e-06   1.1956635e-06   1.0677032e-06   9.1316855e-07   5.0897756e-07   5.8038108e-07   4.8711422e-07   3.8072062e-07   1.4776752e-07  -2.3323227e-07  -2.7492047e-07  -1.7239066e-07
   0.0000000e+00   7.8830390e-06   1.5703787e-05   1.3614623e-05   1.0269762e-05   8.3623545e-06   7.5611997e-06   5.8117662e-06   3.6908102e-06   2.6678256e-06   1.8373451e-06   1.6402294e-06   1.1658472e-06   9.4399525e-07   8.1089888e-07   5.9808832e-07   3.0431596e-07   2.6035599e-07   2.3068468e-07   8.0936736e-08  -1.0637481e-07   5.5757823e-08  -1.0359189e-07
   0.0000000e+00   8.7700528e-06   1.6301028e-05   1.2961572e-05   9.9483086e-06   8.4634939e-06   7.5390781e-06   5.9079275e-06   3.8739936e-06   2.2294187e-06   1.4924148e-06   1.2613433e-06   9.5851567e-07   7.4683572e-07   4.8348431e-07   1.9672835e-07   4.8648332e-07   4.5919217e-07   2.4501188e-07  -1.8319716e-08   8.8089331e-09  -2.5638704e-07  -3.4138242e-07
   0.0000000e+00   8.6102355e-06   1.5706144e-05   1.3403862e-05   1.0161164e-05   7.7982295e-06   7.7519508e-06   5.8759506e-06   3.5988562e-06   2.6184036e-06   1.8005072e-06   1.0031192e-06   8.1786953e-07   6.0873657e-07   4.1734430e-07   4.3413579e-07   2.9305795e-07   8.8035918e-08   2.4044439e-07   1.8133724e-07   6.6119014e-08   2.1027016e-07   2.7943463e-07
   0.0000000e+00   8.8662237e-06   1.5340993e-05   1.3581741e-05   9.9992021e-06   8.6532118e-06   7.4241916e-06   5.6148988e-06   3.9580145e-06   2.1284686e-06   1.8349377e-06   1.1740071e-06   1.0419224e-06   1.0513143e-06   5.1101307e-07   4.3895432e-07   1.8797974e-07   2.6977520e-07   2.1374653e-07   1.8085871e-07   1.9201562e-07   6.2623158e-08   3.0394912e-07
   0.0000000e+00   8.0440559e-06   1.5875190e-05   1.3337376e-05   1.0082649e-05   8.2504184e-06   7.8088560e-06   6.0120865e-06   3.7410921e-06   2.7794467e-06   1.7571326e-06   1.2869292e-06   1.2448571e-06   7.0332430e-07   8.1745088e-07   7.3288606e-07   4.8756056e-07   3.2195973e-07   1.5831846e-07  -3.3030148e-09   1.7430419e-07   2.4480889e-07   8.4595563e-08
   0.0000000e+00   8.8315783e-06   1.6547443e-05   1.2805897e-05   9.9097042e-06   8.6175887e-06   7.5962034e-06   5.7425254e-06   3.5057906e-06   2.3623227e-06   1.4894844e-06   1.5911372e-06   9.0232163e-07   8.6443436e-07   8.7643474e-07   4.9573697e-07   3.8351993e-07   3.9748463e-07   1.2451130e-07   1.0351238e-07   1.7546041e-09  -1.1343678e-08   1.6910815e-07
   0.0000000e+00   8.7650933e-06   1.5184824e-05   1.3683581e-05   1.0262124e-05   8.3544201e-06   8.0429136e-06   6.1166238e-06   3.9443175e-06   2.6873402e-06   1.8910800e-06   1.1416985e-06   1.1146753e-06   1.2354617e-06   9.4282456e-07   8.8137250e-07   5.0624715e-07   3.7175141e-07   4.0292935e-07   4.0705115e-07   3.9942134e-07   3.4424247e-07  -5.1211963e-08
   0.0000000e+00   8.3949944e-06   1.5719859e-05   1.3598601e-05   1.0092148e-05   8.4376807e-06   7.4369887e-06   5.4820048e-06   3.8940220e-06   2.2648467e-06   1.8642922e-06   1.7712136e-06   1.5349505e-06   1.5033883e-06   9.5595510e-07   5.3119021e-07   6.2347607e-07   4.6275787e-07   3.3301211e-07   4.1449104e-07   2.7514471e-07   2.5797812e-07   4.4792867e-07
   0.0000000e+00   8.7459266e-06   1.6108523e-05   1.3401314e-05   1.0349725e-05   8.9024725e-06   7.7881923e-06   6.2131235e-06   4.0001896e-06   2.6481512e-06   2.1266276e-06   1.3065801e-06   1.2782192e-06   1.0858466e-06   8.8219747e-07   6.8107073e-07   3.5408391e-07   3.4394554e-07   6.4371289e-07   3.3949058e-07   3.6318329e-07   2.9185176e-07   3.1756933e-08
   0.0000000e+00   8.5515194e-06   1.6024827e-05   1.3182300e-05   1.0306640e-05   8.3168898e-06   7.4912637e-06   5.5615637e-06   3.5138814e-06   2.3031721e-06   1.7151884e-06   1.6818667e-06   1.2783579e-06   7.4208356e-07   6.5265095e-07   5.2532323e-07   4.0597325e-07   4.7190392e-07   1.9879532e-07   1.0849117e-07   2.0301427e-10   6.7403349e-08  -6.7579577e-08
   0.0000000e+00   8.5265310e-06   1.5917529e-05   1.3893312e-05   1.0378635e-05   8.1896515e-06   7.6923934e-06   6.2791123e-06   3.7696032e-06   2.9070743e-06   1.8812715e-06   1.1837109e-06   1.0082938e-06   6.3699105e-07   6.7564821e-07   3.7076526e-07   3.2325423e-07  -2.5272460e-08  -8.6799581e-08   8.7593435e-08   2.3342940e-07   1.7295401e-08   7.0638080e-08
   0.0000000e+00   8.9837240e-06   1.5997794e-05   1.3830867e-05   9.9165018e-06   8.5469464e-06   7.9495094e-06   5.4133166e-06   3.6777292e-06   2.2686920e-06   1.6343777e-06   1.1936899e-06   7.2556827e-07   1.0095595e-06   5.7396966e-07   3.6065506e-07   2.1603257e-07   5.2854421e-07   5.1308990e-07   2.1515194e-07  -4.4016609e-08  -3.8688409e-08   9.0544683e-09
   0.0000000e+00   8.6969885e-06   1.6053946e-05   1.3126643e-05   1.0223845e-05   8.4892363e-06   7.0661695e-06   5.7449206e-06   4.0886184e-06   2.3767302e-06   1.9799597e-06   1.3645042e-06   8.7255984e-07   6.2221380e-07   6.3493161e-07   5.6687799e-07   5.8215824e-07   4.1073483e-07   2.2909174e-07   2.6224581e-07   4.2239421e-07   3.2346114e-07  -6.6544096e-08
   0.0000000e+00   8.4797830e-06   1.5996102e-05   1.3564066e-05   1.0372532e-05   8.1366234e-06   7.6247620e-06   6.1783912e-06   3.6197757e-06   2.2288962e-06   1.5642612e-06   1.2858854e-06   1.2741634e-06   1.1523896e-06   8.0650568e-07   7.6142027e-07   4.6838124e-07   4.6041100e-07   3.8446214e-07   1.9700713e-07   1.3173720e-07   1.1867228e-07   1.7722424e-07
   0.0000000e+00   9.1298234e-06   1.5887432e-05   1.3600238e-05   9.7364991e-06   8.0334994e-06   7.7461063e-06   5.3373510e-06   3.3954500e-06   2.6175753e-06   1.8934099e-06   1.2366528e-06   1.0408115e-06   9.4345978e-07   7.5254894e-07   5.1951417e-07   3.3164577e-07   2.5008046e-07   1.4313690e-07   3.3538149e-07   2.6727466e-07   1.8498621e-07   2.5603191e-07
   0.0000000e+00   8.4345293e-06   1.6060405e-05   1.3378218e-05   1.0062124e-05   8.4321173e-06   7.5530447e-06   5.9184626e-06   3.6436841e-06   2.5203744e-06   1.6103376e-06   1.3268095e-06   1.1492265e-06   8.6353100e-07   6.9135700e-07   4.3154898e-07   4.6296626e-07   2.3620997e-07   3.5382030e-08  -5.7114239e-08  -9.6719369e-08  -1.1868766e-07  -1.7082318e-07
   0.0000000e+00   8.5966349e-06   1.5987640e-05   1.3377147e-05   1.0053279e-05   8.5932270e-06   7.1168911e-06   5.6286099e-06   4.0083337e-06   2.2277084e-06   1.8471487e-06   1.4255266e-06   9.7166298e-07   9.2110758e-07   9.1159495e-07   5.0214447e-07   5.0206557e-07   2.0291475e-07   3.8321986e-08   1.7730230e-08  -1.5558268e-07  -2.1865748e-07  -3.2114718e-07
   0.0000000e+00   9.0655840e-06   1.5690450e-05   1.3237464e-05   1.0206261e-05   7.6463812e-06   7.6274673e-06   5.8200044e-06   3.5054909e-06   2.4170693e-06   1.9193126e-06   1.1857818e-06   1.0143723e-06   9.9957799e-07   7.9719456e-07   6.5625790e-07   4.8005302e-07   1.9056452e-07   2.6745491e-07   1.6970725e-07   2.0002297e-07   1.9164839e-09  -8.5413902e-08
   0.0000000e+00   9.0158064e-06   1.6209022e-05   1.3435225e-05   9.7002512e-06   8.6492100e-06   8.0701629e-06   5.9855624e-06   3.4787406e-06   2.5586705e-06   1.7093362e-06   1.2179851e-06   1.5714234e-06   1.1626673e-06   7.1846813e-07   4.5918253e-07   1.5972320e-07   2.1275986e-07   1.0220582e-07   1.5957002e-07  -9.4044657e-09   9.0987362e-10  -2.9666185e-07
   0.0000000e+00   8.6982664e-06   1.5889886e-05   1.3480133e-05   9.9378403e-06   8.3709674e-06   7.3430379e-06   5.5247688e-06   3.9674978e-06   2.4346923e-06   1.7669121e-06   1.6712547e-06   1.0550825e-06   8.9467363e-07   5.1156945e-07   4.1108783e-07   5.4705456e-08  -1.1726134e-07  -1.1054725e-07  -3.1807539e-07  -1.7764917e-07  -3.2573777e-07  -4.7813347e-07
   0.0000000e+00   8.5666425e-06   1.6052820e-05   1.3152610e-05   1.0547725e-05   8.4385174e-06   7.6187339e-06   6.1520359e-06   3.9093798e-06   2.5145064e-06   1.6421055e-06   1.4501860e-06   8.0955056e-07   5.9647135e-07   2.6477196e-07  -6.2086166e-08  -3.8351150e-08   1.2649343e-07  -1.1936808e-07  -1.0738228e-07  -2.6214087e-07  -3.7010432e-07  -1.4476920e-07
   0.0000000e+00   9.1076254e-06   1.6196864e-05   1.3682692e-05   1.0071231e-05   8.4814274e-06   7.9778401e-06   5.6998256e-06   3.7100037e-06   2.7249687e-06   2.0780062e-06   1.0728614e-06   9.3512620e-07   6.7238108e-07   2.7512684e-07   2.3939742e-07   3.5947522e-07   1.3639176e-07  -1.9210422e-08   2.0682351e-07   3.3347209e-07   3.2665321e-07   1.7411043e-07
   0.0000000e+00   9.1009397e-06   1.5788688e-05   1.3486090e-05   1.0162492e-05   8.2283468e-06   7.5746962e-06   5.8885612e-06   4.0244545e-06   2.9805090e-06   1.8213537e-06   1.1751886e-06   1.1018894e-06   8.8498643e-07   7.5624411e-07   6.1934372e-07   2.1587566e-07   1.1168098e-07   3.1915104e-07   3.2694714e-07   1.9482120e-07   1.2050383e-07   3.6010033e-07
   0.0000000e+00   8.4266285e-06   1.5856536e-05   1.3321433e-05   1.0351908e-05   8.7329017e-06   7.5605344e-06   6.2177692e-06   4.1005292e-06   2.3602940e-06   1.9336103e-06   1.6312929e-06   1.3475609e-06   6.6421035e-07   6.8015049e-07   3.3795237e-07   1.7286207e-07   3.5748454e-07   1.5068787e-07   1.7218377e-07   1.4838599e-07   6.9903145e-08  -4.7854925e-08
   0.0000000e+00   8.3961813e-06   1.5905163e-05   1.3590830e-05   9.8327509e-06   8.2392262e-06   7.7187251e-06   5.7336306e-06   4.1410899e-06   2.5331251e-06   1.8067352e-06   1.7216778e-06   1.0744670e-06   1.1386984e-06   8.5373188e-07   5.6021622e-07   7.0904986e-07   5.9381597e-07   5.0956328e-07   4.5442289e-07   4.2418444e-07   2.3295078e-07   1.6757889e-07
   0.0000000e+00   9.0003423e-06   1.6146365e-05   1.3253173e-05   1.0105227e-05   8.1317612e-06   7.7980467e-06   5.9533409e-06   3.7167474e-06   2.8893417e-06   1.8944672e-06   1.2110394e-06   1.2087202e-06   1.0817126e-06   6.9235819e-07   4.9509390e-07   6.3158450e-07   2.3471382e-07   2.9584200e-07   2.6057546e-07   7.9294892e-08   3.2061459e-07   3.2498491e-07
   0.0000000e+00   8.3695568e-06   1.5448735e-05   1.3303062e-05   1.0123824e-05   8.5420552e-06   7.4184927e-06   6.1458927e-06   3.8771495e-06   2.1605701e-06   1.6417423e-06   1.3730527e-06   1.0766738e-06   6.7438287e-07   3.2175760e-07   6.3920078e-07   5.2909462e-07   3.7170398e-07   5.7955691e-07   4.0174706e-07   3.7426040e-07   1.3293995e-07  -1.3745671e-07
   0.0000000e+00   8.9474033e-06   1.5710753e-05   1.3403507e-05   1.0053631e-05   8.3227715e-06   7.7525547e-06   5.7613461e-06   3.6964004e-06   2.3850384e-06   1.6277039e-06   1.1730408e-06   8.1925219e-07   7.0556683e-07   9.1449118e-07   6.4085401e-07   3.3102521e-07   4.6963922e-07   3.7377640e-07   3.2145959e-07   2.9496229e-07   2.9948197e-07   2.0628227e-07
   0.0000000e+00   8.1957969e-06   1.6258720e-05   1.3409716e-05   1.0017491e-05   8.3182640e-06   7.6248157e-06   6.0159600e-06   3.7329896e-06   2.4023436e-06   1.7339569e-06   1.2031695e-06   8.6679370e-07   8.2076679e-07   8.0716325e-07   5.7629154e-07   2.5420911e-07   3.1896801e-07   2.2617166e-07   1.9353587e-07   3.5234268e-07   2.4366258e-07   3.6855758e-07
   0.0000000e+00   8.7168110e-06   1.5515980e-05   1.3493762e-05   1.0045404e-05   8.3984824e-06   8.0066211e-06   5.7432894e-06   3.6788324e-06   2.1064502e-06   1.3700504e-06   1.1546094e-06   1.1803578e-06   7.8385051e-07   7.6557751e-07   5.4372924e-07   5.1340140e-07   2.1791145e-07   1.3067748e-07   2.2535716e-07   6.3610791e-08   2.2863365e-07   2.0832373e-07
   0.0000000e+00   8.8195129e-06   1.5737087e-05   1.3261261e-05   1.0327859e-05   8.2736105e-06   7.3209126e-06   5.8837236e-06   3.4006825e-06   2.2715872e-06   1.9078643e-06   1.2144362e-06   9.6507756e-07   1.2081956e-06   9.5056032e-07   8.1357382e-07   6.7866438e-07   6.1812830e-07   5.4159676e-07   4.2343603e-07   1.8083733e-07   7.8256875e-08   5.8607064e-08
   0.0000000e+00   8.4091389e-06   1.6500588e-05   1.3257233e-05   9.6603135e-06   8.8797578e-06   7.8005996e-06   5.7167358e-06   3.8443277e-06   2.6022476e-06   1.7103224e-06   1.7143990e-06   1.2226196e-06   9.5263294e-07   9.0261261e-07   7.0872352e-07   5.4995195e-07   5.2579747e-07   3.5115602e-07   2.5884552e-07   1.7976566e-07  -7.0792979e-08  -3.1671277e-07
   0.0000000e+00   8.8556308e-06   1.5357438e-05   1.3467831e-05   1.0386786e-05   8.1166745e-06   7.7301029e-06   5.9596059e-06   3.7604580e-06   2.5057636e-06   1.8755605e-06   1.4270317e-06   1.2424767e-06   1.1926192e-06   5.6998419e-07   5.5369611e-07   3.2724296e-07   2.7629767e-07   4.1964668e-07   7.7150609e-08   1.3170431e-07   1.4362857e-08  -9.2765426e-08
   0.0000000e+00   8.6216050e-06   1.5922769e-05   1.3498141e-05   1.0122045e-05   8.1620037e-06   7.5137527e-06   5.5999062e-06   3.9377423e-06   2.6359924e-06   1.7835944e-06   1.3375228e-06   1.4196116e-06   1.0537284e-06   9.1312580e-07   6.0255928e-07   3.8068077e-07   3.6965196e-07   1.4755409e-07   8.8322281e-08  -9.4202925e-08  -1.4739125e-08   4.6171600e-08
   0.0000000e+00   9.0322455e-06   1.6235806e-05   1.3524883e-05   1.0114617e-05   8.5104439e-06   7.8116900e-06   6.3827265e-06   3.7116506e-06   2.3245184e-06   1.8111934e-06   1.4152663e-06   1.0788837e-06   8.5883397e-07   7.2514331e-07   7.2071515e-07   6.0321037e-07   1.0103636e-08   8.1683950e-08   3.3440518e-08  -1.2624089e-07  -5.6420827e-08  -2.9065586e-07
   0.0000000e+00   9.0025196e-06   1.6406457e-05   1.3102135e-05   9.8941564e-06   8.8286342e-06   7.9047450e-06   5.7605034e-06   4.0507266e-06   2.4379510e-06   1.6717592e-06   1.4708731e-06   1.0903979e-06   7.9803442e-07   6.9484253e-07   1.9907962e-07   2.3997041e-08   1.7336437e-07  -4.3829235e-08   4.7915865e-08  -7.2059376e-09  -2.2485162e-07  -1.2382090e-07
   0.0000000e+00   7.9995689e-06   1.5573418e-05   1.3873916e-05   1.0575954e-05   8.2321267e-06   7.6546512e-06   6.0454095e-06   3.6422232e-06   2.7378233e-06   1.8388407e-06   1.2440903e-06   1.0248631e-06   8.7542469e-07   8.1762369e-07   4.6308051e-07   2.1810763e-07   1.6870912e-07   1.1141453e-07  -1.5857171e-07  -1.5833044e-07   2.3646024e-08  -1.2035080e-07
   0.0000000e+00   9.7126422e-06   1.5789723e-05   1.3648012e-05   1.0256998e-05   8.5876945e-06   7.9940155e-06   5.7240945e-06   3.9522092e-06   2.1938001e-06   1.4746489e-06   1.5395141e-06   1.3686498e-06   1.1855402e-06   8.9182834e-07   5.6353696e-07   3.6105953e-07   1.7183689e-07   1.4268501e-07   2.4297938e-08  -1.4825549e-07  -2.3924974e-07   1.4745483e-08
   0.0000000e+00   8.1953585e-06   1.6461529e-05   1.3354563e-05   9.9649142e-06   8.4913609e-06   7.6691731e-06   6.0154771e-06   3.6452502e-06   2.3726400e-06   2.0703312e-06   1.2070838e-06   1.2791014e-06   1.2477968e-06   6.7556209e-07   6.0851715e-07   3.9576480e-07   1.9146144e-07   1.2739213e-07   1.4336806e-07   7.8744392e-08   1.4888572e-07   2.7143477e-07
   0.0000000e+00   8.7145363e-06   1.5820102e-05   1.3202005e-05   1.0532700e-05   9.1771435e-06   7.5172479e-06   5.9632412e-06   3.5969251e-06   2.2179854e-06   1.8162757e-06   1.7205115e-06   1.2274606e-06   1.2244515e-06   6.1211898e-07   3.8440376e-07   2.1158728e-07   2.3082244e-07   3.7475260e-07   9.2898382e-08   2.7081794e-07   2.5777078e-07   1.0495652e-07
   0.0000000e+00   8.8530351e-06   1.5558304e-05   1.3885169e-05   1.0367148e-05   7.9708843e-06   8.1746084e-06   5.8151354e-06   3.8369485e-06   2.5594218e-06   1.3769343e-06   1.4392931e-06   1.4218659e-06   6.1049968e-07   6.9972356e-07   3.9760695e-07   2.0755684e-07   2.6243316e-07  -9.5770618e-09   1.2976581e-07   1.0293723e-07   1.3655706e-07   7.8341152e-08
   0.0000000e+00   8.6793016e-06   1.6441536e-05   1.3252832e-05   9.9759709e-06   8.3707464e-06   7.3678261e-06   5.4848688e-06   3.3551178e-06   2.1791593e-06   1.8424337e-06   1.4299252e-06   1.0504773e-06   9.6237272e-07   4.7446466e-07   2.3198423e-07  -1.2388161e-07  -1.3220387e-07  -1.5544199e-08   4.9836427e-08  -1.4429962e-07  -2.4047856e-07  -3.1497774e-07
   0.0000000e+00   8.7314302e-06   1.5558808e-05   1.3481469e-05   1.0335596e-05   8.7525168e-06   7.6273436e-06   5.6296240e-06   3.5534513e-06   2.5473325e-06   1.8322645e-06   1.0479786e-06   1.1265035e-06   7.8932266e-07   7.0017012e-07   1.4118612e-07   2.8593101e-07   2.4296068e-07   8.8553293e-08  -2.3128806e-08  -1.4562985e-07  -1.7999710e-07  -3.6367453e-07
   0.0000000e+00   8.5416705e-06   1.6014998e-05   1.3455461e-05   9.5749192e-06   8.0529635e-06   7.1641603e-06   5.8461851e-06   3.6385532e-06   2.0473074e-06   1.8827823e-06   1.4829367e-06   9.2922352e-07   5.7559635e-07   2.2265078e-07   2.2625153e-07   1.5500039e-07   2.4364653e-07   3.4104141e-07   2.1125871e-07   2.2812355e-07   7.5495507e-08   2.3799196e-07
   0.0000000e+00   9.2985756e-06   1.6124386e-05   1.3039442e-05   1.0189573e-05   8.1495273e-06   7.4362906e-06   5.7260681e-06   4.0124946e-06   2.6560069e-06   1.7120915e-06   1.4468014e-06   9.0829423e-07   7.4369353e-07   5.6482980e-07   3.2300491e-07   2.8866276e-07   1.9811789e-07   2.2067614e-07   7.1422505e-08   6.7588410e-08  -1.9455856e-08  -1.2873248e-07
   0.0000000e+00   8.5683569e-06   1.5498383e-05   1.3624438e-05   1.0225624e-05   8.2122469e-06   8.0908085e-06   5.6877220e-06   3.7888474e-06   3.0307506e-06   1.5423888e-06   1.3107593e-06   1.3683293e-06   1.1638713e-06   7.5274573e-07   7.9613068e-07   6.0580749e-07   5.3603486e-07   5.2354540e-07   6.3011635e-07   4.8700076e-07   3.8259185e-07   3.6659466e-07
   0.0000000e+00   8.1454091e-06   1.6644637e-05   1.3099274e-05   9.7937072e-06   8.2375072e-06   7.0869837e-06   6.0384546e-06   3.9493721e-06   1.9764111e-06   2.1870344e-06   1.5245133e-06   1.0963421e-06   8.1977083e-07   7.4736920e-07   5.3666656e-07   4.6437242e-07   4.2758600e-07   3.5041316e-07   3.4277727e-07   3.0839442e-07   1.4135505e-07   2.5884140e-07
   0.0000000e+00   9.3588551e-06   1.5364561e-05   1.3818672e-05   1.0048047e-05   8.1523840e-06   7.9506772e-06   6.1161695e-06   3.6882595e-06   2.6660848e-06   1.7051195e-06   1.4655100e-06   8.8136170e-07   8.9109272e-07   8.6234570e-07   4.8305043e-07   3.9329188e-07   4.2050823e-07   3.6221252e-07   1.1498570e-07  -1.3397491e-07   2.0531040e-07   3.3790403e-07
   0.0000000e+00   9.0066733e-06   1.6006517e-05   1.3097500e-05   1.0131845e-05   8.7292883e-06   7.6070296e-06   5.2511964e-06   3.8662774e-06   2.5627796e-06   2.0032426e-06   1.3787042e-06   1.4165508e-06   1.0010949e-06   8.8096272e-07   8.2973787e-07   6.2992848e-07   5.7841618e-07   3.8359036e-07   7.6652036e-08   1.4583566e-07  -6.1136216e-09  -3.1360085e-07
   0.0000000e+00   8.3453588e-06   1.6103379e-05   1.3390594e-05   1.0064677e-05   8.1475564e-06   7.7333189e-06   5.9709300e-06   3.8208386e-06   2.7249564e-06   1.7177158e-06   1.4840571e-06   1.4118494e-06   1.2804720e-06   9.6279246e-07   5.9987849e-07   3.4095629e-07   2.8872248e-07   1.2885738e-07   2.7913336e-07   2.6311585e-07   2.6061663e-08   2.3305137e-08
   0.0000000e+00   8.7638309e-06   1.6021408e-05   1.3557921e-05   1.0072922e-05   8.1181352e-06   7.4197969e-06   6.1770697e-06   3.8645003e-06   2.1247879e-06   1.8651047e-06   1.7569159e-06   1.2473357e-06   1.0718582e-06   6.9001891e-07   2.9963741e-07   2.5235971e-07   7.6265074e-08   1.5062147e-07   8.2798799e-08   5.2104237e-08   8.4505821e-08   9.9412560e-08
   0.0000000e+00   9.3380431e-06   1.5903543e-05   1.3289084e-05   1.0214718e-05   9.1277898e-06   7.2341932e-06   5.7157963e-06   3.7008356e-06   2.4690023e-06   2.3862463e-06   1.6018760e-06   1.0180595e-06   9.0817537e-07   6.0809657e-07   4.1103968e-07   2.5487603e-07   2.0098625e-07   1.0449594e-07   9.5790199e-08   1.0269776e-07   1.2036048e-07   3.5853990e-08
   0.0000000e+00   8.7352473e-06   1.5914484e-05   1.3571561e-05   9.9206563e-06   7.8046560e-06   8.3735995e-06   5.7020902e-06   3.7758653e-06   2.9094340e-06   1.4332459e-06   1.1949990e-06   1.3360583e-06   1.0043703e-06   6.0195964e-07   3.8368623e-07   3.1574348e-07   3.1191519e-07   3.1173306e-07   1.1715963e-07   1.5809416e-08  -1.3812672e-07  -4.1672454e-08
   0.0000000e+00   8.9613468e-06   1.6061909e-05   1.3781728e-05   9.9645749e-06   8.3803216e-06   7.1523941e-06   5.9592999e-06   4.0165864e-06   2.3796031e-06   1.9470247e-06   1.4749321e-06   9.1407014e-07   6.8711023e-07   7.7026084e-07   6.3946874e-07   2.3156917e-07   1.4466917e-07   1.2078260e-07   1.1608554e-07  -1.1146792e-07   4.7037883e-08  -1.4335579e-07
   0.0000000e+00   8.2111783e-06   1.6213207e-05   1.2829720e-05   1.0534429e-05   8.2254828e-06   7.8721723e-06   5.9092336e-06   3.7277944e-06   2.3145235e-06   1.8218699e-06   1.0460243e-06   1.1558824e-06   9.3093024e-07   4.7907480e-07   1.3069036e-08   2.2269987e-07   3.7762317e-07   7.5465067e-08  -9.7174194e-08   1.0180437e-07   4.9054098e-08   7.4637249e-08
   0.0000000e+00   9.4456682e-06   1.5222956e-05   1.3122069e-05   9.3051467e-06   8.6822383e-06   7.4818981e-06   6.1040919e-06   3.9423221e-06   2.7419223e-06   1.6244677e-06   1.6638675e-06   1.0423273e-06   8.4610338e-07   4.7151224e-07   3.9337132e-07   4.9945390e-07   3.1017706e-07   2.7668062e-07   5.1799748e-07   2.6270277e-07   1.6354022e-07   1.8460463e-07
   0.0000000e+00   7.9197343e-06   1.6283870e-05   1.3680249e-05   9.9008166e-06   8.0803002e-06   7.7229797e-06   5.8634964e-06   3.7768048e-06   2.6785465e-06   2.3976195e-06   1.6637994e-06   1.3298841e-06   7.6489380e-07   3.2483419e-07   5.2546102e-07   8.4807148e-08  -5.2398097e-08   3.8376098e-07   1.9128061e-08   5.2024479e-08   7.2929481e-08  -1.1227972e-07
   0.0000000e+00   9.0420690e-06   1.5577478e-05   1.3017120e-05   1.0215975e-05   8.1559092e-06   7.8076646e-06   5.9844638e-06   3.9702504e-06   2.8398720e-06   1.7831999e-06   1.6242110e-06   1.0542354e-06   6.4145473e-07   5.2903158e-07   1.0956909e-07  -3.9573791e-08   3.1674313e-07  -2.3475195e-08   2.9918251e-08  -7.9076647e-09  -1.4571493e-09  -1.1059195e-07
   0.0000000e+00   8.7055723e-06   1.5640413e-05   1.2610146e-05   1.0123986e-05   8.4740150e-06   7.1949185e-06   5.7747661e-06   4.1767225e-06   2.4458334e-06   2.0782452e-06   1.3124161e-06   1.0095614e-06   6.8449566e-07   1.9524133e-07   2.2541924e-07   3.4748027e-07   2.2396581e-07   1.7622000e-07  -8.3791583e-08   3.0603402e-08  -2.8996601e-07  -4.9234706e-07
   0.0000000e+00   8.6041291e-06   1.5815865e-05   1.3996094e-05   9.4218085e-06   8.3430341e-06   7.8252760e-06   6.1856131e-06   3.7244131e-06   2.5622483e-06   1.8385089e-06   1.1832294e-06   9.1295249e-07   4.8597570e-07   5.3899362e-07   4.3378708e-07   4.3426658e-07   1.6519915e-07  -1.4817445e-07  -8.4386308e-08  -3.8331117e-07  -3.6020433e-07  -2.2680643e-07
   0.0000000e+00   8.5318570e-06   1.5962058e-05   1.2994756e-05   1.0313749e-05   8.1287544e-06   8.1957960e-06   5.6587751e-06   3.9527999e-06   2.6466503e-06   1.8643512e-06   1.3198661e-06   6.7595903e-07   4.1124420e-07   6.2739912e-07   4.8378917e-07   1.9695833e-07   5.7712235e-09   1.3874156e-07   1.3369548e-07   4.7749495e-08   1.1902864e-07   1.5122265e-07
   0.0000000e+00   8.9028754e-06   1.5590465e-05   1.3207767e-05   9.9226299e-06   8.5279416e-06   7.0232304e-06   6.2034846e-06   3.6289057e-06   2.6624562e-06   1.6678858e-06   1.0893344e-06   9.2659241e-07   7.8898296e-07   3.8052571e-07   2.8642663e-07   2.6652822e-07   4.3079712e-07   3.2742440e-07   1.2652099e-07   4.3129393e-07   3.4500692e-07   1.3356907e-07
   0.0000000e+00   8.7571007e-06   1.6226648e-05   1.3080865e-05   1.0648408e-05   8.3434170e-06   8.1412718e-06   5.9063382e-06   4.3163000e-06   2.5839540e-06   1.6515456e-06   1.2588523e-06   8.3478136e-07   5.4156868e-07   9.0555898e-07   5.4827814e-07   4.3377989e-07   2.7056501e-07   5.5272356e-08   2.0511719e-07   2.0741803e-08  -1.3307852e-07  -1.1490511e-07
   0.0000000e+00   8.6229757e-06   1.5177254e-05   1.4179630e-05   9.3890385e-06   8.5214897e-06   7.3411265e-06   5.9958325e-06   3.5800265e-06   2.2721258e-06   1.7493826e-06   1.1164178e-06   1.1904019e-06   1.2838269e-06   4.4213206e-07   6.1541618e-07   3.6054470e-07   3.1861751e-07   5.2403607e-07   3.2125081e-07   1.7635107e-07   1.9928049e-07   5.5345833e-08
   0.0000000e+00   8.3751202e-06   1.6359676e-05   1.2849659e-05   1.0200106e-05   8.2435654e-06   8.3549339e-06   5.9515137e-06   4.1378948e-06   2.6605996e-06   1.6157238e-06   1.6188991e-06   9.9537681e-07   6.2898124e-07   9.4496033e-07   6.8377670e-07   7.6514618e-07   5.4744010e-07   2.0889533e-07   2.4067063e-07   1.1625807e-07  -2.1116595e-07   7.2828499e-08
   0.0000000e+00   9.2123964e-06   1.5735395e-05   1.3284185e-05   1.0744384e-05   8.6598720e-06   7.5995827e-06   6.0326861e-06   3.5370210e-06   2.4015276e-06   1.6717639e-06   1.1919984e-06   1.2254898e-06   1.1299883e-06   7.1030013e-07   5.1911530e-07   3.5370442e-07   6.0285294e-07   4.7243608e-07   4.0660616e-08   1.2514604e-07   3.1925984e-07   5.0682608e-08
   0.0000000e+00   7.9415513e-06   1.5868181e-05   1.3141059e-05   9.6754347e-06   8.5628508e-06   7.5894268e-06   5.9340205e-06   4.2992010e-06   2.5110064e-06   2.1090470e-06   1.5272097e-06   1.0147581e-06   6.6597966e-07   7.7940683e-07   8.1995108e-07   7.4316705e-07   3.9049982e-07   1.0566922e-07   4.7323348e-07   3.0759722e-07   8.4530775e-08   1.9268896e-07
   0.0000000e+00   8.7278904e-06   1.5210763e-05   1.3691260e-05   9.9144618e-06   8.3123850e-06   7.9964939e-06   6.2885442e-06   3.4471730e-06   2.5609622e-06   1.6289362e-06   1.4111158e-06   1.3184853e-06   1.1203299e-06   8.6289572e-07   6.4453701e-07   4.3230114e-07   4.9521128e-07   4.8810040e-07   2.6391567e-07   3.8875740e-08   8.4936794e-08   1.5860125e-07
   0.0000000e+00   8.7255576e-06   1.6082449e-05   1.3139178e-05   1.0381112e-05   8.6699038e-06   7.9132215e-06   5.6489916e-06   4.4142771e-06   2.7393851e-06   2.4671003e-06   1.5591232e-06   1.0279824e-06   1.0395863e-06   9.6005522e-07   7.1245722e-07   6.1562213e-07  -5.7162730e-08   1.5371701e-07   2.5704520e-07   5.9050365e-08  -3.9329038e-08  -2.3453363e-07
   0.0000000e+00   8.3261220e-06   1.5543998e-05   1.3150771e-05   9.9125973e-06   8.4388230e-06   7.6293227e-06   6.3055518e-06   3.6306026e-06   2.6924511e-06   1.3617429e-06   1.6232631e-06   1.3304519e-06   1.1183344e-06   6.2005756e-07   4.6884099e-07   3.0390333e-07   6.2441018e-07   4.3219876e-07   1.5053973e-07   7.3234396e-08   2.5443709e-08   1.4625269e-07
   0.0000000e+00   8.2439501e-06   1.5971840e-05   1.3195650e-05   1.0413823e-05   8.4632065e-06   8.1721855e-06   6.1557234e-06   4.0847635e-06   2.5943323e-06   2.1160001e-06   1.2016560e-06   1.0398171e-06   7.5229656e-07   7.8245853e-07   6.2033513e-07   5.7064079e-07   2.1723783e-07   2.8688370e-07   5.5638072e-08  -5.2008623e-08  -1.0753399e-08  -6.3884244e-08
   0.0000000e+00   8.7641956e-06   1.5551777e-05   1.3973716e-05   9.5912010e-06   8.6580931e-06   7.5959933e-06   5.4622983e-06   3.4914242e-06   2.2943047e-06   1.5119358e-06   1.4536040e-06   1.0825307e-06   8.0002656e-07   4.1319115e-07   4.1212095e-07   1.6044272e-07   2.3907168e-07  -5.2346678e-08  -2.5868192e-07  -2.9435463e-07  -2.0781519e-07  -1.1156543e-08
   0.0000000e+00   8.7701437e-06   1.5811936e-05   1.2486563e-05   1.0792176e-05   8.0664568e-06   7.7027798e-06   6.3210618e-06   4.1271223e-06   2.3633831e-06   2.0826151e-06   1.3110191e-06   1.0824651e-06   1.0050131e-06   9.5476628e-07   6.2044012e-07   4.3015694e-07   1.8230796e-07  -9.5478576e-08  -1.4064656e-07  -1.2119651e-08   2.1684031e-08  -8.9498492e-08
   0.0000000e+00   8.5496076e-06   1.5947018e-05   1.3716692e-05   9.6090016e-06   8.6311729e-06   7.7440245e-06   5.4584411e-06   3.5571829e-06   2.6314892e-06   1.8216737e-06   1.6655274e-06   1.3163990e-06   1.0713783e-06   6.8371423e-07   6.4375558e-07   3.5555524e-07   1.4791179e-07   1.2621733e-07   2.7452080e-07   2.6683571e-07   2.0090343e-07   2.8418731e-07
   0.0000000e+00   8.0636910e-06   1.5836828e-05   1.3526816e-05   1.0515749e-05   8.6786349e-06   7.9866641e-06   5.9548493e-06   4.0719528e-06   3.0468243e-06   2.1750932e-06   1.3612118e-06   1.3796812e-06   7.0323250e-07   8.2286067e-07   5.1925480e-07   2.7565125e-07   8.4842029e-08   3.0609201e-07   2.6609820e-07   2.3275673e-07   3.0158013e-08  -2.0147935e-07
   0.0000000e+00   9.3955296e-06   1.5691658e-05   1.3343312e-05   9.9172239e-06   8.8024599e-06   7.6906736e-06   6.4180163e-06   4.0042905e-06   2.8698737e-06   1.5628523e-06   1.6219774e-06   9.8629255e-07   1.0523346e-06   5.4258135e-07   4.4951676e-07   3.7956917e-07   5.7865725e-07   4.2057516e-07   2.1990344e-07  -2.0699519e-08  -8.8532659e-08   1.6959072e-08
   0.0000000e+00   8.2367760e-06   1.6076223e-05   1.3826456e-05   1.0852313e-05   8.3766799e-06   8.1325206e-06   5.9382996e-06   4.1246326e-06   2.1977644e-06   2.4935541e-06   1.5102614e-06   1.0822488e-06   6.2086497e-07   7.7536703e-07   5.8269836e-07   4.6565444e-07   1.7948918e-07   2.5664156e-07   1.9865854e-07   2.2560158e-07   2.3759269e-07   1.1884283e-07
   0.0000000e+00   9.2295459e-06   1.6183058e-05   1.3203595e-05   1.0369089e-05   9.0719086e-06   7.6154347e-06   6.1718433e-06   3.8851149e-06   2.6417979e-06   1.6352008e-06   1.3056406e-06   1.1612700e-06   1.2609765e-06   7.8748707e-07   4.4952645e-07   3.3624400e-07   6.0252705e-07   3.7036560e-07   1.2776250e-07   8.2277978e-08  -4.6136304e-08   1.1632370e-07
   0.0000000e+00   8.1334410e-06   1.5724860e-05   1.3751404e-05   1.0296222e-05   8.1191565e-06   8.1791050e-06   5.5691812e-06   3.9374004e-06   2.7344679e-06   1.8728974e-06   1.1796154e-06   1.1370713e-06   9.4149152e-07   8.0870552e-07   7.2652585e-07   6.1827177e-07   1.9651505e-07   3.5575919e-08  -8.9385821e-08   2.5275444e-08   2.1935406e-07   2.0030467e-07
   0.0000000e+00   9.6722806e-06   1.6155062e-05   1.3736284e-05   1.0081571e-05   9.1966540e-06   7.2660991e-06   6.3114130e-06   3.7235618e-06   2.3634650e-06   1.3936163e-06   1.3750559e-06   8.8975401e-07   6.7059011e-07   6.7381825e-07   4.5086557e-07   3.4270454e-07   2.2491474e-07  -1.4912699e-07  -1.3903627e-07  -1.2899169e-07  -1.2830856e-07  -9.2133398e-08
   0.0000000e+00   8.3952291e-06   1.6396119e-05   1.3473881e-05   1.0478371e-05   7.8640733e-06   7.8957983e-06   5.9298773e-06   3.8299049e-06   2.5048166e-06   1.7498011e-06   1.1652637e-06   1.1314031e-06   9.1413142e-07   6.6025956e-07   4.5972911e-07   9.0974247e-08  -5.6757859e-08   6.1553706e-08   1.3579367e-07   2.2723106e-07   3.0087125e-07   2.3545206e-07
   0.0000000e+00   9.2569162e-06   1.5853939e-05   1.3580969e-05   1.0015530e-05   8.8445377e-06   7.9900474e-06   5.6875738e-06   3.9322613e-06   2.3222499e-06   1.6571830e-06   1.5558583e-06   1.0262523e-06   9.3471220e-07   5.1370557e-07   3.4092719e-07   1.3768212e-07  -9.6838420e-08  -1.0678726e-07   1.8387259e-07   4.6047217e-07   2.8311254e-07   2.4384855e-07
   0.0000000e+00   8.9335845e-06   1.6150801e-05   1.3601854e-05   1.0905042e-05   8.4333797e-06   8.0929058e-06   6.5744211e-06   4.0775240e-06   2.3141720e-06   1.9586284e-06   1.0119505e-06   1.2967314e-06   7.2064779e-07   5.5140663e-07   1.5165456e-07   1.4927361e-08   2.2942321e-07   2.9848076e-07   2.6765579e-07   4.2885880e-08  -5.8566254e-09  -8.3754720e-08
   0.0000000e+00   8.8938041e-06   1.5946436e-05   1.3900421e-05   9.8793198e-06   9.0534522e-06   7.5831513e-06   5.8001829e-06   3.5478979e-06   2.7570834e-06   1.6672556e-06   1.6546595e-06   7.5230037e-07   7.3475792e-07   4.4504455e-07   3.6618491e-07   4.5717755e-07   2.8351138e-07   1.4591897e-07   1.9597175e-08  -5.4512984e-08  -1.1953989e-07  -3.8190140e-07
   0.0000000e+00   8.5495731e-06   1.6315538e-05   1.3138241e-05   1.0726063e-05   8.6235632e-06   8.2870938e-06   6.2692261e-06   4.0545724e-06   2.4069220e-06   1.7637623e-06   1.1209544e-06   8.5077261e-07   6.3588595e-07   5.2821451e-07   4.1300490e-07   2.8954378e-07   2.6622277e-07   1.4358992e-07  -3.2764536e-08   4.4822361e-08  -4.0722377e-08  -2.3567894e-07
   0.0000000e+00   9.1779084e-06   1.5957155e-05   1.4104446e-05   9.9550352e-06   8.4831208e-06   7.6990227e-06   5.9371960e-06   3.7832497e-06   2.5344686e-06   1.7632452e-06   1.3966971e-06   1.2091398e-06   9.2542246e-07   8.5962358e-07   5.0713072e-07   4.2902775e-07   2.3649228e-07   2.3106449e-07   3.8253407e-07   2.4130890e-07   1.3755479e-07   2.3070440e-07
   0.0000000e+00   8.9438527e-06   1.6061067e-05   1.3308362e-05   1.0328737e-05   8.5228512e-06   7.8666508e-06   5.7068141e-06   4.1171911e-06   2.5284467e-06   2.1453977e-06   1.4549574e-06   1.1791883e-06   1.2528075e-06   7.3321030e-07   7.1870608e-07   4.6056456e-07   1.8385444e-07   3.0827894e-07   1.9119275e-07   1.1830815e-07   4.6169269e-08   3.0429142e-08
   0.0000000e+00   9.0751291e-06   1.5802070e-05   1.3708927e-05   1.0468641e-05   8.8289698e-06   7.6238134e-06   6.3203547e-06   3.5580701e-06   2.6126195e-06   1.8147068e-06   1.4111489e-06   1.5565208e-06   1.0451135e-06   6.8633784e-07   2.6208031e-07   2.3669952e-07   2.9953961e-07   4.0356280e-08   6.0662920e-08   1.6380248e-07   1.4674876e-07   4.7505221e-08
   0.0000000e+00   8.7326034e-06   1.6830616e-05   1.3501065e-05   1.0463522e-05   8.3737314e-06   7.6298302e-06   5.9087920e-06   4.1187845e-06   2.5257791e-06   1.6018655e-06   1.3762601e-06   9.0723336e-07   7.3212942e-07   7.7277355e-07   6.2106704e-07   2.8248343e-07   2.1433206e-07   1.1507154e-07  -1.0104466e-07  -4.0637880e-09   6.3201689e-08   3.6405993e-08
   0.0000000e+00   9.3132985e-06   1.5972599e-05   1.3806812e-05   1.0090061e-05   8.5117790e-06   8.1763728e-06   6.3103721e-06   3.4072766e-06   2.4799756e-06   1.6599345e-06   1.3552932e-06   1.1248744e-06   9.9677504e-07   5.7552381e-07   5.1025290e-07   2.0261761e-07   1.6205139e-07  -5.3512206e-08   6.7507200e-09   7.0971275e-08   7.1729779e-08   8.6280041e-09
   0.0000000e+00   8.7345779e-06   1.5960055e-05   1.3374175e-05   1.0322709e-05   8.6052323e-06   7.7586437e-06   5.3428894e-06   4.0130940e-06   2.4684348e-06   2.0026964e-06   1.4450056e-06   1.0539527e-06   7.4248879e-07   6.4217130e-07   2.4087515e-07   3.8973684e-07   1.2169464e-07  -2.0453387e-08   3.2912141e-07   1.9914445e-07  -1.8728065e-07  -6.1505574e-08
   0.0000000e+00   9.0004169e-06   1.5752132e-05   1.3623970e-05   1.0261000e-05   8.3625364e-06   7.2909279e-06   5.9718459e-06   3.6487236e-06   2.1582330e-06   1.6215134e-06   1.4421080e-06   1.1678670e-06   1.0575693e-06   5.6123241e-07   4.9901519e-07   2.0201627e-07   2.3328924e-07   3.8239790e-07   1.5694454e-08  -1.9723542e-07   1.6894090e-08  -1.9348767e-07
   0.0000000e+00   8.6887030e-06   1.6458125e-05   1.3413208e-05   9.9717699e-06   8.3085642e-06   7.7605800e-06   5.6247850e-06   3.7577565e-06   2.6875978e-06   1.8079037e-06   1.2459175e-06   1.0588069e-06   5.9971643e-07   5.9953220e-07   3.5748403e-07   1.2693609e-07   2.2398805e-08  -8.3987416e-08   1.0781196e-07   1.9688267e-07  -9.9238697e-09  -5.6325675e-08
   0.0000000e+00   8.6867230e-06   1.5559559e-05   1.3371320e-05   9.9045128e-06   8.2370889e-06   7.4048685e-06   5.8321007e-06   3.4419454e-06   2.3510017e-06   1.6613481e-06   1.2245146e-06   1.0777699e-06   9.0094909e-07   5.2013877e-07   2.5290552e-07   1.9236789e-07   8.7655664e-08   1.8196400e-07  -1.3685044e-08  -1.8434265e-07  -3.4798410e-07  -4.3199319e-07
   0.0000000e+00   8.7916560e-06   1.6238666e-05   1.3157241e-05   1.0306596e-05   8.1903772e-06   7.5417838e-06   5.6428830e-06   3.9046763e-06   2.6473758e-06   1.7310202e-06   1.2414579e-06   1.0178658e-06   7.7210211e-07   7.2255710e-07   4.0023755e-07   4.1784068e-07   3.9966915e-07   2.0232609e-07   1.4696049e-07   7.0039363e-08   7.4358453e-09   9.6006026e-08
