   0.0000000e+00   1.3723447e-05   2.2636945e-05   1.6312864e-05   1.0990270e-05   8.7952158e-06   7.8355206e-06   6.0625453e-06   3.9996398e-06   2.2686454e-06   1.7884259e-06   1.6656337e-06   7.7083405e-07   4.1343600e-07   1.6310516e-07   5.7134503e-07   5.3878807e-07   4.6471536e-07   4.7401329e-07   3.4013300e-07  -1.1062277e-07   7.8515306e-08   3.5344846e-07
   0.0000000e+00   1.4053844e-05   2.2608448e-05   1.5381496e-05   1.0986662e-05   8.8764464e-06   8.1082489e-06   5.8970004e-06   3.8801372e-06   2.3076136e-06   1.6299861e-06   1.0189289e-06   9.5435837e-07   1.0386933e-06   1.0526229e-06   5.0181995e-07   5.3398679e-07   1.2197205e-07   2.0285870e-07  -3.0163370e-08   2.1745088e-07   5.5358316e-07   5.2443181e-07
   0.0000000e+00   1.3816549e-05   2.2581748e-05   1.6305945e-05   1.1206443e-05   8.8264178e-06   7.8172861e-06   5.9905387e-06   3.5505111e-06   2.7561759e-06   1.8831724e-06   1.5037913e-06   1.5061701e-06   1.0906967e-06   8.8421092e-07   7.4075075e-07  -1.2362777e-07  -5.3064156e-08   7.4442916e-08   3.0277926e-07   4.1584150e-07   2.2240272e-07  -1.4055276e-08
   0.0000000e+00   1.3583118e-05   2.2722976e-05   1.5352014e-05   1.1064871e-05   8.5719239e-06   7.5959424e-06   6.3798093e-06   4.3122172e-06   2.5111005e-06   1.7380693e-06   1.6555000e-06   1.3637998e-06   1.0830912e-06   8.4595285e-07   4.4747409e-07   5.3068493e-07   7.1572032e-07   6.5374604e-07   1.5655071e-07   1.5402368e-07  -4.2293429e-08   4.2126359e-08
   0.0000000e+00   1.3548142e-05   2.2024855e-05   1.5840362e-05   1.0824370e-05   8.8172956e-06   8.0603431e-06   6.4266260e-06   4.3635469e-06   2.7007120e-06   2.1220681e-06   1.6099351e-06   1.0557384e-06   6.8632676e-07   4.0964346e-07   4.5236550e-07   1.0237568e-07  -6.9962447e-08  -3.2214044e-07   1.1776417e-07   9.9100916e-08   2.1866629e-08  -1.3669863e-07
   0.0000000e+00   1.3961947e-05   2.2613616e-05   1.6076456e-05   1.1094256e-05   9.0372851e-06   8.1033158e-06   5.8727960e-06   3.8137648e-06   2.3374323e-06   1.7550979e-06   1.3352511e-06   1.1877937e-06   8.5658115e-07   5.2695253e-07   4.6124293e-07   4.9297194e-07   2.7120629e-07   3.5942998e-07   2.8473769e-07   1.6546946e-07   5.4249146e-08   3.5040659e-07
   0.0000000e+00   1.3636702e-05   2.2047469e-05   1.5736661e-05   1.0736104e-05   8.3712393e-06   8.1863300e-06   6.4449682e-06   4.0319051e-06   2.9061694e-06   1.7595378e-06   1.3702181e-06   8.2617271e-07   7.8684479e-07   1.0081534e-06   5.6318618e-07  -1.1147387e-07   6.3708192e-08   1.1881153e-07   1.1622782e-07  -1.0333241e-07  -5.8713454e-08  -2.1503826e-07
   0.0000000e+00   1.2993246e-05   2.2614597e-05   1.5610449e-05   1.0994100e-05   8.8395236e-06   7.4719778e-06   6.0153075e-06   3.6811764e-06   2.3414302e-06   1.9620484e-06   1.4876634e-06   1.1952998e-06   8.7767364e-07   6.0753462e-07   1.1382828e-07   2.3203636e-07   1.3895125e-07   9.1592383e-08   6.5155291e-08  -1.3556323e-07  -4.5873682e-07  -7.5491755e-07
   0.0000000e+00   1.3894439e-05   2.2716984e-05   1.6083324e-05   1.1101838e-05   9.3476674e-06   8.3579325e-06   6.5276868e-06   4.3549044e-06   2.7839881e-06   2.1954274e-06   1.3982627e-06   6.9172091e-07   5.8628359e-07   3.7081824e-07   2.7483460e-07   3.4456310e-08  -2.9511661e-08   3.2364010e-08  -2.5579598e-07  -1.8046356e-07  -3.1287519e-07  -1.9159614e-08
   0.0000000e+00   1.3549424e-05   2.2261767e-05   1.5650790e-05   1.1228677e-05   8.3794075e-06   8.1038861e-06   5.9566341e-06   3.7828249e-06   2.8254406e-06   1.9854137e-06   1.4726735e-06   1.4097745e-06   7.6758602e-07   6.9160023e-07   4.7443939e-07   3.6712137e-07   2.3711029e-07   4.2070255e-07   7.5645602e-07   4.2628264e-07   1.5079422e-07   2.9266212e-07
   0.0000000e+00   1.4146595e-05   2.2651413e-05   1.5776322e-05   1.1532685e-05   9.2747514e-06   8.0758582e-06   6.5570252e-06   4.2868173e-06   2.4827166e-06   1.9208674e-06   1.3227207e-06   6.5406823e-07   8.8324714e-07   5.9124221e-07   2.0696086e-07   3.0151219e-07   7.2073584e-07   8.6526421e-07   5.6986113e-07   2.8362248e-07   6.5567798e-07   7.6879991e-07
   0.0000000e+00   1.3513882e-05   2.2775499e-05   1.6421791e-05   1.1448229e-05   9.1025868e-06   8.4306630e-06   6.4472201e-06   3.8945473e-06   3.1449983e-06   1.9501235e-06   1.4205049e-06   1.5301442e-06   1.3548320e-06   7.9810292e-07   5.2642991e-07   4.3601403e-07   4.6834774e-07   3.7175542e-07   5.1363571e-08   1.2424843e-07   1.9560264e-07   1.2507790e-07
   0.0000000e+00   1.3807521e-05   2.3009407e-05   1.6485772e-05   1.1366308e-05   9.5536507e-06   8.0424616e-06   5.6894610e-06   3.7896164e-06   2.3005528e-06   1.5014064e-06   1.2994789e-06   1.3872623e-06   1.0002484e-06   7.6915302e-07   6.4407720e-07   3.6356889e-07   1.0346555e-07  -3.2885313e-07  -1.6982457e-07  -4.2640627e-07  -4.9773649e-07  -7.1445595e-07
   0.0000000e+00   1.3958239e-05   2.2515507e-05   1.6619841e-05   1.1559540e-05   9.2508471e-06   8.6387190e-06   6.3520633e-06   4.2106835e-06   2.4970911e-06   1.6021299e-06   1.3765814e-06   9.9691772e-07   6.6971074e-07   4.2293141e-07   3.4745338e-07   2.8081928e-07   2.9198611e-07   3.7661192e-07  -5.9513727e-08   1.6706338e-07   6.2504668e-08   1.9637395e-07
   0.0000000e+00   1.4692764e-05   2.3302116e-05   1.6005017e-05   1.1669915e-05   8.7563685e-06   7.6832148e-06   5.7839261e-06   3.5850178e-06   2.1239446e-06   2.0269836e-06   1.3145401e-06   5.4928415e-07   4.1946208e-07   4.0518583e-07   2.5936654e-07   2.7963574e-07   1.9789832e-08  -4.0323005e-07  -2.0365779e-07  -1.7849619e-07   7.5976182e-08   5.5518761e-08
   0.0000000e+00   1.3690390e-05   2.3157445e-05   1.6501401e-05   1.1602660e-05   8.8348716e-06   8.2223096e-06   6.7627307e-06   4.1863200e-06   2.7364879e-06   1.8431683e-06   1.1611259e-06   7.9116421e-07   7.7544217e-07   7.1811098e-07   7.3213454e-07   3.7553914e-07   1.2432926e-07   4.8345964e-07   6.6419136e-07   7.0576590e-07   3.0179568e-09  -4.9667765e-08
   0.0000000e+00   1.4309147e-05   2.2563627e-05   1.6538994e-05   1.1247702e-05   9.3598746e-06   8.0915761e-06   5.4891998e-06   2.8324212e-06   2.3608745e-06   1.4860547e-06   1.2369192e-06   1.0207850e-06   7.8836985e-07   5.4705004e-07  -1.3031924e-07  -1.2180595e-07   5.0912394e-07   6.9522417e-07   3.6938542e-07  -2.5987214e-07   1.4551497e-07   3.4645811e-07
   0.0000000e+00   1.4253498e-05   2.2987655e-05   1.6323027e-05   1.1421906e-05   8.6805358e-06   7.8646426e-06   5.9719578e-06   3.8079124e-06   2.5457564e-06   1.6986531e-06   7.4031840e-07   7.1531565e-07   8.4168101e-07   5.9487490e-07   2.0451438e-07   2.9061684e-07   2.4384295e-07   3.1395857e-07   4.8842916e-09   7.6795857e-08   3.7545941e-08  -1.6651924e-08
   0.0000000e+00   1.3974377e-05   2.3009974e-05   1.6283784e-05   1.1007268e-05   8.5877518e-06   8.0247710e-06   5.6031922e-06   3.8648054e-06   2.0499992e-06   1.5531920e-06   1.2354305e-06   1.1886380e-06   8.5551829e-07   4.5873790e-07   2.4115047e-07   4.0115106e-07   5.2933080e-07   6.9781528e-08   1.9260636e-07   1.4020611e-07   4.5120748e-07   3.1414388e-07
   0.0000000e+00   1.3536291e-05   2.3246796e-05   1.5619369e-05   1.1154637e-05   8.8826364e-06   7.4668433e-06   5.4748375e-06   4.1577473e-06   2.8527390e-06   1.9200065e-06   1.2236127e-06   7.6009542e-07   1.0045620e-06   4.6110375e-07   4.4686041e-07   4.1386582e-07   2.4178811e-07   2.9706794e-07   1.7724234e-07   3.3636292e-07   1.7351250e-07   2.0374108e-08
   0.0000000e+00   1.4085389e-05   2.2102118e-05   1.6360877e-05   1.0696305e-05   8.8393217e-06   8.0527534e-06   6.2841741e-06   3.6966010e-06   2.2600536e-06   1.3556622e-06   1.1087550e-06   1.6366783e-06   1.1402290e-06   8.4934106e-07   4.4136075e-07   2.5788850e-07   1.7906125e-07   1.5365893e-07   2.1031209e-07   3.2056025e-07   4.5530638e-07   7.0545127e-07
   0.0000000e+00   1.4153982e-05   2.2538179e-05   1.5631278e-05   1.0780960e-05   8.6401051e-06   7.7849672e-06   6.1475098e-06   3.7669595e-06   2.5370962e-06   2.0669520e-06   2.0318971e-06   1.3278024e-06   8.9672335e-07   8.3373476e-07   8.5974358e-07   9.5313663e-07   7.1522931e-07   3.7838279e-07   4.4993325e-07   4.6947932e-07   2.7815068e-07  -8.5977909e-08
   0.0000000e+00   1.3416386e-05   2.3093797e-05   1.5665406e-05   1.0962676e-05   8.7194057e-06   7.6510250e-06   5.4136513e-06   3.4410359e-06   2.5681197e-06   1.9485401e-06   1.2895777e-06   1.0080140e-06   9.2232824e-07   5.2824299e-07   2.5619175e-07   1.4131525e-07   4.1025515e-07   5.9112102e-07   6.2937568e-07   4.2444060e-07   2.2068686e-07   5.2164896e-08
   0.0000000e+00   1.4175474e-05   2.2504135e-05   1.5720569e-05   1.0928515e-05   8.5425163e-06   7.9569600e-06   6.1673850e-06   4.1643802e-06   2.4733990e-06   1.9113800e-06   1.2154160e-06   1.2804740e-06   1.1746998e-06   7.2610106e-07   7.0057308e-07   5.9547904e-07   4.7049392e-07   7.2633469e-07   8.0143064e-07   5.4501879e-07  -5.9046059e-08  -3.4652743e-07
   0.0000000e+00   1.4036332e-05   2.1997235e-05   1.5889791e-05   1.0974306e-05   9.0799294e-06   7.5182966e-06   5.5837058e-06   3.7599018e-06   2.7724013e-06   1.9863796e-06   1.4961001e-06   1.2432918e-06   1.1181620e-06   9.6835038e-07   6.1115725e-07   6.5509499e-07   6.0509274e-07   3.9751535e-07   1.3462805e-07  -3.9868735e-07  -4.8595240e-07  -2.9818972e-07
   0.0000000e+00   1.2847371e-05   2.2369910e-05   1.6291900e-05   1.1419171e-05   8.8433862e-06   7.8192261e-06   5.9696176e-06   3.8479643e-06   2.6300258e-06   1.8861258e-06   1.8708268e-06   1.4161900e-06   1.1183190e-06   8.8392022e-07   6.4562937e-07   3.0654192e-07   1.8427134e-07   1.8645100e-07   1.0334264e-07  -1.6533336e-07   8.5189427e-08   1.4771206e-08
   0.0000000e+00   1.3770446e-05   2.3023491e-05   1.5649161e-05   1.1061762e-05   8.8990419e-06   7.7171308e-06   6.1235692e-06   4.0131436e-06   2.3502807e-06   1.4977780e-06   1.1185286e-06   8.0920574e-07   6.6170298e-07   3.5820204e-07   8.1489169e-08   4.9611674e-07   6.0487918e-07   4.0277746e-07  -6.0949965e-08  -1.4681787e-07  -3.7716694e-07  -5.7825639e-07
   0.0000000e+00   1.3684725e-05   2.2463111e-05   1.6041504e-05   1.1179539e-05   8.2199840e-06   8.0030750e-06   6.1998271e-06   3.7920406e-06   2.6427037e-06   1.7263160e-06   9.3912251e-07   7.6587639e-07   4.6731890e-07   2.9122256e-07   3.3162317e-07   3.5072219e-07   8.1168892e-08   1.6787541e-07   1.3672292e-07   1.3151171e-07   3.2238603e-07   3.8682768e-07
   0.0000000e+00   1.3985457e-05   2.2152582e-05   1.6159673e-05   1.0953987e-05   9.0080557e-06   7.7047061e-06   5.8428950e-06   4.0020709e-06   2.2264348e-06   1.8478627e-06   1.1276779e-06   1.0771430e-06   1.2076440e-06   5.4221891e-07   4.3403730e-07   4.7972868e-08   1.7433473e-07   3.3874207e-07   1.8116349e-07   2.6773458e-07  -1.3183862e-08   3.9072344e-07
   0.0000000e+00   1.3106817e-05   2.2612270e-05   1.5864485e-05   1.1083877e-05   8.7336648e-06   8.1918042e-06   6.1103115e-06   3.7885288e-06   2.9331052e-06   1.9410195e-06   1.4214069e-06   1.2644091e-06   6.9151554e-07   9.3014256e-07   9.0427278e-07   5.4098138e-07   4.0205958e-07   1.2613950e-07  -8.2598760e-08   1.0955967e-07   3.5625106e-07   2.0093388e-07
   0.0000000e+00   1.3963688e-05   2.3228085e-05   1.5371797e-05   1.0848965e-05   9.1526445e-06   8.0151731e-06   5.9429403e-06   3.6294607e-06   2.3844905e-06   1.4961830e-06   1.4632964e-06   8.8469784e-07   7.9214726e-07   7.8669524e-07   4.5697473e-07   5.0019952e-07   3.8962648e-07  -1.1953757e-09   1.4597282e-08  -8.9474653e-08  -4.8416798e-08   1.5195741e-07
   0.0000000e+00   1.3910845e-05   2.1868269e-05   1.6211472e-05   1.1279085e-05   8.9654113e-06   8.3555151e-06   6.2637537e-06   4.1159278e-06   2.7051333e-06   1.7788491e-06   1.0448895e-06   1.1067352e-06   1.3911895e-06   1.1438358e-06   1.0196319e-06   4.9844846e-07   3.6857719e-07   5.1286673e-07   5.2612825e-07   5.8203568e-07   4.5242246e-07  -1.4960035e-07
   0.0000000e+00   1.3447118e-05   2.2441827e-05   1.6229405e-05   1.1206794e-05   8.9683381e-06   7.6894612e-06   5.7501711e-06   4.1622097e-06   2.4202284e-06   2.0119764e-06   1.9836802e-06   1.7445271e-06   1.8511886e-06   1.1720131e-06   5.8407579e-07   5.3434434e-07   5.5297772e-07   3.5276130e-07   4.7179063e-07   2.4312754e-07   3.0119222e-07   6.3195995e-07
   0.0000000e+00   1.3758790e-05   2.2799783e-05   1.6093234e-05   1.1480996e-05   9.4323814e-06   8.0094424e-06   6.3885241e-06   4.0314221e-06   2.6859814e-06   2.1336884e-06   1.4450557e-06   1.4543165e-06   1.1811446e-06   8.5931566e-07   5.4621648e-07   4.3165775e-07   3.8788289e-07   7.9506145e-07   4.5065488e-07   4.4726619e-07   4.1503262e-07   4.4152106e-08
   0.0000000e+00   1.3534955e-05   2.2728233e-05   1.5854912e-05   1.1425170e-05   8.8637771e-06   7.7641525e-06   5.7939901e-06   3.5733353e-06   2.3553248e-06   1.9136301e-06   1.7203573e-06   1.2323434e-06   6.8914835e-07   5.9713796e-07   6.8299977e-07   4.7726940e-07   4.4844043e-07   2.2451408e-07   7.1345838e-08  -7.4100647e-08   4.0046793e-08  -1.8974633e-07
   0.0000000e+00   1.3591986e-05   2.2751859e-05   1.6673324e-05   1.1528731e-05   8.6650425e-06   7.9355232e-06   6.4520127e-06   3.9182787e-06   2.9862472e-06   1.9304089e-06   1.1582878e-06   1.0178478e-06   6.4176726e-07   6.4932084e-07   2.9291357e-07   9.5563699e-08  -1.2687678e-07  -2.4055174e-07  -3.7767794e-08   2.4227822e-07   7.7483854e-08   1.9990831e-07
   0.0000000e+00   1.4220225e-05   2.2923667e-05   1.6531189e-05   1.1018180e-05   9.0019084e-06   8.2441456e-06   5.6142585e-06   3.8315211e-06   2.3586056e-06   1.6774350e-06   1.1341704e-06   5.8382568e-07   8.8420518e-07   6.0208805e-07   3.5345414e-07   2.1972549e-07   6.6689699e-07   6.7752410e-07   2.2170813e-07  -5.0483749e-08  -5.9069080e-08  -2.3254024e-07
   0.0000000e+00   1.3827759e-05   2.2893628e-05   1.5774160e-05   1.1251802e-05   8.8654997e-06   7.2307557e-06   5.9772392e-06   4.2051524e-06   2.4831334e-06   2.0451623e-06   1.3713773e-06   8.3813154e-07   5.8974877e-07   6.0886924e-07   4.6146428e-07   6.4113840e-07   5.2087199e-07   2.8042530e-07   2.2989585e-07   6.0137575e-07   4.1024470e-07  -5.8801657e-09
   0.0000000e+00   1.3531405e-05   2.2779239e-05   1.6223506e-05   1.1319348e-05   8.5438205e-06   7.9787824e-06   6.3472239e-06   3.6836109e-06   2.2505385e-06   1.5507368e-06   1.3393501e-06   1.3256716e-06   1.2935232e-06   1.0256467e-06   9.4825140e-07   6.4790379e-07   4.6754403e-07   3.3091177e-07   3.0174863e-07   1.2272899e-07   8.0103874e-08   8.2282696e-08
   0.0000000e+00   1.4205927e-05   2.2579592e-05   1.6283717e-05   1.0786273e-05   8.5053853e-06   7.9757729e-06   5.5141936e-06   3.5360579e-06   2.5965992e-06   1.9345300e-06   1.2454799e-06   1.1244741e-06   1.0309757e-06   7.6880758e-07   3.7773117e-07   2.6715384e-07   2.8473193e-07   1.4742184e-07   3.9903082e-07   3.8180320e-07   2.7867634e-07   4.6431447e-07
   0.0000000e+00   1.3477207e-05   2.2816688e-05   1.6050159e-05   1.1080929e-05   8.7805829e-06   7.6991391e-06   6.0463294e-06   3.6928066e-06   2.6048158e-06   1.7260027e-06   1.3284595e-06   1.0566540e-06   9.3946426e-07   6.7209982e-07   4.4127037e-07   5.1751630e-07   1.8432850e-07   2.0099050e-08  -1.8147790e-07  -1.8334197e-07  -1.7552472e-07  -1.7483121e-07
   0.0000000e+00   1.3745084e-05   2.2809825e-05   1.5985193e-05   1.1051887e-05   9.0596832e-06   7.3754513e-06   5.8518981e-06   4.0776190e-06   2.3761800e-06   2.0402713e-06   1.4114680e-06   9.2368100e-07   9.9143733e-07   9.2660133e-07   5.9812470e-07   6.1032398e-07   2.0133400e-07  -5.3620898e-08  -5.5718075e-08  -1.8384050e-07  -3.2140497e-07  -4.5513161e-07
   0.0000000e+00   1.4323886e-05   2.2435059e-05   1.5791689e-05   1.1204358e-05   8.0324971e-06   7.9219162e-06   6.0595285e-06   3.6343681e-06   2.3691730e-06   1.8693055e-06   1.0669542e-06   1.0149627e-06   1.0606459e-06   9.1244175e-07   7.4351146e-07   5.8377566e-07   1.8565635e-07   3.1700057e-07   3.2193381e-07   3.5046966e-07   4.5314984e-08  -4.4402086e-08
   0.0000000e+00   1.4217791e-05   2.2976843e-05   1.5945263e-05   1.0537471e-05   9.0224657e-06   8.4057929e-06   6.0945672e-06   3.4955021e-06   2.6488026e-06   1.8488547e-06   1.3296695e-06   1.8027223e-06   1.3645895e-06   8.3447657e-07   4.8955184e-07   8.4098417e-08   2.4294155e-07   1.3357499e-07   2.4452743e-07   4.8047035e-08   6.2464608e-08  -3.5098836e-07
   0.0000000e+00   1.3867402e-05   2.2706674e-05   1.6002705e-05   1.0887784e-05   8.8607621e-06   7.7285531e-06   5.7877755e-06   4.1032285e-06   2.4361348e-06   1.6955207e-06   1.6500736e-06   1.2768988e-06   1.0647922e-06   5.0674822e-07   3.4369702e-07  -3.6988656e-08  -1.6670904e-07  -2.8146766e-07  -4.6701686e-07  -2.5015993e-07  -4.6535075e-07  -6.4042740e-07
   0.0000000e+00   1.3732054e-05   2.2884955e-05   1.5758229e-05   1.1730124e-05   8.9557789e-06   7.9870561e-06   6.3797033e-06   4.0091254e-06   2.6819769e-06   1.7957764e-06   1.4981214e-06   7.8685844e-07   4.2474824e-07  -4.7445983e-08  -2.9150823e-07  -4.4194355e-08   7.5112228e-09  -1.4781220e-07  -1.2287819e-07  -4.8033070e-07  -5.6539494e-07  -2.6868204e-07
   0.0000000e+00   1.4243073e-05   2.3078808e-05   1.6380176e-05   1.1259922e-05   9.0276526e-06   8.1830976e-06   5.7802904e-06   3.8162652e-06   2.9109431e-06   2.1766300e-06   1.0129361e-06   7.3354857e-07   5.1138244e-07   2.4273169e-07   2.3708785e-07   3.6260917e-07   1.4259808e-07  -1.2394051e-08   2.2672670e-07   4.9012061e-07   5.4183369e-07   3.2599394e-07
   0.0000000e+00   1.4202602e-05   2.2578688e-05   1.6108050e-05   1.1258407e-05   8.7720127e-06   7.7490849e-06   6.0504626e-06   4.3095370e-06   3.2595244e-06   1.8170280e-06   1.1638840e-06   1.1745635e-06   1.0212406e-06   8.7151136e-07   7.7133774e-07   2.1727244e-07   6.9260395e-08   3.8040582e-07   3.5789071e-07   3.1512491e-07   1.6167967e-07   3.6734829e-07
   0.0000000e+00   1.3535675e-05   2.2593964e-05   1.5949905e-05   1.1383034e-05   9.1470802e-06   7.9085457e-06   6.5073737e-06   4.4256271e-06   2.5204124e-06   1.9786394e-06   1.7319112e-06   1.4353393e-06   7.7694614e-07   5.7486579e-07   1.5979624e-07   3.3931535e-08   3.2916421e-07   6.2351219e-08   1.7555777e-07   1.0228206e-07  -5.3754551e-08  -1.0507650e-07
   0.0000000e+00   1.3436883e-05   2.2603155e-05   1.6179214e-05   1.0793023e-05   8.6109139e-06   7.9720066e-06   5.9738368e-06   4.3566138e-06   2.5322900e-06   1.7920747e-06   1.8871673e-06   1.2661537e-06   1.1284533e-06   9.4936831e-07   7.4315398e-07   8.7829403e-07   8.4166004e-07   7.0771119e-07   5.9728063e-07   5.6156529e-07   2.5978935e-07   2.6147438e-07
   0.0000000e+00   1.4038824e-05   2.2813008e-05   1.5853073e-05   1.1128463e-05   8.5295314e-06   8.1023136e-06   6.1812680e-06   3.7919715e-06   3.0259971e-06   2.0592465e-06   1.2999390e-06   1.2940214e-06   1.1845528e-06   7.5765053e-07   4.5325132e-07   6.9937448e-07   1.5064334e-07   1.7094597e-07   1.4822004e-07   5.5394018e-08   4.3491008e-07   4.1999166e-07
   0.0000000e+00   1.3402894e-05   2.2078983e-05   1.5909813e-05   1.1133438e-05   8.9480491e-06   7.6250626e-06   6.3987231e-06   4.1073886e-06   2.1727658e-06   1.5833292e-06   1.3376559e-06   1.0716240e-06   4.9948807e-07   2.2455855e-07   5.5898278e-07   5.0172741e-07   5.2442516e-07   7.2426303e-07   5.3569403e-07   4.7280102e-07   5.1933348e-08  -3.1378909e-07
   0.0000000e+00   1.4026948e-05   2.2402206e-05   1.6085394e-05   1.1041605e-05   8.8555016e-06   8.0141335e-06   6.0996681e-06   3.8019245e-06   2.3286357e-06   1.5682180e-06   1.0973298e-06   6.7766916e-07   7.0311137e-07   9.4105627e-07   7.9949098e-07   4.3820540e-07   4.7434250e-07   3.1552298e-07   4.6011050e-07   2.8453715e-07   3.0277047e-07   3.5095019e-07
   0.0000000e+00   1.3311418e-05   2.3061264e-05   1.6094213e-05   1.0988780e-05   8.7702483e-06   7.9064030e-06   6.3350067e-06   3.8437192e-06   2.5340239e-06   1.7811320e-06   1.2934338e-06   8.8000706e-07   7.9623953e-07   8.8325874e-07   5.6597196e-07   1.5727123e-07   2.1820421e-07   2.3023769e-07   2.4457492e-07   3.5556872e-07   3.0022059e-07   5.3636904e-07
   0.0000000e+00   1.3770510e-05   2.2228862e-05   1.6077713e-05   1.1062634e-05   8.8231473e-06   8.3760006e-06   5.9324843e-06   3.6285528e-06   1.9942142e-06   1.2480713e-06   1.0913051e-06   1.0157050e-06   7.5307508e-07   8.5962870e-07   5.9015628e-07   4.2508731e-07   9.6135828e-08   8.3391562e-08   9.0444871e-08  -2.0597264e-08   3.9628614e-07   2.5449864e-07
   0.0000000e+00   1.3870194e-05   2.2481234e-05   1.5865084e-05   1.1313821e-05   8.7702820e-06   7.8029207e-06   6.0669313e-06   3.3734821e-06   2.1701765e-06   1.9271154e-06   1.1368704e-06   9.8395617e-07   1.3232132e-06   1.1404887e-06   9.3258973e-07   8.9049576e-07   8.3665458e-07   7.6939597e-07   4.7700416e-07   2.5454725e-07   1.4962538e-07   5.1928641e-08
   0.0000000e+00   1.3452733e-05   2.3270730e-05   1.5814476e-05   1.0754837e-05   9.4098650e-06   8.1019098e-06   5.8587689e-06   4.0315049e-06   2.7710828e-06   1.8825339e-06   1.9227955e-06   1.3571017e-06   1.1367922e-06   8.4565482e-07   7.4561882e-07   6.1177093e-07   5.6511703e-07   3.7371601e-07   4.1141570e-07   2.0785612e-07  -2.0723188e-07  -4.5683026e-07
   0.0000000e+00   1.4012576e-05   2.2144004e-05   1.5994985e-05   1.1402878e-05   8.6394057e-06   7.8406538e-06   6.0670691e-06   3.8946405e-06   2.6391460e-06   1.9683246e-06   1.4030610e-06   1.3293447e-06   1.1891681e-06   5.5318321e-07   4.7072101e-07   2.7339291e-07   2.0175331e-07   5.3178741e-07   8.4792390e-08   7.8095454e-08   2.1856422e-08   9.0886321e-09
   0.0000000e+00   1.3856660e-05   2.2683886e-05   1.6069407e-05   1.1045558e-05   8.5774063e-06   7.7288187e-06   5.8533651e-06   4.1710009e-06   2.6537678e-06   1.7792283e-06   1.3715670e-06   1.6233658e-06   1.1812284e-06   1.0000356e-06   6.7109391e-07   4.5621945e-07   4.3808888e-07   8.7576367e-08  -1.9889563e-09  -4.9700933e-08   4.6196654e-08   2.7748817e-08
   0.0000000e+00   1.4224903e-05   2.3080042e-05   1.6174801e-05   1.1087784e-05   8.8818824e-06   8.1757180e-06   6.7089559e-06   3.8128071e-06   2.4264591e-06   1.7455237e-06   1.4676104e-06   1.1247969e-06   8.1717349e-07   8.5946920e-07   8.8750340e-07   6.3496378e-07   2.4462702e-08   6.4469980e-08   4.5345462e-08  -2.2793454e-07  -6.3428487e-08  -4.1881611e-07
   0.0000000e+00   1.4156468e-05   2.3293609e-05   1.5801035e-05   1.0964620e-05   9.2825430e-06   8.3535606e-06   6.0697562e-06   4.1981502e-06   2.4076428e-06   1.6850312e-06   1.5125124e-06   9.8004307e-07   7.9957653e-07   5.5223182e-07   1.5396994e-07  -1.8909365e-07   3.8345732e-08  -2.6496304e-08   3.9022193e-08  -2.5685774e-08  -2.9585243e-07  -1.7059830e-07
   0.0000000e+00   1.3094358e-05   2.2342929e-05   1.6542632e-05   1.1665928e-05   8.7714825e-06   8.0751406e-06   6.3021203e-06   3.8185653e-06   2.8815032e-06   1.9516967e-06   1.2601923e-06   1.0016008e-06   8.6215584e-07   8.4674542e-07   3.9304194e-07   2.6829926e-07   2.0408854e-07   7.1272304e-08  -2.2670822e-07  -2.6419880e-07   5.0622642e-08  -7.2641747e-08
   0.0000000e+00   1.4818125e-05   2.2477578e-05   1.6221849e-05   1.1328376e-05   9.2103337e-06   8.2155384e-06   5.7618540e-06   4.0559353e-06   2.2441759e-06   1.4022374e-06   1.5607484e-06   1.4867084e-06   1.4527916e-06   1.1177153e-06   6.9550316e-07   3.0582768e-07   9.2920516e-08   2.1937839e-07  -1.0887308e-08  -1.8411681e-07  -4.0044472e-07  -1.1576938e-07
   0.0000000e+00   1.3268213e-05   2.3239427e-05   1.5924004e-05   1.1000866e-05   9.0232043e-06   7.9601832e-06   6.2275535e-06   3.6724668e-06   2.2379311e-06   1.9665888e-06   1.2068317e-06   1.4503109e-06   1.3971786e-06   7.1291743e-07   5.5722637e-07   5.2641059e-07   2.7605378e-07   9.8694564e-08   8.3244444e-08   1.8441899e-08   2.5503854e-07   4.4925571e-07
   0.0000000e+00   1.3741998e-05   2.2496031e-05   1.5852571e-05   1.1648727e-05   9.8013352e-06   7.9418542e-06   6.4018323e-06   3.7694631e-06   2.2863564e-06   1.9586478e-06   1.9435784e-06   1.4715139e-06   1.2757968e-06   5.5764968e-07   3.8923315e-07   9.6846563e-08   1.8764932e-07   5.3267621e-07   1.4868576e-07   4.3284132e-07   2.7426142e-07   1.7481590e-07
   0.0000000e+00   1.3923011e-05   2.2307993e-05   1.6554048e-05   1.1524685e-05   8.5378852e-06   8.5054853e-06   6.0560155e-06   3.8858561e-06   2.5874747e-06   1.3636289e-06   1.4780453e-06   1.5067062e-06   6.3895789e-07   7.5349919e-07   3.9606229e-07   2.3416383e-07   3.0098292e-07  -2.0731807e-08   1.1116305e-07   1.0134546e-07   2.7979542e-07   1.9100965e-07
   0.0000000e+00   1.3810155e-05   2.3228282e-05   1.5888983e-05   1.1062422e-05   8.8624929e-06   7.6681235e-06   5.5298233e-06   3.2271553e-06   2.0330899e-06   1.8481663e-06   1.4476630e-06   1.0353443e-06   1.0616218e-06   4.5669759e-07   6.7360965e-08  -3.8469162e-07  -2.7156102e-07  -1.4735818e-07   6.5716428e-08  -2.1558103e-07  -2.9132025e-07  -5.4220982e-07
   0.0000000e+00   1.3871746e-05   2.2289958e-05   1.6072934e-05   1.1370245e-05   9.2232649e-06   7.7881787e-06   5.6315812e-06   3.6024621e-06   2.6386429e-06   1.9965901e-06   1.1131874e-06   1.3010136e-06   8.2795350e-07   7.3336980e-07   1.8336976e-07   2.9000543e-07   3.6948185e-07   9.6354825e-08  -1.3632445e-07  -1.4837032e-07  -3.7401273e-07  -5.1164938e-07
   0.0000000e+00   1.3729264e-05   2.2817125e-05   1.5989865e-05   1.0472141e-05   8.4498588e-06   7.3724905e-06   5.8968399e-06   3.7382147e-06   2.2030868e-06   1.8196612e-06   1.5320401e-06   8.4726844e-07   4.2204664e-07   2.2697471e-08  -1.8221844e-09   1.2000140e-07   2.2426947e-07   5.1809423e-07   3.6213075e-07   2.3331559e-07   1.8263688e-07   3.9171869e-07
   0.0000000e+00   1.4464896e-05   2.2888556e-05   1.5591137e-05   1.1234471e-05   8.5192542e-06   7.5510220e-06   5.9343806e-06   4.2759857e-06   2.6952234e-06   1.7260124e-06   1.3930317e-06   8.4751326e-07   7.3661283e-07   4.6902670e-07   2.5255795e-07   2.5512281e-07   1.3035780e-07   9.8673517e-08  -4.8739231e-08   4.2214143e-08  -2.0115094e-07  -3.3087346e-07
   0.0000000e+00   1.3684988e-05   2.2285582e-05   1.6196285e-05   1.1200753e-05   8.5083584e-06   8.4176500e-06   6.1011501e-06   4.0735076e-06   3.1828056e-06   1.7684947e-06   1.5549368e-06   1.6127020e-06   1.3232399e-06   9.1013612e-07   1.0505681e-06   7.6674593e-07   6.7484399e-07   6.7300135e-07   9.2077187e-07   6.7163273e-07   5.3394206e-07   4.3241695e-07
   0.0000000e+00   1.3191700e-05   2.3457238e-05   1.5762564e-05   1.0799138e-05   8.5992624e-06   7.4749669e-06   6.2594272e-06   4.0305486e-06   1.9758390e-06   2.1004601e-06   1.4716713e-06   1.0157362e-06   7.9901383e-07   8.1944478e-07   4.7198122e-07   3.5282227e-07   4.4113244e-07   4.9995731e-07   3.7688653e-07   2.3985385e-07   1.1905517e-07   3.2101946e-07
   0.0000000e+00   1.4449994e-05   2.2156077e-05   1.6478307e-05   1.1133391e-05   8.6201135e-06   8.2221477e-06   6.1828000e-06   3.7952659e-06   2.7475951e-06   1.7996242e-06   1.4634744e-06   8.2434940e-07   8.5324649e-07   7.9070963e-07   4.2379574e-07   4.1161007e-07   4.9027102e-07   3.0420713e-07  -6.0975914e-08  -2.2210266e-07   2.7586361e-07   4.8171290e-07
   0.0000000e+00   1.4128869e-05   2.2785580e-05   1.5688751e-05   1.1186240e-05   9.2360769e-06   7.8913044e-06   5.4061848e-06   4.0472187e-06   2.7110971e-06   2.0714522e-06   1.5307811e-06   1.4422006e-06   1.1085899e-06   9.7785994e-07   1.0016662e-06   7.6844344e-07   7.5772704e-07   4.9503279e-07   1.0307640e-07   1.3341986e-07  -6.4987908e-08  -5.2719406e-07
   0.0000000e+00   1.3492302e-05   2.2802011e-05   1.5865611e-05   1.0979716e-05   8.6539703e-06   8.0549189e-06   6.2279387e-06   3.8913863e-06   2.7697754e-06   1.7743375e-06   1.5205305e-06   1.5742922e-06   1.4357498e-06   1.1824550e-06   6.1697693e-07   3.3810193e-07   2.8089426e-07   1.0683989e-07   3.2593019e-07   3.2338917e-07   6.7622395e-08   6.5362450e-08
   0.0000000e+00   1.3964821e-05   2.2699292e-05   1.6167784e-05   1.1064410e-05   8.5469683e-06   7.6736451e-06   6.3968696e-06   4.0356126e-06   2.0114542e-06   1.8049263e-06   1.7732975e-06   1.4278191e-06   1.1908735e-06   6.8714155e-07   2.6826314e-07   1.0053928e-07  -8.4005570e-08   3.7488419e-08   5.7627680e-08   1.9213503e-07   5.7245728e-08   6.3609180e-09
   0.0000000e+00   1.4591046e-05   2.2692928e-05   1.6066486e-05   1.1395181e-05   9.6597696e-06   7.4956934e-06   5.8455180e-06   3.7894483e-06   2.5959030e-06   2.6501964e-06   1.8919077e-06   1.0725963e-06   8.3102674e-07   5.6015341e-07   1.8119894e-07   2.1744791e-07   2.7711215e-07   2.5293909e-07   8.4993221e-09  -8.3167686e-09   1.8648011e-07   2.1191943e-07
   0.0000000e+00   1.3965745e-05   2.2819801e-05   1.6339336e-05   1.0975436e-05   8.3058458e-06   8.5664096e-06   5.8847913e-06   3.9294287e-06   2.9450459e-06   1.5243647e-06   1.1867676e-06   1.1878906e-06   1.0734577e-06   6.5936854e-07   4.8527176e-07   4.5150645e-07   3.0024401e-07   2.9201962e-07   2.3502915e-07   4.8399457e-08  -2.1374899e-07  -1.2611822e-07
   0.0000000e+00   1.4062720e-05   2.2887094e-05   1.6441340e-05   1.0886829e-05   8.8166580e-06   7.4253048e-06   6.2081103e-06   4.1928324e-06   2.4825802e-06   1.9971926e-06   1.3322440e-06   9.7232089e-07   8.6920102e-07   8.2223431e-07   6.7400822e-07   1.3238420e-07   1.5656096e-07   1.8284773e-07   5.9641927e-08  -2.0544674e-07   5.3961845e-08  -1.4552448e-07
   0.0000000e+00   1.3238259e-05   2.3000854e-05   1.5377900e-05   1.1417375e-05   8.6501741e-06   8.2254392e-06   6.1752148e-06   3.8537614e-06   2.3541068e-06   1.6512339e-06   9.7964141e-07   1.1661267e-06   9.2673116e-07   3.0202722e-07  -1.9844825e-07   2.1337125e-07   4.0187558e-07  -2.8027754e-08  -2.3272341e-07   1.3266335e-07   4.6102112e-08   8.4695550e-08
   0.0000000e+00   1.4453027e-05   2.1862646e-05   1.5585181e-05   1.0251698e-05   9.1216598e-06   7.8030043e-06   6.3848415e-06   3.9743900e-06   2.7769481e-06   1.6800449e-06   1.7922648e-06   1.1706636e-06   8.0021618e-07   4.1368381e-07   5.4188780e-07   5.8677199e-07   4.6401487e-07   4.7173438e-07   6.9130891e-07   3.1886739e-07   3.4193906e-07   2.8048376e-07
   0.0000000e+00   1.2938014e-05   2.3004206e-05   1.6157881e-05   1.0876557e-05   8.5882066e-06   7.9584997e-06   6.0815487e-06   3.9678416e-06   2.9423391e-06   2.7056683e-06   1.8940714e-06   1.4904068e-06   8.1324220e-07   3.2065222e-07   4.7574594e-07  -2.5132882e-08  -2.0379706e-07   4.3275165e-07   4.8255252e-08   9.9062980e-08  -2.2116105e-08  -1.1489119e-07
   0.0000000e+00   1.4192549e-05   2.2357501e-05   1.5490601e-05   1.1189146e-05   8.5522406e-06   8.0415884e-06   6.1907763e-06   4.2631104e-06   2.9082789e-06   1.9477725e-06   1.8033563e-06   1.1336081e-06   6.2138002e-07   3.9022299e-07   3.2154286e-08  -1.0658891e-07   3.0419724e-07  -6.7418789e-08  -5.6280410e-08   2.7182322e-08   1.0207865e-07  -1.3500619e-07
   0.0000000e+00   1.3856281e-05   2.2318940e-05   1.5125124e-05   1.1178993e-05   8.9203377e-06   7.3821407e-06   5.9357449e-06   4.3588807e-06   2.5496954e-06   2.0657130e-06   1.3748988e-06   1.0648945e-06   5.1798287e-07   6.1615587e-08   1.2728037e-07   3.4814235e-07   3.9944388e-07   2.6584053e-07  -1.6477436e-08  -6.3140256e-08  -3.4170938e-07  -5.9923957e-07
   0.0000000e+00   1.3731915e-05   2.2481399e-05   1.6561813e-05   1.0276616e-05   8.7042044e-06   8.1289181e-06   6.4789137e-06   3.8416470e-06   2.6153223e-06   2.0072475e-06   1.1075617e-06   8.4182068e-07   4.0351162e-07   5.3995393e-07   6.0907496e-07   5.6919845e-07   1.3991570e-07  -2.4823834e-07  -2.9938795e-07  -4.8980883e-07  -5.5637025e-07  -4.0976309e-07
   0.0000000e+00   1.3616134e-05   2.2606584e-05   1.5542193e-05   1.1359764e-05   8.6812743e-06   8.6132459e-06   5.9407525e-06   3.9960532e-06   2.7973765e-06   1.9606007e-06   1.3707136e-06   5.0454594e-07   2.9067749e-07   7.0020997e-07   5.6536635e-07   6.7587642e-08  -4.8111648e-08   1.1073500e-07   1.3005517e-07   9.6157272e-08   2.1185585e-07   1.7010287e-07
   0.0000000e+00   1.4072285e-05   2.2369915e-05   1.5864653e-05   1.1016507e-05   8.9580681e-06   7.2625835e-06   6.4416763e-06   3.8319204e-06   2.8967252e-06   1.7242095e-06   1.0091401e-06   8.9019642e-07   6.5839089e-07   3.0477889e-07   1.6979661e-07   3.0028917e-07   5.6007076e-07   3.3045319e-07   2.8769009e-07   6.3661940e-07   4.1829210e-07   3.1491928e-07
   0.0000000e+00   1.3880655e-05   2.2983028e-05   1.5677117e-05   1.1651705e-05   8.7170401e-06   8.3793939e-06   6.1754617e-06   4.4471994e-06   2.6838522e-06   1.5796078e-06   1.1711649e-06   8.5572884e-07   5.9464867e-07   9.6170072e-07   6.2761961e-07   4.6547902e-07   2.9006389e-07  -1.6342398e-08   1.0475701e-07  -1.2350185e-07  -2.1408681e-07  -3.1010200e-07
   0.0000000e+00   1.3725711e-05   2.1931346e-05   1.6802067e-05   1.0470490e-05   8.9774821e-06   7.6859505e-06   6.1601913e-06   3.8030771e-06   2.3576474e-06   1.6630779e-06   1.0957452e-06   1.2645745e-06   1.2769384e-06   6.1376710e-07   5.4105010e-07   3.7921072e-07   2.6047692e-07   5.9271338e-07   5.4980643e-07   3.3447884e-07   1.4380228e-07   1.6407834e-07
   0.0000000e+00   1.3456028e-05   2.3130115e-05   1.5477770e-05   1.1260945e-05   8.7262033e-06   8.8199176e-06   6.2619656e-06   4.2852862e-06   2.6376970e-06   1.6113261e-06   1.7484912e-06   9.8348653e-07   6.6580287e-07   1.0071517e-06   7.6360698e-07   9.1399971e-07   6.8738183e-07   3.7985467e-07   1.0830621e-07  -7.8763740e-08  -2.3996128e-07  -1.5797125e-08
   0.0000000e+00   1.4252331e-05   2.2464303e-05   1.5830270e-05   1.1763264e-05   9.2337032e-06   7.8663988e-06   6.1979872e-06   3.7719885e-06   2.4515996e-06   1.6206708e-06   1.2471972e-06   1.2882070e-06   1.1368345e-06   6.1824323e-07   5.6296284e-07   3.7847789e-07   6.3275257e-07   4.3471033e-07   3.6387724e-09   2.1736764e-07   3.0558905e-07   9.1406804e-08
   0.0000000e+00   1.2980571e-05   2.2550767e-05   1.5604108e-05   1.0634247e-05   9.1300162e-06   7.9217798e-06   6.2273043e-06   4.3803166e-06   2.4430378e-06   2.1551734e-06   1.5659703e-06   1.0109522e-06   7.0452518e-07   7.4202899e-07   8.0203404e-07   8.9733675e-07   4.9101004e-07   1.0728295e-07   4.9399569e-07   3.2886311e-07   1.5451666e-07   2.2818065e-07
   0.0000000e+00   1.3778798e-05   2.1818611e-05   1.6267502e-05   1.0931824e-05   8.7955150e-06   8.2608822e-06   6.5513900e-06   3.5308699e-06   2.7200124e-06   1.8607774e-06   1.4445972e-06   1.1957537e-06   1.0707886e-06   9.8806879e-07   8.5027841e-07   4.7444794e-07   5.0950803e-07   4.7581085e-07   4.0709415e-07   1.1693802e-07   1.0164572e-08   1.1557935e-07
   0.0000000e+00   1.3723244e-05   2.2736391e-05   1.5725622e-05   1.1376360e-05   9.1047323e-06   8.2746283e-06   5.8601931e-06   4.5151564e-06   2.9773664e-06   2.5195259e-06   1.6538651e-06   1.1558816e-06   1.2513044e-06   1.1231289e-06   7.5801535e-07   5.1115472e-07  -1.9990321e-07   1.3691496e-07   2.6241426e-07  -5.0940525e-08  -1.5677955e-07  -2.9270538e-07
   0.0000000e+00   1.3312053e-05   2.2185126e-05   1.5702008e-05   1.0971570e-05   8.8934548e-06   8.0033014e-06   6.6642738e-06   3.8561784e-06   2.8140382e-06   1.4585233e-06   1.7312938e-06   1.4056706e-06   1.1501379e-06   5.0608855e-07   4.3243995e-07   4.0828360e-07   6.7696419e-07   6.0617407e-07   2.2369316e-07   8.7712714e-08  -2.5150584e-09   1.7698991e-07
   0.0000000e+00   1.3338395e-05   2.2723831e-05   1.5832013e-05   1.1454159e-05   9.0629637e-06   8.6819236e-06   6.3904727e-06   4.2858032e-06   2.6075384e-06   2.0156335e-06   1.1204971e-06   1.1163481e-06   7.6156527e-07   8.2028407e-07   7.1414007e-07   6.3183501e-07   3.5891117e-07   2.9565334e-07   7.9995182e-08  -1.2443961e-07  -5.6977566e-08   1.1453284e-08
   0.0000000e+00   1.3892444e-05   2.2319575e-05   1.6529342e-05   1.0587911e-05   9.0829326e-06   7.8891653e-06   5.6394952e-06   3.6034419e-06   2.2183540e-06   1.4702022e-06   1.5509074e-06   9.2637356e-07   6.1910157e-07   2.9670133e-07   2.9365833e-07   6.8047406e-08   2.1793142e-07  -1.3378254e-07  -4.7444365e-07  -5.0343573e-07  -2.9450456e-07  -4.5042096e-08
   0.0000000e+00   1.3841787e-05   2.2471055e-05   1.4994846e-05   1.1771352e-05   8.4882049e-06   7.8704088e-06   6.2798986e-06   4.0211635e-06   2.2856566e-06   2.1376743e-06   1.3453769e-06   1.1433282e-06   1.1549311e-06   1.1176720e-06   7.9221502e-07   4.8349727e-07   1.7045002e-07  -1.9143674e-07  -2.6680382e-07  -1.0507088e-07   4.2392362e-08  -9.5713183e-08
   0.0000000e+00   1.3601467e-05   2.2628881e-05   1.6258673e-05   1.0586265e-05   9.0814883e-06   8.0806858e-06   5.6143581e-06   3.6350157e-06   2.8754644e-06   2.0501072e-06   1.6408951e-06   1.4644380e-06   1.2227562e-06   6.8125547e-07   6.9050026e-07   4.2385497e-07   1.2964992e-07   1.1630533e-08   3.7593966e-07   4.6839787e-07   2.7679019e-07   4.6671295e-07
   0.0000000e+00   1.3129204e-05   2.2599066e-05   1.6112652e-05   1.1635458e-05   9.2183591e-06   8.3492778e-06   6.1339383e-06   4.3536211e-06   3.2868220e-06   2.2308413e-06   1.4231994e-06   1.5062635e-06   6.9435850e-07   8.3320583e-07   5.9583391e-07   1.2193256e-07  -9.0323226e-08   4.1562441e-07   3.2955208e-07   2.8844019e-07   5.9270469e-08  -4.1086770e-07
   0.0000000e+00   1.4497603e-05   2.2409444e-05   1.5965674e-05   1.0968562e-05   9.3616318e-06   8.0616401e-06   6.7817073e-06   4.2180754e-06   2.9426519e-06   1.7261553e-06   1.7672985e-06   9.1949880e-07   8.7199061e-07   4.8457804e-07   4.6425183e-07   4.9104642e-07   7.2753079e-07   5.1231814e-07   3.3481155e-07  -1.1205673e-07  -2.9016337e-07  -3.7791995e-08
   0.0000000e+00   1.3301987e-05   2.2771683e-05   1.6564089e-05   1.2041945e-05   9.0309140e-06   8.4671601e-06   6.1944579e-06   4.2836041e-06   2.3497391e-06   2.5196205e-06   1.5172131e-06   1.1191623e-06   6.4073913e-07   8.5385409e-07   5.8868079e-07   3.3274023e-07   1.9240311e-07   2.7707316e-07   1.9811053e-07   1.9659984e-07   3.3805912e-07   2.8790743e-07
   0.0000000e+00   1.4328049e-05   2.2913526e-05   1.5804168e-05   1.1529713e-05   9.7473303e-06   7.9289875e-06   6.3522343e-06   4.0240475e-06   2.6885289e-06   1.7240649e-06   1.2921117e-06   1.2339450e-06   1.4282442e-06   8.3040362e-07   3.6157081e-07   3.8235251e-07   8.0427054e-07   4.5901655e-07   1.4160956e-07   9.7650044e-08  -1.5579597e-07   5.6702920e-08
   0.0000000e+00   1.3277042e-05   2.2483904e-05   1.6364826e-05   1.1422876e-05   8.5960555e-06   8.4625708e-06   5.7335415e-06   4.0952409e-06   2.7979368e-06   1.9122076e-06   1.1897930e-06   1.1953161e-06   1.0094843e-06   9.9231204e-07   8.7169275e-07   7.5786704e-07   2.2514872e-07  -7.1512616e-08  -2.2412441e-07  -4.8849405e-08   3.7915848e-07   4.1722035e-07
   0.0000000e+00   1.4860980e-05   2.2930250e-05   1.6349626e-05   1.1121614e-05   9.5485157e-06   7.4089462e-06   6.5572622e-06   3.8497578e-06   2.4273288e-06   1.2788038e-06   1.2621018e-06   7.4187011e-07   5.4013958e-07   6.0837590e-07   4.8065635e-07   4.2005118e-07   2.2105628e-07  -2.8767076e-07  -2.7547500e-07  -2.7009651e-07  -2.5513538e-07  -1.8996718e-07
   0.0000000e+00   1.3586766e-05   2.3295239e-05   1.6095712e-05   1.1473938e-05   8.2225906e-06   8.1358385e-06   6.0908928e-06   3.9426518e-06   2.5128256e-06   1.7274351e-06   1.1908808e-06   1.2429675e-06   9.8070268e-07   6.7861481e-07   5.0872683e-07   7.6694704e-08  -2.1822579e-07  -1.4153827e-08   2.1110002e-07   3.2521774e-07   5.0680279e-07   2.9737757e-07
   0.0000000e+00   1.4492507e-05   2.2630782e-05   1.6215887e-05   1.0995126e-05   9.3417684e-06   8.4202766e-06   6.0111925e-06   4.0373516e-06   2.4280916e-06   1.5664850e-06   1.5694433e-06   1.1438400e-06   1.0786314e-06   6.7082567e-07   2.4869442e-07  -8.5938368e-08  -2.1366790e-07  -1.6981893e-07   1.4892724e-07   6.6459438e-07   4.5094151e-07   4.0539376e-07
   0.0000000e+00   1.4074056e-05   2.2861374e-05   1.6283486e-05   1.1978360e-05   9.0328085e-06   8.4357289e-06   6.7954461e-06   4.3164500e-06   2.2858028e-06   1.9854449e-06   1.2390842e-06   1.3864800e-06   6.5882347e-07   4.9322824e-07  -4.3619846e-08  -8.7597209e-09   2.6689696e-07   3.1023254e-07   4.3696494e-07   1.1985239e-07  -6.4302434e-08  -1.3251096e-07
   0.0000000e+00   1.3890526e-05   2.2618668e-05   1.6657137e-05   1.1054157e-05   9.6598224e-06   8.0451509e-06   6.1532078e-06   3.6686033e-06   2.7540857e-06   1.7713927e-06   1.7418039e-06   6.6672237e-07   7.2585618e-07   3.1804905e-07   4.2813761e-07   6.3697280e-07   2.8607707e-07   2.1306984e-07  -9.6280255e-09  -1.6803449e-07  -1.5163958e-07  -5.0058628e-07
   0.0000000e+00   1.3577757e-05   2.2973676e-05   1.5758351e-05   1.1789789e-05   9.1536140e-06   8.7283079e-06   6.5689310e-06   4.1844178e-06   2.4692381e-06   1.8780681e-06   9.6793383e-07   6.5730882e-07   5.0715397e-07   4.6316043e-07   3.8691701e-07   2.2793061e-07   3.3802846e-07   5.2534180e-08  -9.9553361e-08   2.0383974e-08  -4.3091109e-08  -3.8729272e-07
   0.0000000e+00   1.4304386e-05   2.2675757e-05   1.6629978e-05   1.0868390e-05   9.0026042e-06   7.9563451e-06   6.0805150e-06   3.8662934e-06   2.5285142e-06   1.7982009e-06   1.3312711e-06   1.2812162e-06   1.1321719e-06   1.0224074e-06   5.0271404e-07   4.4918860e-07   2.6517361e-07   2.9992685e-07   4.4659126e-07   4.0952042e-07   1.8632556e-07   3.6446048e-07
   0.0000000e+00   1.4058125e-05   2.2813314e-05   1.5895308e-05   1.1337820e-05   9.0002759e-06   7.9875717e-06   5.8786422e-06   4.1918402e-06   2.7765163e-06   2.3332766e-06   1.5354893e-06   1.4013686e-06   1.3178443e-06   8.3417950e-07   8.8183083e-07   5.2329324e-07   1.6850713e-07   3.3648070e-07   2.7308843e-07   1.0965778e-07   6.3107555e-09  -2.5047148e-08
   0.0000000e+00   1.4270003e-05   2.2657538e-05   1.6401566e-05   1.1605907e-05   9.3539202e-06   7.9102865e-06   6.6487223e-06   3.7589814e-06   2.7026924e-06   1.8571557e-06   1.6047054e-06   1.7475367e-06   1.2668377e-06   6.5633219e-07   1.0719693e-07   2.6074281e-07   2.0700394e-07  -6.5357476e-08   1.0578356e-07   2.2165021e-07   1.8765608e-07   5.8463399e-08
   0.0000000e+00   1.3950666e-05   2.3692801e-05   1.6200018e-05   1.1668552e-05   8.8746920e-06   7.9333549e-06   6.2150489e-06   4.2233955e-06   2.4384694e-06   1.3796656e-06   1.2034726e-06   8.4768595e-07   7.2231495e-07   6.8852910e-07   6.7914920e-07   2.9064037e-07   3.1723783e-07   2.0611948e-07  -2.9020191e-07  -1.2176781e-07   1.2171697e-07   7.6226975e-08
   0.0000000e+00   1.4496505e-05   2.2815293e-05   1.6445612e-05   1.1133605e-05   9.0131161e-06   8.6342952e-06   6.6125608e-06   3.5646710e-06   2.6112414e-06   1.7671417e-06   1.4198135e-06   1.1752985e-06   9.5999508e-07   7.2349752e-07   6.3104250e-07   2.2657582e-07   3.3067291e-08  -2.2502596e-07  -4.5313385e-08   1.5227153e-07   1.3637104e-07   2.3615430e-08
   0.0000000e+00   1.3815542e-05   2.2731878e-05   1.5995773e-05   1.1471749e-05   9.1287302e-06   8.0666241e-06   5.4632924e-06   4.0514751e-06   2.5172062e-06   2.1240558e-06   1.6122933e-06   1.0468106e-06   7.1656268e-07   6.2289149e-07   1.0821319e-07   2.8553669e-07   1.2243682e-07   7.6223728e-08   4.5159669e-07   2.5229988e-07  -2.1386751e-07  -9.2044054e-08
   0.0000000e+00   1.4039589e-05   2.2453443e-05   1.6184009e-05   1.1273589e-05   8.8010484e-06   7.6063438e-06   6.1318133e-06   3.6139243e-06   2.1135374e-06   1.6199771e-06   1.5172476e-06   1.3204082e-06   1.1149186e-06   5.9941976e-07   5.9270747e-07   2.5469623e-07   3.6608478e-07   4.1046010e-07  -3.4536100e-08  -1.8473050e-07  -4.4281911e-09  -3.4099583e-07
   0.0000000e+00   1.3764044e-05   2.3196557e-05   1.6036216e-05   1.0934978e-05   8.7359558e-06   7.9163365e-06   5.6956683e-06   3.9450215e-06   2.8572174e-06   1.8040853e-06   1.1879415e-06   1.1141411e-06   7.1346165e-07   5.4928182e-07   2.0651862e-07   1.2864798e-07  -1.2464399e-07  -2.0339805e-07   1.6084182e-07   3.1886566e-07   6.4868132e-08   2.5470779e-08
   0.0000000e+00   1.3749862e-05   2.2239472e-05   1.6017921e-05   1.0952716e-05   8.6044565e-06   7.5473140e-06   6.0731763e-06   3.5696894e-06   2.3700766e-06   1.7179809e-06   1.2048542e-06   9.9011379e-07   8.6596805e-07   4.3827760e-07   2.8680938e-07   1.5844776e-08  -1.0908523e-08   2.4864758e-07   2.1861997e-08  -3.1823760e-07  -6.2807578e-07  -7.1335074e-07
   0.0000000e+00   1.3842552e-05   2.3028473e-05   1.5769616e-05   1.1275009e-05   8.5988522e-06   7.8055018e-06   5.7287411e-06   4.0353198e-06   2.8135696e-06   1.7566547e-06   1.2499191e-06   1.1627774e-06   8.3799233e-07   8.7734463e-07   4.4492546e-07   5.1342687e-07   5.5520997e-07   2.0230041e-07   1.1951705e-07   5.7832338e-08   5.2225314e-08   1.2153779e-07
