   0.0000000e+00   2.0664456e-05   3.1244806e-05   1.8354038e-05   1.1545697e-05   9.0604162e-06   8.1974813e-06   6.2005283e-06   4.1100243e-06   2.3642472e-06   1.7461837e-06   1.8872289e-06   6.5420414e-07  -1.8435098e-09  -1.9580209e-07   4.7048044e-07   5.6889132e-07   6.2360664e-07   6.8695755e-07   4.7814336e-07  -2.8421084e-07  -5.5451384e-08   4.4568475e-07
   0.0000000e+00   2.1056152e-05   3.1065836e-05   1.7320934e-05   1.1786689e-05   9.1582615e-06   8.2438019e-06   6.0261018e-06   3.8105638e-06   2.1621081e-06   1.5758983e-06   8.8731076e-07   7.5504778e-07   1.1325574e-06   1.2862901e-06   6.9296078e-07   6.5487876e-07   7.3764066e-09   1.0380743e-07  -1.8413714e-07   2.3364235e-07   7.7976591e-07   7.0202134e-07
   0.0000000e+00   2.0934609e-05   3.0866489e-05   1.8337048e-05   1.2052428e-05   9.1349166e-06   7.8561616e-06   6.0280618e-06   3.7110494e-06   2.6326861e-06   1.8465967e-06   1.4872215e-06   1.8006683e-06   1.3732702e-06   1.0076687e-06   7.0749093e-07  -4.2248186e-07  -2.8722789e-07  -2.8089262e-08   4.0110871e-07   4.8575254e-07   3.2620758e-07  -1.0100485e-07
   0.0000000e+00   2.0622403e-05   3.0877058e-05   1.7348226e-05   1.1626157e-05   8.6594355e-06   7.5462262e-06   6.5229406e-06   4.4449903e-06   2.7785807e-06   1.8524231e-06   1.8104381e-06   1.4149754e-06   1.0754286e-06   8.7752619e-07   5.2399918e-07   6.9649820e-07   1.0048803e-06   9.9859164e-07   1.5923676e-07   2.7200051e-07  -2.3910491e-07  -4.5003734e-10
   0.0000000e+00   2.0647065e-05   3.0245421e-05   1.7942230e-05   1.1256278e-05   9.2008167e-06   8.2715824e-06   6.7850083e-06   4.6878554e-06   2.5577995e-06   2.1069172e-06   1.7923289e-06   1.1542830e-06   6.4118660e-07   2.7377513e-07   3.5570602e-07  -3.7828151e-08  -2.6424834e-07  -6.5664193e-07   2.7999800e-08  -1.4498151e-08   1.4557864e-07  -2.4203374e-07
   0.0000000e+00   2.0945357e-05   3.0775293e-05   1.8345572e-05   1.1695991e-05   9.2287728e-06   8.3569821e-06   6.2066474e-06   3.9167758e-06   2.4531289e-06   1.7532352e-06   1.2210029e-06   1.1778517e-06   5.6338439e-07   5.7400564e-07   5.4839143e-07   6.4056303e-07   3.1953297e-07   4.8184273e-07   4.5994031e-07   3.2956578e-07  -3.3309981e-08   4.5697405e-07
   0.0000000e+00   2.0390735e-05   3.0236881e-05   1.7763592e-05   1.1247104e-05   8.4959765e-06   8.2632532e-06   6.2856784e-06   3.8179933e-06   2.7934668e-06   1.7530076e-06   1.4640685e-06   8.0559693e-07   8.8258849e-07   1.3155517e-06   5.3238836e-07  -3.1089303e-07  -8.4436557e-08   2.6166194e-07   4.9310227e-08  -2.6808684e-07   2.3067038e-08  -1.7821088e-07
   0.0000000e+00   1.9825151e-05   3.0908257e-05   1.7642142e-05   1.1626989e-05   9.0870672e-06   7.6008646e-06   6.2051190e-06   3.8924263e-06   2.5419254e-06   2.0011853e-06   1.3732565e-06   1.1396254e-06   1.0579827e-06   5.9341227e-07  -6.9298629e-09   3.1988733e-07   1.0928024e-07   4.3348962e-08   1.9773313e-07  -1.1401967e-07  -6.6929124e-07  -1.1278332e-06
   0.0000000e+00   2.0955318e-05   3.1087009e-05   1.8074974e-05   1.1685214e-05   9.5328023e-06   8.5107558e-06   6.8184249e-06   4.3894970e-06   2.6113519e-06   2.4852634e-06   1.5658385e-06   5.6424074e-07   3.1661330e-07   7.5740409e-08   2.5316336e-07  -9.0618371e-08  -1.3559766e-07  -6.1401821e-08  -5.3607306e-07  -2.4461448e-07  -4.8172609e-07  -1.0400168e-07
   0.0000000e+00   2.0592610e-05   3.0453270e-05   1.7535178e-05   1.1944942e-05   8.7343315e-06   8.2526676e-06   6.2066838e-06   3.7527459e-06   3.0384822e-06   2.0546179e-06   1.6438507e-06   1.4788975e-06   8.5835285e-07   9.7599218e-07   5.7087419e-07   2.7905875e-07   2.0644116e-07   5.8177551e-07   1.0578418e-06   5.3160039e-07   4.8681891e-08   3.9350675e-07
   0.0000000e+00   2.1056720e-05   3.0953666e-05   1.7837910e-05   1.2240343e-05   9.3763620e-06   8.1760063e-06   6.6483758e-06   4.2581246e-06   2.6851760e-06   1.9223996e-06   9.8736552e-07   4.1425284e-07   7.6419275e-07   4.5848103e-07   3.1260605e-08   1.2722320e-07   1.0480392e-06   1.1559497e-06   7.2732485e-07   2.8250585e-07   8.5978337e-07   1.0678746e-06
   0.0000000e+00   2.0509704e-05   3.1104672e-05   1.8538682e-05   1.2099181e-05   9.6643089e-06   8.7781336e-06   6.6587104e-06   4.2281013e-06   3.2264807e-06   2.0536252e-06   1.5736437e-06   1.9922275e-06   1.7643285e-06   7.9783337e-07   5.1478099e-07   5.8334848e-07   5.7936342e-07   3.7225749e-07  -2.4511008e-08   1.0835148e-07   3.1742644e-07   2.0797805e-07
   0.0000000e+00   2.0741576e-05   3.1377123e-05   1.8837671e-05   1.2379661e-05   1.0021070e-05   8.4064859e-06   5.6174217e-06   3.8407456e-06   2.2678337e-06   1.3821533e-06   1.1598584e-06   1.3130426e-06   1.0599431e-06   1.0063740e-06   7.7349870e-07   3.0921919e-07  -6.8897023e-08  -5.6141653e-07  -2.3339400e-07  -7.0953405e-07  -7.5561013e-07  -1.0342443e-06
   0.0000000e+00   2.0941903e-05   3.0911324e-05   1.8809771e-05   1.2232577e-05   9.5064479e-06   8.6749296e-06   6.3037182e-06   4.1009253e-06   2.3370717e-06   1.3292417e-06   1.6510385e-06   1.2030371e-06   6.0152934e-07   1.8441470e-07   1.6443714e-07   4.5134485e-07   4.4014664e-07   6.1265280e-07  -1.8942691e-07   3.7171986e-07   1.4510856e-07   3.3594040e-07
   0.0000000e+00   2.1868629e-05   3.1558760e-05   1.8404320e-05   1.2357342e-05   8.9224659e-06   8.0517984e-06   6.2012568e-06   3.7543523e-06   2.3413243e-06   2.2448403e-06   1.1830617e-06   1.7678369e-07   1.5299943e-07   3.4897562e-07   3.0512194e-07   2.7470139e-07  -2.0364831e-07  -7.8028251e-07  -3.8125521e-07  -3.8041179e-07   1.2784041e-07   5.0979455e-08
   0.0000000e+00   2.0852685e-05   3.1576525e-05   1.8736280e-05   1.2379713e-05   8.8716542e-06   8.3177010e-06   6.9145526e-06   4.0463055e-06   2.8200811e-06   2.0395946e-06   1.2720193e-06   6.9650463e-07   7.6918928e-07   9.8880219e-07   9.0914239e-07   3.5410073e-07   1.1830249e-07   7.7077470e-07   9.5120402e-07   1.0318560e-06  -9.0260478e-08  -3.8963613e-08
   0.0000000e+00   2.1538157e-05   3.0877105e-05   1.8579814e-05   1.2051627e-05   9.8506771e-06   8.3741106e-06   5.6036088e-06   2.6493367e-06   2.2155245e-06   1.5470345e-06   1.1749019e-06   1.0310780e-06   9.4310576e-07   4.4449007e-07  -3.8804683e-07  -3.8701427e-07   6.8644567e-07   8.2817388e-07   4.1927612e-07  -3.3862676e-07   7.8657415e-08   4.9302281e-07
   0.0000000e+00   2.1309865e-05   3.1353025e-05   1.8628474e-05   1.2147232e-05   8.9730038e-06   8.0173004e-06   5.9239069e-06   3.7905097e-06   2.5430156e-06   1.4730400e-06   4.0592161e-07   8.1651365e-07   9.3050795e-07   5.8906721e-07  -2.6211412e-08   2.7299254e-07   3.3699109e-07   3.5663891e-07  -3.5720635e-08  -1.2526245e-07   2.0029847e-09   2.6854980e-08
   0.0000000e+00   2.0862646e-05   3.1445972e-05   1.8628016e-05   1.1602076e-05   8.6210039e-06   8.1408616e-06   5.4314123e-06   3.9196284e-06   2.3821885e-06   1.7306803e-06   1.2887168e-06   1.0080977e-06   8.1099984e-07   4.5483660e-07   3.5339414e-07   4.7768549e-07   5.3995848e-07  -1.0643080e-07   2.9144672e-07   1.3657544e-07   6.0128406e-07   4.6839128e-07
   0.0000000e+00   2.0269666e-05   3.1685777e-05   1.7741495e-05   1.1636062e-05   9.0293870e-06   7.6206366e-06   5.3067056e-06   4.4191597e-06   2.8464776e-06   1.7310246e-06   1.1386957e-06   8.1448638e-07   1.2567926e-06   3.2323578e-07   1.6295095e-07   4.1509003e-07   3.9495603e-07   4.3236054e-07   3.5053989e-09   3.9154486e-07   1.8616109e-07  -7.1889502e-08
   0.0000000e+00   2.1060405e-05   3.0389052e-05   1.8270872e-05   1.1198418e-05   9.1943630e-06   8.2854767e-06   6.5330323e-06   3.9139477e-06   2.2030217e-06   1.3960553e-06   9.7114128e-07   1.7493059e-06   1.1665630e-06   9.8581074e-07   4.7031745e-07   2.2980903e-07  -6.3382274e-08  -4.7477652e-08   2.1519330e-07   3.8312226e-07   6.0472479e-07   9.4915657e-07
   0.0000000e+00   2.1315529e-05   3.0888146e-05   1.7631024e-05   1.1244269e-05   8.9998794e-06   7.9159181e-06   6.2775744e-06   3.8549856e-06   2.4268334e-06   2.1597232e-06   2.3715575e-06   1.6758544e-06   9.2968145e-07   8.6525404e-07   1.0096034e-06   1.3262787e-06   9.2031974e-07   4.8991654e-07   5.3551793e-07   3.8264170e-07   3.9220788e-07  -1.0654120e-07
   0.0000000e+00   2.0665353e-05   3.1406176e-05   1.7814915e-05   1.1382592e-05   8.9570676e-06   7.6542710e-06   5.3704321e-06   3.2514711e-06   2.5803572e-06   2.1219157e-06   1.1139198e-06   9.0411510e-07   8.3244538e-07   2.2924158e-07   1.2218666e-07  -1.8514347e-08   2.5281247e-07   6.0048797e-07   7.7297318e-07   7.1516178e-07   2.1051434e-07  -5.3732794e-08
   0.0000000e+00   2.1232992e-05   3.0748284e-05   1.7648365e-05   1.1523359e-05   8.6614136e-06   7.9672855e-06   6.3667731e-06   4.0571849e-06   2.7510348e-06   1.8178586e-06   1.1739600e-06   1.2236161e-06   1.4087966e-06   9.0382264e-07   6.3952365e-07   5.1954402e-07   6.2778372e-07   1.0041521e-06   1.0811970e-06   6.5638369e-07  -4.6658531e-08  -4.4107051e-07
   0.0000000e+00   2.0943189e-05   3.0167845e-05   1.7909557e-05   1.1700793e-05   9.6027052e-06   7.7188452e-06   5.4243237e-06   3.9764072e-06   3.0027434e-06   2.1463572e-06   1.5323806e-06   1.2377831e-06   1.1132131e-06   9.9914462e-07   7.6839433e-07   7.2971437e-07   7.7100117e-07   3.7584249e-07   1.1594992e-07  -6.3154386e-07  -7.7535771e-07  -4.5480866e-07
   0.0000000e+00   1.9671019e-05   3.0573017e-05   1.8519040e-05   1.2253892e-05   9.0775566e-06   7.9552219e-06   6.0141265e-06   3.9883166e-06   2.3945317e-06   1.8773961e-06   2.2179624e-06   1.8201524e-06   1.3672840e-06   9.6309111e-07   7.1283466e-07   3.0901049e-07   2.9840816e-08   8.9977483e-08   1.6299485e-07  -2.3244890e-07   1.5174689e-07   2.2034932e-07
   0.0000000e+00   2.0599211e-05   3.1205527e-05   1.7972594e-05   1.1849963e-05   9.1025468e-06   7.6408651e-06   6.2280055e-06   4.0759501e-06   2.5289198e-06   1.5190680e-06   8.2369269e-07   5.1535812e-07   5.2997501e-07   1.8664763e-07  -9.1526729e-08   4.8431667e-07   8.2282867e-07   6.6474206e-07  -1.2095042e-07  -3.7683844e-07  -5.1288407e-07  -9.1510111e-07
   0.0000000e+00   2.0625132e-05   3.0813182e-05   1.8194782e-05   1.1810044e-05   8.4798339e-06   8.0816753e-06   6.5472291e-06   3.9925326e-06   2.5729171e-06   1.5415577e-06   8.7738351e-07   7.2795757e-07   2.3012794e-07   1.0532744e-07   1.7108920e-07   4.8353485e-07   6.6455122e-08   1.9473788e-08   6.1487881e-08   2.4319553e-07   4.8729248e-07   5.1488979e-07
   0.0000000e+00   2.0991021e-05   3.0704643e-05   1.8201607e-05   1.1427599e-05   9.0025223e-06   7.8417788e-06   6.0045986e-06   3.9169154e-06   2.3671960e-06   1.7994984e-06   1.0149207e-06   1.1021930e-06   1.4766939e-06   5.9179581e-07   4.2609668e-07  -1.9568989e-07  -1.8465339e-09   5.7336314e-07   1.5472810e-07   4.0243853e-07  -1.8621401e-07   5.0454662e-07
   0.0000000e+00   2.0137002e-05   3.0889631e-05   1.7842811e-05   1.1750072e-05   9.0353051e-06   8.5147831e-06   5.9807981e-06   3.6810632e-06   3.0847555e-06   2.2355521e-06   1.6643592e-06   1.2504871e-06   6.2540710e-07   1.0889621e-06   1.1738940e-06   5.9364271e-07   5.2908155e-07   7.1942353e-08  -1.9219169e-07  -4.8481024e-09   5.3242127e-07   3.5675407e-07
   0.0000000e+00   2.0951733e-05   3.1324835e-05   1.7512630e-05   1.1298671e-05   9.4891593e-06   8.3809209e-06   6.0851030e-06   3.7625402e-06   2.3312891e-06   1.4908829e-06   1.1761398e-06   8.8203518e-07   6.4614164e-07   5.6933408e-07   3.3832984e-07   7.0269607e-07   3.6595836e-07  -2.0777516e-07  -1.0156037e-07  -2.3241390e-07  -1.1298858e-07   1.4184063e-07
   0.0000000e+00   2.1039423e-05   3.0153249e-05   1.8152923e-05   1.1850419e-05   9.4748630e-06   8.4846515e-06   6.1994915e-06   4.2268121e-06   2.6244227e-06   1.5275240e-06   8.6417384e-07   1.0309805e-06   1.5644364e-06   1.4066884e-06   1.2011863e-06   4.5183140e-07   3.3364341e-07   6.7682623e-07   6.7342904e-07   8.4314138e-07   6.0898748e-07  -3.2933713e-07
   0.0000000e+00   2.0369071e-05   3.0781168e-05   1.8352239e-05   1.2000082e-05   9.3050139e-06   7.7983177e-06   6.0256871e-06   4.5091615e-06   2.6271600e-06   2.1990611e-06   2.2806489e-06   1.9708511e-06   2.3186244e-06   1.4578512e-06   6.4235741e-07   3.3383770e-07   7.0365712e-07   3.2896966e-07   5.3402511e-07   1.3689602e-07   3.1876584e-07   8.8342728e-07
   0.0000000e+00   2.0599173e-05   3.0929936e-05   1.8356648e-05   1.2252971e-05   9.6931590e-06   7.9607698e-06   6.4111555e-06   3.8762546e-06   2.6527150e-06   2.0019465e-06   1.6179243e-06   1.6783366e-06   1.2646152e-06   7.7782943e-07   2.6208099e-07   5.7813759e-07   4.1263363e-07   9.9491251e-07   5.9378209e-07   5.4582836e-07   5.8954299e-07   4.6122153e-08
   0.0000000e+00   2.0261614e-05   3.0924064e-05   1.8095194e-05   1.2142744e-05   9.2947957e-06   7.9457132e-06   6.0042894e-06   3.5496794e-06   2.3508417e-06   2.2385912e-06   1.7061063e-06   1.0941764e-06   5.8112107e-07   4.8261234e-07   9.7645022e-07   5.9229797e-07   3.8381037e-07   2.7095464e-07   2.8376878e-08  -1.9612214e-07   6.7493473e-09  -3.7458878e-07
   0.0000000e+00   2.0561707e-05   3.1189484e-05   1.9015732e-05   1.2301422e-05   8.9302575e-06   7.9653428e-06   6.4559772e-06   4.0493105e-06   2.9998441e-06   1.9311617e-06   1.0873854e-06   1.0606988e-06   6.8134443e-07   6.0360395e-07   1.7328406e-07  -2.7740356e-07  -2.3783534e-07  -4.7861988e-07  -2.2663242e-07   2.6850560e-07   1.5926966e-07   4.1221185e-07
   0.0000000e+00   2.1456775e-05   3.1555581e-05   1.8695726e-05   1.1849487e-05   9.2037480e-06   8.4242511e-06   5.7377542e-06   3.9670226e-06   2.4371309e-06   1.6994630e-06   1.0448970e-06   3.5823200e-07   6.4625846e-07   6.7313204e-07   3.6631141e-07   2.2371624e-07   8.6166779e-07   9.3111652e-07   2.1618027e-07  -6.5929100e-08  -6.5179911e-08  -6.0505306e-07
   0.0000000e+00   2.0868350e-05   3.1309923e-05   1.7986264e-05   1.1837332e-05   8.9641753e-06   7.1683635e-06   6.1782330e-06   4.2184606e-06   2.6050616e-06   2.0882646e-06   1.3631234e-06   7.9855823e-07   5.3701126e-07   5.3831627e-07   2.3131398e-07   7.0382714e-07   6.6051552e-07   3.4040431e-07   1.2336463e-07   8.7005515e-07   5.1322496e-07   8.1588546e-08
   0.0000000e+00   2.0375646e-05   3.1146086e-05   1.8380379e-05   1.1735818e-05   8.7240860e-06   8.2993765e-06   6.3440393e-06   3.6539118e-06   2.2391262e-06   1.4840158e-06   1.4046643e-06   1.3590612e-06   1.4640416e-06   1.3474674e-06   1.2187080e-06   9.2407925e-07   4.2380088e-07   2.0588018e-07   4.8523259e-07   6.3852198e-08   9.6147632e-09  -9.4302926e-08
   0.0000000e+00   2.1141033e-05   3.0697058e-05   1.8532617e-05   1.1546110e-05   8.8715724e-06   8.0232021e-06   5.6321464e-06   3.7181437e-06   2.4433452e-06   1.9402264e-06   1.2184755e-06   1.2606330e-06   1.1217003e-06   7.6108154e-07   1.0141890e-07   1.3162020e-07   3.5751401e-07   1.4328126e-07   4.6948611e-07   5.4713865e-07   3.8122579e-07   7.4840341e-07
   0.0000000e+00   2.0343537e-05   3.1124146e-05   1.8278010e-05   1.1726209e-05   8.7658836e-06   7.5981875e-06   6.0130646e-06   3.6339377e-06   2.6720206e-06   1.8738652e-06   1.2996696e-06   8.4872863e-07   1.0488275e-06   6.1581773e-07   4.5721069e-07   5.9133703e-07   8.4538875e-08   3.8525702e-08  -3.7405957e-07  -3.0264977e-07  -2.5394047e-07  -1.5786965e-07
   0.0000000e+00   2.0839199e-05   3.1263924e-05   1.8114441e-05   1.1619853e-05   9.3831468e-06   7.5410367e-06   6.0276989e-06   4.0055606e-06   2.5893753e-06   2.3364469e-06   1.3598000e-06   8.2638041e-07   1.0865168e-06   8.8413714e-07   7.2418698e-07   7.5608148e-07   1.9640873e-07  -1.9561934e-07  -1.6053909e-07  -1.9833902e-07  -4.6308935e-07  -6.1808430e-07
   0.0000000e+00   2.1572305e-05   3.0723702e-05   1.7833052e-05   1.1859064e-05   8.2369843e-06   8.0726413e-06   6.2612953e-06   3.7817117e-06   2.1742142e-06   1.6886671e-06   8.2749568e-07   9.7886550e-07   1.0891312e-06   1.0514788e-06   8.2602753e-07   7.3375844e-07   1.5352174e-07   3.7179765e-07   5.3835799e-07   5.6401882e-07   8.7853927e-08   2.8637400e-08
   0.0000000e+00   2.1320991e-05   3.1269625e-05   1.7884102e-05   1.0858326e-05   9.0529047e-06   8.5965949e-06   5.9756048e-06   3.3726151e-06   2.7353726e-06   2.0874083e-06   1.4960382e-06   2.0916541e-06   1.5954311e-06   9.8398675e-07   5.3100035e-07  -6.7530465e-08   3.0820127e-07   1.7849986e-07   3.6058134e-07   1.1562827e-07   1.7792985e-07  -4.1997930e-07
   0.0000000e+00   2.0940559e-05   3.1129090e-05   1.7969052e-05   1.1363931e-05   9.1630845e-06   8.1106318e-06   6.0404527e-06   4.2171055e-06   2.3389077e-06   1.4684751e-06   1.4994141e-06   1.6120755e-06   1.3231422e-06   5.0194654e-07   2.6084379e-07  -1.6077509e-07  -1.8800745e-07  -5.2620510e-07  -6.7722971e-07  -3.0874008e-07  -6.2377802e-07  -8.3435731e-07
   0.0000000e+00   2.0797352e-05   3.1333271e-05   1.7866554e-05   1.2640373e-05   9.2767750e-06   8.2410806e-06   6.5094000e-06   3.9949500e-06   2.8835416e-06   2.0317800e-06   1.5509052e-06   7.5256571e-07   1.6039665e-07  -5.2341926e-07  -6.1115009e-07   2.3952195e-08  -1.9043925e-07  -1.4321382e-07  -8.1862687e-08  -8.1213307e-07  -8.2511821e-07  -4.2731776e-07
   0.0000000e+00   2.1221787e-05   3.1597519e-05   1.8630066e-05   1.2172067e-05   9.4034840e-06   8.1385106e-06   5.6989925e-06   3.8289982e-06   3.0718602e-06   2.2646227e-06   9.1405076e-07   3.7245115e-07   2.6076748e-07   2.4987983e-07   2.4990524e-07   3.5390750e-07   1.6725934e-07   5.8178000e-09   2.2367770e-07   7.0249456e-07   8.5305118e-07   5.0529064e-07
   0.0000000e+00   2.1101670e-05   3.0955460e-05   1.8208331e-05   1.1980105e-05   9.1838810e-06   7.6891856e-06   6.0372577e-06   4.5985544e-06   3.6077890e-06   1.7218048e-06   1.1245019e-06   1.2826645e-06   1.2241613e-06   1.0319827e-06   1.0305903e-06   2.2318399e-07  -1.1291196e-08   4.8168613e-07   3.6776095e-07   4.8450028e-07   1.9596108e-07   3.4698749e-07
   0.0000000e+00   2.0590360e-05   3.0887677e-05   1.8115101e-05   1.1990669e-05   9.2916116e-06   8.2126253e-06   6.7142241e-06   4.8002962e-06   2.6893842e-06   1.9802706e-06   1.8299249e-06   1.4914275e-06   9.6147346e-07   3.5857173e-07  -1.5134646e-07  -1.9187263e-07   2.8036490e-07  -1.1298287e-07   1.8429066e-07   1.5352754e-08  -2.5687808e-07  -1.7209732e-07
   0.0000000e+00   2.0348736e-05   3.0849729e-05   1.8251578e-05   1.1317962e-05   8.6915525e-06   8.0306418e-06   6.1389023e-06   4.5282354e-06   2.3814951e-06   1.6735514e-06   2.0981233e-06   1.5440739e-06   1.0106253e-06   1.0755867e-06   1.0384429e-06   1.0975903e-06   1.1962310e-06   9.8419287e-07   7.8238963e-07   7.5697926e-07   2.5777217e-07   3.9260584e-07
   0.0000000e+00   2.0944750e-05   3.0938638e-05   1.7992221e-05   1.1804734e-05   8.7184799e-06   8.2972529e-06   6.3127532e-06   3.6962454e-06   3.1785016e-06   2.3105067e-06   1.3900573e-06   1.3756911e-06   1.3407795e-06   8.5758302e-07   3.3633063e-07   8.0050893e-07  -2.5451110e-08  -5.0921184e-08  -5.8125149e-08  -3.3679470e-09   6.0724767e-07   5.4910555e-07
   0.0000000e+00   2.0252943e-05   3.0223657e-05   1.8023016e-05   1.1731733e-05   9.0755548e-06   7.6196879e-06   6.5233698e-06   4.4038920e-06   2.1295032e-06   1.4273155e-06   1.2467964e-06   1.0891628e-06   1.9270327e-07   8.3071683e-08   4.0879885e-07   4.0786455e-07   7.7118221e-07   9.2501909e-07   7.0862961e-07   6.1918439e-07  -7.8586204e-08  -5.7851747e-07
   0.0000000e+00   2.1042988e-05   3.0622352e-05   1.8364864e-05   1.1616194e-05   9.2780047e-06   8.0978389e-06   6.4490987e-06   3.8125570e-06   2.1446044e-06   1.4490956e-06   9.7671659e-07   4.2868160e-07   7.3164813e-07   9.4843341e-07   1.0543583e-06   6.0630765e-07   4.5528444e-07   1.6695184e-07   6.7914561e-07   2.2843352e-07   2.7538195e-07   5.5647109e-07
   0.0000000e+00   2.0382329e-05   3.1485637e-05   1.8368262e-05   1.1518034e-05   9.0162193e-06   7.9868096e-06   6.6337079e-06   3.9075212e-06   2.7569240e-06   1.8523174e-06   1.4536748e-06   9.3447699e-07   7.4939203e-07   9.8348505e-07   5.1391623e-07   6.3535377e-09   7.3676169e-08   2.4177777e-07   3.2326756e-07   3.4390868e-07   3.4273629e-07   7.5898373e-07
   0.0000000e+00   2.0716177e-05   3.0459745e-05   1.8134546e-05   1.1697878e-05   8.9715595e-06   8.6183727e-06   6.0063180e-06   3.4092095e-06   1.7804920e-06   1.0199017e-06   9.9992451e-07   7.1435107e-07   6.6952492e-07   9.7164525e-07   6.5899371e-07   2.6312253e-07  -1.0605541e-07   2.2090752e-08  -1.4182923e-07  -1.7789687e-07   6.6424354e-07   2.8459851e-07
   0.0000000e+00   2.0691290e-05   3.0823532e-05   1.8000053e-05   1.1834676e-05   9.0645408e-06   8.3580735e-06   6.1429078e-06   3.2297119e-06   1.9279048e-06   1.9380129e-06   9.5901862e-07   9.9394936e-07   1.4401638e-06   1.4052445e-06   1.0501167e-06   1.1890048e-06   1.1325254e-06   1.1071396e-06   5.0403384e-07   3.4504885e-07   2.4946542e-07   4.7463161e-08
   0.0000000e+00   2.0368745e-05   3.1553584e-05   1.7844908e-05   1.1596923e-05   9.7105822e-06   8.2602019e-06   5.8582082e-06   4.2535644e-06   2.9847913e-06   2.1038193e-06   2.2238330e-06   1.5171730e-06   1.4238019e-06   6.5272150e-07   7.7019268e-07   6.8668965e-07   5.8539496e-07   3.3586545e-07   6.5161953e-07   2.5281201e-07  -4.2544556e-07  -6.3531292e-07
   0.0000000e+00   2.1084003e-05   3.0582214e-05   1.7966877e-05   1.2001686e-05   9.0785215e-06   7.6113561e-06   5.9932618e-06   3.9456049e-06   2.7715860e-06   2.0674515e-06   1.2669177e-06   1.3992874e-06   1.1027166e-06   5.3029356e-07   3.0485296e-07   1.8281668e-07   4.7071875e-08   7.1851906e-07   9.1024070e-08  -2.0583368e-08   2.8399439e-08   1.8555232e-07
   0.0000000e+00   2.1112899e-05   3.0983298e-05   1.8097528e-05   1.1457732e-05   8.7808303e-06   7.7619234e-06   6.0657403e-06   4.4398253e-06   2.5613508e-06   1.7181726e-06   1.3706043e-06   1.9198942e-06   1.3464253e-06   1.0912984e-06   7.3572346e-07   5.5914336e-07   5.5795334e-07  -3.1066904e-08  -1.5547884e-07   5.9390985e-08   1.4729885e-07  -2.2733730e-09
   0.0000000e+00   2.1298762e-05   3.1514373e-05   1.8366358e-05   1.1636425e-05   8.9327214e-06   8.4329795e-06   6.9605276e-06   3.8007840e-06   2.5842107e-06   1.5688489e-06   1.5200675e-06   1.1653574e-06   6.9000163e-07   1.0708900e-06   1.1336049e-06   6.5202039e-07   6.4978742e-08   4.1853966e-08   9.5535988e-08  -3.9520413e-07  -2.9541514e-08  -5.9543731e-07
   0.0000000e+00   2.1163391e-05   3.1793410e-05   1.8145003e-05   1.1714467e-05   9.4350789e-06   8.7592007e-06   6.3266384e-06   4.2810329e-06   2.2382840e-06   1.6852413e-06   1.5596233e-06   7.3900964e-07   8.3603447e-07   2.7239903e-07   1.2443938e-07  -5.2918665e-07  -1.6773640e-07   3.1311643e-08   3.4467469e-08  -2.3566107e-08  -3.8948809e-07  -2.2965487e-07
   0.0000000e+00   2.0123729e-05   3.0721862e-05   1.8706134e-05   1.2370603e-05   9.1242482e-06   8.4293442e-06   6.4959449e-06   3.9799015e-06   3.0536087e-06   2.1220012e-06   1.2623119e-06   9.3413348e-07   7.9002280e-07   8.7424854e-07   2.4516169e-07   3.8958154e-07   2.8338309e-07   1.4107517e-10  -3.0520721e-07  -4.1826152e-07   1.2218337e-07   7.7679605e-09
   0.0000000e+00   2.1713708e-05   3.0642186e-05   1.8254035e-05   1.1973522e-05   9.7674201e-06   8.1637063e-06   5.5105616e-06   4.1059088e-06   2.3157356e-06   1.2464125e-06   1.5519335e-06   1.6016571e-06   1.8143811e-06   1.4374543e-06   9.0314677e-07   1.8079579e-07  -6.6254906e-08   3.6961049e-07  -5.5225069e-08  -1.8955261e-07  -6.4237622e-07  -3.0370106e-07
   0.0000000e+00   2.0260231e-05   3.1589367e-05   1.7917042e-05   1.1651379e-05   9.2981218e-06   8.0763230e-06   6.3435996e-06   3.5647483e-06   1.9250824e-06   1.7297721e-06   1.1384800e-06   1.6466968e-06   1.5409321e-06   7.2880607e-07   4.0948578e-07   7.6456314e-07   4.2062189e-07   2.2681792e-08  -1.6110397e-08  -9.3994252e-08   4.1019209e-07   6.8567726e-07
   0.0000000e+00   2.0609366e-05   3.0642936e-05   1.8117613e-05   1.2354541e-05   1.0246032e-05   8.3278164e-06   6.9414968e-06   3.9615325e-06   2.3682928e-06   2.1708927e-06   2.2562560e-06   1.7969722e-06   1.2728904e-06   4.3977184e-07   4.2177408e-07  -1.0927393e-07   8.3885702e-08   7.8942367e-07   1.9938709e-07   6.8569705e-07   2.3436904e-07   2.5231867e-07
   0.0000000e+00   2.0850404e-05   3.0665447e-05   1.8709314e-05   1.2356463e-05   8.9616324e-06   8.6324872e-06   6.2135377e-06   3.8437743e-06   2.6030702e-06   1.2956145e-06   1.4602091e-06   1.5806758e-06   6.4531935e-07   8.2947707e-07   4.0743168e-07   3.1977891e-07   3.7683165e-07  -4.5521393e-08   7.3636691e-08   6.6941553e-08   4.9441030e-07   3.6016735e-07
   0.0000000e+00   2.0834539e-05   3.1560940e-05   1.8068848e-05   1.1784815e-05   9.1548909e-06   7.8912717e-06   5.4331972e-06   2.9162513e-06   1.7016080e-06   1.8174424e-06   1.4308216e-06   9.2339525e-07   1.2076212e-06   4.2832599e-07  -1.7567586e-07  -7.7307408e-07  -4.4962039e-07  -3.5336259e-07   1.3539923e-07  -3.1988463e-07  -3.1092549e-07  -8.4795312e-07
   0.0000000e+00   2.0975333e-05   3.0563020e-05   1.8152059e-05   1.2009985e-05   9.4527595e-06   7.7238401e-06   5.4495977e-06   3.6121955e-06   2.7391836e-06   2.2528816e-06   1.1708546e-06   1.5912840e-06   8.6312173e-07   7.9593389e-07   3.1615221e-07   3.0386400e-07   6.0713444e-07   1.0324102e-07  -3.4277619e-07  -9.0212886e-08  -6.6077587e-07  -6.9641840e-07
   0.0000000e+00   2.0849900e-05   3.1234726e-05   1.7959912e-05   1.0902255e-05   8.6426207e-06   7.5109992e-06   5.7348730e-06   3.7772163e-06   2.4456310e-06   1.5913248e-06   1.6074390e-06   6.9582649e-07   1.7359622e-07  -2.6116331e-07  -3.4682711e-07   1.0253074e-07   1.5070715e-07   8.0302686e-07   6.0459126e-07   1.9590891e-07   3.6285093e-07   6.2459412e-07
   0.0000000e+00   2.1507609e-05   3.1174022e-05   1.7666080e-05   1.1939223e-05   8.6894997e-06   7.3685492e-06   6.0488464e-06   4.5689162e-06   2.6194743e-06   1.6961372e-06   1.2228556e-06   7.0476688e-07   7.4511883e-07   3.1533341e-07   1.3866980e-07   2.0905281e-07   2.1114866e-08  -1.2019507e-07  -2.6522650e-07   3.1425213e-08  -4.8023298e-07  -6.1743555e-07
   0.0000000e+00   2.0684494e-05   3.0729767e-05   1.8206956e-05   1.1759519e-05   8.4382273e-06   8.6053733e-06   6.6253369e-06   4.3898981e-06   3.3039996e-06   2.1441833e-06   1.9365996e-06   1.9890867e-06   1.5256654e-06   1.1136465e-06   1.4383374e-06   9.8947407e-07   8.5276463e-07   8.3399391e-07   1.3370795e-06   9.0225711e-07   7.5533262e-07   4.8227230e-07
   0.0000000e+00   2.0127587e-05   3.1776784e-05   1.8042016e-05   1.1414854e-05   8.6953760e-06   7.8875983e-06   6.3494294e-06   3.9885990e-06   1.9067218e-06   1.8281715e-06   1.3146370e-06   8.3654629e-07   7.2651949e-07   9.3187106e-07   3.3506521e-07   1.3061099e-07   4.2411605e-07   7.2435739e-07   3.9968674e-07   9.7415807e-08   6.6157618e-08   3.7791719e-07
   0.0000000e+00   2.1308640e-05   3.0593295e-05   1.8650469e-05   1.1915252e-05   8.8913639e-06   8.2882643e-06   5.9692197e-06   3.8394278e-06   2.8214399e-06   1.9244067e-06   1.4180653e-06   7.2519720e-07   7.7918082e-07   6.3298489e-07   3.0948044e-07   4.3117879e-07   5.8821331e-07   1.8197738e-07  -3.4070686e-07  -3.4173905e-07   3.8327488e-07   6.8589389e-07
   0.0000000e+00   2.1099584e-05   3.1181524e-05   1.7828452e-05   1.1891088e-05   9.5530422e-06   8.0286736e-06   5.4851680e-06   4.2251531e-06   2.8680579e-06   2.1014898e-06   1.7747652e-06   1.3962508e-06   1.2488593e-06   1.0645899e-06   1.2401568e-06   9.3518167e-07   9.9786814e-07   6.5351077e-07   1.5515951e-07   1.1302005e-07  -1.3754563e-07  -8.3478932e-07
   0.0000000e+00   2.0629352e-05   3.0967134e-05   1.7684124e-05   1.1381911e-05   9.0093372e-06   8.2415991e-06   6.4509723e-06   3.8111136e-06   2.7626431e-06   1.8494214e-06   1.4916315e-06   1.7732128e-06   1.5885929e-06   1.4998417e-06   5.9281780e-07   3.2141276e-07   2.6123629e-07   6.4202474e-08   3.9934562e-07   3.9148449e-07   1.1965611e-07   1.4384965e-07
   0.0000000e+00   2.1102094e-05   3.0804073e-05   1.8266990e-05   1.1604935e-05   8.7171420e-06   7.7881614e-06   6.4891747e-06   4.2387474e-06   1.7392260e-06   1.5874081e-06   1.6759039e-06   1.6905117e-06   1.3323307e-06   6.4004405e-07   2.6462268e-07  -1.1846628e-07  -3.2390543e-07  -1.4664687e-07   7.7761548e-09   4.4623326e-07  -1.5819965e-09  -1.6378512e-07
   0.0000000e+00   2.1793036e-05   3.1046631e-05   1.8535071e-05   1.2345663e-05   9.9934950e-06   7.6445849e-06   5.8240107e-06   3.7705747e-06   2.7433402e-06   3.0265217e-06   2.3509392e-06   1.1125971e-06   6.4626113e-07   5.1869858e-07  -2.1299400e-07   1.6937216e-07   4.0136180e-07   5.3024297e-07  -1.5805438e-07  -2.1591880e-07   2.8638237e-07   4.7695596e-07
   0.0000000e+00   2.1118058e-05   3.1431791e-05   1.8693147e-05   1.1656170e-05   8.6573273e-06   8.4552921e-06   5.9836984e-06   4.0501895e-06   2.8606767e-06   1.6223022e-06   1.1326438e-06   8.6530673e-07   1.1784400e-06   7.2022232e-07   6.5549165e-07   6.9938346e-07   2.3913839e-07   2.0180825e-07   4.4766085e-07   1.1999117e-07  -3.3420298e-07  -2.4358147e-07
   0.0000000e+00   2.1041489e-05   3.1263993e-05   1.8616582e-05   1.1344416e-05   9.0775602e-06   7.5806956e-06   6.3643993e-06   4.3342461e-06   2.5938884e-06   2.0605942e-06   1.0388254e-06   1.0718089e-06   1.1691227e-06   8.8065491e-07   7.4405443e-07  -5.4989734e-08   1.7957483e-07   3.0115675e-07  -2.6670472e-08  -3.5281585e-07   8.1003101e-08  -1.3092342e-07
   0.0000000e+00   2.0061258e-05   3.1400388e-05   1.7462706e-05   1.1733800e-05   8.8137476e-06   8.5002175e-06   6.3708285e-06   3.9256515e-06   2.3701573e-06   1.2835798e-06   8.7354317e-07   1.1449806e-06   8.9573825e-07   2.2586086e-08  -5.3999543e-07   2.1883884e-07   4.4582720e-07  -2.1450202e-07  -4.6190226e-07   2.1072950e-07   1.9108361e-08   8.3768903e-08
   0.0000000e+00   2.1205155e-05   3.0007714e-05   1.7505045e-05   1.0878005e-05   9.2980408e-06   8.0170385e-06   6.6121788e-06   3.8281405e-06   2.7174679e-06   1.7064975e-06   1.9346260e-06   1.3450989e-06   6.8500162e-07   3.2045000e-07   8.2014969e-07   6.9043227e-07   6.8951391e-07   7.5201126e-07   9.3238577e-07   3.3603749e-07   6.0721607e-07   3.9321185e-07
   0.0000000e+00   1.9856225e-05   3.1252592e-05   1.8026478e-05   1.1507992e-05   9.0150224e-06   7.9745478e-06   6.2007948e-06   4.1078251e-06   3.2891135e-06   3.1193385e-06   2.1482088e-06   1.6708708e-06   8.9074427e-07   3.3740213e-07   3.8592430e-07  -1.7564024e-07  -4.7140281e-07   5.0168444e-07   8.0251887e-08   1.7913712e-07  -2.1465843e-07  -1.0152085e-07
   0.0000000e+00   2.1307187e-05   3.0820411e-05   1.7435616e-05   1.1680268e-05   8.6720456e-06   8.1014832e-06   6.2813806e-06   4.6295640e-06   2.8231154e-06   2.1185674e-06   2.0185796e-06   1.2120041e-06   6.0127775e-07   1.8473725e-07  -5.1398054e-08  -1.7895742e-07   2.8785831e-07  -1.4274158e-07  -2.1041714e-07   8.6237719e-08   2.8844534e-07  -1.7295034e-07
   0.0000000e+00   2.0911983e-05   3.0569030e-05   1.7214281e-05   1.1972842e-05   9.1960155e-06   7.3915694e-06   5.9221597e-06   4.4758094e-06   2.6456182e-06   1.9035585e-06   1.4392990e-06   1.1661976e-06   2.4950856e-07  -1.0123124e-07  -3.4524000e-08   3.1694145e-07   6.7975799e-07   3.9663718e-07   1.2887719e-07  -2.2123783e-07  -3.7289246e-07  -7.0887194e-07
   0.0000000e+00   2.0801714e-05   3.0614679e-05   1.8563020e-05   1.0610514e-05   8.7368007e-06   8.2659171e-06   6.7203709e-06   3.8821595e-06   2.5883794e-06   2.2664822e-06   9.1446390e-07   7.4625808e-07   3.2302671e-07   5.3039611e-07   8.8520659e-07   7.8458822e-07   8.0322167e-08  -3.8113171e-07  -6.2218112e-07  -5.7745370e-07  -8.2010354e-07  -6.4588164e-07
   0.0000000e+00   2.0571248e-05   3.0728203e-05   1.7582544e-05   1.2046257e-05   9.1507563e-06   8.9796549e-06   6.2060758e-06   3.8509652e-06   2.9321066e-06   2.0416562e-06   1.4842772e-06   2.1806690e-07   1.3288017e-07   8.3430587e-07   7.0579802e-07  -1.8319830e-07  -1.2205430e-07   8.2696495e-08   1.2608591e-07   1.4880443e-07   3.6049471e-07   1.6284832e-07
   0.0000000e+00   2.1166457e-05   3.0782485e-05   1.8182014e-05   1.1789689e-05   9.1512529e-06   7.3150063e-06   6.5366994e-06   4.0444993e-06   3.2031783e-06   1.7812562e-06   8.6350070e-07   8.6936660e-07   4.4436115e-07   1.8513987e-07  -4.2865892e-08   3.6199251e-07   7.6791110e-07   2.8651459e-07   5.2719986e-07   9.3559794e-07   4.6426851e-07   5.7686640e-07
   0.0000000e+00   2.0857166e-05   3.1275547e-05   1.7727267e-05   1.2185443e-05   8.7694407e-06   8.3981040e-06   6.4007595e-06   4.4471412e-06   2.7496492e-06   1.4132421e-06   1.0098614e-06   9.0514658e-07   6.9846021e-07   1.0165405e-06   7.5247465e-07   4.8769681e-07   3.1925919e-07  -1.2651812e-07  -7.1059105e-08  -3.7141260e-07  -2.9141646e-07  -5.9609863e-07
   0.0000000e+00   2.0775638e-05   3.0318221e-05   1.8883726e-05   1.1296615e-05   9.2045775e-06   7.9307256e-06   6.1297055e-06   4.0483178e-06   2.4446440e-06   1.5014172e-06   1.0425757e-06   1.3643150e-06   1.1835642e-06   9.1311267e-07   3.5636452e-07   4.0637804e-07   1.1620601e-07   6.5303215e-07   9.0840820e-07   6.0226597e-07   1.5350317e-08   3.5009447e-07
   0.0000000e+00   2.0389802e-05   3.1465439e-05   1.7721522e-05   1.1953441e-05   8.9970554e-06   9.2475730e-06   6.5536351e-06   4.3502055e-06   2.4989538e-06   1.5650830e-06   1.9492491e-06   9.1264684e-07   7.1222416e-07   1.0749332e-06   8.5390872e-07   1.1038081e-06   8.6176493e-07   6.7274073e-07  -1.3874217e-07  -3.9816865e-07  -2.2507434e-07  -1.4905231e-07
   0.0000000e+00   2.1065436e-05   3.0748961e-05   1.7854429e-05   1.2291464e-05   9.6656004e-06   7.8981047e-06   6.1457522e-06   4.0723576e-06   2.4969877e-06   1.4964784e-06   1.3019763e-06   1.3702685e-06   1.1201798e-06   4.1669628e-07   6.4279936e-07   3.7454916e-07   6.3007599e-07   3.4436815e-07  -5.1125177e-08   3.9572345e-07   2.5138692e-07   1.4979491e-07
   0.0000000e+00   1.9995121e-05   3.0810577e-05   1.7481076e-05   1.1184811e-05   9.5582191e-06   8.1692688e-06   6.5043282e-06   4.3313980e-06   2.1983990e-06   2.1532132e-06   1.5743292e-06   9.9027284e-07   7.9692779e-07   6.4923108e-07   6.9183716e-07   1.1139218e-06   6.3139157e-07   1.0056357e-07   5.0183360e-07   3.2410998e-07   2.6530628e-07   2.7191695e-07
   0.0000000e+00   2.0726391e-05   2.9960194e-05   1.8331299e-05   1.1600148e-05   9.0546328e-06   8.2721717e-06   6.7265260e-06   3.5195433e-06   2.9118514e-06   2.2419699e-06   1.4525332e-06   9.1434498e-07   9.1050060e-07   1.1566326e-06   1.1646771e-06   4.9364019e-07   5.2115450e-07   4.1057763e-07   6.3087367e-07   2.5287534e-07  -1.1300413e-07   6.0747148e-08
   0.0000000e+00   2.0512434e-05   3.0859075e-05   1.7902523e-05   1.1896638e-05   9.2890941e-06   8.5444990e-06   5.9427721e-06   4.4622093e-06   3.2768235e-06   2.4334852e-06   1.7515770e-06   1.3418603e-06   1.5690582e-06   1.3413285e-06   7.8836098e-07   3.1853068e-07  -4.2171430e-07   1.1012593e-07   2.6073167e-07  -2.1775516e-07  -3.0634348e-07  -3.5479439e-07
   0.0000000e+00   2.0142214e-05   3.0376150e-05   1.7730357e-05   1.1696693e-05   9.0613476e-06   8.2207525e-06   7.0150600e-06   4.0807959e-06   2.9037212e-06   1.6188335e-06   1.8635526e-06   1.4627543e-06   1.1498055e-06   2.6806907e-07   3.5054072e-07   5.9189239e-07   6.9736666e-07   8.6270887e-07   3.1595738e-07   1.2469543e-07  -3.6905615e-08   2.1586655e-07
   0.0000000e+00   2.0435094e-05   3.1048861e-05   1.8060076e-05   1.2103341e-05   9.5669202e-06   9.2069085e-06   6.4828146e-06   4.4830899e-06   2.5357983e-06   1.7779271e-06   9.2794278e-07   1.2563158e-06   7.8948898e-07   8.8364453e-07   8.5265702e-07   6.8999901e-07   5.8822428e-07   2.6699715e-07   1.3995943e-07  -2.1409845e-07  -1.1562228e-07   1.3444156e-07
   0.0000000e+00   2.0925054e-05   3.0759649e-05   1.8501289e-05   1.1218223e-05   9.2100909e-06   8.0421541e-06   5.7509064e-06   3.7407306e-06   2.0604402e-06   1.3711635e-06   1.7414835e-06   6.2604488e-07   2.9540294e-07   1.1388885e-07   7.9652388e-08  -9.0863715e-08   2.0095982e-07  -2.1940490e-07  -7.6758113e-07  -7.6876518e-07  -3.8497586e-07  -8.2778271e-08
   0.0000000e+00   2.0774303e-05   3.0622890e-05   1.7075676e-05   1.2243517e-05   8.7015087e-06   7.7687419e-06   5.9298868e-06   3.6665158e-06   2.0692810e-06   2.1647211e-06   1.3640679e-06   1.2093471e-06   1.3717166e-06   1.3573324e-06   1.0519414e-06   5.3744765e-07   1.6299036e-07  -2.9309282e-07  -4.2188898e-07  -2.4851460e-07   9.0602597e-08  -1.1116949e-07
   0.0000000e+00   2.0530222e-05   3.0800671e-05   1.8225513e-05   1.1192735e-05   9.2834971e-06   8.3517980e-06   5.7307702e-06   3.6282572e-06   3.2166781e-06   2.3930213e-06   1.4792456e-06   1.6585567e-06   1.4356676e-06   6.0173545e-07   7.2054723e-07   5.4605260e-07   1.2520717e-07  -1.9357803e-07   5.2671425e-07   7.7415513e-07   3.3103277e-07   7.3775698e-07
   0.0000000e+00   2.0123456e-05   3.0988747e-05   1.8170647e-05   1.2441828e-05   9.5347532e-06   8.5767024e-06   6.1282949e-06   4.6819332e-06   3.5452201e-06   2.1853496e-06   1.4599110e-06   1.6710211e-06   6.5854641e-07   8.4078596e-07   7.3196003e-07  -1.5119564e-07  -3.9822118e-07   6.1802609e-07   3.7991018e-07   3.4488505e-07   1.5014589e-07  -7.2237475e-07
   0.0000000e+00   2.1437760e-05   3.0738687e-05   1.8132685e-05   1.1573655e-05   9.6994600e-06   8.3199966e-06   7.1370428e-06   4.3861705e-06   2.8804675e-06   1.9561403e-06   1.9902895e-06   7.6890188e-07   5.3888209e-07   3.8469227e-07   4.7039057e-07   6.8753434e-07   9.4601853e-07   5.9625023e-07   5.1857506e-07  -2.4389644e-07  -6.0162574e-07  -1.0364924e-07
   0.0000000e+00   2.0258612e-05   3.0913190e-05   1.8886216e-05   1.2883276e-05   9.5827545e-06   8.6033642e-06   6.3543112e-06   4.3523887e-06   2.5554421e-06   2.4351332e-06   1.4596246e-06   1.1685609e-06   6.7182077e-07   9.6940721e-07   5.9250533e-07   7.9607787e-08   1.8910636e-07   2.7981136e-07   1.8790918e-07   1.3245476e-07   4.9619780e-07   5.3237767e-07
   0.0000000e+00   2.1274072e-05   3.1140953e-05   1.7903452e-05   1.2334039e-05   1.0334887e-05   8.0734817e-06   6.3989664e-06   4.0963737e-06   2.6619302e-06   1.8509786e-06   1.2147997e-06   1.3121918e-06   1.6623325e-06   8.4693096e-07   1.7624825e-07   4.2920018e-07   1.1028887e-06   5.6908630e-07   1.6148196e-07   1.5367020e-07  -3.4657617e-07  -4.9433524e-08
   0.0000000e+00   2.0403864e-05   3.0871906e-05   1.8435332e-05   1.2221478e-05   8.8331899e-06   8.6264690e-06   5.7694133e-06   4.2225338e-06   2.7842129e-06   1.9412037e-06   1.2244744e-06   1.2632545e-06   1.0692399e-06   1.2762852e-06   1.0678615e-06   9.3583685e-07   2.4530431e-07  -2.2454604e-07  -4.0891024e-07  -1.6487185e-07   6.3501375e-07   7.2369039e-07
   0.0000000e+00   2.1853408e-05   3.1226056e-05   1.8428736e-05   1.1757615e-05   9.5589203e-06   7.2855814e-06   6.7336759e-06   3.9475312e-06   2.5054940e-06   1.0580687e-06   1.0521967e-06   4.7161402e-07   3.1200108e-07   4.6394788e-07   4.9519701e-07   5.3279393e-07   2.4159152e-07  -4.6274357e-07  -4.4210637e-07  -4.6361612e-07  -4.5246816e-07  -3.2376587e-07
   0.0000000e+00   2.0774412e-05   3.1851825e-05   1.8228848e-05   1.2070397e-05   8.3163523e-06   8.1846238e-06   6.0818934e-06   3.9697802e-06   2.4372614e-06   1.6968119e-06   1.2324203e-06   1.4227528e-06   1.0543616e-06   6.5679023e-07   5.9699659e-07   9.9042140e-08  -4.5913575e-07  -1.0401484e-07   3.4937412e-07   4.2951189e-07   8.0084817e-07   3.3954905e-07
   0.0000000e+00   2.1673082e-05   3.1013209e-05   1.8379727e-05   1.1492838e-05   9.6282192e-06   8.8200832e-06   6.3743332e-06   4.0386935e-06   2.5996324e-06   1.3448742e-06   1.5113848e-06   1.2799627e-06   1.2716746e-06   9.5975599e-07   1.1017248e-07  -4.3531227e-07  -3.3584365e-07  -2.3566315e-07   3.2105692e-08   9.3866612e-07   6.4585191e-07   6.0919700e-07
   0.0000000e+00   2.1078567e-05   3.1072930e-05   1.8479894e-05   1.2594787e-05   9.5013393e-06   8.5405154e-06   6.7635719e-06   4.5910297e-06   2.1494045e-06   1.9641875e-06   1.6176865e-06   1.4943633e-06   5.1002519e-07   4.1302727e-07  -3.5208743e-07  -6.7725896e-09   3.3891098e-07   2.8671977e-07   6.9764826e-07   2.2427599e-07  -1.8016237e-07  -1.8606001e-07
   0.0000000e+00   2.0672580e-05   3.0747800e-05   1.9076933e-05   1.2002577e-05   1.0080711e-05   8.5099300e-06   6.5290619e-06   3.7255911e-06   2.6519692e-06   1.8886337e-06   1.8491399e-06   5.1543202e-07   7.6540482e-07   9.8424948e-08   5.4984349e-07   9.3692256e-07   2.3650864e-07   3.3901455e-07  -5.3881884e-08  -3.5852128e-07  -1.5756341e-07  -6.2874631e-07
   0.0000000e+00   2.0444108e-05   3.1113468e-05   1.7912738e-05   1.2416862e-05   9.4064762e-06   9.0392095e-06   6.7950618e-06   4.2379720e-06   2.5014167e-06   2.0772852e-06   6.8243094e-07   3.3980501e-07   2.8697443e-07   3.5330416e-07   3.4621317e-07   8.3242156e-08   4.7788734e-07  -1.0899210e-07  -1.9620036e-07  -1.3275544e-08  -1.7442737e-08  -6.1628884e-07
   0.0000000e+00   2.1353235e-05   3.0918080e-05   1.8519006e-05   1.1265457e-05   9.4060633e-06   8.0651544e-06   6.0593884e-06   3.8806465e-06   2.4081810e-06   1.7798799e-06   1.1713481e-06   1.3714711e-06   1.4473414e-06   1.2616219e-06   4.4252420e-07   4.5264790e-07   2.9652517e-07   4.0596089e-07   5.0243199e-07   6.6491862e-07   2.1551593e-07   5.5481223e-07
   0.0000000e+00   2.0981406e-05   3.1165193e-05   1.7954817e-05   1.1908965e-05   9.2418550e-06   7.7626992e-06   5.9168356e-06   4.1064600e-06   3.1469374e-06   2.5859306e-06   1.5929749e-06   1.7100459e-06   1.2863062e-06   9.4617417e-07   1.1445920e-06   5.9542606e-07   1.2040263e-07   3.6794262e-07   4.0139437e-07   6.5221059e-08  -6.4164304e-08  -1.0439097e-07
   0.0000000e+00   2.1456422e-05   3.1129068e-05   1.8695771e-05   1.2406220e-05   9.6511876e-06   8.0648952e-06   6.9792668e-06   3.9904085e-06   2.7483723e-06   1.8658147e-06   1.9090544e-06   1.9670254e-06   1.6160631e-06   5.7293147e-07  -1.8816300e-07   3.3614168e-07   4.6552266e-08  -2.5367390e-07   1.9347651e-07   3.1688637e-07   2.4303591e-07   5.5822333e-08
   0.0000000e+00   2.1077516e-05   3.2113341e-05   1.8429153e-05   1.2597327e-05   9.1897873e-06   8.0732043e-06   6.4341330e-06   4.2111465e-06   2.1961253e-06   9.4848872e-07   8.5960204e-07   7.0524851e-07   6.9175485e-07   5.0839537e-07   7.8125152e-07   2.7054355e-07   4.9356413e-07   4.1112355e-07  -5.9705656e-07  -3.1849430e-07   2.2111468e-07   1.1921863e-07
   0.0000000e+00   2.1583566e-05   3.1285253e-05   1.8560104e-05   1.1708136e-05   9.2823893e-06   9.0311623e-06   6.8596178e-06   3.7432060e-06   2.7920273e-06   1.9431902e-06   1.4871717e-06   1.2528044e-06   8.4872801e-07   9.6934855e-07   8.2482427e-07   2.8586084e-07  -1.7621514e-07  -4.9800894e-07  -1.1040584e-07   2.8266598e-07   2.2058123e-07   3.0992112e-08
   0.0000000e+00   2.0733312e-05   3.1069249e-05   1.8146666e-05   1.2353838e-05   9.4408460e-06   8.2228898e-06   5.4352640e-06   3.9555134e-06   2.5181325e-06   2.2660504e-06   1.8606156e-06   9.6628071e-07   6.4366338e-07   5.8973518e-07  -1.3189084e-07   1.0746165e-07   1.3122653e-07   2.3847500e-07   6.3467155e-07   3.0595677e-07  -2.6506933e-07  -1.1070978e-07
   0.0000000e+00   2.0840389e-05   3.0696279e-05   1.8144383e-05   1.1858405e-05   9.0204630e-06   7.8675384e-06   6.1982964e-06   3.4074499e-06   1.9600943e-06   1.5512361e-06   1.5987739e-06   1.5482307e-06   1.1511377e-06   6.4448983e-07   7.6836977e-07   3.3082466e-07   5.8792409e-07   4.3293880e-07  -1.3585746e-07  -1.5910511e-07  -2.2778945e-08  -5.5852342e-07
   0.0000000e+00   2.0765670e-05   3.1448861e-05   1.8236502e-05   1.1417939e-05   8.9527457e-06   7.8245903e-06   5.5563187e-06   4.1818171e-06   3.1034267e-06   1.7325735e-06   1.0295993e-06   1.1845769e-06   9.2820829e-07   4.4967715e-07  -6.5217876e-08   1.9401246e-07  -3.5205460e-07  -3.9406746e-07   2.4538059e-07   5.0393390e-07   1.8449984e-07   1.7161663e-07
   0.0000000e+00   2.0695272e-05   3.0432981e-05   1.8221737e-05   1.1719417e-05   8.7274966e-06   7.4631298e-06   6.3372472e-06   3.6497174e-06   2.2612987e-06   1.8068295e-06   1.1697874e-06   7.7800320e-07   7.8198167e-07   2.8307048e-07   4.0329522e-07  -2.8585990e-07  -1.6428551e-07   3.7946384e-07   9.5712153e-08  -4.9806397e-07  -1.0176119e-06  -1.0767500e-06
   0.0000000e+00   2.0725225e-05   3.1354968e-05   1.7932474e-05   1.1776121e-05   8.7661110e-06   7.9341717e-06   5.5841383e-06   4.0909022e-06   3.0399090e-06   1.7415490e-06   1.2011251e-06   1.4192062e-06   9.4200874e-07   1.1614829e-06   4.8622138e-07   6.5315550e-07   8.0419886e-07   1.5077622e-07   5.7825311e-08   6.1785826e-08   1.6167792e-07   1.4660476e-07
